0.000000 0 1 1
0.000000 1 1 1
0.000000 2 1 1
0.000000 3 1 1
0.000000 4 1 1
0.000000 5 1 1
0.000000 6 1 1
0.000000 7 1 1
0.000000 8 1 1
0.000000 9 1 1
0.000000 10 1 1
0.000000 11 1 1
0.000000 12 1 1
0.000000 13 1 1
0.000000 14 1 1
0.000000 15 1 1
0.000000 16 1 1
0.000000 17 1 1
0.000000 18 1 1
0.000000 20 1 1
0.000000 21 1 1
0.000000 22 1 1
0.000000 23 1 1
0.000000 24 1 1
0.000000 25 1 1
0.000000 26 1 1
0.000000 27 1 1
0.000000 28 1 1
0.000000 29 1 1
0.000000 30 1 1
0.000000 31 1 1
0.000000 32 1 1
0.000000 33 1 1
0.000000 34 1 1
0.000000 35 1 1
0.000000 36 1 1
0.000000 37 1 1
0.000000 38 1 1
0.000000 40 1 1
0.000000 41 1 1
0.000000 42 1 1
0.000000 43 1 1
0.000000 44 1 1
0.000000 45 1 1
0.000000 46 1 1
0.000000 47 1 1
0.000000 48 1 1
0.000000 49 1 1
0.000000 50 1 1
0.000000 51 1 1
0.000000 52 1 1
0.000000 53 1 1
0.000000 54 1 1
0.000000 55 1 1
0.000000 56 1 1
0.000000 57 1 1
0.000000 58 1 1
0.000000 59 1 1
0.000000 60 1 1
0.000000 61 1 1
0.000000 62 1 1
0.000000 63 1 1
0.000000 64 1 1
0.000000 65 1 1
0.000000 66 1 1
0.000000 67 1 1
0.000000 68 1 1
0.000000 69 1 1
0.000000 70 1 1
0.000000 71 1 1
0.000000 72 1 1
0.000000 74 1 1
0.000000 75 1 1
0.000000 76 1 1
0.000000 77 1 1
0.000000 78 1 1
0.000000 79 1 1
0.000000 80 1 1
0.000000 81 1 1
0.000000 82 1 1
0.000000 83 1 1
0.000000 84 1 1
0.000000 85 1 1
0.000000 86 1 1
0.000000 87 1 1
0.000000 89 1 1
0.000000 90 1 1
0.000000 91 1 1
0.000000 93 1 1
0.000000 94 1 1
0.000000 95 1 1
0.000000 96 1 1
0.000000 97 1 1
0.000000 98 1 1
0.000000 99 1 1
0.000000 100 1 1
0.000000 101 1 1
0.000000 102 1 1
0.000000 103 1 1
0.000000 104 1 1
0.000000 105 1 1
0.000000 107 1 1
0.000000 108 1 1
0.000000 109 1 1
0.000000 110 1 1
0.000000 113 1 1
0.000000 115 1 1
0.000000 116 1 1
0.000000 117 1 1
0.000000 119 1 1
0.000000 120 1 1
0.000000 121 1 1
0.000000 122 1 1
0.000000 123 1 1
0.000000 124 1 1
0.000000 126 1 1
0.000000 127 1 1
0.000000 128 1 1
0.000000 129 1 1
0.000000 130 1 1
0.000000 131 1 1
0.000000 132 1 1
0.000000 133 1 1
0.000000 134 1 1
0.000000 135 1 1
0.000000 136 1 1
0.000000 137 1 1
0.000000 138 1 1
0.000000 140 1 1
0.000000 141 1 1
0.000000 143 1 1
0.000000 144 1 1
0.000000 145 1 1
0.000000 146 1 1
0.000000 147 1 1
0.000000 149 1 1
0.000000 150 1 1
0.000000 151 1 1
0.000000 152 1 1
0.000000 153 1 1
0.000000 154 1 1
0.000000 155 1 1
0.000000 156 1 1
0.000000 157 1 1
0.000000 158 1 1
0.000000 159 1 1
0.000000 160 1 1
0.000000 161 1 1
0.000000 162 1 1
0.000000 163 1 1
0.000000 164 1 1
0.000000 165 1 1
0.000000 166 1 1
0.000000 167 1 1
0.000000 168 1 1
0.000000 169 1 1
0.000000 170 1 1
0.000000 171 1 1
0.000000 173 1 1
0.000000 174 1 1
0.000000 175 1 1
0.000000 176 1 1
0.000000 177 1 1
0.000000 178 1 1
0.000000 179 1 1
0.000000 180 1 1
0.000000 181 1 1
0.000000 182 1 1
0.000000 183 1 1
0.000000 184 1 1
0.000000 185 1 1
0.000000 186 1 1
0.000000 187 1 1
0.000000 188 1 1
0.000000 189 1 1
0.000000 190 1 1
0.000000 191 1 1
0.000000 192 1 1
0.000000 193 1 1
0.000000 194 1 1
0.000000 195 1 1
0.000000 196 1 1
0.000000 197 1 1
0.000000 198 1 1
0.000000 199 1 1
0.000000 200 1 1
0.000000 201 1 1
0.000000 202 1 1
0.000000 203 1 1
0.000000 204 1 1
0.000000 205 1 1
0.000000 206 1 1
0.000000 207 1 1
0.000000 208 1 1
0.000000 209 1 1
0.000000 210 1 1
0.000000 211 1 1
0.000000 212 1 1
0.000000 213 1 1
0.000000 215 1 1
0.000000 216 1 1
0.000000 217 1 1
0.000000 218 1 1
0.000000 219 1 1
0.000000 220 1 1
0.000000 221 1 1
0.000000 222 1 1
0.000000 223 1 1
0.000000 224 1 1
0.000000 225 1 1
0.000000 226 1 1
0.000000 227 1 1
0.000000 228 1 1
0.000000 229 1 1
0.000000 230 1 1
0.000000 231 1 1
0.000000 232 1 1
0.000000 233 1 1
0.000000 234 1 1
0.000000 235 1 1
0.000000 236 1 1
0.000000 237 1 1
0.000000 238 1 1
0.000000 239 1 1
0.000000 240 1 1
0.000000 241 1 1
0.000000 242 1 1
0.000000 243 1 1
0.000000 244 1 1
0.000000 245 1 1
0.000000 246 1 1
0.000000 247 1 1
0.000000 248 1 1
0.000000 249 1 1
0.000000 250 1 1
0.000000 252 1 1
0.000000 253 1 1
0.000000 254 1 1
0.000000 255 1 1
0.000000 256 1 1
0.000000 257 1 1
0.000000 258 1 1
0.000000 259 1 1
0.000000 260 1 1
0.000000 261 1 1
0.000000 262 1 1
0.000000 263 1 1
0.000000 265 1 1
0.000000 266 1 1
0.000000 267 1 1
0.000000 268 1 1
0.000000 269 1 1
0.000000 270 1 1
0.000000 271 1 1
0.000000 272 1 1
0.000000 273 1 1
0.000000 274 1 1
0.000000 275 1 1
0.000000 276 1 1
0.000000 277 1 1
0.000000 278 1 1
0.000000 279 1 1
0.000000 280 1 1
0.000000 281 1 1
0.000000 282 1 1
0.000000 284 1 1
0.000000 286 1 1
0.000000 288 1 1
0.000000 289 1 1
0.000000 290 1 1
0.000000 291 1 1
0.000000 292 1 1
0.000000 293 1 1
0.000000 294 1 1
0.000000 295 1 1
0.000000 296 1 1
0.000000 297 1 1
0.000000 298 1 1
0.000000 299 1 1
0.000000 300 1 1
0.000000 301 1 1
0.000000 302 1 1
0.000000 303 1 1
0.000000 304 1 1
0.000000 305 1 1
0.000000 306 1 1
0.000000 307 1 1
0.000000 308 1 1
0.000000 309 1 1
0.000000 311 1 1
0.000000 312 1 1
0.000000 313 1 1
0.000000 314 1 1
0.000000 315 1 1
0.000000 316 1 1
0.000000 317 1 1
0.000000 318 1 1
0.000000 319 1 1
0.000000 320 1 1
0.000000 321 1 1
0.000000 322 1 1
0.000000 323 1 1
0.000000 324 1 1
0.000000 325 1 1
0.000000 326 1 1
0.000000 327 1 1
0.000000 328 1 1
0.000000 329 1 1
0.000000 330 1 1
0.000000 331 1 1
0.000000 332 1 1
0.000000 333 1 1
0.000000 334 1 1
0.000000 335 1 1
0.000000 336 1 1
0.000000 337 1 1
0.000000 339 1 1
0.000000 340 1 1
0.000000 341 1 1
0.000000 342 1 1
0.000000 343 1 1
0.000000 344 1 1
0.000000 346 1 1
0.000000 347 1 1
0.000000 348 1 1
0.000000 349 1 1
0.000000 350 1 1
0.000000 351 1 1
0.000000 352 1 1
0.000000 353 1 1
0.000000 354 1 1
0.000000 355 1 1
0.000000 356 1 1
0.000000 357 1 1
0.000000 358 1 1
0.000000 359 1 1
0.000000 360 1 1
0.000000 361 1 1
0.000000 362 1 1
0.000000 364 1 1
0.000000 365 1 1
0.000000 366 1 1
0.000000 367 1 1
0.000000 368 1 1
0.000000 369 1 1
0.000000 370 1 1
0.000000 371 1 1
0.000000 372 1 1
0.000000 373 1 1
0.000000 374 1 1
0.000000 375 1 1
0.000000 376 1 1
0.000000 377 1 1
0.000000 378 1 1
0.000000 379 1 1
0.000000 380 1 1
0.000000 381 1 1
0.000000 382 1 1
0.000000 383 1 1
0.000000 384 1 1
0.000000 385 1 1
0.000000 386 1 1
0.000000 387 1 1
0.000000 389 1 1
0.000000 390 1 1
0.000000 391 1 1
0.000000 392 1 1
0.000000 393 1 1
0.000000 394 1 1
0.000000 395 1 1
0.000000 397 1 1
0.000000 398 1 1
0.000000 399 1 1
0.000000 400 1 1
0.000000 401 1 1
0.000000 402 1 1
0.000000 403 1 1
0.000000 404 1 1
0.000000 405 1 1
0.000000 406 1 1
0.000000 407 1 1
0.000000 408 1 1
0.000000 409 1 1
0.000000 410 1 1
0.000000 412 1 1
0.000000 413 1 1
0.000000 414 1 1
0.000000 415 1 1
0.000000 416 1 1
0.000000 417 1 1
0.000000 418 1 1
0.000000 419 1 1
0.000000 420 1 1
0.000000 421 1 1
0.000000 422 1 1
0.000000 423 1 1
0.000000 424 1 1
0.000000 425 1 1
0.000000 426 1 1
0.000000 427 1 1
0.000000 428 1 1
0.000000 430 1 1
0.000000 431 1 1
0.000000 432 1 1
0.000000 433 1 1
0.000000 434 1 1
0.000000 435 1 1
0.000000 436 1 1
0.000000 437 1 1
0.000000 438 1 1
0.000000 439 1 1
0.000000 440 1 1
0.000000 441 1 1
0.000000 442 1 1
0.000000 443 1 1
0.000000 444 1 1
0.000000 445 1 1
0.000000 446 1 1
0.000000 448 1 1
0.000000 449 1 1
0.000000 450 1 1
0.000000 451 1 1
0.000000 452 1 1
0.000000 453 1 1
0.000000 454 1 1
0.000000 455 1 1
0.000000 456 1 1
0.000000 457 1 1
0.000000 458 1 1
0.000000 459 1 1
0.000000 460 1 1
0.000000 461 1 1
0.000000 462 1 1
0.000000 463 1 1
0.000000 464 1 1
0.000000 465 1 1
0.000000 466 1 1
0.000000 467 1 1
0.000000 468 1 1
0.000000 469 1 1
0.000000 470 1 1
0.000000 471 1 1
0.000000 472 1 1
0.000000 473 1 1
0.000000 475 1 1
0.000000 476 1 1
0.000000 477 1 1
0.000000 478 1 1
0.000000 479 1 1
0.000000 480 1 1
0.000000 481 1 1
0.000000 482 1 1
0.000000 483 1 1
0.000000 484 1 1
0.000000 485 1 1
0.000000 486 1 1
0.000000 487 1 1
0.000000 488 1 1
0.000000 489 1 1
0.000000 490 1 1
0.000000 492 1 1
0.000000 493 1 1
0.000000 494 1 1
0.000000 495 1 1
0.000000 496 1 1
0.000000 497 1 1
0.000000 498 1 1
0.000000 499 1 1
0.000000 500 1 1
0.000000 501 1 1
0.000000 502 1 1
0.000000 503 1 1
0.000000 504 1 1
0.000000 505 1 1
0.000000 506 1 1
0.000000 507 1 1
0.000000 508 1 1
0.000000 509 1 1
0.000000 510 1 1
0.000000 513 1 1
0.000000 514 1 1
0.000000 515 1 1
0.000000 516 1 1
0.000000 517 1 1
0.000000 518 1 1
0.000000 520 1 1
0.000000 521 1 1
0.000000 522 1 1
0.000000 523 1 1
0.000000 524 1 1
0.000000 525 1 1
0.000000 526 1 1
0.000000 527 1 1
0.000000 528 1 1
0.000000 529 1 1
0.000000 530 1 1
0.000000 531 1 1
0.000000 533 1 1
0.000000 534 1 1
0.000000 535 1 1
0.000000 536 1 1
0.000000 537 1 1
0.000000 538 1 1
0.000000 539 1 1
0.000000 540 1 1
0.000000 542 1 1
0.000000 543 1 1
0.000000 544 1 1
0.000000 545 1 1
0.000000 546 1 1
0.000000 547 1 1
0.000000 548 1 1
0.000000 549 1 1
1.000031 0 2 2
1.000031 1 2 2
1.000031 2 1 1
1.000031 3 1 1
1.000031 4 2 2
1.000031 5 1 1
1.000031 6 2 2
1.000031 7 2 2
1.000031 8 2 2
1.000031 9 2 2
1.000031 10 2 2
1.000031 11 2 2
1.000031 12 2 2
1.000031 13 2 2
1.000031 14 2 2
1.000031 15 1 1
1.000031 16 2 2
1.000031 17 2 2
1.000031 18 2 2
1.000031 20 1 1
1.000031 21 1 1
1.000031 22 2 2
1.000031 23 1 1
1.000031 24 1 1
1.000031 25 2 2
1.000031 26 2 2
1.000031 27 2 2
1.000031 28 2 2
1.000031 29 2 2
1.000031 30 1 1
1.000031 31 1 1
1.000031 32 2 2
1.000031 33 2 2
1.000031 34 1 1
1.000031 35 1 1
1.000031 36 1 1
1.000031 37 1 1
1.000031 38 1 1
1.000031 40 2 2
1.000031 41 2 2
1.000031 42 2 2
1.000031 43 2 2
1.000031 44 2 2
1.000031 45 2 2
1.000031 46 2 2
1.000031 47 1 1
1.000031 48 1 1
1.000031 49 2 2
1.000031 50 2 2
1.000031 51 2 2
1.000031 52 1 1
1.000031 53 1 1
1.000031 54 1 1
1.000031 55 2 2
1.000031 56 2 2
1.000031 57 2 2
1.000031 58 1 1
1.000031 59 2 2
1.000031 60 1 1
1.000031 61 1 1
1.000031 62 2 2
1.000031 63 1 1
1.000031 64 1 1
1.000031 65 1 1
1.000031 66 2 2
1.000031 67 2 2
1.000031 68 2 2
1.000031 69 2 2
1.000031 70 2 2
1.000031 71 1 1
1.000031 72 2 2
1.000031 74 1 1
1.000031 75 2 2
1.000031 76 2 2
1.000031 77 2 2
1.000031 78 2 2
1.000031 79 2 2
1.000031 80 2 2
1.000031 81 2 2
1.000031 82 2 2
1.000031 83 2 2
1.000031 84 2 2
1.000031 85 2 2
1.000031 86 1 1
1.000031 87 2 2
1.000031 89 2 2
1.000031 90 2 2
1.000031 91 2 2
1.000031 93 2 2
1.000031 94 1 1
1.000031 95 2 2
1.000031 96 1 1
1.000031 97 1 1
1.000031 98 1 1
1.000031 99 1 1
1.000031 100 1 1
1.000031 101 2 2
1.000031 102 2 2
1.000031 103 2 2
1.000031 104 1 1
1.000031 105 1 1
1.000031 107 2 2
1.000031 108 1 1
1.000031 109 2 2
1.000031 110 2 2
1.000031 113 1 1
1.000031 115 2 2
1.000031 116 2 2
1.000031 117 1 1
1.000031 119 2 2
1.000031 120 2 2
1.000031 121 1 1
1.000031 122 2 2
1.000031 123 2 2
1.000031 124 2 2
1.000031 126 1 1
1.000031 127 1 1
1.000031 128 2 2
1.000031 129 1 1
1.000031 130 1 1
1.000031 131 2 2
1.000031 132 2 2
1.000031 133 1 1
1.000031 134 1 1
1.000031 135 2 2
1.000031 136 1 1
1.000031 137 2 2
1.000031 138 1 1
1.000031 140 2 2
1.000031 141 1 1
1.000031 143 2 2
1.000031 144 1 1
1.000031 145 1 1
1.000031 146 2 2
1.000031 147 1 1
1.000031 149 1 1
1.000031 150 1 1
1.000031 151 2 2
1.000031 152 2 2
1.000031 153 2 2
1.000031 154 1 1
1.000031 155 1 1
1.000031 156 2 2
1.000031 157 1 1
1.000031 158 2 2
1.000031 159 2 2
1.000031 160 1 1
1.000031 161 1 1
1.000031 162 2 2
1.000031 163 2 2
1.000031 164 1 1
1.000031 165 1 1
1.000031 166 2 2
1.000031 167 1 1
1.000031 168 1 1
1.000031 169 2 2
1.000031 170 2 2
1.000031 171 2 2
1.000031 173 2 2
1.000031 174 2 2
1.000031 175 1 1
1.000031 176 1 1
1.000031 177 1 1
1.000031 178 2 2
1.000031 179 1 1
1.000031 180 2 2
1.000031 181 1 1
1.000031 182 2 2
1.000031 183 1 1
1.000031 184 1 1
1.000031 185 1 1
1.000031 186 1 1
1.000031 187 1 1
1.000031 188 2 2
1.000031 189 2 2
1.000031 190 2 2
1.000031 191 2 2
1.000031 192 1 1
1.000031 193 1 1
1.000031 194 1 1
1.000031 195 2 2
1.000031 196 2 2
1.000031 197 2 2
1.000031 198 1 1
1.000031 199 2 2
1.000031 200 2 2
1.000031 201 2 2
1.000031 202 1 1
1.000031 203 2 2
1.000031 204 2 2
1.000031 205 1 1
1.000031 206 1 1
1.000031 207 2 2
1.000031 208 2 2
1.000031 209 2 2
1.000031 210 1 1
1.000031 211 2 2
1.000031 212 2 2
1.000031 213 2 2
1.000031 215 1 1
1.000031 216 2 2
1.000031 217 1 1
1.000031 218 1 1
1.000031 219 2 2
1.000031 220 1 1
1.000031 221 1 1
1.000031 222 1 1
1.000031 223 2 2
1.000031 224 2 2
1.000031 225 2 2
1.000031 226 2 2
1.000031 227 2 2
1.000031 228 2 2
1.000031 229 1 1
1.000031 230 2 2
1.000031 231 2 2
1.000031 232 2 2
1.000031 233 1 1
1.000031 234 2 2
1.000031 235 1 1
1.000031 236 2 2
1.000031 237 2 2
1.000031 238 1 1
1.000031 239 1 1
1.000031 240 2 2
1.000031 241 2 2
1.000031 242 1 1
1.000031 243 1 1
1.000031 244 1 1
1.000031 245 1 1
1.000031 246 2 2
1.000031 247 1 1
1.000031 248 2 2
1.000031 249 1 1
1.000031 250 2 2
1.000031 252 1 1
1.000031 253 1 1
1.000031 254 2 2
1.000031 255 2 2
1.000031 256 2 2
1.000031 257 1 1
1.000031 258 1 1
1.000031 259 2 2
1.000031 260 1 1
1.000031 261 2 2
1.000031 262 1 1
1.000031 263 1 1
1.000031 265 1 1
1.000031 266 2 2
1.000031 267 2 2
1.000031 268 2 2
1.000031 269 1 1
1.000031 270 2 2
1.000031 271 2 2
1.000031 272 2 2
1.000031 273 1 1
1.000031 274 1 1
1.000031 275 1 1
1.000031 276 1 1
1.000031 277 2 2
1.000031 278 2 2
1.000031 279 2 2
1.000031 280 1 1
1.000031 281 1 1
1.000031 282 1 1
1.000031 284 1 1
1.000031 286 2 2
1.000031 288 2 2
1.000031 289 2 2
1.000031 290 1 1
1.000031 291 2 2
1.000031 292 1 1
1.000031 293 1 1
1.000031 294 1 1
1.000031 295 1 1
1.000031 296 1 1
1.000031 297 1 1
1.000031 298 2 2
1.000031 299 2 2
1.000031 300 2 2
1.000031 301 1 1
1.000031 302 2 2
1.000031 303 1 1
1.000031 304 2 2
1.000031 305 1 1
1.000031 306 2 2
1.000031 307 1 1
1.000031 308 2 2
1.000031 309 1 1
1.000031 311 2 2
1.000031 312 2 2
1.000031 313 2 2
1.000031 314 1 1
1.000031 315 1 1
1.000031 316 1 1
1.000031 317 2 2
1.000031 318 1 1
1.000031 319 1 1
1.000031 320 2 2
1.000031 321 2 2
1.000031 322 1 1
1.000031 323 1 1
1.000031 324 2 2
1.000031 325 1 1
1.000031 326 2 2
1.000031 327 1 1
1.000031 328 2 2
1.000031 329 2 2
1.000031 330 2 2
1.000031 331 2 2
1.000031 332 1 1
1.000031 333 2 2
1.000031 334 2 2
1.000031 335 2 2
1.000031 336 2 2
1.000031 337 1 1
1.000031 339 1 1
1.000031 340 1 1
1.000031 341 2 2
1.000031 342 2 2
1.000031 343 2 2
1.000031 344 2 2
1.000031 346 1 1
1.000031 347 2 2
1.000031 348 2 2
1.000031 349 2 2
1.000031 350 2 2
1.000031 351 2 2
1.000031 352 1 1
1.000031 353 2 2
1.000031 354 2 2
1.000031 355 1 1
1.000031 356 1 1
1.000031 357 1 1
1.000031 358 2 2
1.000031 359 2 2
1.000031 360 1 1
1.000031 361 1 1
1.000031 362 2 2
1.000031 364 1 1
1.000031 365 2 2
1.000031 366 1 1
1.000031 367 1 1
1.000031 368 1 1
1.000031 369 1 1
1.000031 370 1 1
1.000031 371 2 2
1.000031 372 1 1
1.000031 373 1 1
1.000031 374 2 2
1.000031 375 2 2
1.000031 376 2 2
1.000031 377 2 2
1.000031 378 1 1
1.000031 379 2 2
1.000031 380 2 2
1.000031 381 2 2
1.000031 382 2 2
1.000031 383 2 2
1.000031 384 1 1
1.000031 385 2 2
1.000031 386 2 2
1.000031 387 2 2
1.000031 389 2 2
1.000031 390 1 1
1.000031 391 2 2
1.000031 392 2 2
1.000031 393 1 1
1.000031 394 1 1
1.000031 395 2 2
1.000031 397 1 1
1.000031 398 1 1
1.000031 399 2 2
1.000031 400 1 1
1.000031 401 1 1
1.000031 402 2 2
1.000031 403 1 1
1.000031 404 1 1
1.000031 405 1 1
1.000031 406 2 2
1.000031 407 1 1
1.000031 408 2 2
1.000031 409 1 1
1.000031 410 1 1
1.000031 412 2 2
1.000031 413 2 2
1.000031 414 2 2
1.000031 415 2 2
1.000031 416 2 2
1.000031 417 1 1
1.000031 418 1 1
1.000031 419 1 1
1.000031 420 1 1
1.000031 421 1 1
1.000031 422 1 1
1.000031 423 1 1
1.000031 424 1 1
1.000031 425 1 1
1.000031 426 1 1
1.000031 427 1 1
1.000031 428 1 1
1.000031 430 1 1
1.000031 431 1 1
1.000031 432 1 1
1.000031 433 2 2
1.000031 434 1 1
1.000031 435 1 1
1.000031 436 2 2
1.000031 437 2 2
1.000031 438 1 1
1.000031 439 2 2
1.000031 440 2 2
1.000031 441 1 1
1.000031 442 2 2
1.000031 443 1 1
1.000031 444 1 1
1.000031 445 2 2
1.000031 446 2 2
1.000031 448 2 2
1.000031 449 2 2
1.000031 450 2 2
1.000031 451 2 2
1.000031 452 2 2
1.000031 453 2 2
1.000031 454 1 1
1.000031 455 1 1
1.000031 456 1 1
1.000031 457 2 2
1.000031 458 1 1
1.000031 459 2 2
1.000031 460 1 1
1.000031 461 2 2
1.000031 462 2 2
1.000031 463 2 2
1.000031 464 1 1
1.000031 465 2 2
1.000031 466 1 1
1.000031 467 2 2
1.000031 468 1 1
1.000031 469 2 2
1.000031 470 2 2
1.000031 471 2 2
1.000031 472 1 1
1.000031 473 1 1
1.000031 475 1 1
1.000031 476 1 1
1.000031 477 1 1
1.000031 478 2 2
1.000031 479 2 2
1.000031 480 2 2
1.000031 481 2 2
1.000031 482 2 2
1.000031 483 2 2
1.000031 484 1 1
1.000031 485 1 1
1.000031 486 1 1
1.000031 487 1 1
1.000031 488 2 2
1.000031 489 1 1
1.000031 490 1 1
1.000031 492 2 2
1.000031 493 2 2
1.000031 494 1 1
1.000031 495 2 2
1.000031 496 1 1
1.000031 497 2 2
1.000031 498 1 1
1.000031 499 2 2
1.000031 500 1 1
1.000031 501 2 2
1.000031 502 2 2
1.000031 503 2 2
1.000031 504 2 2
1.000031 505 2 2
1.000031 506 2 2
1.000031 507 1 1
1.000031 508 1 1
1.000031 509 2 2
1.000031 510 2 2
1.000031 513 2 2
1.000031 514 1 1
1.000031 515 1 1
1.000031 516 2 2
1.000031 517 2 2
1.000031 518 2 2
1.000031 520 2 2
1.000031 521 1 1
1.000031 522 1 1
1.000031 523 1 1
1.000031 524 1 1
1.000031 525 1 1
1.000031 526 2 2
1.000031 527 1 1
1.000031 528 1 1
1.000031 529 1 1
1.000031 530 2 2
1.000031 531 2 2
1.000031 533 1 1
1.000031 534 1 1
1.000031 535 1 1
1.000031 536 2 2
1.000031 537 2 2
1.000031 538 2 2
1.000031 539 1 1
1.000031 540 2 2
1.000031 542 2 2
1.000031 543 2 2
1.000031 544 2 2
1.000031 545 1 1
1.000031 546 1 1
1.000031 547 1 1
1.000031 548 1 1
1.000031 549 2 2
2.000061 0 3 3
2.000061 1 2 2
2.000061 2 2 2
2.000061 3 3 3
2.000061 4 2 2
2.000061 5 2 2
2.000061 6 2 2
2.000061 7 2 2
2.000061 8 2 2
2.000061 9 2 2
2.000061 10 2 2
2.000061 11 2 2
2.000061 12 2 2
2.000061 13 2 2
2.000061 14 2 2
2.000061 15 2 2
2.000061 16 2 2
2.000061 17 2 2
2.000061 18 2 2
2.000061 20 2 2
2.000061 21 2 2
2.000061 22 2 2
2.000061 23 2 2
2.000061 24 2 2
2.000061 25 2 2
2.000061 26 2 2
2.000061 27 2 2
2.000061 28 2 2
2.000061 29 3 3
2.000061 30 2 2
2.000061 31 3 3
2.000061 32 2 2
2.000061 33 3 3
2.000061 34 2 2
2.000061 35 2 2
2.000061 36 2 2
2.000061 37 2 2
2.000061 38 2 2
2.000061 40 2 2
2.000061 41 2 2
2.000061 42 2 2
2.000061 43 2 2
2.000061 44 2 2
2.000061 45 2 2
2.000061 46 2 2
2.000061 47 2 2
2.000061 48 2 2
2.000061 49 2 2
2.000061 50 2 2
2.000061 51 2 2
2.000061 52 2 2
2.000061 53 2 2
2.000061 54 2 2
2.000061 55 2 2
2.000061 56 2 2
2.000061 57 2 2
2.000061 58 2 2
2.000061 59 2 2
2.000061 60 2 2
2.000061 61 2 2
2.000061 62 2 2
2.000061 63 2 2
2.000061 64 2 2
2.000061 65 2 2
2.000061 66 3 3
2.000061 67 3 3
2.000061 68 2 2
2.000061 69 3 3
2.000061 70 2 2
2.000061 71 2 2
2.000061 72 2 2
2.000061 74 2 2
2.000061 75 2 2
2.000061 76 2 2
2.000061 77 2 2
2.000061 78 3 3
2.000061 79 2 2
2.000061 80 2 2
2.000061 81 2 2
2.000061 82 3 3
2.000061 83 2 2
2.000061 84 2 2
2.000061 85 2 2
2.000061 86 2 2
2.000061 87 2 2
2.000061 89 2 2
2.000061 90 3 3
2.000061 91 2 2
2.000061 93 2 2
2.000061 94 2 2
2.000061 95 3 3
2.000061 96 1 1
2.000061 97 2 2
2.000061 98 2 2
2.000061 99 2 2
2.000061 100 2 2
2.000061 101 2 2
2.000061 102 3 3
2.000061 103 2 2
2.000061 104 2 2
2.000061 105 2 2
2.000061 107 2 2
2.000061 108 2 2
2.000061 109 3 3
2.000061 110 2 2
2.000061 113 2 2
2.000061 115 2 2
2.000061 116 2 2
2.000061 117 2 2
2.000061 119 2 2
2.000061 120 2 2
2.000061 121 2 2
2.000061 122 2 2
2.000061 123 2 2
2.000061 124 2 2
2.000061 126 2 2
2.000061 127 2 2
2.000061 128 2 2
2.000061 129 2 2
2.000061 130 2 2
2.000061 131 3 3
2.000061 132 3 3
2.000061 133 2 2
2.000061 134 2 2
2.000061 135 3 3
2.000061 136 2 2
2.000061 137 2 2
2.000061 138 2 2
2.000061 140 2 2
2.000061 141 2 2
2.000061 143 2 2
2.000061 144 2 2
2.000061 145 2 2
2.000061 146 2 2
2.000061 147 2 2
2.000061 149 2 2
2.000061 150 2 2
2.000061 151 2 2
2.000061 152 3 3
2.000061 153 3 3
2.000061 154 2 2
2.000061 155 2 2
2.000061 156 2 2
2.000061 157 2 2
2.000061 158 2 2
2.000061 159 1 1
2.000061 160 2 2
2.000061 161 2 2
2.000061 162 2 2
2.000061 163 2 2
2.000061 164 2 2
2.000061 165 2 2
2.000061 166 2 2
2.000061 167 2 2
2.000061 168 2 2
2.000061 169 2 2
2.000061 170 3 3
2.000061 171 2 2
2.000061 173 2 2
2.000061 174 3 3
2.000061 175 2 2
2.000061 176 2 2
2.000061 177 3 3
2.000061 178 2 2
2.000061 179 2 2
2.000061 180 2 2
2.000061 181 1 1
2.000061 182 2 2
2.000061 183 2 2
2.000061 184 2 2
2.000061 185 2 2
2.000061 186 2 2
2.000061 187 2 2
2.000061 188 2 2
2.000061 189 2 2
2.000061 190 2 2
2.000061 191 2 2
2.000061 192 2 2
2.000061 193 2 2
2.000061 194 2 2
2.000061 195 2 2
2.000061 196 2 2
2.000061 197 2 2
2.000061 198 1 1
2.000061 199 3 3
2.000061 200 2 2
2.000061 201 2 2
2.000061 202 2 2
2.000061 203 2 2
2.000061 204 2 2
2.000061 205 3 3
2.000061 206 2 2
2.000061 207 3 3
2.000061 208 2 2
2.000061 209 2 2
2.000061 210 2 2
2.000061 211 3 3
2.000061 212 2 2
2.000061 213 2 2
2.000061 215 2 2
2.000061 216 2 2
2.000061 217 2 2
2.000061 218 2 2
2.000061 219 2 2
2.000061 220 2 2
2.000061 221 2 2
2.000061 222 2 2
2.000061 223 2 2
2.000061 224 2 2
2.000061 225 2 2
2.000061 226 2 2
2.000061 227 3 3
2.000061 228 2 2
2.000061 229 2 2
2.000061 230 2 2
2.000061 231 2 2
2.000061 232 2 2
2.000061 233 2 2
2.000061 234 2 2
2.000061 235 2 2
2.000061 236 2 2
2.000061 237 2 2
2.000061 238 2 2
2.000061 239 1 1
2.000061 240 2 2
2.000061 241 2 2
2.000061 242 2 2
2.000061 243 2 2
2.000061 244 2 2
2.000061 245 3 3
2.000061 246 2 2
2.000061 247 3 3
2.000061 248 2 2
2.000061 249 2 2
2.000061 250 2 2
2.000061 252 2 2
2.000061 253 2 2
2.000061 254 3 3
2.000061 255 2 2
2.000061 256 2 2
2.000061 257 2 2
2.000061 258 2 2
2.000061 259 2 2
2.000061 260 2 2
2.000061 261 2 2
2.000061 262 2 2
2.000061 263 2 2
2.000061 265 2 2
2.000061 266 2 2
2.000061 267 2 2
2.000061 268 2 2
2.000061 269 2 2
2.000061 270 2 2
2.000061 271 2 2
2.000061 272 2 2
2.000061 273 2 2
2.000061 274 2 2
2.000061 275 2 2
2.000061 276 2 2
2.000061 277 2 2
2.000061 278 2 2
2.000061 279 2 2
2.000061 280 2 2
2.000061 281 2 2
2.000061 282 2 2
2.000061 284 2 2
2.000061 286 2 2
2.000061 288 3 3
2.000061 289 2 2
2.000061 290 2 2
2.000061 291 3 3
2.000061 292 2 2
2.000061 293 2 2
2.000061 294 2 2
2.000061 295 2 2
2.000061 296 2 2
2.000061 297 2 2
2.000061 298 2 2
2.000061 299 2 2
2.000061 300 2 2
2.000061 301 2 2
2.000061 302 2 2
2.000061 303 2 2
2.000061 304 2 2
2.000061 305 2 2
2.000061 306 3 3
2.000061 307 2 2
2.000061 308 2 2
2.000061 309 2 2
2.000061 311 2 2
2.000061 312 3 3
2.000061 313 2 2
2.000061 314 2 2
2.000061 315 2 2
2.000061 316 2 2
2.000061 317 2 2
2.000061 318 1 1
2.000061 319 2 2
2.000061 320 2 2
2.000061 321 2 2
2.000061 322 2 2
2.000061 323 2 2
2.000061 324 3 3
2.000061 325 2 2
2.000061 326 2 2
2.000061 327 3 3
2.000061 328 3 3
2.000061 329 2 2
2.000061 330 3 3
2.000061 331 2 2
2.000061 332 2 2
2.000061 333 2 2
2.000061 334 2 2
2.000061 335 2 2
2.000061 336 2 2
2.000061 337 2 2
2.000061 339 2 2
2.000061 340 2 2
2.000061 341 2 2
2.000061 342 2 2
2.000061 343 2 2
2.000061 344 2 2
2.000061 346 2 2
2.000061 347 2 2
2.000061 348 2 2
2.000061 349 2 2
2.000061 350 2 2
2.000061 351 2 2
2.000061 352 2 2
2.000061 353 2 2
2.000061 354 2 2
2.000061 355 2 2
2.000061 356 2 2
2.000061 357 2 2
2.000061 358 2 2
2.000061 359 2 2
2.000061 360 2 2
2.000061 361 2 2
2.000061 362 2 2
2.000061 364 2 2
2.000061 365 3 3
2.000061 366 2 2
2.000061 367 2 2
2.000061 368 2 2
2.000061 369 2 2
2.000061 370 2 2
2.000061 371 2 2
2.000061 372 2 2
2.000061 373 2 2
2.000061 374 2 2
2.000061 375 2 2
2.000061 376 2 2
2.000061 377 2 2
2.000061 378 2 2
2.000061 379 3 3
2.000061 380 2 2
2.000061 381 2 2
2.000061 382 3 3
2.000061 383 2 2
2.000061 384 2 2
2.000061 385 2 2
2.000061 386 3 3
2.000061 387 2 2
2.000061 389 2 2
2.000061 390 2 2
2.000061 391 2 2
2.000061 392 2 2
2.000061 393 2 2
2.000061 394 2 2
2.000061 395 3 3
2.000061 397 2 2
2.000061 398 2 2
2.000061 399 2 2
2.000061 400 2 2
2.000061 401 2 2
2.000061 402 2 2
2.000061 403 2 2
2.000061 404 3 3
2.000061 405 2 2
2.000061 406 2 2
2.000061 407 2 2
2.000061 408 3 3
2.000061 409 2 2
2.000061 410 2 2
2.000061 412 3 3
2.000061 413 2 2
2.000061 414 2 2
2.000061 415 2 2
2.000061 416 2 2
2.000061 417 2 2
2.000061 418 2 2
2.000061 419 2 2
2.000061 420 2 2
2.000061 421 2 2
2.000061 422 2 2
2.000061 423 2 2
2.000061 424 2 2
2.000061 425 2 2
2.000061 426 2 2
2.000061 427 2 2
2.000061 428 2 2
2.000061 430 2 2
2.000061 431 2 2
2.000061 432 2 2
2.000061 433 2 2
2.000061 434 2 2
2.000061 435 2 2
2.000061 436 2 2
2.000061 437 2 2
2.000061 438 2 2
2.000061 439 2 2
2.000061 440 2 2
2.000061 441 2 2
2.000061 442 2 2
2.000061 443 2 2
2.000061 444 2 2
2.000061 445 2 2
2.000061 446 4 4
2.000061 448 2 2
2.000061 449 2 2
2.000061 450 2 2
2.000061 451 3 3
2.000061 452 2 2
2.000061 453 2 2
2.000061 454 2 2
2.000061 455 2 2
2.000061 456 2 2
2.000061 457 2 2
2.000061 458 2 2
2.000061 459 2 2
2.000061 460 2 2
2.000061 461 2 2
2.000061 462 2 2
2.000061 463 2 2
2.000061 464 2 2
2.000061 465 3 3
2.000061 466 2 2
2.000061 467 2 2
2.000061 468 2 2
2.000061 469 2 2
2.000061 470 2 2
2.000061 471 2 2
2.000061 472 2 2
2.000061 473 2 2
2.000061 475 2 2
2.000061 476 2 2
2.000061 477 2 2
2.000061 478 2 2
2.000061 479 2 2
2.000061 480 2 2
2.000061 481 2 2
2.000061 482 2 2
2.000061 483 3 3
2.000061 484 2 2
2.000061 485 2 2
2.000061 486 2 2
2.000061 487 2 2
2.000061 488 2 2
2.000061 489 2 2
2.000061 490 2 2
2.000061 492 3 3
2.000061 493 2 2
2.000061 494 2 2
2.000061 495 2 2
2.000061 496 2 2
2.000061 497 2 2
2.000061 498 2 2
2.000061 499 2 2
2.000061 500 2 2
2.000061 501 2 2
2.000061 502 2 2
2.000061 503 2 2
2.000061 504 2 2
2.000061 505 2 2
2.000061 506 2 2
2.000061 507 2 2
2.000061 508 2 2
2.000061 509 2 2
2.000061 510 3 3
2.000061 513 2 2
2.000061 514 2 2
2.000061 515 3 3
2.000061 516 2 2
2.000061 517 2 2
2.000061 518 3 3
2.000061 520 2 2
2.000061 521 2 2
2.000061 522 2 2
2.000061 523 2 2
2.000061 524 2 2
2.000061 525 3 3
2.000061 526 2 2
2.000061 527 2 2
2.000061 528 2 2
2.000061 529 2 2
2.000061 530 2 2
2.000061 531 2 2
2.000061 533 2 2
2.000061 534 2 2
2.000061 535 2 2
2.000061 536 2 2
2.000061 537 2 2
2.000061 538 3 3
2.000061 539 2 2
2.000061 540 2 2
2.000061 542 2 2
2.000061 543 2 2
2.000061 544 2 2
2.000061 545 2 2
2.000061 546 2 2
2.000061 547 3 3
2.000061 548 2 2
2.000061 549 3 3
3.000092 0 4 4
3.000092 1 4 4
3.000092 2 3 3
3.000092 3 4 4
3.000092 4 4 4
3.000092 5 4 4
3.000092 6 3 3
3.000092 7 4 4
3.000092 8 4 4
3.000092 9 4 4
3.000092 10 4 4
3.000092 11 4 4
3.000092 12 3 3
3.000092 13 4 4
3.000092 14 4 4
3.000092 15 3 3
3.000092 16 3 3
3.000092 17 4 4
3.000092 18 4 4
3.000092 20 4 4
3.000092 21 4 4
3.000092 22 4 4
3.000092 23 4 4
3.000092 24 4 4
3.000092 25 4 4
3.000092 26 4 4
3.000092 27 4 4
3.000092 28 4 4
3.000092 29 4 4
3.000092 30 4 4
3.000092 31 5 5
3.000092 32 4 4
3.000092 33 5 5
3.000092 34 4 4
3.000092 35 4 4
3.000092 36 4 4
3.000092 37 4 4
3.000092 38 3 3
3.000092 40 4 4
3.000092 41 4 4
3.000092 42 4 4
3.000092 43 4 4
3.000092 44 4 4
3.000092 45 4 4
3.000092 46 4 4
3.000092 47 3 3
3.000092 48 4 4
3.000092 49 4 4
3.000092 50 4 4
3.000092 51 4 4
3.000092 52 4 4
3.000092 53 3 3
3.000092 54 4 4
3.000092 55 4 4
3.000092 56 4 4
3.000092 57 4 4
3.000092 58 4 4
3.000092 59 4 4
3.000092 60 4 4
3.000092 61 4 4
3.000092 62 4 4
3.000092 63 4 4
3.000092 64 3 3
3.000092 65 4 4
3.000092 66 4 4
3.000092 67 5 5
3.000092 68 4 4
3.000092 69 4 4
3.000092 70 4 4
3.000092 71 4 4
3.000092 72 4 4
3.000092 74 4 4
3.000092 75 4 4
3.000092 76 3 3
3.000092 77 4 4
3.000092 78 5 5
3.000092 79 4 4
3.000092 80 4 4
3.000092 81 4 4
3.000092 82 4 4
3.000092 83 4 4
3.000092 84 4 4
3.000092 85 5 5
3.000092 86 4 4
3.000092 87 4 4
3.000092 89 5 5
3.000092 90 4 4
3.000092 91 4 4
3.000092 93 2 2
3.000092 94 4 4
3.000092 95 4 4
3.000092 96 2 2
3.000092 97 4 4
3.000092 98 4 4
3.000092 99 4 4
3.000092 100 3 3
3.000092 101 4 4
3.000092 102 4 4
3.000092 103 4 4
3.000092 104 4 4
3.000092 105 4 4
3.000092 107 4 4
3.000092 108 3 3
3.000092 109 5 5
3.000092 110 4 4
3.000092 113 4 4
3.000092 115 4 4
3.000092 116 4 4
3.000092 117 4 4
3.000092 119 4 4
3.000092 120 4 4
3.000092 121 4 4
3.000092 122 4 4
3.000092 123 4 4
3.000092 124 4 4
3.000092 126 4 4
3.000092 127 4 4
3.000092 128 4 4
3.000092 129 4 4
3.000092 130 4 4
3.000092 131 3 3
3.000092 132 5 5
3.000092 133 4 4
3.000092 134 4 4
3.000092 135 4 4
3.000092 136 4 4
3.000092 137 4 4
3.000092 138 4 4
3.000092 140 4 4
3.000092 141 4 4
3.000092 143 4 4
3.000092 144 3 3
3.000092 145 4 4
3.000092 146 4 4
3.000092 147 4 4
3.000092 149 3 3
3.000092 150 4 4
3.000092 151 4 4
3.000092 152 4 4
3.000092 153 4 4
3.000092 154 4 4
3.000092 155 4 4
3.000092 156 4 4
3.000092 157 4 4
3.000092 158 4 4
3.000092 159 2 2
3.000092 160 4 4
3.000092 161 4 4
3.000092 162 4 4
3.000092 163 4 4
3.000092 164 3 3
3.000092 165 3 3
3.000092 166 4 4
3.000092 167 4 4
3.000092 168 4 4
3.000092 169 4 4
3.000092 170 4 4
3.000092 171 4 4
3.000092 173 4 4
3.000092 174 5 5
3.000092 175 4 4
3.000092 176 4 4
3.000092 177 4 4
3.000092 178 4 4
3.000092 179 4 4
3.000092 180 4 4
3.000092 181 2 2
3.000092 182 4 4
3.000092 183 3 3
3.000092 184 4 4
3.000092 185 2 2
3.000092 186 3 3
3.000092 187 3 3
3.000092 188 4 4
3.000092 189 4 4
3.000092 190 4 4
3.000092 191 4 4
3.000092 192 4 4
3.000092 193 4 4
3.000092 194 3 3
3.000092 195 4 4
3.000092 196 4 4
3.000092 197 4 4
3.000092 198 1 1
3.000092 199 4 4
3.000092 200 4 4
3.000092 201 4 4
3.000092 202 3 3
3.000092 203 4 4
3.000092 204 4 4
3.000092 205 5 5
3.000092 206 3 3
3.000092 207 4 4
3.000092 208 4 4
3.000092 209 3 3
3.000092 210 4 4
3.000092 211 5 5
3.000092 212 4 4
3.000092 213 4 4
3.000092 215 4 4
3.000092 216 4 4
3.000092 217 4 4
3.000092 218 4 4
3.000092 219 4 4
3.000092 220 4 4
3.000092 221 4 4
3.000092 222 3 3
3.000092 223 4 4
3.000092 224 4 4
3.000092 225 4 4
3.000092 226 4 4
3.000092 227 4 4
3.000092 228 4 4
3.000092 229 3 3
3.000092 230 4 4
3.000092 231 4 4
3.000092 232 4 4
3.000092 233 3 3
3.000092 234 4 4
3.000092 235 4 4
3.000092 236 4 4
3.000092 237 4 4
3.000092 238 4 4
3.000092 239 2 2
3.000092 240 4 4
3.000092 241 4 4
3.000092 242 4 4
3.000092 243 4 4
3.000092 244 4 4
3.000092 245 3 3
3.000092 246 4 4
3.000092 247 5 5
3.000092 248 4 4
3.000092 249 4 4
3.000092 250 4 4
3.000092 252 4 4
3.000092 253 4 4
3.000092 254 4 4
3.000092 255 4 4
3.000092 256 4 4
3.000092 257 3 3
3.000092 258 4 4
3.000092 259 4 4
3.000092 260 4 4
3.000092 261 4 4
3.000092 262 4 4
3.000092 263 3 3
3.000092 265 4 4
3.000092 266 4 4
3.000092 267 4 4
3.000092 268 4 4
3.000092 269 4 4
3.000092 270 4 4
3.000092 271 4 4
3.000092 272 4 4
3.000092 273 4 4
3.000092 274 4 4
3.000092 275 4 4
3.000092 276 4 4
3.000092 277 4 4
3.000092 278 4 4
3.000092 279 4 4
3.000092 280 4 4
3.000092 281 4 4
3.000092 282 4 4
3.000092 284 4 4
3.000092 286 4 4
3.000092 288 4 4
3.000092 289 5 5
3.000092 290 4 4
3.000092 291 4 4
3.000092 292 4 4
3.000092 293 4 4
3.000092 294 4 4
3.000092 295 4 4
3.000092 296 4 4
3.000092 297 4 4
3.000092 298 4 4
3.000092 299 4 4
3.000092 300 4 4
3.000092 301 4 4
3.000092 302 4 4
3.000092 303 4 4
3.000092 304 4 4
3.000092 305 3 3
3.000092 306 4 4
3.000092 307 4 4
3.000092 308 4 4
3.000092 309 3 3
3.000092 311 4 4
3.000092 312 4 4
3.000092 313 4 4
3.000092 314 4 4
3.000092 315 4 4
3.000092 316 4 4
3.000092 317 4 4
3.000092 318 2 2
3.000092 319 4 4
3.000092 320 4 4
3.000092 321 4 4
3.000092 322 3 3
3.000092 323 4 4
3.000092 324 4 4
3.000092 325 4 4
3.000092 326 4 4
3.000092 327 4 4
3.000092 328 4 4
3.000092 329 4 4
3.000092 330 5 5
3.000092 331 4 4
3.000092 332 4 4
3.000092 333 4 4
3.000092 334 4 4
3.000092 335 4 4
3.000092 336 4 4
3.000092 337 4 4
3.000092 339 4 4
3.000092 340 3 3
3.000092 341 4 4
3.000092 342 4 4
3.000092 343 4 4
3.000092 344 4 4
3.000092 346 4 4
3.000092 347 4 4
3.000092 348 4 4
3.000092 349 4 4
3.000092 350 4 4
3.000092 351 4 4
3.000092 352 4 4
3.000092 353 4 4
3.000092 354 4 4
3.000092 355 3 3
3.000092 356 4 4
3.000092 357 4 4
3.000092 358 4 4
3.000092 359 4 4
3.000092 360 4 4
3.000092 361 3 3
3.000092 362 4 4
3.000092 364 4 4
3.000092 365 4 4
3.000092 366 4 4
3.000092 367 4 4
3.000092 368 2 2
3.000092 369 4 4
3.000092 370 4 4
3.000092 371 4 4
3.000092 372 4 4
3.000092 373 4 4
3.000092 374 4 4
3.000092 375 4 4
3.000092 376 4 4
3.000092 377 4 4
3.000092 378 4 4
3.000092 379 4 4
3.000092 380 4 4
3.000092 381 4 4
3.000092 382 4 4
3.000092 383 4 4
3.000092 384 3 3
3.000092 385 4 4
3.000092 386 4 4
3.000092 387 4 4
3.000092 389 4 4
3.000092 390 3 3
3.000092 391 4 4
3.000092 392 4 4
3.000092 393 3 3
3.000092 394 3 3
3.000092 395 4 4
3.000092 397 4 4
3.000092 398 4 4
3.000092 399 4 4
3.000092 400 4 4
3.000092 401 4 4
3.000092 402 4 4
3.000092 403 4 4
3.000092 404 4 4
3.000092 405 4 4
3.000092 406 4 4
3.000092 407 4 4
3.000092 408 5 5
3.000092 409 3 3
3.000092 410 4 4
3.000092 412 4 4
3.000092 413 4 4
3.000092 414 4 4
3.000092 415 4 4
3.000092 416 4 4
3.000092 417 4 4
3.000092 418 4 4
3.000092 419 3 3
3.000092 420 4 4
3.000092 421 4 4
3.000092 422 4 4
3.000092 423 4 4
3.000092 424 4 4
3.000092 425 4 4
3.000092 426 4 4
3.000092 427 3 3
3.000092 428 4 4
3.000092 430 4 4
3.000092 431 3 3
3.000092 432 4 4
3.000092 433 4 4
3.000092 434 4 4
3.000092 435 4 4
3.000092 436 4 4
3.000092 437 4 4
3.000092 438 4 4
3.000092 439 4 4
3.000092 440 4 4
3.000092 441 4 4
3.000092 442 4 4
3.000092 443 4 4
3.000092 444 3 3
3.000092 445 4 4
3.000092 446 4 4
3.000092 448 4 4
3.000092 449 4 4
3.000092 450 4 4
3.000092 451 4 4
3.000092 452 4 4
3.000092 453 4 4
3.000092 454 3 3
3.000092 455 4 4
3.000092 456 4 4
3.000092 457 4 4
3.000092 458 4 4
3.000092 459 4 4
3.000092 460 4 4
3.000092 461 4 4
3.000092 462 4 4
3.000092 463 4 4
3.000092 464 4 4
3.000092 465 4 4
3.000092 466 4 4
3.000092 467 4 4
3.000092 468 4 4
3.000092 469 4 4
3.000092 470 4 4
3.000092 471 4 4
3.000092 472 4 4
3.000092 473 4 4
3.000092 475 4 4
3.000092 476 4 4
3.000092 477 4 4
3.000092 478 4 4
3.000092 479 4 4
3.000092 480 4 4
3.000092 481 4 4
3.000092 482 4 4
3.000092 483 5 5
3.000092 484 4 4
3.000092 485 4 4
3.000092 486 4 4
3.000092 487 3 3
3.000092 488 4 4
3.000092 489 4 4
3.000092 490 4 4
3.000092 492 4 4
3.000092 493 4 4
3.000092 494 3 3
3.000092 495 4 4
3.000092 496 4 4
3.000092 497 4 4
3.000092 498 4 4
3.000092 499 4 4
3.000092 500 4 4
3.000092 501 4 4
3.000092 502 4 4
3.000092 503 4 4
3.000092 504 4 4
3.000092 505 4 4
3.000092 506 4 4
3.000092 507 4 4
3.000092 508 3 3
3.000092 509 4 4
3.000092 510 5 5
3.000092 513 4 4
3.000092 514 4 4
3.000092 515 5 5
3.000092 516 4 4
3.000092 517 4 4
3.000092 518 4 4
3.000092 520 4 4
3.000092 521 4 4
3.000092 522 4 4
3.000092 523 4 4
3.000092 524 4 4
3.000092 525 5 5
3.000092 526 4 4
3.000092 527 3 3
3.000092 528 4 4
3.000092 529 4 4
3.000092 530 4 4
3.000092 531 4 4
3.000092 533 4 4
3.000092 534 3 3
3.000092 535 4 4
3.000092 536 4 4
3.000092 537 4 4
3.000092 538 4 4
3.000092 539 4 4
3.000092 540 4 4
3.000092 542 4 4
3.000092 543 4 4
3.000092 544 4 4
3.000092 545 3 3
3.000092 546 3 3
3.000092 547 4 4
3.000092 548 4 4
3.000092 549 5 5
4.000122 0 5 5
4.000122 1 6 6
4.000122 2 5 5
4.000122 3 7 7
4.000122 4 8 8
4.000122 5 4 4
4.000122 6 6 6
4.000122 7 7 7
4.000122 8 7 7
4.000122 9 7 7
4.000122 10 8 8
4.000122 11 6 6
4.000122 12 5 5
4.000122 13 7 7
4.000122 14 7 7
4.000122 15 5 5
4.000122 16 6 6
4.000122 17 8 8
4.000122 18 8 8
4.000122 20 5 5
4.000122 21 6 6
4.000122 22 5 5
4.000122 23 4 4
4.000122 24 6 6
4.000122 25 7 7
4.000122 26 6 6
4.000122 27 5 5
4.000122 28 6 6
4.000122 29 7 7
4.000122 30 4 4
4.000122 31 6 6
4.000122 32 5 5
4.000122 33 5 5
4.000122 34 5 5
4.000122 35 5 5
4.000122 36 5 5
4.000122 37 6 6
4.000122 38 4 4
4.000122 40 4 4
4.000122 41 7 7
4.000122 42 6 6
4.000122 43 5 5
4.000122 44 6 6
4.000122 45 6 6
4.000122 46 8 8
4.000122 47 4 4
4.000122 48 4 4
4.000122 49 7 7
4.000122 50 6 6
4.000122 51 8 8
4.000122 52 4 4
4.000122 53 5 5
4.000122 54 6 6
4.000122 55 6 6
4.000122 56 6 6
4.000122 57 7 7
4.000122 58 5 5
4.000122 59 7 7
4.000122 60 7 7
4.000122 61 6 6
4.000122 62 7 7
4.000122 63 6 6
4.000122 64 5 5
4.000122 65 4 4
4.000122 66 7 7
4.000122 67 8 8
4.000122 68 6 6
4.000122 69 7 7
4.000122 70 6 6
4.000122 71 7 7
4.000122 72 5 5
4.000122 74 7 7
4.000122 75 6 6
4.000122 76 6 6
4.000122 77 7 7
4.000122 78 10 10
4.000122 79 8 8
4.000122 80 5 5
4.000122 81 5 5
4.000122 82 8 8
4.000122 83 7 7
4.000122 84 7 7
4.000122 85 8 8
4.000122 86 6 6
4.000122 87 8 8
4.000122 89 6 6
4.000122 90 6 6
4.000122 91 5 5
4.000122 93 2 2
4.000122 94 6 6
4.000122 95 6 6
4.000122 96 2 2
4.000122 97 4 4
4.000122 98 5 5
4.000122 99 6 6
4.000122 100 3 3
4.000122 101 7 7
4.000122 102 8 8
4.000122 103 8 8
4.000122 104 4 4
4.000122 105 4 4
4.000122 107 8 8
4.000122 108 5 5
4.000122 109 8 8
4.000122 110 6 6
4.000122 113 4 4
4.000122 115 8 8
4.000122 116 6 6
4.000122 117 4 4
4.000122 119 5 5
4.000122 120 6 6
4.000122 121 7 7
4.000122 122 6 6
4.000122 123 6 6
4.000122 124 6 6
4.000122 126 6 6
4.000122 127 5 5
4.000122 128 6 6
4.000122 129 4 4
4.000122 130 6 6
4.000122 131 6 6
4.000122 132 7 7
4.000122 133 4 4
4.000122 134 4 4
4.000122 135 8 8
4.000122 136 6 6
4.000122 137 7 7
4.000122 138 5 5
4.000122 140 6 6
4.000122 141 5 5
4.000122 143 7 7
4.000122 144 6 6
4.000122 145 4 4
4.000122 146 7 7
4.000122 147 7 7
4.000122 149 6 6
4.000122 150 5 5
4.000122 151 8 8
4.000122 152 7 7
4.000122 153 7 7
4.000122 154 5 5
4.000122 155 4 4
4.000122 156 7 7
4.000122 157 7 7
4.000122 158 6 6
4.000122 159 4 4
4.000122 160 6 6
4.000122 161 5 5
4.000122 162 8 8
4.000122 163 7 7
4.000122 164 5 5
4.000122 165 5 5
4.000122 166 6 6
4.000122 167 6 6
4.000122 168 4 4
4.000122 169 7 7
4.000122 170 6 6
4.000122 171 7 7
4.000122 173 7 7
4.000122 174 8 8
4.000122 175 4 4
4.000122 176 8 8
4.000122 177 5 5
4.000122 178 7 7
4.000122 179 5 5
4.000122 180 7 7
4.000122 181 1 1
4.000122 182 7 7
4.000122 183 6 6
4.000122 184 6 6
4.000122 185 4 4
4.000122 186 4 4
4.000122 187 4 4
4.000122 188 7 7
4.000122 189 5 5
4.000122 190 5 5
4.000122 191 8 8
4.000122 192 5 5
4.000122 193 5 5
4.000122 194 4 4
4.000122 195 5 5
4.000122 196 5 5
4.000122 197 6 6
4.000122 198 2 2
4.000122 199 5 5
4.000122 200 7 7
4.000122 201 8 8
4.000122 202 6 6
4.000122 203 6 6
4.000122 204 7 7
4.000122 205 6 6
4.000122 206 4 4
4.000122 207 7 7
4.000122 208 6 6
4.000122 209 6 6
4.000122 210 5 5
4.000122 211 8 8
4.000122 212 8 8
4.000122 213 5 5
4.000122 215 6 6
4.000122 216 5 5
4.000122 217 5 5
4.000122 218 5 5
4.000122 219 6 6
4.000122 220 6 6
4.000122 221 4 4
4.000122 222 5 5
4.000122 223 5 5
4.000122 224 5 5
4.000122 225 5 5
4.000122 226 5 5
4.000122 227 6 6
4.000122 228 7 7
4.000122 229 5 5
4.000122 230 5 5
4.000122 231 8 8
4.000122 232 6 6
4.000122 233 5 5
4.000122 234 8 8
4.000122 235 6 6
4.000122 236 6 6
4.000122 237 7 7
4.000122 238 4 4
4.000122 239 2 2
4.000122 240 7 7
4.000122 241 6 6
4.000122 242 6 6
4.000122 243 5 5
4.000122 244 6 6
4.000122 245 6 6
4.000122 246 5 5
4.000122 247 7 7
4.000122 248 7 7
4.000122 249 4 4
4.000122 250 8 8
4.000122 252 5 5
4.000122 253 6 6
4.000122 254 8 8
4.000122 255 6 6
4.000122 256 6 6
4.000122 257 4 4
4.000122 258 7 7
4.000122 259 8 8
4.000122 260 6 6
4.000122 261 8 8
4.000122 262 5 5
4.000122 263 4 4
4.000122 265 6 6
4.000122 266 6 6
4.000122 267 7 7
4.000122 268 7 7
4.000122 269 6 6
4.000122 270 6 6
4.000122 271 8 8
4.000122 272 6 6
4.000122 273 6 6
4.000122 274 6 6
4.000122 275 6 6
4.000122 276 5 5
4.000122 277 6 6
4.000122 278 8 8
4.000122 279 8 8
4.000122 280 6 6
4.000122 281 5 5
4.000122 282 6 6
4.000122 284 5 5
4.000122 286 5 5
4.000122 288 6 6
4.000122 289 8 8
4.000122 290 7 7
4.000122 291 7 7
4.000122 292 5 5
4.000122 293 7 7
4.000122 294 6 6
4.000122 295 4 4
4.000122 296 5 5
4.000122 297 7 7
4.000122 298 7 7
4.000122 299 6 6
4.000122 300 5 5
4.000122 301 5 5
4.000122 302 6 6
4.000122 303 5 5
4.000122 304 7 7
4.000122 305 5 5
4.000122 306 7 7
4.000122 307 7 7
4.000122 308 6 6
4.000122 309 4 4
4.000122 311 7 7
4.000122 312 7 7
4.000122 313 7 7
4.000122 314 6 6
4.000122 315 6 6
4.000122 316 5 5
4.000122 317 6 6
4.000122 318 2 2
4.000122 319 6 6
4.000122 320 8 8
4.000122 321 8 8
4.000122 322 5 5
4.000122 323 6 6
4.000122 324 7 7
4.000122 325 5 5
4.000122 326 5 5
4.000122 327 7 7
4.000122 328 8 8
4.000122 329 8 8
4.000122 330 9 9
4.000122 331 8 8
4.000122 332 7 7
4.000122 333 7 7
4.000122 334 7 7
4.000122 335 6 6
4.000122 336 7 7
4.000122 337 6 6
4.000122 339 5 5
4.000122 340 2 2
4.000122 341 6 6
4.000122 342 6 6
4.000122 343 7 7
4.000122 344 7 7
4.000122 346 4 4
4.000122 347 6 6
4.000122 348 6 6
4.000122 349 6 6
4.000122 350 7 7
4.000122 351 8 8
4.000122 352 6 6
4.000122 353 6 6
4.000122 354 8 8
4.000122 355 5 5
4.000122 356 6 6
4.000122 357 7 7
4.000122 358 6 6
4.000122 359 5 5
4.000122 360 4 4
4.000122 361 4 4
4.000122 362 5 5
4.000122 364 5 5
4.000122 365 7 7
4.000122 366 4 4
4.000122 367 6 6
4.000122 368 4 4
4.000122 369 6 6
4.000122 370 6 6
4.000122 371 6 6
4.000122 372 4 4
4.000122 373 5 5
4.000122 374 8 8
4.000122 375 4 4
4.000122 376 6 6
4.000122 377 8 8
4.000122 378 4 4
4.000122 379 6 6
4.000122 380 7 7
4.000122 381 5 5
4.000122 382 8 8
4.000122 383 7 7
4.000122 384 4 4
4.000122 385 8 8
4.000122 386 8 8
4.000122 387 7 7
4.000122 389 7 7
4.000122 390 5 5
4.000122 391 7 7
4.000122 392 7 7
4.000122 393 6 6
4.000122 394 6 6
4.000122 395 7 7
4.000122 397 5 5
4.000122 398 5 5
4.000122 399 6 6
4.000122 400 4 4
4.000122 401 5 5
4.000122 402 6 6
4.000122 403 5 5
4.000122 404 6 6
4.000122 405 6 6
4.000122 406 7 7
4.000122 407 6 6
4.000122 408 9 9
4.000122 409 4 4
4.000122 410 7 7
4.000122 412 8 8
4.000122 413 7 7
4.000122 414 8 8
4.000122 415 6 6
4.000122 416 7 7
4.000122 417 7 7
4.000122 418 5 5
4.000122 419 4 4
4.000122 420 5 5
4.000122 421 6 6
4.000122 422 7 7
4.000122 423 5 5
4.000122 424 4 4
4.000122 425 7 7
4.000122 426 7 7
4.000122 427 4 4
4.000122 428 6 6
4.000122 430 5 5
4.000122 431 5 5
4.000122 432 6 6
4.000122 433 7 7
4.000122 434 5 5
4.000122 435 6 6
4.000122 436 7 7
4.000122 437 5 5
4.000122 438 7 7
4.000122 439 6 6
4.000122 440 5 5
4.000122 441 6 6
4.000122 442 4 4
4.000122 443 6 6
4.000122 444 4 4
4.000122 445 5 5
4.000122 446 7 7
4.000122 448 7 7
4.000122 449 8 8
4.000122 450 6 6
4.000122 451 6 6
4.000122 452 8 8
4.000122 453 6 6
4.000122 454 4 4
4.000122 455 5 5
4.000122 456 6 6
4.000122 457 8 8
4.000122 458 7 7
4.000122 459 8 8
4.000122 460 7 7
4.000122 461 7 7
4.000122 462 5 5
4.000122 463 5 5
4.000122 464 4 4
4.000122 465 8 8
4.000122 466 6 6
4.000122 467 7 7
4.000122 468 5 5
4.000122 469 5 5
4.000122 470 6 6
4.000122 471 5 5
4.000122 472 7 7
4.000122 473 7 7
4.000122 475 5 5
4.000122 476 4 4
4.000122 477 5 5
4.000122 478 7 7
4.000122 479 5 5
4.000122 480 6 6
4.000122 481 6 6
4.000122 482 7 7
4.000122 483 9 9
4.000122 484 5 5
4.000122 485 7 7
4.000122 486 4 4
4.000122 487 5 5
4.000122 488 6 6
4.000122 489 8 8
4.000122 490 5 5
4.000122 492 8 8
4.000122 493 6 6
4.000122 494 5 5
4.000122 495 7 7
4.000122 496 4 4
4.000122 497 7 7
4.000122 498 5 5
4.000122 499 7 7
4.000122 500 4 4
4.000122 501 7 7
4.000122 502 5 5
4.000122 503 7 7
4.000122 504 7 7
4.000122 505 6 6
4.000122 506 6 6
4.000122 507 5 5
4.000122 508 4 4
4.000122 509 6 6
4.000122 510 6 6
4.000122 513 8 8
4.000122 514 4 4
4.000122 515 7 7
4.000122 516 4 4
4.000122 517 7 7
4.000122 518 8 8
4.000122 520 5 5
4.000122 521 7 7
4.000122 522 5 5
4.000122 523 4 4
4.000122 524 6 6
4.000122 525 8 8
4.000122 526 7 7
4.000122 527 5 5
4.000122 528 6 6
4.000122 529 5 5
4.000122 530 8 8
4.000122 531 6 6
4.000122 533 5 5
4.000122 534 3 3
4.000122 535 4 4
4.000122 536 6 6
4.000122 537 6 6
4.000122 538 7 7
4.000122 539 6 6
4.000122 540 7 7
4.000122 542 6 6
4.000122 543 6 6
4.000122 544 8 8
4.000122 545 5 5
4.000122 546 5 5
4.000122 547 6 6
4.000122 548 6 6
4.000122 549 7 7
5.000153 0 9 9
5.000153 1 9 9
5.000153 2 8 8
5.000153 3 9 9
5.000153 4 8 8
5.000153 5 8 8
5.000153 6 8 8
5.000153 7 12 12
5.000153 8 10 10
5.000153 9 8 8
5.000153 10 6 6
5.000153 11 7 7
5.000153 12 3 3
5.000153 13 9 9
5.000153 14 11 11
5.000153 15 8 8
5.000153 16 8 8
5.000153 17 9 9
5.000153 18 10 10
5.000153 20 8 8
5.000153 21 8 8
5.000153 22 8 8
5.000153 23 8 8
5.000153 24 9 9
5.000153 25 10 10
5.000153 26 8 8
5.000153 27 9 9
5.000153 28 10 10
5.000153 29 11 11
5.000153 30 8 8
5.000153 31 10 10
5.000153 32 2 2
5.000153 33 4 4
5.000153 34 8 8
5.000153 35 8 8
5.000153 36 9 9
5.000153 37 9 9
5.000153 38 8 8
5.000153 40 8 8
5.000153 41 10 10
5.000153 42 9 9
5.000153 43 8 8
5.000153 44 8 8
5.000153 45 9 9
5.000153 46 12 12
5.000153 47 4 4
5.000153 48 8 8
5.000153 49 11 11
5.000153 50 9 9
5.000153 51 10 10
5.000153 52 8 8
5.000153 53 9 9
5.000153 54 10 10
5.000153 55 9 9
5.000153 56 10 10
5.000153 57 8 8
5.000153 58 8 8
5.000153 59 9 9
5.000153 60 9 9
5.000153 61 10 10
5.000153 62 10 10
5.000153 63 8 8
5.000153 64 8 8
5.000153 65 8 8
5.000153 66 9 9
5.000153 67 11 11
5.000153 68 10 10
5.000153 69 11 11
5.000153 70 8 8
5.000153 71 8 8
5.000153 72 8 8
5.000153 74 9 9
5.000153 75 9 9
5.000153 76 5 5
5.000153 77 9 9
5.000153 78 15 15
5.000153 79 10 10
5.000153 80 8 8
5.000153 81 10 10
5.000153 82 11 11
5.000153 83 13 13
5.000153 84 8 8
5.000153 85 11 11
5.000153 86 8 8
5.000153 87 11 11
5.000153 89 11 11
5.000153 90 9 9
5.000153 91 8 8
5.000153 93 1 1
5.000153 94 10 10
5.000153 95 10 10
5.000153 96 2 2
5.000153 97 8 8
5.000153 98 8 8
5.000153 99 8 8
5.000153 101 10 10
5.000153 102 11 11
5.000153 103 11 11
5.000153 104 8 8
5.000153 105 8 8
5.000153 107 13 13
5.000153 108 5 5
5.000153 109 14 14
5.000153 110 9 9
5.000153 113 8 8
5.000153 115 11 11
5.000153 116 9 9
5.000153 117 8 8
5.000153 119 8 8
5.000153 120 9 9
5.000153 121 11 11
5.000153 122 9 9
5.000153 123 11 11
5.000153 124 9 9
5.000153 126 9 9
5.000153 127 9 9
5.000153 128 8 8
5.000153 129 8 8
5.000153 130 8 8
5.000153 131 11 11
5.000153 132 12 12
5.000153 133 8 8
5.000153 134 8 8
5.000153 135 13 13
5.000153 136 9 9
5.000153 137 8 8
5.000153 138 10 10
5.000153 140 8 8
5.000153 141 8 8
5.000153 143 6 6
5.000153 144 8 8
5.000153 145 8 8
5.000153 146 9 9
5.000153 147 10 10
5.000153 149 12 12
5.000153 150 8 8
5.000153 151 8 8
5.000153 152 10 10
5.000153 153 11 11
5.000153 154 8 8
5.000153 155 8 8
5.000153 156 9 9
5.000153 157 9 9
5.000153 158 9 9
5.000153 160 10 10
5.000153 161 8 8
5.000153 162 12 12
5.000153 163 9 9
5.000153 164 9 9
5.000153 165 7 7
5.000153 166 9 9
5.000153 167 9 9
5.000153 168 8 8
5.000153 169 9 9
5.000153 170 11 11
5.000153 171 10 10
5.000153 173 10 10
5.000153 174 13 13
5.000153 175 9 9
5.000153 176 11 11
5.000153 177 5 5
5.000153 178 10 10
5.000153 179 8 8
5.000153 180 10 10
5.000153 182 8 8
5.000153 183 9 9
5.000153 184 8 8
5.000153 185 7 7
5.000153 186 8 8
5.000153 187 7 7
5.000153 188 12 12
5.000153 189 3 3
5.000153 190 10 10
5.000153 191 10 10
5.000153 192 8 8
5.000153 193 8 8
5.000153 194 8 8
5.000153 195 10 10
5.000153 196 8 8
5.000153 197 9 9
5.000153 198 1 1
5.000153 199 10 10
5.000153 200 10 10
5.000153 201 10 10
5.000153 202 8 8
5.000153 203 9 9
5.000153 204 10 10
5.000153 205 11 11
5.000153 206 8 8
5.000153 207 10 10
5.000153 208 10 10
5.000153 209 11 11
5.000153 210 9 9
5.000153 211 13 13
5.000153 212 12 12
5.000153 213 10 10
5.000153 215 9 9
5.000153 216 8 8
5.000153 217 9 9
5.000153 218 8 8
5.000153 219 8 8
5.000153 220 8 8
5.000153 221 8 8
5.000153 222 8 8
5.000153 223 9 9
5.000153 224 8 8
5.000153 225 8 8
5.000153 226 8 8
5.000153 227 9 9
5.000153 228 9 9
5.000153 229 9 9
5.000153 230 10 10
5.000153 231 11 11
5.000153 232 8 8
5.000153 233 8 8
5.000153 234 11 11
5.000153 235 8 8
5.000153 236 9 9
5.000153 237 9 9
5.000153 238 8 8
5.000153 239 1 1
5.000153 240 10 10
5.000153 241 9 9
5.000153 242 9 9
5.000153 243 8 8
5.000153 244 9 9
5.000153 245 9 9
5.000153 246 9 9
5.000153 247 10 10
5.000153 248 12 12
5.000153 249 8 8
5.000153 250 14 14
5.000153 252 8 8
5.000153 253 9 9
5.000153 254 11 11
5.000153 255 9 9
5.000153 256 9 9
5.000153 257 8 8
5.000153 258 9 9
5.000153 259 11 11
5.000153 260 8 8
5.000153 261 8 8
5.000153 262 8 8
5.000153 263 8 8
5.000153 265 8 8
5.000153 266 8 8
5.000153 267 9 9
5.000153 268 12 12
5.000153 269 8 8
5.000153 270 9 9
5.000153 271 9 9
5.000153 272 9 9
5.000153 273 9 9
5.000153 274 10 10
5.000153 275 9 9
5.000153 276 8 8
5.000153 277 9 9
5.000153 278 8 8
5.000153 279 11 11
5.000153 280 9 9
5.000153 281 8 8
5.000153 282 9 9
5.000153 284 8 8
5.000153 286 5 5
5.000153 288 9 9
5.000153 289 13 13
5.000153 290 11 11
5.000153 291 10 10
5.000153 292 8 8
5.000153 293 10 10
5.000153 294 3 3
5.000153 295 8 8
5.000153 296 9 9
5.000153 297 10 10
5.000153 298 10 10
5.000153 299 9 9
5.000153 300 8 8
5.000153 301 8 8
5.000153 302 10 10
5.000153 303 9 9
5.000153 304 8 8
5.000153 305 8 8
5.000153 306 9 9
5.000153 307 10 10
5.000153 308 10 10
5.000153 309 8 8
5.000153 311 9 9
5.000153 312 11 11
5.000153 313 12 12
5.000153 314 8 8
5.000153 315 8 8
5.000153 316 7 7
5.000153 317 11 11
5.000153 319 9 9
5.000153 320 9 9
5.000153 321 13 13
5.000153 322 8 8
5.000153 323 10 10
5.000153 324 9 9
5.000153 325 8 8
5.000153 326 9 9
5.000153 327 11 11
5.000153 328 11 11
5.000153 329 13 13
5.000153 330 14 14
5.000153 331 11 11
5.000153 332 10 10
5.000153 333 8 8
5.000153 334 10 10
5.000153 335 10 10
5.000153 336 10 10
5.000153 337 10 10
5.000153 339 8 8
5.000153 340 1 1
5.000153 341 11 11
5.000153 342 10 10
5.000153 343 11 11
5.000153 344 9 9
5.000153 346 8 8
5.000153 347 10 10
5.000153 348 10 10
5.000153 349 10 10
5.000153 350 12 12
5.000153 351 11 11
5.000153 352 9 9
5.000153 353 8 8
5.000153 354 10 10
5.000153 355 8 8
5.000153 356 9 9
5.000153 357 10 10
5.000153 358 9 9
5.000153 359 11 11
5.000153 360 8 8
5.000153 361 6 6
5.000153 362 10 10
5.000153 364 9 9
5.000153 365 14 14
5.000153 366 8 8
5.000153 367 8 8
5.000153 368 8 8
5.000153 369 8 8
5.000153 370 11 11
5.000153 371 9 9
5.000153 372 8 8
5.000153 373 8 8
5.000153 374 10 10
5.000153 375 8 8
5.000153 376 9 9
5.000153 377 12 12
5.000153 378 8 8
5.000153 379 10 10
5.000153 380 8 8
5.000153 381 9 9
5.000153 382 12 12
5.000153 383 10 10
5.000153 384 8 8
5.000153 385 12 12
5.000153 386 9 9
5.000153 387 11 11
5.000153 389 10 10
5.000153 390 7 7
5.000153 391 10 10
5.000153 392 9 9
5.000153 393 7 7
5.000153 394 9 9
5.000153 395 12 12
5.000153 397 9 9
5.000153 398 9 9
5.000153 399 11 11
5.000153 400 8 8
5.000153 401 8 8
5.000153 402 12 12
5.000153 403 9 9
5.000153 404 10 10
5.000153 405 9 9
5.000153 406 9 9
5.000153 407 8 8
5.000153 408 14 14
5.000153 409 7 7
5.000153 410 9 9
5.000153 412 10 10
5.000153 413 10 10
5.000153 414 11 11
5.000153 415 8 8
5.000153 416 11 11
5.000153 417 10 10
5.000153 418 8 8
5.000153 419 7 7
5.000153 420 8 8
5.000153 421 9 9
5.000153 422 10 10
5.000153 423 8 8
5.000153 424 8 8
5.000153 425 9 9
5.000153 426 9 9
5.000153 427 8 8
5.000153 428 10 10
5.000153 430 9 9
5.000153 431 10 10
5.000153 432 10 10
5.000153 433 10 10
5.000153 434 8 8
5.000153 435 8 8
5.000153 436 9 9
5.000153 437 9 9
5.000153 438 8 8
5.000153 439 10 10
5.000153 440 9 9
5.000153 441 8 8
5.000153 442 8 8
5.000153 443 10 10
5.000153 444 7 7
5.000153 445 8 8
5.000153 446 11 11
5.000153 448 12 12
5.000153 449 11 11
5.000153 450 8 8
5.000153 451 10 10
5.000153 452 10 10
5.000153 453 9 9
5.000153 454 6 6
5.000153 455 10 10
5.000153 456 9 9
5.000153 457 12 12
5.000153 458 9 9
5.000153 459 11 11
5.000153 460 8 8
5.000153 461 10 10
5.000153 462 8 8
5.000153 463 10 10
5.000153 464 8 8
5.000153 465 11 11
5.000153 466 11 11
5.000153 467 8 8
5.000153 468 8 8
5.000153 469 8 8
5.000153 470 8 8
5.000153 471 8 8
5.000153 472 11 11
5.000153 473 8 8
5.000153 475 6 6
5.000153 476 8 8
5.000153 477 9 9
5.000153 478 9 9
5.000153 479 8 8
5.000153 480 8 8
5.000153 481 10 10
5.000153 482 8 8
5.000153 483 12 12
5.000153 484 8 8
5.000153 485 10 10
5.000153 486 8 8
5.000153 487 9 9
5.000153 488 9 9
5.000153 489 10 10
5.000153 490 9 9
5.000153 492 12 12
5.000153 493 10 10
5.000153 494 8 8
5.000153 495 11 11
5.000153 496 8 8
5.000153 497 9 9
5.000153 498 8 8
5.000153 499 8 8
5.000153 500 8 8
5.000153 501 10 10
5.000153 502 8 8
5.000153 503 8 8
5.000153 504 9 9
5.000153 505 8 8
5.000153 506 10 10
5.000153 507 8 8
5.000153 508 8 8
5.000153 509 10 10
5.000153 510 12 12
5.000153 513 12 12
5.000153 514 8 8
5.000153 515 11 11
5.000153 516 8 8
5.000153 517 11 11
5.000153 518 12 12
5.000153 520 10 10
5.000153 521 9 9
5.000153 522 8 8
5.000153 523 8 8
5.000153 524 9 9
5.000153 525 13 13
5.000153 526 11 11
5.000153 527 8 8
5.000153 528 8 8
5.000153 529 10 10
5.000153 530 10 10
5.000153 531 11 11
5.000153 533 8 8
5.000153 534 2 2
5.000153 535 8 8
5.000153 536 8 8
5.000153 537 9 9
5.000153 538 11 11
5.000153 539 8 8
5.000153 540 8 8
5.000153 542 9 9
5.000153 543 9 9
5.000153 544 11 11
5.000153 545 7 7
5.000153 546 8 8
5.000153 547 12 12
5.000153 548 8 8
5.000153 549 11 11
6.000183 0 16 16
6.000183 1 14 14
6.000183 2 13 13
6.000183 3 17 17
6.000183 5 15 15
6.000183 6 14 14
6.000183 7 17 17
6.000183 8 19 19
6.000183 9 15 15
6.000183 16 13 13
6.000183 17 17 17
6.000183 18 17 17
6.000183 20 12 12
6.000183 21 16 16
6.000183 22 16 16
6.000183 23 13 13
6.000183 24 16 16
6.000183 25 16 16
6.000183 26 15 15
6.000183 29 18 18
6.000183 30 14 14
6.000183 31 16 16
6.000183 34 14 14
6.000183 35 15 15
6.000183 36 15 15
6.000183 37 15 15
6.000183 38 12 12
6.000183 40 16 16
6.000183 41 17 17
6.000183 43 16 16
6.000183 44 16 16
6.000183 45 14 14
6.000183 46 16 16
6.000183 48 13 13
6.000183 49 18 18
6.000183 50 10 10
6.000183 51 16 16
6.000183 52 15 15
6.000183 53 12 12
6.000183 54 14 14
6.000183 56 11 11
6.000183 58 15 15
6.000183 59 18 18
6.000183 60 15 15
6.000183 62 4 4
6.000183 64 13 13
6.000183 65 15 15
6.000183 67 19 19
6.000183 68 10 10
6.000183 69 17 17
6.000183 71 16 16
6.000183 72 15 15
6.000183 74 16 16
6.000183 77 17 17
6.000183 78 24 24
6.000183 79 16 16
6.000183 80 2 2
6.000183 81 16 16
6.000183 83 19 19
6.000183 84 16 16
6.000183 86 15 15
6.000183 87 18 18
6.000183 90 18 18
6.000183 94 16 16
6.000183 95 14 14
6.000183 97 14 14
6.000183 102 17 17
6.000183 103 16 16
6.000183 104 14 14
6.000183 105 15 15
6.000183 107 17 17
6.000183 109 18 18
6.000183 110 16 16
6.000183 113 13 13
6.000183 115 4 4
6.000183 116 15 15
6.000183 117 11 11
6.000183 119 13 13
6.000183 121 16 16
6.000183 122 17 17
6.000183 124 16 16
6.000183 126 13 13
6.000183 127 15 15
6.000183 129 13 13
6.000183 130 16 16
6.000183 131 20 20
6.000183 132 18 18
6.000183 133 15 15
6.000183 135 20 20
6.000183 136 14 14
6.000183 137 14 14
6.000183 138 16 16
6.000183 140 16 16
6.000183 144 15 15
6.000183 146 16 16
6.000183 149 17 17
6.000183 150 14 14
6.000183 151 16 16
6.000183 154 2 2
6.000183 155 15 15
6.000183 156 15 15
6.000183 157 14 14
6.000183 158 15 15
6.000183 160 17 17
6.000183 161 14 14
6.000183 162 17 17
6.000183 163 14 14
6.000183 164 13 13
6.000183 165 13 13
6.000183 166 16 16
6.000183 167 15 15
6.000183 168 11 11
6.000183 169 16 16
6.000183 171 16 16
6.000183 173 16 16
6.000183 174 22 22
6.000183 175 14 14
6.000183 176 16 16
6.000183 178 15 15
6.000183 179 13 13
6.000183 180 15 15
6.000183 182 16 16
6.000183 183 15 15
6.000183 184 14 14
6.000183 188 18 18
6.000183 190 16 16
6.000183 191 18 18
6.000183 193 14 14
6.000183 194 10 10
6.000183 195 17 17
6.000183 196 14 14
6.000183 197 17 17
6.000183 199 18 18
6.000183 200 17 17
6.000183 201 1 1
6.000183 202 13 13
6.000183 203 16 16
6.000183 204 16 16
6.000183 205 16 16
6.000183 207 19 19
6.000183 208 18 18
6.000183 209 13 13
6.000183 210 16 16
6.000183 211 23 23
6.000183 212 17 17
6.000183 213 17 17
6.000183 216 16 16
6.000183 217 15 15
6.000183 218 14 14
6.000183 219 14 14
6.000183 220 15 15
6.000183 221 14 14
6.000183 222 13 13
6.000183 224 14 14
6.000183 227 16 16
6.000183 228 17 17
6.000183 229 14 14
6.000183 230 16 16
6.000183 232 16 16
6.000183 233 12 12
6.000183 235 14 14
6.000183 236 17 17
6.000183 237 16 16
6.000183 238 13 13
6.000183 240 16 16
6.000183 241 16 16
6.000183 243 15 15
6.000183 244 12 12
6.000183 245 16 16
6.000183 246 16 16
6.000183 247 18 18
6.000183 248 16 16
6.000183 249 13 13
6.000183 250 16 16
6.000183 252 15 15
6.000183 253 15 15
6.000183 254 13 13
6.000183 256 10 10
6.000183 257 13 13
6.000183 258 16 16
6.000183 259 18 18
6.000183 261 14 14
6.000183 262 16 16
6.000183 263 9 9
6.000183 266 15 15
6.000183 267 16 16
6.000183 268 17 17
6.000183 269 15 15
6.000183 270 16 16
6.000183 271 17 17
6.000183 273 15 15
6.000183 274 16 16
6.000183 276 14 14
6.000183 277 16 16
6.000183 278 16 16
6.000183 279 7 7
6.000183 281 15 15
6.000183 284 16 16
6.000183 288 17 17
6.000183 290 16 16
6.000183 291 17 17
6.000183 292 12 12
6.000183 293 15 15
6.000183 295 13 13
6.000183 296 16 16
6.000183 300 16 16
6.000183 301 12 12
6.000183 302 16 16
6.000183 303 17 17
6.000183 304 16 16
6.000183 305 13 13
6.000183 309 13 13
6.000183 312 17 17
6.000183 313 17 17
6.000183 314 15 15
6.000183 315 16 16
6.000183 316 13 13
6.000183 319 15 15
6.000183 320 15 15
6.000183 323 15 15
6.000183 327 17 17
6.000183 328 18 18
6.000183 329 17 17
6.000183 330 20 20
6.000183 331 16 16
6.000183 332 14 14
6.000183 333 15 15
6.000183 334 16 16
6.000183 335 17 17
6.000183 336 16 16
6.000183 337 17 17
6.000183 339 14 14
6.000183 341 16 16
6.000183 342 15 15
6.000183 343 16 16
6.000183 344 15 15
6.000183 346 1 1
6.000183 348 17 17
6.000183 349 16 16
6.000183 350 17 17
6.000183 351 16 16
6.000183 353 16 16
6.000183 354 17 17
6.000183 355 14 14
6.000183 357 16 16
6.000183 358 14 14
6.000183 359 15 15
6.000183 360 16 16
6.000183 365 20 20
6.000183 366 13 13
6.000183 369 16 16
6.000183 370 17 17
6.000183 372 2 2
6.000183 373 16 16
6.000183 374 16 16
6.000183 375 15 15
6.000183 377 10 10
6.000183 378 13 13
6.000183 379 17 17
6.000183 380 16 16
6.000183 381 15 15
6.000183 382 17 17
6.000183 383 15 15
6.000183 384 15 15
6.000183 385 17 17
6.000183 386 17 17
6.000183 387 17 17
6.000183 389 18 18
6.000183 391 17 17
6.000183 392 15 15
6.000183 393 12 12
6.000183 395 16 16
6.000183 398 15 15
6.000183 399 17 17
6.000183 400 15 15
6.000183 401 14 14
6.000183 402 5 5
6.000183 404 16 16
6.000183 405 15 15
6.000183 407 16 16
6.000183 408 18 18
6.000183 409 12 12
6.000183 413 17 17
6.000183 414 16 16
6.000183 415 13 13
6.000183 416 19 19
6.000183 418 14 14
6.000183 419 14 14
6.000183 420 14 14
6.000183 421 16 16
6.000183 422 16 16
6.000183 423 16 16
6.000183 424 3 3
6.000183 426 16 16
6.000183 427 13 13
6.000183 428 16 16
6.000183 430 16 16
6.000183 431 10 10
6.000183 434 14 14
6.000183 435 15 15
6.000183 436 15 15
6.000183 437 14 14
6.000183 438 15 15
6.000183 439 12 12
6.000183 440 16 16
6.000183 441 16 16
6.000183 443 17 17
6.000183 445 11 11
6.000183 448 16 16
6.000183 450 13 13
6.000183 451 16 16
6.000183 452 16 16
6.000183 453 14 14
6.000183 455 16 16
6.000183 456 14 14
6.000183 459 16 16
6.000183 460 16 16
6.000183 461 16 16
6.000183 462 16 16
6.000183 463 14 14
6.000183 464 15 15
6.000183 465 17 17
6.000183 466 19 19
6.000183 467 16 16
6.000183 468 14 14
6.000183 469 8 8
6.000183 470 15 15
6.000183 471 15 15
6.000183 472 18 18
6.000183 473 16 16
6.000183 477 16 16
6.000183 478 17 17
6.000183 482 16 16
6.000183 483 19 19
6.000183 484 14 14
6.000183 485 17 17
6.000183 486 12 12
6.000183 487 11 11
6.000183 488 17 17
6.000183 489 16 16
6.000183 490 13 13
6.000183 494 15 15
6.000183 495 16 16
6.000183 497 1 1
6.000183 498 15 15
6.000183 500 14 14
6.000183 501 16 16
6.000183 502 14 14
6.000183 503 16 16
6.000183 504 16 16
6.000183 506 15 15
6.000183 508 11 11
6.000183 509 14 14
6.000183 510 18 18
6.000183 513 17 17
6.000183 514 13 13
6.000183 515 19 19
6.000183 516 15 15
6.000183 517 17 17
6.000183 518 21 21
6.000183 520 17 17
6.000183 521 14 14
6.000183 522 14 14
6.000183 523 13 13
6.000183 524 16 16
6.000183 525 18 18
6.000183 528 16 16
6.000183 529 14 14
6.000183 530 18 18
6.000183 531 16 16
6.000183 535 15 15
6.000183 536 14 14
6.000183 537 16 16
6.000183 538 18 18
6.000183 539 15 15
6.000183 542 10 10
6.000183 543 16 16
6.000183 544 16 16
6.000183 545 12 12
6.000183 546 14 14
6.000183 547 19 19
6.000183 548 12 12
7.000214 0 22 22
7.000214 1 21 21
7.000214 2 18 18
7.000214 5 20 20
7.000214 7 29 29
7.000214 16 20 20
7.000214 17 28 28
7.000214 18 29 29
7.000214 20 21 21
7.000214 21 19 19
7.000214 22 21 21
7.000214 23 16 16
7.000214 24 22 22
7.000214 25 14 14
7.000214 26 24 24
7.000214 30 19 19
7.000214 31 28 28
7.000214 34 20 20
7.000214 35 26 26
7.000214 37 21 21
7.000214 38 20 20
7.000214 41 29 29
7.000214 43 26 26
7.000214 44 22 22
7.000214 45 9 9
7.000214 46 31 31
7.000214 51 28 28
7.000214 52 20 20
7.000214 53 5 5
7.000214 59 28 28
7.000214 60 25 25
7.000214 64 21 21
7.000214 65 11 11
7.000214 69 29 29
7.000214 71 26 26
7.000214 72 19 19
7.000214 74 23 23
7.000214 78 39 39
7.000214 79 4 4
7.000214 84 26 26
7.000214 86 22 22
7.000214 87 2 2
7.000214 94 24 24
7.000214 95 23 23
7.000214 97 12 12
7.000214 102 30 30
7.000214 103 30 30
7.000214 104 20 20
7.000214 105 20 20
7.000214 107 31 31
7.000214 109 30 30
7.000214 110 26 26
7.000214 117 16 16
7.000214 119 22 22
7.000214 124 26 26
7.000214 126 23 23
7.000214 127 21 21
7.000214 131 27 27
7.000214 132 33 33
7.000214 133 18 18
7.000214 135 33 33
7.000214 137 26 26
7.000214 138 20 20
7.000214 140 27 27
7.000214 144 23 23
7.000214 146 25 25
7.000214 149 27 27
7.000214 150 21 21
7.000214 151 26 26
7.000214 157 4 4
7.000214 161 22 22
7.000214 162 31 31
7.000214 163 25 25
7.000214 164 23 23
7.000214 165 17 17
7.000214 166 23 23
7.000214 169 27 27
7.000214 171 30 30
7.000214 173 27 27
7.000214 174 37 37
7.000214 175 19 19
7.000214 176 28 28
7.000214 178 29 29
7.000214 180 28 28
7.000214 183 27 27
7.000214 188 27 27
7.000214 191 32 32
7.000214 193 23 23
7.000214 195 24 24
7.000214 197 26 26
7.000214 202 22 22
7.000214 205 26 26
7.000214 207 6 6
7.000214 208 26 26
7.000214 209 23 23
7.000214 211 33 33
7.000214 212 31 31
7.000214 213 27 27
7.000214 216 17 17
7.000214 218 20 20
7.000214 219 23 23
7.000214 220 24 24
7.000214 221 19 19
7.000214 222 5 5
7.000214 224 23 23
7.000214 229 19 19
7.000214 230 22 22
7.000214 232 24 24
7.000214 235 23 23
7.000214 238 6 6
7.000214 240 27 27
7.000214 241 25 25
7.000214 243 18 18
7.000214 245 24 24
7.000214 248 27 27
7.000214 249 18 18
7.000214 252 21 21
7.000214 253 22 22
7.000214 257 17 17
7.000214 258 27 27
7.000214 259 30 30
7.000214 262 8 8
7.000214 268 31 31
7.000214 270 26 26
7.000214 271 29 29
7.000214 273 24 24
7.000214 274 22 22
7.000214 276 20 20
7.000214 277 25 25
7.000214 281 23 23
7.000214 284 21 21
7.000214 290 26 26
7.000214 291 14 14
7.000214 292 20 20
7.000214 295 16 16
7.000214 296 20 20
7.000214 300 21 21
7.000214 301 20 20
7.000214 302 25 25
7.000214 303 25 25
7.000214 304 24 24
7.000214 309 19 19
7.000214 313 30 30
7.000214 315 23 23
7.000214 316 17 17
7.000214 320 26 26
7.000214 328 2 2
7.000214 329 30 30
7.000214 330 33 33
7.000214 331 32 32
7.000214 333 24 24
7.000214 334 27 27
7.000214 335 25 25
7.000214 336 27 27
7.000214 337 25 25
7.000214 339 22 22
7.000214 341 26 26
7.000214 343 30 30
7.000214 348 28 28
7.000214 350 29 29
7.000214 351 30 30
7.000214 353 20 20
7.000214 354 12 12
7.000214 357 28 28
7.000214 359 23 23
7.000214 365 31 31
7.000214 366 21 21
7.000214 369 24 24
7.000214 370 28 28
7.000214 373 24 24
7.000214 374 30 30
7.000214 375 20 20
7.000214 379 27 27
7.000214 380 23 23
7.000214 382 31 31
7.000214 383 28 28
7.000214 384 20 20
7.000214 386 32 32
7.000214 387 7 7
7.000214 391 29 29
7.000214 393 21 21
7.000214 398 26 26
7.000214 399 28 28
7.000214 401 21 21
7.000214 404 27 27
7.000214 407 23 23
7.000214 413 30 30
7.000214 414 30 30
7.000214 415 23 23
7.000214 416 29 29
7.000214 418 17 17
7.000214 419 20 20
7.000214 420 22 22
7.000214 421 25 25
7.000214 422 27 27
7.000214 423 20 20
7.000214 427 18 18
7.000214 430 26 26
7.000214 431 19 19
7.000214 435 4 4
7.000214 436 22 22
7.000214 437 5 5
7.000214 438 25 25
7.000214 440 2 2
7.000214 441 22 22
7.000214 450 24 24
7.000214 451 25 25
7.000214 452 31 31
7.000214 453 23 23
7.000214 455 2 2
7.000214 459 30 30
7.000214 460 26 26
7.000214 461 29 29
7.000214 463 22 22
7.000214 464 21 21
7.000214 465 27 27
7.000214 466 32 32
7.000214 467 26 26
7.000214 468 8 8
7.000214 470 22 22
7.000214 471 24 24
7.000214 472 25 25
7.000214 473 27 27
7.000214 477 24 24
7.000214 478 28 28
7.000214 482 6 6
7.000214 485 28 28
7.000214 486 18 18
7.000214 489 26 26
7.000214 494 2 2
7.000214 495 29 29
7.000214 498 6 6
7.000214 500 16 16
7.000214 503 19 19
7.000214 504 25 25
7.000214 506 27 27
7.000214 509 26 26
7.000214 510 30 30
7.000214 513 30 30
7.000214 515 8 8
7.000214 516 22 22
7.000214 517 32 32
7.000214 518 33 33
7.000214 520 25 25
7.000214 521 24 24
7.000214 522 25 25
7.000214 523 15 15
7.000214 524 23 23
7.000214 525 10 10
7.000214 528 11 11
7.000214 529 1 1
7.000214 530 30 30
7.000214 531 25 25
7.000214 536 22 22
7.000214 538 29 29
7.000214 539 25 25
7.000214 543 25 25
7.000214 545 16 16
7.000214 547 4 4
8.000244 1 34 34
8.000244 2 31 31
8.000244 16 31 31
8.000244 17 25 25
8.000244 18 44 44
8.000244 20 31 31
8.000244 21 35 35
8.000244 23 32 32
8.000244 26 2 2
8.000244 30 34 34
8.000244 35 28 28
8.000244 37 37 37
8.000244 38 31 31
8.000244 43 36 36
8.000244 44 36 36
8.000244 46 23 23
8.000244 52 37 37
8.000244 60 36 36
8.000244 64 32 32
8.000244 69 46 46
8.000244 72 32 32
8.000244 74 40 40
8.000244 78 61 61
8.000244 84 37 37
8.000244 86 35 35
8.000244 94 38 38
8.000244 95 37 37
8.000244 103 43 43
8.000244 104 31 31
8.000244 107 49 49
8.000244 109 54 54
8.000244 117 32 32
8.000244 119 34 34
8.000244 124 38 38
8.000244 126 38 38
8.000244 127 34 34
8.000244 131 46 46
8.000244 133 33 33
8.000244 135 48 48
8.000244 137 1 1
8.000244 138 34 34
8.000244 144 28 28
8.000244 146 24 24
8.000244 151 41 41
8.000244 161 32 32
8.000244 162 6 6
8.000244 163 36 36
8.000244 164 35 35
8.000244 169 9 9
8.000244 171 45 45
8.000244 173 40 40
8.000244 176 43 43
8.000244 183 39 39
8.000244 188 45 45
8.000244 191 47 47
8.000244 193 33 33
8.000244 195 36 36
8.000244 197 35 35
8.000244 202 31 31
8.000244 205 41 41
8.000244 208 41 41
8.000244 212 48 48
8.000244 213 39 39
8.000244 218 34 34
8.000244 219 36 36
8.000244 224 11 11
8.000244 229 34 34
8.000244 230 36 36
8.000244 232 35 35
8.000244 235 23 23
8.000244 241 40 40
8.000244 243 33 33
8.000244 245 41 41
8.000244 248 45 45
8.000244 249 32 32
8.000244 252 34 34
8.000244 253 15 15
8.000244 257 31 31
8.000244 258 8 8
8.000244 259 18 18
8.000244 268 46 46
8.000244 273 23 23
8.000244 274 37 37
8.000244 276 31 31
8.000244 277 37 37
8.000244 290 26 26
8.000244 292 33 33
8.000244 295 32 32
8.000244 296 6 6
8.000244 301 31 31
8.000244 303 37 37
8.000244 304 41 41
8.000244 313 45 45
8.000244 315 6 6
8.000244 316 31 31
8.000244 329 6 6
8.000244 330 16 16
8.000244 331 46 46
8.000244 333 32 32
8.000244 334 35 35
8.000244 335 41 41
8.000244 336 11 11
8.000244 341 43 43
8.000244 343 40 40
8.000244 348 8 8
8.000244 351 42 42
8.000244 357 39 39
8.000244 359 40 40
8.000244 365 55 55
8.000244 366 34 34
8.000244 369 38 38
8.000244 370 41 41
8.000244 373 35 35
8.000244 375 35 35
8.000244 379 41 41
8.000244 382 47 47
8.000244 383 44 44
8.000244 384 22 22
8.000244 386 48 48
8.000244 391 41 41
8.000244 393 9 9
8.000244 398 38 38
8.000244 399 42 42
8.000244 404 45 45
8.000244 407 29 29
8.000244 414 42 42
8.000244 415 36 36
8.000244 418 32 32
8.000244 420 35 35
8.000244 421 43 43
8.000244 423 33 33
8.000244 427 33 33
8.000244 431 28 28
8.000244 436 34 34
8.000244 441 38 38
8.000244 450 30 30
8.000244 452 31 31
8.000244 459 41 41
8.000244 460 38 38
8.000244 461 39 39
8.000244 463 34 34
8.000244 464 32 32
8.000244 465 47 47
8.000244 466 47 47
8.000244 467 1 1
8.000244 471 36 36
8.000244 473 37 37
8.000244 477 35 35
8.000244 478 26 26
8.000244 485 40 40
8.000244 486 33 33
8.000244 489 43 43
8.000244 495 42 42
8.000244 500 32 32
8.000244 504 40 40
8.000244 506 38 38
8.000244 509 36 36
8.000244 513 48 48
8.000244 517 45 45
8.000244 520 42 42
8.000244 522 34 34
8.000244 524 39 39
8.000244 530 42 42
8.000244 531 8 8
8.000244 536 34 34
8.000244 538 45 45
8.000244 539 36 36
8.000244 543 37 37
9.000275 1 59 59
9.000275 16 53 53
9.000275 18 69 69
9.000275 20 50 50
9.000275 21 2 2
9.000275 30 46 46
9.000275 37 56 56
9.000275 38 43 43
9.000275 43 49 49
9.000275 44 24 24
9.000275 52 61 61
9.000275 64 53 53
9.000275 69 66 66
9.000275 72 54 54
9.000275 74 62 62
9.000275 78 95 95
9.000275 84 21 21
9.000275 86 59 59
9.000275 94 40 40
9.000275 95 9 9
9.000275 103 70 70
9.000275 104 54 54
9.000275 107 2 2
9.000275 109 83 83
9.000275 119 10 10
9.000275 126 61 61
9.000275 127 59 59
9.000275 131 75 75
9.000275 135 56 56
9.000275 151 65 65
9.000275 161 56 56
9.000275 163 9 9
9.000275 164 56 56
9.000275 171 69 69
9.000275 173 65 65
9.000275 183 12 12
9.000275 188 6 6
9.000275 195 63 63
9.000275 197 6 6
9.000275 208 70 70
9.000275 212 72 72
9.000275 213 65 65
9.000275 218 58 58
9.000275 219 22 22
9.000275 229 54 54
9.000275 230 64 64
9.000275 232 60 60
9.000275 241 61 61
9.000275 243 15 15
9.000275 245 69 69
9.000275 248 72 72
9.000275 249 53 53
9.000275 252 57 57
9.000275 257 52 52
9.000275 268 42 42
9.000275 274 62 62
9.000275 276 45 45
9.000275 277 59 59
9.000275 292 49 49
9.000275 295 45 45
9.000275 303 60 60
9.000275 313 69 69
9.000275 316 51 51
9.000275 331 69 69
9.000275 333 46 46
9.000275 334 61 61
9.000275 341 65 65
9.000275 343 70 70
9.000275 351 73 73
9.000275 357 68 68
9.000275 359 48 48
9.000275 365 80 80
9.000275 366 53 53
9.000275 369 59 59
9.000275 370 58 58
9.000275 373 61 61
9.000275 375 57 57
9.000275 382 67 67
9.000275 383 61 61
9.000275 386 3 3
9.000275 404 32 32
9.000275 414 68 68
9.000275 415 38 38
9.000275 418 49 49
9.000275 420 58 58
9.000275 427 20 20
9.000275 436 61 61
9.000275 441 63 63
9.000275 459 72 72
9.000275 460 56 56
9.000275 461 64 64
9.000275 463 59 59
9.000275 464 56 56
9.000275 465 11 11
9.000275 466 76 76
9.000275 471 55 55
9.000275 473 55 55
9.000275 477 60 60
9.000275 485 68 68
9.000275 486 56 56
9.000275 495 22 22
9.000275 500 54 54
9.000275 504 67 67
9.000275 506 64 64
9.000275 509 59 59
9.000275 513 75 75
9.000275 517 12 12
9.000275 520 68 68
9.000275 522 55 55
9.000275 524 62 62
9.000275 536 55 55
9.000275 538 7 7
9.000275 543 62 62
10.000305 1 96 96
10.000305 16 83 83
10.000305 18 114 114
10.000305 20 46 46
10.000305 43 11 11
10.000305 52 63 63
10.000305 64 63 63
10.000305 69 13 13
10.000305 72 43 43
10.000305 74 96 96
10.000305 78 136 136
10.000305 86 92 92
10.000305 103 81 81
10.000305 104 82 82
10.000305 109 106 106
10.000305 126 58 58
10.000305 127 87 87
10.000305 131 112 112
10.000305 151 102 102
10.000305 161 63 63
10.000305 164 16 16
10.000305 171 56 56
10.000305 173 49 49
10.000305 195 97 97
10.000305 208 8 8
10.000305 212 88 88
10.000305 213 96 96
10.000305 218 84 84
10.000305 229 83 83
10.000305 230 97 97
10.000305 232 94 94
10.000305 241 103 103
10.000305 245 105 105
10.000305 248 108 108
10.000305 252 82 82
10.000305 257 75 75
10.000305 274 100 100
10.000305 276 5 5
10.000305 277 103 103
10.000305 292 83 83
10.000305 295 71 71
10.000305 303 96 96
10.000305 313 115 115
10.000305 316 78 78
10.000305 331 123 123
10.000305 334 19 19
10.000305 341 109 109
10.000305 343 113 113
10.000305 351 113 113
10.000305 357 108 108
10.000305 365 115 115
10.000305 366 46 46
10.000305 370 9 9
10.000305 375 84 84
10.000305 382 97 97
10.000305 383 12 12
10.000305 414 116 116
10.000305 418 75 75
10.000305 420 44 44
10.000305 436 93 93
10.000305 459 113 113
10.000305 460 6 6
10.000305 463 42 42
10.000305 464 89 89
10.000305 466 124 124
10.000305 471 2 2
10.000305 477 67 67
10.000305 485 107 107
10.000305 486 28 28
10.000305 500 13 13
10.000305 504 14 14
10.000305 506 105 105
10.000305 509 81 81
10.000305 513 96 96
10.000305 522 43 43
10.000305 524 53 53
10.000305 536 84 84
10.000305 543 102 102
11.000336 1 106 106
11.000336 18 148 148
11.000336 20 13 13
11.000336 52 13 13
11.000336 64 3 3
11.000336 74 113 113
11.000336 78 94 94
11.000336 86 122 122
11.000336 103 67 67
11.000336 104 133 133
11.000336 109 13 13
11.000336 127 137 137
11.000336 131 126 126
11.000336 151 99 99
11.000336 161 42 42
11.000336 195 23 23
11.000336 213 169 169
11.000336 218 88 88
11.000336 229 52 52
11.000336 230 149 149
11.000336 232 141 141
11.000336 241 152 152
11.000336 245 164 164
11.000336 248 176 176
11.000336 252 51 51
11.000336 257 128 128
11.000336 274 114 114
11.000336 277 116 116
11.000336 292 52 52
11.000336 295 123 123
11.000336 303 160 160
11.000336 313 25 25
11.000336 316 115 115
11.000336 331 163 163
11.000336 341 167 167
11.000336 343 156 156
11.000336 351 109 109
11.000336 357 163 163
11.000336 365 131 131
11.000336 366 8 8
11.000336 375 120 120
11.000336 382 8 8
11.000336 414 160 160
11.000336 418 99 99
11.000336 420 9 9
11.000336 436 145 145
11.000336 459 170 170
11.000336 463 18 18
11.000336 464 124 124
11.000336 466 152 152
11.000336 477 25 25
11.000336 485 166 166
11.000336 506 163 163
11.000336 509 8 8
11.000336 513 28 28
11.000336 524 22 22
11.000336 536 137 137
11.000336 543 155 155
12.000366 1 13 13
12.000366 18 115 115
12.000366 74 22 22
12.000366 78 2 2
12.000366 86 107 107
12.000366 103 44 44
12.000366 104 214 214
12.000366 127 205 205
12.000366 131 71 71
12.000366 151 83 83
12.000366 161 35 35
12.000366 213 209 209
12.000366 218 14 14
12.000366 230 243 243
12.000366 232 154 154
12.000366 241 209 209
12.000366 245 270 270
12.000366 248 223 223
12.000366 257 198 198
12.000366 274 52 52
12.000366 277 127 127
12.000366 292 17 17
12.000366 295 141 141
12.000366 303 147 147
12.000366 316 123 123
12.000366 331 95 95
12.000366 341 226 226
12.000366 343 217 217
12.000366 351 8 8
12.000366 357 194 194
12.000366 365 47 47
12.000366 375 121 121
12.000366 414 117 117
12.000366 418 144 144
12.000366 436 187 187
12.000366 459 181 181
12.000366 464 178 178
12.000366 466 166 166
12.000366 485 219 219
12.000366 506 262 262
12.000366 513 25 25
12.000366 536 213 213
12.000366 543 225 225
13.000397 18 108 108
13.000397 74 28 28
13.000397 86 84 84
13.000397 103 18 18
13.000397 104 309 309
13.000397 127 160 160
13.000397 131 59 59
13.000397 151 54 54
13.000397 161 2 2
13.000397 213 234 234
13.000397 230 288 288
13.000397 232 46 46
13.000397 241 123 123
13.000397 245 368 368
13.000397 248 210 210
13.000397 257 234 234
13.000397 274 5 5
13.000397 277 150 150
13.000397 292 25 25
13.000397 295 93 93
13.000397 303 98 98
13.000397 316 130 130
13.000397 331 42 42
13.000397 341 288 288
13.000397 343 212 212
13.000397 357 174 174
13.000397 365 20 20
13.000397 375 129 129
13.000397 414 77 77
13.000397 418 187 187
13.000397 436 260 260
13.000397 459 109 109
13.000397 464 219 219
13.000397 466 129 129
13.000397 485 212 212
13.000397 506 384 384
13.000397 513 5 5
13.000397 536 263 263
13.000397 543 333 333
14.000427 18 128 128
14.000427 86 40 40
14.000427 104 399 399
14.000427 127 137 137
14.000427 131 60 60
14.000427 151 18 18
14.000427 213 306 306
14.000427 230 303 303
14.000427 232 8 8
14.000427 241 18 18
14.000427 245 481 481
14.000427 248 148 148
14.000427 257 269 269
14.000427 277 97 97
14.000427 292 6 6
14.000427 295 104 104
14.000427 303 13 13
14.000427 316 142 142
14.000427 331 3 3
14.000427 341 263 263
14.000427 343 183 183
14.000427 357 70 70
14.000427 375 127 127
14.000427 414 43 43
14.000427 418 217 217
14.000427 436 305 305
14.000427 459 68 68
14.000427 464 301 301
14.000427 466 153 153
14.000427 485 209 209
14.000427 506 428 428
14.000427 536 316 316
14.000427 543 465 465
15.000458 18 108 108
15.000458 86 9 9
15.000458 104 473 473
15.000458 127 120 120
15.000458 131 73 73
15.000458 151 10 10
15.000458 213 313 313
15.000458 230 380 380
15.000458 245 483 483
15.000458 248 119 119
15.000458 257 376 376
15.000458 277 24 24
15.000458 295 115 115
15.000458 316 128 128
15.000458 341 309 309
15.000458 343 123 123
15.000458 357 60 60
15.000458 375 151 151
15.000458 414 49 49
15.000458 418 238 238
15.000458 436 322 322
15.000458 459 49 49
15.000458 464 382 382
15.000458 466 125 125
15.000458 485 162 162
15.000458 506 407 407
15.000458 536 269 269
15.000458 543 539 539
16.000488 18 163 163
16.000488 104 451 451
16.000488 127 144 144
16.000488 131 91 91
16.000488 213 186 186
16.000488 230 455 455
16.000488 245 515 515
16.000488 248 110 110
16.000488 257 414 414
16.000488 295 137 137
16.000488 316 169 169
16.000488 341 311 311
16.000488 343 121 121
16.000488 357 58 58
16.000488 375 89 89
16.000488 414 69 69
16.000488 418 227 227
16.000488 436 378 378
16.000488 459 30 30
16.000488 464 418 418
16.000488 466 80 80
16.000488 485 124 124
16.000488 506 506 506
16.000488 536 111 111
16.000488 543 512 512
17.000519 18 199 199
17.000519 104 485 485
17.000519 127 165 165
17.000519 131 124 124
17.000519 213 103 103
17.000519 230 408 408
17.000519 245 502 502
17.000519 248 101 101
17.000519 257 460 460
17.000519 295 182 182
17.000519 316 211 211
17.000519 341 353 353
17.000519 343 114 114
17.000519 357 36 36
17.000519 375 33 33
17.000519 414 53 53
17.000519 418 229 229
17.000519 436 474 474
17.000519 459 8 8
17.000519 464 423 423
17.000519 466 23 23
17.000519 485 35 35
17.000519 506 524 524
17.000519 536 156 156
17.000519 543 459 459
18.000549 18 180 180
18.000549 104 550 550
18.000549 127 159 159
18.000549 131 158 158
18.000549 213 26 26
18.000549 230 362 362
18.000549 245 516 516
18.000549 248 104 104
18.000549 257 529 529
18.000549 295 138 138
18.000549 316 269 269
18.000549 341 468 468
18.000549 343 130 130
18.000549 357 13 13
18.000549 375 4 4
18.000549 414 51 51
18.000549 418 249 249
18.000549 436 569 569
18.000549 464 252 252
18.000549 485 24 24
18.000549 506 545 545
18.000549 536 172 172
18.000549 543 405 405
19.000580 18 213 213
19.000580 104 601 601
19.000580 127 169 169
19.000580 131 137 137
19.000580 230 357 357
19.000580 245 508 508
19.000580 248 105 105
19.000580 257 574 574
19.000580 295 135 135
19.000580 316 329 329
19.000580 341 487 487
19.000580 343 113 113
19.000580 414 57 57
19.000580 418 230 230
19.000580 436 651 651
19.000580 464 125 125
19.000580 506 578 578
19.000580 536 194 194
19.000580 543 330 330
20.000610 18 229 229
20.000610 104 697 697
20.000610 127 163 163
20.000610 131 83 83
20.000610 230 350 350
20.000610 245 442 442
20.000610 248 113 113
20.000610 257 660 660
20.000610 295 109 109
20.000610 316 351 351
20.000610 341 522 522
20.000610 343 119 119
20.000610 414 52 52
20.000610 418 181 181
20.000610 436 603 603
20.000610 464 95 95
20.000610 506 537 537
20.000610 536 225 225
20.000610 543 333 333
21.000641 18 205 205
21.000641 104 677 677
21.000641 127 176 176
21.000641 131 54 54
21.000641 230 311 311
21.000641 245 459 459
21.000641 248 95 95
21.000641 257 665 665
21.000641 295 79 79
21.000641 316 413 413
21.000641 341 599 599
21.000641 343 152 152
21.000641 414 54 54
21.000641 418 173 173
21.000641 436 574 574
21.000641 464 101 101
21.000641 506 552 552
21.000641 536 204 204
21.000641 543 288 288
22.000671 18 173 173
22.000671 104 633 633
22.000671 127 160 160
22.000671 131 17 17
22.000671 230 320 320
22.000671 245 407 407
22.000671 248 75 75
22.000671 257 695 695
22.000671 295 32 32
22.000671 316 478 478
22.000671 341 730 730
22.000671 343 157 157
22.000671 414 62 62
22.000671 418 184 184
22.000671 436 593 593
22.000671 464 147 147
22.000671 506 622 622
22.000671 536 165 165
22.000671 543 244 244
23.000702 18 176 176
23.000702 104 660 660
23.000702 127 147 147
23.000702 230 337 337
23.000702 245 384 384
23.000702 248 57 57
23.000702 257 798 798
23.000702 295 13 13
23.000702 316 474 474
23.000702 341 733 733
23.000702 343 150 150
23.000702 414 47 47
23.000702 418 219 219
23.000702 436 605 605
23.000702 464 197 197
23.000702 506 557 557
23.000702 536 122 122
23.000702 543 202 202
24.000732 18 148 148
24.000732 104 755 755
24.000732 127 188 188
24.000732 230 355 355
24.000732 245 433 433
24.000732 248 30 30
24.000732 257 857 857
24.000732 316 430 430
24.000732 341 701 701
24.000732 343 134 134
24.000732 414 50 50
24.000732 418 214 214
24.000732 436 532 532
24.000732 464 234 234
24.000732 506 511 511
24.000732 536 105 105
24.000732 543 202 202
25.000763 18 113 113
25.000763 104 774 774
25.000763 127 161 161
25.000763 230 419 419
25.000763 245 436 436
25.000763 248 16 16
25.000763 257 879 879
25.000763 316 393 393
25.000763 341 742 742
25.000763 343 109 109
25.000763 414 62 62
25.000763 418 197 197
25.000763 436 539 539
25.000763 464 236 236
25.000763 506 512 512
25.000763 536 96 96
25.000763 543 204 204
26.000793 18 138 138
26.000793 104 694 694
26.000793 127 151 151
26.000793 230 494 494
26.000793 245 482 482
26.000793 257 936 936
26.000793 316 375 375
26.000793 341 749 749
26.000793 343 134 134
26.000793 414 51 51
26.000793 418 185 185
26.000793 436 477 477
26.000793 464 252 252
26.000793 506 529 529
26.000793 536 47 47
26.000793 543 187 187
27.000824 18 146 146
27.000824 104 704 704
27.000824 127 99 99
27.000824 230 579 579
27.000824 245 411 411
27.000824 257 1051 1051
27.000824 316 389 389
27.000824 341 742 742
27.000824 343 153 153
27.000824 414 59 59
27.000824 418 185 185
27.000824 436 469 469
27.000824 464 192 192
27.000824 506 541 541
27.000824 543 159 159
28.000854 18 151 151
28.000854 104 686 686
28.000854 127 38 38
28.000854 230 614 614
28.000854 245 381 381
28.000854 257 1165 1165
28.000854 316 372 372
28.000854 341 749 749
28.000854 343 142 142
28.000854 414 44 44
28.000854 418 189 189
28.000854 436 437 437
28.000854 464 227 227
28.000854 506 562 562
28.000854 543 152 152
29.000885 18 168 168
29.000885 104 597 597
29.000885 127 61 61
29.000885 230 604 604
29.000885 245 415 415
29.000885 257 1227 1227
29.000885 316 345 345
29.000885 341 689 689
29.000885 343 99 99
29.000885 418 203 203
29.000885 436 464 464
29.000885 464 330 330
29.000885 506 504 504
29.000885 543 157 157
30.000916 18 166 166
30.000916 104 590 590
30.000916 127 98 98
30.000916 230 523 523
30.000916 245 465 465
30.000916 257 1331 1331
30.000916 316 301 301
30.000916 341 654 654
30.000916 343 27 27
30.000916 418 197 197
30.000916 436 507 507
30.000916 464 385 385
30.000916 506 499 499
30.000916 543 104 104
31.000946 18 121 121
31.000946 104 614 614
31.000946 127 117 117
31.000946 230 457 457
31.000946 245 513 513
31.000946 257 1313 1313
31.000946 316 282 282
31.000946 341 636 636
31.000946 343 27 27
31.000946 418 234 234
31.000946 436 497 497
31.000946 464 413 413
31.000946 506 509 509
31.000946 543 118 118
32.000977 18 151 151
32.000977 104 534 534
32.000977 127 120 120
32.000977 230 414 414
32.000977 245 559 559
32.000977 257 1292 1292
32.000977 316 341 341
32.000977 341 642 642
32.000977 343 19 19
32.000977 418 188 188
32.000977 436 430 430
32.000977 464 436 436
32.000977 506 561 561
32.000977 543 157 157
33.001007 18 156 156
33.001007 104 404 404
33.001007 127 143 143
33.001007 230 385 385
33.001007 245 633 633
33.001007 257 1351 1351
33.001007 316 384 384
33.001007 341 651 651
33.001007 343 7 7
33.001007 418 157 157
33.001007 436 408 408
33.001007 464 380 380
33.001007 506 647 647
33.001007 543 139 139
34.001038 18 164 164
34.001038 104 389 389
34.001038 127 165 165
34.001038 230 392 392
34.001038 245 717 717
34.001038 257 1354 1354
34.001038 316 348 348
34.001038 341 613 613
34.001038 418 134 134
34.001038 436 392 392
34.001038 464 408 408
34.001038 506 672 672
34.001038 543 109 109
35.001068 18 154 154
35.001068 104 385 385
35.001068 127 205 205
35.001068 230 443 443
35.001068 245 694 694
35.001068 257 1354 1354
35.001068 316 305 305
35.001068 341 610 610
35.001068 418 144 144
35.001068 436 344 344
35.001068 464 419 419
35.001068 506 696 696
35.001068 543 128 128
36.001099 18 151 151
36.001099 104 430 430
36.001099 127 275 275
36.001099 230 484 484
36.001099 245 653 653
36.001099 257 1295 1295
36.001099 316 294 294
36.001099 341 617 617
36.001099 418 115 115
36.001099 436 362 362
36.001099 464 394 394
36.001099 506 677 677
36.001099 543 118 118
37.001129 18 186 186
37.001129 104 506 506
37.001129 127 333 333
37.001129 230 493 493
37.001129 245 612 612
37.001129 257 1160 1160
37.001129 316 154 154
37.001129 341 668 668
37.001129 418 79 79
37.001129 436 412 412
37.001129 464 451 451
37.001129 506 680 680
37.001129 543 127 127
38.001160 18 163 163
38.001160 104 483 483
38.001160 127 302 302
38.001160 230 436 436
38.001160 245 543 543
38.001160 257 1177 1177
38.001160 316 171 171
38.001160 341 768 768
38.001160 418 79 79
38.001160 436 403 403
38.001160 464 512 512
38.001160 506 714 714
38.001160 543 133 133
39.001190 18 162 162
39.001190 104 455 455
39.001190 127 233 233
39.001190 230 517 517
39.001190 245 534 534
39.001190 257 1167 1167
39.001190 316 104 104
39.001190 341 822 822
39.001190 418 47 47
39.001190 436 401 401
39.001190 464 537 537
39.001190 506 771 771
39.001190 543 125 125
40.001221 18 143 143
40.001221 104 493 493
40.001221 127 135 135
40.001221 230 518 518
40.001221 245 530 530
40.001221 257 1167 1167
40.001221 316 87 87
40.001221 341 860 860
40.001221 418 17 17
40.001221 436 446 446
40.001221 464 476 476
40.001221 506 818 818
40.001221 543 121 121
41.001251 18 144 144
41.001251 104 527 527
41.001251 127 111 111
41.001251 230 523 523
41.001251 245 556 556
41.001251 257 1244 1244
41.001251 316 1 1
41.001251 341 876 876
41.001251 418 3 3
41.001251 436 488 488
41.001251 464 467 467
41.001251 506 843 843
41.001251 543 100 100
42.001282 18 125 125
42.001282 104 509 509
42.001282 127 83 83
42.001282 230 604 604
42.001282 245 540 540
42.001282 257 1269 1269
42.001282 341 909 909
42.001282 436 535 535
42.001282 464 427 427
42.001282 506 778 778
42.001282 543 98 98
43.001312 18 131 131
43.001312 104 496 496
43.001312 127 72 72
43.001312 230 631 631
43.001312 245 474 474
43.001312 257 1313 1313
43.001312 341 976 976
43.001312 436 479 479
43.001312 464 466 466
43.001312 506 760 760
43.001312 543 94 94
44.001343 18 173 173
44.001343 104 509 509
44.001343 127 81 81
44.001343 230 557 557
44.001343 245 469 469
44.001343 257 1357 1357
44.001343 341 978 978
44.001343 436 398 398
44.001343 464 496 496
44.001343 506 769 769
44.001343 543 88 88
45.001373 18 208 208
45.001373 104 469 469
45.001373 127 41 41
45.001373 230 518 518
45.001373 245 427 427
45.001373 257 1349 1349
45.001373 341 975 975
45.001373 436 440 440
45.001373 464 547 547
45.001373 506 785 785
45.001373 543 91 91
46.001404 18 194 194
46.001404 104 423 423
46.001404 230 487 487
46.001404 245 423 423
46.001404 257 1344 1344
46.001404 341 1038 1038
46.001404 436 506 506
46.001404 464 626 626
46.001404 506 750 750
46.001404 543 91 91
47.001434 18 151 151
47.001434 104 390 390
47.001434 230 447 447
47.001434 245 470 470
47.001434 257 1394 1394
47.001434 341 1056 1056
47.001434 436 496 496
47.001434 464 703 703
47.001434 506 694 694
47.001434 543 84 84
48.001465 18 123 123
48.001465 104 363 363
48.001465 230 497 497
48.001465 245 476 476
48.001465 257 1276 1276
48.001465 341 1081 1081
48.001465 436 581 581
48.001465 464 749 749
48.001465 506 650 650
48.001465 543 80 80
49.001495 18 102 102
49.001495 104 387 387
49.001495 230 587 587
49.001495 245 516 516
49.001495 257 1213 1213
49.001495 341 1070 1070
49.001495 436 615 615
49.001495 464 698 698
49.001495 506 605 605
49.001495 543 88 88
50.001526 18 88 88
50.001526 104 351 351
50.001526 230 637 637
50.001526 245 573 573
50.001526 257 1180 1180
50.001526 341 988 988
50.001526 436 654 654
50.001526 464 762 762
50.001526 506 569 569
50.001526 543 75 75
51.001556 18 64 64
51.001556 104 294 294
51.001556 230 678 678
51.001556 245 684 684
51.001556 257 1163 1163
51.001556 341 921 921
51.001556 436 640 640
51.001556 464 816 816
51.001556 506 537 537
51.001556 543 81 81
52.001587 18 76 76
52.001587 104 245 245
52.001587 230 600 600
52.001587 245 699 699
52.001587 257 1253 1253
52.001587 341 910 910
52.001587 436 591 591
52.001587 464 856 856
52.001587 506 577 577
52.001587 543 72 72
53.001617 18 81 81
53.001617 104 222 222
53.001617 230 587 587
53.001617 245 702 702
53.001617 257 1239 1239
53.001617 341 909 909
53.001617 436 560 560
53.001617 464 825 825
53.001617 506 675 675
53.001617 543 74 74
54.001648 18 78 78
54.001648 104 242 242
54.001648 230 480 480
54.001648 245 724 724
54.001648 257 1238 1238
54.001648 341 908 908
54.001648 436 610 610
54.001648 464 782 782
54.001648 506 724 724
54.001648 543 66 66
55.001678 18 70 70
55.001678 104 263 263
55.001678 230 382 382
55.001678 245 738 738
55.001678 257 1246 1246
55.001678 341 936 936
55.001678 436 583 583
55.001678 464 747 747
55.001678 506 841 841
55.001678 543 80 80
56.001709 18 73 73
56.001709 104 312 312
56.001709 230 373 373
56.001709 245 596 596
56.001709 257 1280 1280
56.001709 341 965 965
56.001709 436 510 510
56.001709 464 759 759
56.001709 506 900 900
56.001709 543 76 76
57.001740 18 75 75
57.001740 104 326 326
57.001740 230 403 403
57.001740 245 652 652
57.001740 257 1272 1272
57.001740 341 875 875
57.001740 436 480 480
57.001740 464 782 782
57.001740 506 898 898
57.001740 543 90 90
58.001770 18 84 84
58.001770 104 274 274
58.001770 230 433 433
58.001770 245 689 689
58.001770 257 1227 1227
58.001770 341 858 858
58.001770 436 430 430
58.001770 464 827 827
58.001770 506 964 964
58.001770 543 86 86
59.001801 18 35 35
59.001801 104 251 251
59.001801 230 439 439
59.001801 245 678 678
59.001801 257 1194 1194
59.001801 341 909 909
59.001801 436 399 399
59.001801 464 817 817
59.001801 506 1066 1066
59.001801 543 82 82
60.001831 18 2 2
60.001831 104 204 204
60.001831 230 467 467
60.001831 245 696 696
60.001831 257 1144 1144
60.001831 341 918 918
60.001831 436 492 492
60.001831 464 850 850
60.001831 506 1040 1040
60.001831 543 80 80
61.001862 104 100 100
61.001862 230 526 526
61.001862 245 678 678
61.001862 257 1182 1182
61.001862 341 928 928
61.001862 436 571 571
61.001862 464 942 942
61.001862 506 925 925
61.001862 543 66 66
62.001892 104 103 103
62.001892 230 555 555
62.001892 245 659 659
62.001892 257 1213 1213
62.001892 341 895 895
62.001892 436 584 584
62.001892 464 942 942
62.001892 506 853 853
62.001892 543 53 53
63.001923 104 107 107
63.001923 230 524 524
63.001923 245 678 678
63.001923 257 1193 1193
63.001923 341 871 871
63.001923 436 557 557
63.001923 464 1015 1015
63.001923 506 874 874
63.001923 543 53 53
64.001953 104 130 130
64.001953 230 552 552
64.001953 245 653 653
64.001953 257 1170 1170
64.001953 341 843 843
64.001953 436 479 479
64.001953 464 1094 1094
64.001953 506 891 891
64.001953 543 55 55
65.001984 104 120 120
65.001984 230 583 583
65.001984 245 679 679
65.001984 257 1181 1181
65.001984 341 861 861
65.001984 436 457 457
65.001984 464 1066 1066
65.001984 506 848 848
65.001984 543 45 45
66.002014 104 33 33
66.002014 230 599 599
66.002014 245 768 768
66.002014 257 1190 1190
66.002014 341 802 802
66.002014 436 484 484
66.002014 464 1141 1141
66.002014 506 771 771
66.002014 543 44 44
67.002045 230 568 568
67.002045 245 793 793
67.002045 257 1193 1193
67.002045 341 784 784
67.002045 436 562 562
67.002045 464 1213 1213
67.002045 506 713 713
67.002045 543 45 45
68.002075 230 534 534
68.002075 245 800 800
68.002075 257 1288 1288
68.002075 341 721 721
68.002075 436 566 566
68.002075 464 1315 1315
68.002075 506 595 595
68.002075 543 46 46
69.002106 230 483 483
69.002106 245 759 759
69.002106 257 1333 1333
69.002106 341 695 695
69.002106 436 565 565
69.002106 464 1393 1393
69.002106 506 579 579
69.002106 543 40 40
70.002136 230 461 461
70.002136 245 786 786
70.002136 257 1358 1358
70.002136 341 660 660
70.002136 436 566 566
70.002136 464 1434 1434
70.002136 506 549 549
70.002136 543 42 42
71.002167 230 494 494
71.002167 245 796 796
71.002167 257 1441 1441
71.002167 341 607 607
71.002167 436 527 527
71.002167 464 1461 1461
71.002167 506 549 549
71.002167 543 46 46
