0.000000 1 1 1
0.000000 2 1 1
0.000000 3 1 1
0.000000 4 1 1
0.000000 5 1 1
0.000000 6 1 1
0.000000 7 1 1
0.000000 8 1 1
0.000000 9 1 1
0.000000 10 1 1
0.000000 11 1 1
0.000000 12 1 1
0.000000 13 1 1
0.000000 14 1 1
0.000000 15 1 1
0.000000 16 1 1
0.000000 17 1 1
0.000000 18 1 1
0.000000 19 1 1
0.000000 20 1 1
0.000000 21 1 1
0.000000 22 1 1
0.000000 23 1 1
0.000000 24 1 1
0.000000 25 1 1
0.000000 26 1 1
0.000000 27 1 1
0.000000 28 1 1
0.000000 29 1 1
0.000000 30 1 1
0.000000 31 1 1
0.000000 32 1 1
0.000000 33 1 1
0.000000 34 1 1
0.000000 35 1 1
0.000000 36 1 1
0.000000 37 1 1
0.000000 38 1 1
0.000000 39 1 1
0.000000 40 1 1
0.000000 41 1 1
0.000000 42 1 1
0.000000 43 1 1
0.000000 44 1 1
0.000000 45 1 1
0.000000 46 1 1
0.000000 47 1 1
0.000000 48 1 1
0.000000 49 1 1
0.000000 50 1 1
0.000000 51 1 1
0.000000 52 1 1
0.000000 53 1 1
0.000000 54 1 1
0.000000 55 1 1
0.000000 56 1 1
0.000000 57 1 1
0.000000 58 1 1
0.000000 59 1 1
0.000000 60 1 1
0.000000 61 1 1
0.000000 62 1 1
0.000000 63 1 1
0.000000 64 1 1
0.000000 65 1 1
0.000000 66 1 1
0.000000 67 1 1
0.000000 68 1 1
0.000000 69 1 1
0.000000 70 1 1
0.000000 71 1 1
0.000000 72 1 1
0.000000 73 1 1
0.000000 74 1 1
0.000000 75 1 1
0.000000 76 1 1
0.000000 77 1 1
0.000000 78 1 1
0.000000 79 1 1
0.000000 80 1 1
0.000000 81 1 1
0.000000 82 1 1
0.000000 83 1 1
0.000000 84 1 1
0.000000 85 1 1
0.000000 86 1 1
0.000000 87 1 1
0.000000 88 1 1
0.000000 89 1 1
0.000000 90 1 1
0.000000 91 1 1
0.000000 92 1 1
0.000000 93 1 1
0.000000 94 1 1
0.000000 95 1 1
0.000000 96 1 1
0.000000 97 1 1
0.000000 98 1 1
0.000000 99 1 1
0.000000 100 1 1
0.000000 101 1 1
0.000000 102 1 1
0.000000 103 1 1
0.000000 104 1 1
0.000000 105 1 1
0.000000 106 1 1
0.000000 107 1 1
0.000000 108 1 1
0.000000 109 1 1
0.000000 110 1 1
0.000000 111 1 1
0.000000 112 1 1
0.000000 113 1 1
0.000000 114 1 1
0.000000 115 1 1
0.000000 116 1 1
0.000000 117 1 1
0.000000 118 1 1
0.000000 119 1 1
0.000000 120 1 1
0.000000 121 1 1
0.000000 122 1 1
0.000000 123 1 1
0.000000 124 1 1
0.000000 125 1 1
0.000000 126 1 1
0.000000 127 1 1
0.000000 128 1 1
0.000000 129 1 1
0.000000 130 1 1
0.000000 131 1 1
0.000000 132 1 1
0.000000 133 1 1
0.000000 134 1 1
0.000000 135 1 1
0.000000 136 1 1
0.000000 137 1 1
0.000000 138 1 1
0.000000 139 1 1
0.000000 140 1 1
0.000000 141 1 1
0.000000 142 1 1
0.000000 143 1 1
0.000000 144 1 1
0.000000 145 1 1
0.000000 146 1 1
0.000000 147 1 1
0.000000 148 1 1
0.000000 149 1 1
0.000000 150 1 1
0.000000 151 1 1
0.000000 152 1 1
0.000000 153 1 1
0.000000 154 1 1
0.000000 155 1 1
0.000000 156 1 1
0.000000 157 1 1
0.000000 158 1 1
0.000000 159 1 1
0.000000 160 1 1
0.000000 161 1 1
0.000000 162 1 1
0.000000 163 1 1
0.000000 164 1 1
0.000000 165 1 1
0.000000 166 1 1
0.000000 167 1 1
0.000000 168 1 1
0.000000 169 1 1
0.000000 170 1 1
0.000000 171 1 1
0.000000 172 1 1
0.000000 173 1 1
0.000000 174 1 1
0.000000 175 1 1
0.000000 176 1 1
0.000000 177 1 1
0.000000 178 1 1
0.000000 179 1 1
0.000000 180 1 1
0.000000 181 1 1
0.000000 182 1 1
0.000000 183 1 1
0.000000 184 1 1
0.000000 185 1 1
0.000000 186 1 1
0.000000 187 1 1
0.000000 188 1 1
0.000000 189 1 1
0.000000 190 1 1
0.000000 191 1 1
0.000000 192 1 1
0.000000 193 1 1
0.000000 194 1 1
0.000000 195 1 1
0.000000 196 1 1
0.000000 197 1 1
0.000000 198 1 1
0.000000 199 1 1
0.000000 200 1 1
0.000000 201 1 1
0.000000 202 1 1
0.000000 203 1 1
0.000000 204 1 1
0.000000 205 1 1
0.000000 206 1 1
0.000000 207 1 1
0.000000 208 1 1
0.000000 209 1 1
0.000000 210 1 1
0.000000 211 1 1
0.000000 212 1 1
0.000000 213 1 1
0.000000 214 1 1
0.000000 215 1 1
0.000000 216 1 1
0.000000 217 1 1
0.000000 218 1 1
0.000000 219 1 1
0.000000 220 1 1
0.000000 221 1 1
0.000000 222 1 1
0.000000 223 1 1
0.000000 224 1 1
0.000000 225 1 1
0.000000 226 1 1
0.000000 227 1 1
0.000000 228 1 1
0.000000 229 1 1
0.000000 230 1 1
0.000000 231 1 1
0.000000 232 1 1
0.000000 233 1 1
0.000000 234 1 1
0.000000 235 1 1
0.000000 236 1 1
0.000000 237 1 1
0.000000 238 1 1
0.000000 239 1 1
0.000000 240 1 1
0.000000 241 1 1
0.000000 242 1 1
0.000000 243 1 1
0.000000 244 1 1
0.000000 245 1 1
0.000000 246 1 1
0.000000 247 1 1
0.000000 248 1 1
0.000000 249 1 1
0.000000 250 1 1
0.000000 251 1 1
0.000000 252 1 1
0.000000 253 1 1
0.000000 254 1 1
0.000000 255 1 1
0.000000 256 1 1
0.000000 257 1 1
0.000000 258 1 1
0.000000 259 1 1
0.000000 260 1 1
0.000000 261 1 1
0.000000 262 1 1
0.000000 263 1 1
0.000000 264 1 1
0.000000 265 1 1
0.000000 266 1 1
0.000000 267 1 1
0.000000 268 1 1
0.000000 269 1 1
0.000000 270 1 1
0.000000 271 1 1
0.000000 272 1 1
0.000000 273 1 1
0.000000 274 1 1
0.000000 275 1 1
0.000000 276 1 1
0.000000 277 1 1
0.000000 278 1 1
0.000000 279 1 1
0.000000 280 1 1
0.000000 281 1 1
0.000000 282 1 1
0.000000 283 1 1
0.000000 284 1 1
0.000000 285 1 1
0.000000 286 1 1
0.000000 287 1 1
0.000000 288 1 1
0.000000 289 1 1
0.000000 290 1 1
0.000000 291 1 1
0.000000 292 1 1
0.000000 293 1 1
0.000000 294 1 1
0.000000 295 1 1
0.000000 296 1 1
0.000000 297 1 1
0.000000 298 1 1
0.000000 299 1 1
0.000000 300 1 1
0.000000 301 1 1
0.000000 302 1 1
0.000000 303 1 1
0.000000 304 1 1
0.000000 305 1 1
0.000000 306 1 1
0.000000 307 1 1
0.000000 308 1 1
0.000000 309 1 1
0.000000 310 1 1
0.000000 311 1 1
0.000000 312 1 1
0.000000 313 1 1
0.000000 314 1 1
0.000000 315 1 1
0.000000 316 1 1
0.000000 317 1 1
0.000000 318 1 1
0.000000 319 1 1
0.000000 320 1 1
0.000000 321 1 1
0.000000 322 1 1
0.000000 323 1 1
0.000000 324 1 1
0.000000 325 1 1
0.000000 326 1 1
0.000000 327 1 1
0.000000 328 1 1
0.000000 329 1 1
0.000000 330 1 1
0.000000 331 1 1
0.000000 332 1 1
0.000000 333 1 1
0.000000 334 1 1
0.000000 335 1 1
0.000000 336 1 1
0.000000 337 1 1
0.000000 338 1 1
0.000000 339 1 1
0.000000 340 1 1
0.000000 341 1 1
0.000000 342 1 1
0.000000 343 1 1
0.000000 344 1 1
0.000000 345 1 1
0.000000 346 1 1
0.000000 347 1 1
0.000000 348 1 1
0.000000 349 1 1
0.000000 350 1 1
0.000000 351 1 1
0.000000 352 1 1
0.000000 353 1 1
0.000000 354 1 1
0.000000 355 1 1
0.000000 356 1 1
0.000000 357 1 1
0.000000 358 1 1
0.000000 359 1 1
0.000000 360 1 1
0.000000 361 1 1
0.000000 362 1 1
0.000000 363 1 1
0.000000 364 1 1
0.000000 365 1 1
0.000000 366 1 1
0.000000 367 1 1
0.000000 368 1 1
0.000000 369 1 1
0.000000 370 1 1
0.000000 371 1 1
0.000000 372 1 1
0.000000 373 1 1
0.000000 374 1 1
0.000000 375 1 1
0.000000 376 1 1
0.000000 377 1 1
0.000000 378 1 1
0.000000 379 1 1
0.000000 380 1 1
0.000000 381 1 1
0.000000 382 1 1
0.000000 383 1 1
0.000000 384 1 1
0.000000 385 1 1
0.000000 386 1 1
0.000000 387 1 1
0.000000 388 1 1
0.000000 389 1 1
0.000000 390 1 1
0.000000 391 1 1
0.000000 392 1 1
0.000000 393 1 1
0.000000 394 1 1
0.000000 395 1 1
0.000000 396 1 1
0.000000 397 1 1
0.000000 398 1 1
0.000000 399 1 1
0.000000 400 1 1
0.000000 401 1 1
0.000000 402 1 1
0.000000 403 1 1
0.000000 404 1 1
0.000000 405 1 1
0.000000 406 1 1
0.000000 407 1 1
0.000000 408 1 1
0.000000 409 1 1
0.000000 410 1 1
0.000000 411 1 1
0.000000 412 1 1
0.000000 413 1 1
0.000000 414 1 1
0.000000 415 1 1
0.000000 416 1 1
0.000000 417 1 1
0.000000 418 1 1
0.000000 419 1 1
0.000000 420 1 1
0.000000 421 1 1
0.000000 422 1 1
0.000000 423 1 1
0.000000 424 1 1
0.000000 425 1 1
0.000000 426 1 1
0.000000 427 1 1
0.000000 428 1 1
0.000000 429 1 1
0.000000 430 1 1
0.000000 431 1 1
0.000000 432 1 1
0.000000 433 1 1
0.000000 434 1 1
0.000000 435 1 1
0.000000 436 1 1
0.000000 437 1 1
0.000000 438 1 1
0.000000 439 1 1
0.000000 440 1 1
0.000000 441 1 1
0.000000 442 1 1
0.000000 443 1 1
0.000000 444 1 1
0.000000 445 1 1
0.000000 446 1 1
0.000000 447 1 1
0.000000 448 1 1
0.000000 449 1 1
0.000000 450 1 1
0.000000 451 1 1
0.000000 452 1 1
0.000000 453 1 1
0.000000 454 1 1
0.000000 455 1 1
0.000000 456 1 1
0.000000 457 1 1
0.000000 458 1 1
0.000000 459 1 1
0.000000 460 1 1
0.000000 461 1 1
0.000000 462 1 1
0.000000 463 1 1
0.000000 464 1 1
0.000000 465 1 1
0.000000 466 1 1
0.000000 467 1 1
0.000000 468 1 1
0.000000 469 1 1
0.000000 470 1 1
0.000000 471 1 1
0.000000 472 1 1
0.000000 473 1 1
0.000000 474 1 1
0.000000 475 1 1
0.000000 476 1 1
0.000000 477 1 1
0.000000 478 1 1
0.000000 479 1 1
0.000000 480 1 1
0.000000 481 1 1
0.000000 482 1 1
0.000000 483 1 1
0.000000 484 1 1
0.000000 485 1 1
0.000000 486 1 1
0.000000 487 1 1
0.000000 488 1 1
0.000000 489 1 1
0.000000 490 1 1
0.000000 491 1 1
0.000000 492 1 1
0.000000 493 1 1
0.000000 494 1 1
0.000000 495 1 1
0.000000 496 1 1
0.000000 497 1 1
0.000000 498 1 1
0.000000 499 1 1
0.000000 500 1 1
0.000000 501 1 1
0.000000 502 1 1
0.000000 503 1 1
0.000000 504 1 1
0.000000 505 1 1
0.000000 506 1 1
0.000000 507 1 1
0.000000 508 1 1
0.000000 509 1 1
0.000000 510 1 1
0.000000 511 1 1
0.000000 512 1 1
0.000000 513 1 1
0.000000 514 1 1
0.000000 515 1 1
0.000000 516 1 1
0.000000 517 1 1
0.000000 518 1 1
0.000000 519 1 1
0.000000 520 1 1
0.000000 521 1 1
0.000000 522 1 1
0.000000 523 1 1
0.000000 524 1 1
0.000000 525 1 1
0.000000 526 1 1
0.000000 527 1 1
0.000000 528 1 1
0.000000 529 1 1
0.000000 530 1 1
0.000000 531 1 1
0.000000 532 1 1
0.000000 533 1 1
0.000000 534 1 1
0.000000 535 1 1
0.000000 536 1 1
0.000000 537 1 1
0.000000 538 1 1
0.000000 539 1 1
0.000000 540 1 1
0.000000 541 1 1
0.000000 542 1 1
0.000000 543 1 1
0.000000 544 1 1
0.000000 545 1 1
0.000000 546 1 1
0.000000 547 1 1
0.000000 548 1 1
0.000000 549 1 1
1.000031 1 1 1
1.000031 2 2 2
1.000031 3 1 1
1.000031 4 1 1
1.000031 6 2 2
1.000031 7 1 1
1.000031 9 2 2
1.000031 10 1 1
1.000031 11 2 2
1.000031 12 1 1
1.000031 13 1 1
1.000031 14 1 1
1.000031 15 2 2
1.000031 17 1 1
1.000031 18 1 1
1.000031 19 1 1
1.000031 20 1 1
1.000031 21 2 2
1.000031 22 1 1
1.000031 24 1 1
1.000031 25 1 1
1.000031 26 1 1
1.000031 27 1 1
1.000031 28 1 1
1.000031 29 2 2
1.000031 30 1 1
1.000031 31 1 1
1.000031 32 2 2
1.000031 33 2 2
1.000031 34 2 2
1.000031 35 2 2
1.000031 36 1 1
1.000031 37 1 1
1.000031 38 2 2
1.000031 39 1 1
1.000031 40 2 2
1.000031 41 1 1
1.000031 42 2 2
1.000031 43 1 1
1.000031 44 1 1
1.000031 45 1 1
1.000031 46 2 2
1.000031 47 2 2
1.000031 48 1 1
1.000031 49 1 1
1.000031 50 2 2
1.000031 51 1 1
1.000031 52 1 1
1.000031 53 2 2
1.000031 54 1 1
1.000031 55 2 2
1.000031 56 1 1
1.000031 57 2 2
1.000031 58 2 2
1.000031 59 2 2
1.000031 60 2 2
1.000031 61 1 1
1.000031 62 1 1
1.000031 63 1 1
1.000031 64 2 2
1.000031 65 2 2
1.000031 66 1 1
1.000031 67 2 2
1.000031 68 2 2
1.000031 69 1 1
1.000031 70 2 2
1.000031 71 1 1
1.000031 72 1 1
1.000031 73 2 2
1.000031 74 2 2
1.000031 75 1 1
1.000031 76 1 1
1.000031 77 2 2
1.000031 78 1 1
1.000031 79 1 1
1.000031 80 2 2
1.000031 81 1 1
1.000031 83 2 2
1.000031 84 1 1
1.000031 85 1 1
1.000031 86 2 2
1.000031 87 2 2
1.000031 88 2 2
1.000031 89 1 1
1.000031 90 1 1
1.000031 91 1 1
1.000031 92 1 1
1.000031 93 2 2
1.000031 94 2 2
1.000031 95 2 2
1.000031 96 2 2
1.000031 97 1 1
1.000031 98 1 1
1.000031 100 2 2
1.000031 102 2 2
1.000031 103 2 2
1.000031 104 1 1
1.000031 105 2 2
1.000031 106 2 2
1.000031 107 2 2
1.000031 108 2 2
1.000031 109 1 1
1.000031 110 1 1
1.000031 111 1 1
1.000031 112 1 1
1.000031 113 1 1
1.000031 114 2 2
1.000031 115 1 1
1.000031 116 2 2
1.000031 117 1 1
1.000031 118 1 1
1.000031 119 2 2
1.000031 120 2 2
1.000031 121 1 1
1.000031 122 1 1
1.000031 123 2 2
1.000031 124 2 2
1.000031 125 1 1
1.000031 127 1 1
1.000031 128 1 1
1.000031 129 2 2
1.000031 130 1 1
1.000031 131 2 2
1.000031 132 2 2
1.000031 134 1 1
1.000031 136 1 1
1.000031 137 2 2
1.000031 138 2 2
1.000031 139 1 1
1.000031 140 2 2
1.000031 141 1 1
1.000031 142 1 1
1.000031 143 2 2
1.000031 144 1 1
1.000031 145 2 2
1.000031 146 1 1
1.000031 147 2 2
1.000031 148 2 2
1.000031 150 1 1
1.000031 151 1 1
1.000031 152 1 1
1.000031 153 1 1
1.000031 154 2 2
1.000031 155 2 2
1.000031 156 2 2
1.000031 157 2 2
1.000031 158 1 1
1.000031 159 1 1
1.000031 160 2 2
1.000031 161 1 1
1.000031 162 2 2
1.000031 163 1 1
1.000031 164 1 1
1.000031 165 2 2
1.000031 167 1 1
1.000031 168 2 2
1.000031 169 2 2
1.000031 171 2 2
1.000031 172 2 2
1.000031 173 2 2
1.000031 174 1 1
1.000031 176 2 2
1.000031 177 2 2
1.000031 178 2 2
1.000031 179 2 2
1.000031 180 2 2
1.000031 181 2 2
1.000031 182 1 1
1.000031 183 1 1
1.000031 184 2 2
1.000031 185 2 2
1.000031 187 2 2
1.000031 188 1 1
1.000031 189 2 2
1.000031 190 2 2
1.000031 192 2 2
1.000031 193 2 2
1.000031 195 1 1
1.000031 196 2 2
1.000031 197 1 1
1.000031 198 1 1
1.000031 200 2 2
1.000031 201 2 2
1.000031 202 2 2
1.000031 203 2 2
1.000031 204 2 2
1.000031 205 2 2
1.000031 206 2 2
1.000031 207 1 1
1.000031 208 2 2
1.000031 209 2 2
1.000031 210 2 2
1.000031 211 2 2
1.000031 212 2 2
1.000031 213 1 1
1.000031 214 1 1
1.000031 215 2 2
1.000031 216 1 1
1.000031 217 1 1
1.000031 218 1 1
1.000031 219 2 2
1.000031 220 1 1
1.000031 221 1 1
1.000031 222 1 1
1.000031 223 2 2
1.000031 224 2 2
1.000031 226 1 1
1.000031 227 1 1
1.000031 229 2 2
1.000031 230 1 1
1.000031 231 1 1
1.000031 233 2 2
1.000031 234 1 1
1.000031 235 1 1
1.000031 236 2 2
1.000031 237 1 1
1.000031 238 1 1
1.000031 239 2 2
1.000031 240 2 2
1.000031 241 2 2
1.000031 242 1 1
1.000031 243 2 2
1.000031 244 1 1
1.000031 245 2 2
1.000031 246 1 1
1.000031 247 2 2
1.000031 248 2 2
1.000031 249 2 2
1.000031 250 2 2
1.000031 252 1 1
1.000031 253 2 2
1.000031 254 1 1
1.000031 255 1 1
1.000031 256 1 1
1.000031 258 1 1
1.000031 259 2 2
1.000031 260 2 2
1.000031 261 1 1
1.000031 262 1 1
1.000031 263 1 1
1.000031 264 2 2
1.000031 265 1 1
1.000031 266 1 1
1.000031 268 1 1
1.000031 269 2 2
1.000031 270 2 2
1.000031 271 1 1
1.000031 272 1 1
1.000031 273 2 2
1.000031 274 2 2
1.000031 275 2 2
1.000031 276 1 1
1.000031 277 2 2
1.000031 278 1 1
1.000031 279 1 1
1.000031 280 1 1
1.000031 281 2 2
1.000031 282 2 2
1.000031 283 2 2
1.000031 284 1 1
1.000031 285 2 2
1.000031 286 1 1
1.000031 287 2 2
1.000031 289 2 2
1.000031 290 2 2
1.000031 291 1 1
1.000031 292 2 2
1.000031 293 1 1
1.000031 294 2 2
1.000031 295 1 1
1.000031 296 1 1
1.000031 297 1 1
1.000031 298 2 2
1.000031 299 1 1
1.000031 300 1 1
1.000031 301 2 2
1.000031 302 1 1
1.000031 303 2 2
1.000031 304 1 1
1.000031 305 2 2
1.000031 306 2 2
1.000031 307 2 2
1.000031 308 2 2
1.000031 309 2 2
1.000031 310 1 1
1.000031 311 1 1
1.000031 312 2 2
1.000031 313 1 1
1.000031 314 2 2
1.000031 315 1 1
1.000031 316 2 2
1.000031 317 1 1
1.000031 318 1 1
1.000031 319 2 2
1.000031 320 1 1
1.000031 321 2 2
1.000031 322 1 1
1.000031 323 2 2
1.000031 324 2 2
1.000031 325 2 2
1.000031 326 1 1
1.000031 327 1 1
1.000031 328 1 1
1.000031 329 2 2
1.000031 330 2 2
1.000031 331 1 1
1.000031 332 1 1
1.000031 333 2 2
1.000031 334 1 1
1.000031 335 2 2
1.000031 336 2 2
1.000031 337 1 1
1.000031 338 2 2
1.000031 339 1 1
1.000031 340 2 2
1.000031 342 2 2
1.000031 343 2 2
1.000031 344 1 1
1.000031 345 1 1
1.000031 346 2 2
1.000031 347 1 1
1.000031 348 1 1
1.000031 349 2 2
1.000031 350 1 1
1.000031 351 2 2
1.000031 352 2 2
1.000031 353 2 2
1.000031 354 1 1
1.000031 356 2 2
1.000031 357 2 2
1.000031 358 2 2
1.000031 359 2 2
1.000031 360 1 1
1.000031 361 2 2
1.000031 362 2 2
1.000031 363 1 1
1.000031 364 1 1
1.000031 365 2 2
1.000031 367 2 2
1.000031 368 1 1
1.000031 369 1 1
1.000031 370 2 2
1.000031 371 1 1
1.000031 372 1 1
1.000031 373 1 1
1.000031 374 2 2
1.000031 375 2 2
1.000031 377 2 2
1.000031 378 1 1
1.000031 379 2 2
1.000031 380 1 1
1.000031 381 1 1
1.000031 382 1 1
1.000031 383 2 2
1.000031 384 1 1
1.000031 385 2 2
1.000031 386 1 1
1.000031 388 2 2
1.000031 389 2 2
1.000031 390 1 1
1.000031 391 2 2
1.000031 392 1 1
1.000031 393 2 2
1.000031 394 2 2
1.000031 395 1 1
1.000031 397 2 2
1.000031 398 1 1
1.000031 399 2 2
1.000031 400 2 2
1.000031 401 1 1
1.000031 402 1 1
1.000031 404 2 2
1.000031 405 1 1
1.000031 406 1 1
1.000031 407 2 2
1.000031 408 1 1
1.000031 409 1 1
1.000031 411 2 2
1.000031 412 1 1
1.000031 413 2 2
1.000031 414 2 2
1.000031 415 2 2
1.000031 416 1 1
1.000031 417 1 1
1.000031 419 2 2
1.000031 420 2 2
1.000031 421 2 2
1.000031 423 1 1
1.000031 424 2 2
1.000031 425 2 2
1.000031 427 1 1
1.000031 429 2 2
1.000031 430 2 2
1.000031 431 1 1
1.000031 432 1 1
1.000031 434 2 2
1.000031 435 2 2
1.000031 436 1 1
1.000031 437 2 2
1.000031 438 1 1
1.000031 439 1 1
1.000031 440 2 2
1.000031 441 1 1
1.000031 442 1 1
1.000031 443 1 1
1.000031 444 2 2
1.000031 445 1 1
1.000031 446 1 1
1.000031 447 2 2
1.000031 448 2 2
1.000031 449 2 2
1.000031 450 1 1
1.000031 451 2 2
1.000031 453 2 2
1.000031 454 2 2
1.000031 456 2 2
1.000031 457 2 2
1.000031 458 2 2
1.000031 459 2 2
1.000031 460 2 2
1.000031 461 1 1
1.000031 462 2 2
1.000031 463 2 2
1.000031 464 1 1
1.000031 465 1 1
1.000031 466 2 2
1.000031 467 2 2
1.000031 468 1 1
1.000031 469 1 1
1.000031 470 1 1
1.000031 471 2 2
1.000031 473 1 1
1.000031 474 2 2
1.000031 475 1 1
1.000031 476 1 1
1.000031 477 1 1
1.000031 478 2 2
1.000031 479 2 2
1.000031 480 2 2
1.000031 481 2 2
1.000031 482 2 2
1.000031 483 1 1
1.000031 484 1 1
1.000031 485 1 1
1.000031 486 1 1
1.000031 488 1 1
1.000031 489 1 1
1.000031 490 2 2
1.000031 491 1 1
1.000031 492 1 1
1.000031 493 1 1
1.000031 495 1 1
1.000031 496 1 1
1.000031 497 2 2
1.000031 498 2 2
1.000031 499 1 1
1.000031 500 2 2
1.000031 501 1 1
1.000031 502 1 1
1.000031 503 2 2
1.000031 504 2 2
1.000031 505 1 1
1.000031 506 1 1
1.000031 507 1 1
1.000031 508 2 2
1.000031 509 1 1
1.000031 510 2 2
1.000031 511 2 2
1.000031 512 2 2
1.000031 513 2 2
1.000031 515 2 2
1.000031 516 1 1
1.000031 517 1 1
1.000031 518 1 1
1.000031 519 1 1
1.000031 521 1 1
1.000031 522 1 1
1.000031 523 1 1
1.000031 524 2 2
1.000031 525 2 2
1.000031 526 2 2
1.000031 527 2 2
1.000031 528 2 2
1.000031 529 2 2
1.000031 530 1 1
1.000031 531 1 1
1.000031 532 2 2
1.000031 533 1 1
1.000031 534 1 1
1.000031 535 2 2
1.000031 537 2 2
1.000031 538 1 1
1.000031 539 1 1
1.000031 540 1 1
1.000031 541 1 1
1.000031 542 1 1
1.000031 543 2 2
1.000031 544 1 1
1.000031 545 2 2
1.000031 546 2 2
1.000031 547 2 2
1.000031 548 2 2
1.000031 549 2 2
2.000061 1 2 2
2.000061 2 2 2
2.000061 3 2 2
2.000061 4 2 2
2.000061 6 2 2
2.000061 7 2 2
2.000061 9 2 2
2.000061 10 2 2
2.000061 11 2 2
2.000061 12 2 2
2.000061 13 2 2
2.000061 14 2 2
2.000061 15 2 2
2.000061 17 2 2
2.000061 18 2 2
2.000061 19 2 2
2.000061 20 2 2
2.000061 21 2 2
2.000061 22 2 2
2.000061 24 2 2
2.000061 25 2 2
2.000061 26 2 2
2.000061 27 2 2
2.000061 28 2 2
2.000061 29 2 2
2.000061 30 2 2
2.000061 31 2 2
2.000061 32 2 2
2.000061 33 2 2
2.000061 34 2 2
2.000061 35 2 2
2.000061 36 2 2
2.000061 37 2 2
2.000061 38 2 2
2.000061 39 2 2
2.000061 40 3 3
2.000061 41 2 2
2.000061 42 3 3
2.000061 43 2 2
2.000061 44 2 2
2.000061 45 2 2
2.000061 46 2 2
2.000061 47 2 2
2.000061 48 2 2
2.000061 49 2 2
2.000061 50 3 3
2.000061 51 2 2
2.000061 52 2 2
2.000061 53 2 2
2.000061 54 2 2
2.000061 55 2 2
2.000061 56 2 2
2.000061 57 2 2
2.000061 58 2 2
2.000061 59 2 2
2.000061 60 2 2
2.000061 61 2 2
2.000061 62 2 2
2.000061 63 2 2
2.000061 64 3 3
2.000061 65 2 2
2.000061 66 2 2
2.000061 67 2 2
2.000061 68 2 2
2.000061 69 1 1
2.000061 70 2 2
2.000061 71 2 2
2.000061 72 2 2
2.000061 73 2 2
2.000061 74 3 3
2.000061 75 2 2
2.000061 76 2 2
2.000061 77 2 2
2.000061 78 1 1
2.000061 79 2 2
2.000061 80 2 2
2.000061 81 2 2
2.000061 83 2 2
2.000061 84 2 2
2.000061 85 2 2
2.000061 86 2 2
2.000061 87 2 2
2.000061 88 2 2
2.000061 89 2 2
2.000061 90 2 2
2.000061 91 2 2
2.000061 92 2 2
2.000061 93 3 3
2.000061 94 2 2
2.000061 95 2 2
2.000061 96 2 2
2.000061 97 2 2
2.000061 98 2 2
2.000061 100 2 2
2.000061 102 2 2
2.000061 103 2 2
2.000061 104 2 2
2.000061 105 2 2
2.000061 106 2 2
2.000061 107 2 2
2.000061 108 2 2
2.000061 109 2 2
2.000061 110 2 2
2.000061 111 2 2
2.000061 112 2 2
2.000061 113 2 2
2.000061 114 3 3
2.000061 115 2 2
2.000061 116 2 2
2.000061 117 2 2
2.000061 118 2 2
2.000061 119 2 2
2.000061 120 2 2
2.000061 121 2 2
2.000061 122 2 2
2.000061 123 2 2
2.000061 124 2 2
2.000061 125 2 2
2.000061 127 2 2
2.000061 128 2 2
2.000061 129 2 2
2.000061 130 2 2
2.000061 131 3 3
2.000061 132 2 2
2.000061 134 2 2
2.000061 136 2 2
2.000061 137 2 2
2.000061 138 3 3
2.000061 139 2 2
2.000061 140 2 2
2.000061 141 2 2
2.000061 142 1 1
2.000061 143 2 2
2.000061 144 2 2
2.000061 145 3 3
2.000061 146 2 2
2.000061 147 2 2
2.000061 148 2 2
2.000061 150 2 2
2.000061 151 2 2
2.000061 152 2 2
2.000061 153 2 2
2.000061 154 2 2
2.000061 155 2 2
2.000061 156 2 2
2.000061 157 3 3
2.000061 158 2 2
2.000061 159 2 2
2.000061 160 2 2
2.000061 161 2 2
2.000061 162 3 3
2.000061 163 2 2
2.000061 164 2 2
2.000061 165 2 2
2.000061 167 2 2
2.000061 168 2 2
2.000061 169 2 2
2.000061 171 2 2
2.000061 172 2 2
2.000061 173 2 2
2.000061 174 2 2
2.000061 176 2 2
2.000061 177 2 2
2.000061 178 2 2
2.000061 179 2 2
2.000061 180 2 2
2.000061 181 3 3
2.000061 182 2 2
2.000061 183 2 2
2.000061 184 2 2
2.000061 185 2 2
2.000061 187 2 2
2.000061 188 2 2
2.000061 189 2 2
2.000061 190 3 3
2.000061 192 2 2
2.000061 193 3 3
2.000061 195 2 2
2.000061 196 2 2
2.000061 197 2 2
2.000061 198 2 2
2.000061 200 2 2
2.000061 201 2 2
2.000061 202 2 2
2.000061 203 2 2
2.000061 204 2 2
2.000061 205 2 2
2.000061 206 2 2
2.000061 207 2 2
2.000061 208 2 2
2.000061 209 2 2
2.000061 210 2 2
2.000061 211 3 3
2.000061 212 2 2
2.000061 213 2 2
2.000061 214 2 2
2.000061 215 2 2
2.000061 216 2 2
2.000061 217 2 2
2.000061 218 2 2
2.000061 219 2 2
2.000061 220 2 2
2.000061 221 2 2
2.000061 222 2 2
2.000061 223 2 2
2.000061 224 2 2
2.000061 226 2 2
2.000061 227 2 2
2.000061 229 2 2
2.000061 230 2 2
2.000061 231 2 2
2.000061 233 2 2
2.000061 234 2 2
2.000061 235 2 2
2.000061 236 2 2
2.000061 237 2 2
2.000061 238 2 2
2.000061 239 2 2
2.000061 240 2 2
2.000061 241 2 2
2.000061 242 2 2
2.000061 243 2 2
2.000061 244 2 2
2.000061 245 2 2
2.000061 246 2 2
2.000061 247 2 2
2.000061 248 2 2
2.000061 249 2 2
2.000061 250 2 2
2.000061 252 2 2
2.000061 253 2 2
2.000061 254 3 3
2.000061 255 2 2
2.000061 256 2 2
2.000061 258 2 2
2.000061 259 2 2
2.000061 260 2 2
2.000061 261 3 3
2.000061 262 2 2
2.000061 263 2 2
2.000061 264 3 3
2.000061 265 2 2
2.000061 266 2 2
2.000061 268 2 2
2.000061 269 2 2
2.000061 270 2 2
2.000061 271 2 2
2.000061 272 2 2
2.000061 273 3 3
2.000061 274 2 2
2.000061 275 3 3
2.000061 276 2 2
2.000061 277 2 2
2.000061 278 2 2
2.000061 279 2 2
2.000061 280 2 2
2.000061 281 3 3
2.000061 282 2 2
2.000061 283 2 2
2.000061 284 2 2
2.000061 285 3 3
2.000061 286 2 2
2.000061 287 3 3
2.000061 289 3 3
2.000061 290 2 2
2.000061 291 2 2
2.000061 292 2 2
2.000061 293 2 2
2.000061 294 2 2
2.000061 295 2 2
2.000061 296 2 2
2.000061 297 2 2
2.000061 298 2 2
2.000061 299 2 2
2.000061 300 2 2
2.000061 301 2 2
2.000061 302 2 2
2.000061 303 2 2
2.000061 304 2 2
2.000061 305 2 2
2.000061 306 2 2
2.000061 307 3 3
2.000061 308 2 2
2.000061 309 3 3
2.000061 310 2 2
2.000061 311 2 2
2.000061 312 2 2
2.000061 313 2 2
2.000061 314 2 2
2.000061 315 2 2
2.000061 316 2 2
2.000061 317 2 2
2.000061 318 2 2
2.000061 319 2 2
2.000061 320 2 2
2.000061 321 2 2
2.000061 322 2 2
2.000061 323 3 3
2.000061 324 3 3
2.000061 325 2 2
2.000061 326 2 2
2.000061 327 2 2
2.000061 328 2 2
2.000061 329 2 2
2.000061 330 2 2
2.000061 331 2 2
2.000061 332 2 2
2.000061 333 2 2
2.000061 334 2 2
2.000061 335 2 2
2.000061 336 2 2
2.000061 337 2 2
2.000061 338 2 2
2.000061 339 2 2
2.000061 340 2 2
2.000061 342 2 2
2.000061 343 2 2
2.000061 344 2 2
2.000061 345 2 2
2.000061 346 2 2
2.000061 347 2 2
2.000061 348 2 2
2.000061 349 3 3
2.000061 350 2 2
2.000061 351 2 2
2.000061 352 2 2
2.000061 353 2 2
2.000061 354 2 2
2.000061 356 2 2
2.000061 357 3 3
2.000061 358 2 2
2.000061 359 2 2
2.000061 360 2 2
2.000061 361 2 2
2.000061 362 3 3
2.000061 363 2 2
2.000061 364 2 2
2.000061 365 3 3
2.000061 367 2 2
2.000061 368 2 2
2.000061 369 2 2
2.000061 370 2 2
2.000061 371 2 2
2.000061 372 2 2
2.000061 373 2 2
2.000061 374 3 3
2.000061 375 2 2
2.000061 377 2 2
2.000061 378 2 2
2.000061 379 2 2
2.000061 380 2 2
2.000061 381 2 2
2.000061 382 2 2
2.000061 383 2 2
2.000061 384 2 2
2.000061 385 2 2
2.000061 386 2 2
2.000061 388 2 2
2.000061 389 2 2
2.000061 390 2 2
2.000061 391 2 2
2.000061 392 2 2
2.000061 393 2 2
2.000061 394 3 3
2.000061 395 2 2
2.000061 397 2 2
2.000061 398 2 2
2.000061 399 2 2
2.000061 400 2 2
2.000061 401 2 2
2.000061 402 2 2
2.000061 404 3 3
2.000061 405 2 2
2.000061 406 2 2
2.000061 407 3 3
2.000061 408 2 2
2.000061 409 2 2
2.000061 411 2 2
2.000061 412 2 2
2.000061 413 2 2
2.000061 414 2 2
2.000061 415 2 2
2.000061 416 2 2
2.000061 417 2 2
2.000061 419 3 3
2.000061 420 2 2
2.000061 421 3 3
2.000061 423 2 2
2.000061 424 2 2
2.000061 425 2 2
2.000061 427 2 2
2.000061 429 3 3
2.000061 430 3 3
2.000061 431 2 2
2.000061 432 2 2
2.000061 434 2 2
2.000061 435 2 2
2.000061 436 2 2
2.000061 437 2 2
2.000061 438 2 2
2.000061 439 2 2
2.000061 440 2 2
2.000061 441 2 2
2.000061 442 2 2
2.000061 443 2 2
2.000061 444 2 2
2.000061 445 2 2
2.000061 446 2 2
2.000061 447 2 2
2.000061 448 2 2
2.000061 449 2 2
2.000061 450 2 2
2.000061 451 2 2
2.000061 453 3 3
2.000061 454 2 2
2.000061 456 2 2
2.000061 457 2 2
2.000061 458 3 3
2.000061 459 2 2
2.000061 460 3 3
2.000061 461 2 2
2.000061 462 2 2
2.000061 463 2 2
2.000061 464 2 2
2.000061 465 2 2
2.000061 466 2 2
2.000061 467 2 2
2.000061 468 2 2
2.000061 469 2 2
2.000061 470 2 2
2.000061 471 2 2
2.000061 473 2 2
2.000061 474 3 3
2.000061 475 2 2
2.000061 476 2 2
2.000061 477 2 2
2.000061 478 2 2
2.000061 479 2 2
2.000061 480 3 3
2.000061 481 2 2
2.000061 482 2 2
2.000061 483 2 2
2.000061 484 2 2
2.000061 485 2 2
2.000061 486 2 2
2.000061 488 2 2
2.000061 489 2 2
2.000061 490 2 2
2.000061 491 2 2
2.000061 492 2 2
2.000061 493 2 2
2.000061 495 2 2
2.000061 496 2 2
2.000061 497 2 2
2.000061 498 2 2
2.000061 499 2 2
2.000061 500 2 2
2.000061 501 2 2
2.000061 502 2 2
2.000061 503 2 2
2.000061 504 2 2
2.000061 505 2 2
2.000061 506 2 2
2.000061 507 2 2
2.000061 508 2 2
2.000061 509 2 2
2.000061 510 2 2
2.000061 511 2 2
2.000061 512 2 2
2.000061 513 4 4
2.000061 515 2 2
2.000061 516 2 2
2.000061 517 2 2
2.000061 518 2 2
2.000061 519 2 2
2.000061 521 2 2
2.000061 522 2 2
2.000061 523 2 2
2.000061 524 2 2
2.000061 525 2 2
2.000061 526 2 2
2.000061 527 3 3
2.000061 528 2 2
2.000061 529 3 3
2.000061 530 2 2
2.000061 531 2 2
2.000061 532 2 2
2.000061 533 2 2
2.000061 534 2 2
2.000061 535 2 2
2.000061 537 2 2
2.000061 538 2 2
2.000061 539 2 2
2.000061 540 2 2
2.000061 541 2 2
2.000061 542 2 2
2.000061 543 2 2
2.000061 544 3 3
2.000061 545 2 2
2.000061 546 2 2
2.000061 547 2 2
2.000061 548 2 2
2.000061 549 2 2
3.000092 1 4 4
3.000092 2 4 4
3.000092 3 4 4
3.000092 4 4 4
3.000092 6 4 4
3.000092 7 2 2
3.000092 9 4 4
3.000092 10 4 4
3.000092 11 4 4
3.000092 12 4 4
3.000092 13 4 4
3.000092 14 4 4
3.000092 15 4 4
3.000092 17 4 4
3.000092 18 4 4
3.000092 19 4 4
3.000092 20 3 3
3.000092 21 4 4
3.000092 22 4 4
3.000092 24 4 4
3.000092 25 3 3
3.000092 26 4 4
3.000092 27 4 4
3.000092 28 4 4
3.000092 29 4 4
3.000092 30 4 4
3.000092 31 3 3
3.000092 32 4 4
3.000092 33 4 4
3.000092 34 4 4
3.000092 35 4 4
3.000092 36 3 3
3.000092 37 4 4
3.000092 38 4 4
3.000092 39 4 4
3.000092 40 4 4
3.000092 41 4 4
3.000092 42 4 4
3.000092 43 4 4
3.000092 44 4 4
3.000092 45 4 4
3.000092 46 4 4
3.000092 47 4 4
3.000092 48 3 3
3.000092 49 4 4
3.000092 50 5 5
3.000092 51 4 4
3.000092 52 4 4
3.000092 53 4 4
3.000092 54 4 4
3.000092 55 4 4
3.000092 56 3 3
3.000092 57 4 4
3.000092 58 4 4
3.000092 59 4 4
3.000092 60 4 4
3.000092 61 4 4
3.000092 62 4 4
3.000092 63 4 4
3.000092 64 5 5
3.000092 65 4 4
3.000092 66 4 4
3.000092 67 4 4
3.000092 68 3 3
3.000092 69 1 1
3.000092 70 3 3
3.000092 71 4 4
3.000092 72 3 3
3.000092 73 4 4
3.000092 74 4 4
3.000092 75 4 4
3.000092 76 4 4
3.000092 77 4 4
3.000092 78 2 2
3.000092 79 4 4
3.000092 80 4 4
3.000092 81 4 4
3.000092 83 4 4
3.000092 84 4 4
3.000092 85 4 4
3.000092 86 4 4
3.000092 87 4 4
3.000092 88 4 4
3.000092 89 4 4
3.000092 90 4 4
3.000092 91 4 4
3.000092 92 4 4
3.000092 93 5 5
3.000092 94 4 4
3.000092 95 4 4
3.000092 96 4 4
3.000092 97 4 4
3.000092 98 4 4
3.000092 100 4 4
3.000092 102 4 4
3.000092 103 4 4
3.000092 104 3 3
3.000092 105 4 4
3.000092 106 4 4
3.000092 107 4 4
3.000092 108 4 4
3.000092 109 4 4
3.000092 110 4 4
3.000092 111 4 4
3.000092 112 4 4
3.000092 113 4 4
3.000092 114 4 4
3.000092 115 4 4
3.000092 116 4 4
3.000092 117 4 4
3.000092 118 4 4
3.000092 119 4 4
3.000092 120 4 4
3.000092 121 4 4
3.000092 122 4 4
3.000092 123 4 4
3.000092 124 4 4
3.000092 125 4 4
3.000092 127 4 4
3.000092 128 4 4
3.000092 129 4 4
3.000092 130 4 4
3.000092 131 4 4
3.000092 132 4 4
3.000092 134 4 4
3.000092 136 4 4
3.000092 137 4 4
3.000092 138 5 5
3.000092 139 4 4
3.000092 140 4 4
3.000092 141 4 4
3.000092 142 2 2
3.000092 143 4 4
3.000092 144 3 3
3.000092 145 4 4
3.000092 146 3 3
3.000092 147 3 3
3.000092 148 4 4
3.000092 150 4 4
3.000092 151 4 4
3.000092 152 4 4
3.000092 153 4 4
3.000092 154 4 4
3.000092 155 4 4
3.000092 156 4 4
3.000092 157 4 4
3.000092 158 4 4
3.000092 159 4 4
3.000092 160 4 4
3.000092 161 4 4
3.000092 162 4 4
3.000092 163 4 4
3.000092 164 4 4
3.000092 165 4 4
3.000092 167 2 2
3.000092 168 4 4
3.000092 169 4 4
3.000092 171 4 4
3.000092 172 4 4
3.000092 173 4 4
3.000092 174 4 4
3.000092 176 4 4
3.000092 177 3 3
3.000092 178 4 4
3.000092 179 4 4
3.000092 180 4 4
3.000092 181 4 4
3.000092 182 4 4
3.000092 183 3 3
3.000092 184 4 4
3.000092 185 3 3
3.000092 187 4 4
3.000092 188 3 3
3.000092 189 4 4
3.000092 190 4 4
3.000092 192 4 4
3.000092 193 4 4
3.000092 195 4 4
3.000092 196 4 4
3.000092 197 4 4
3.000092 198 3 3
3.000092 200 4 4
3.000092 201 4 4
3.000092 202 3 3
3.000092 203 4 4
3.000092 204 4 4
3.000092 205 4 4
3.000092 206 4 4
3.000092 207 4 4
3.000092 208 4 4
3.000092 209 4 4
3.000092 210 3 3
3.000092 211 4 4
3.000092 212 4 4
3.000092 213 4 4
3.000092 214 4 4
3.000092 215 4 4
3.000092 216 4 4
3.000092 217 4 4
3.000092 218 4 4
3.000092 219 4 4
3.000092 220 3 3
3.000092 221 4 4
3.000092 222 4 4
3.000092 223 4 4
3.000092 224 4 4
3.000092 226 3 3
3.000092 227 4 4
3.000092 229 4 4
3.000092 230 3 3
3.000092 231 4 4
3.000092 233 4 4
3.000092 234 4 4
3.000092 235 4 4
3.000092 236 4 4
3.000092 237 4 4
3.000092 238 4 4
3.000092 239 4 4
3.000092 240 4 4
3.000092 241 4 4
3.000092 242 4 4
3.000092 243 4 4
3.000092 244 3 3
3.000092 245 4 4
3.000092 246 4 4
3.000092 247 4 4
3.000092 248 4 4
3.000092 249 4 4
3.000092 250 4 4
3.000092 252 3 3
3.000092 253 4 4
3.000092 254 4 4
3.000092 255 4 4
3.000092 256 4 4
3.000092 258 4 4
3.000092 259 4 4
3.000092 260 4 4
3.000092 261 4 4
3.000092 262 4 4
3.000092 263 4 4
3.000092 264 4 4
3.000092 265 4 4
3.000092 266 4 4
3.000092 268 4 4
3.000092 269 4 4
3.000092 270 4 4
3.000092 271 4 4
3.000092 272 4 4
3.000092 273 5 5
3.000092 274 4 4
3.000092 275 4 4
3.000092 276 4 4
3.000092 277 4 4
3.000092 278 3 3
3.000092 279 4 4
3.000092 280 4 4
3.000092 281 4 4
3.000092 282 4 4
3.000092 283 4 4
3.000092 284 3 3
3.000092 285 3 3
3.000092 286 4 4
3.000092 287 5 5
3.000092 289 3 3
3.000092 290 4 4
3.000092 291 4 4
3.000092 292 4 4
3.000092 293 4 4
3.000092 294 4 4
3.000092 295 4 4
3.000092 296 3 3
3.000092 297 4 4
3.000092 298 4 4
3.000092 299 4 4
3.000092 300 4 4
3.000092 301 4 4
3.000092 302 4 4
3.000092 303 2 2
3.000092 304 4 4
3.000092 305 4 4
3.000092 306 4 4
3.000092 307 5 5
3.000092 308 4 4
3.000092 309 4 4
3.000092 310 4 4
3.000092 311 4 4
3.000092 312 4 4
3.000092 313 3 3
3.000092 314 4 4
3.000092 315 3 3
3.000092 316 4 4
3.000092 317 3 3
3.000092 318 4 4
3.000092 319 4 4
3.000092 320 4 4
3.000092 321 4 4
3.000092 322 4 4
3.000092 323 4 4
3.000092 324 4 4
3.000092 325 4 4
3.000092 326 4 4
3.000092 327 4 4
3.000092 328 4 4
3.000092 329 4 4
3.000092 330 4 4
3.000092 331 4 4
3.000092 332 4 4
3.000092 333 4 4
3.000092 334 3 3
3.000092 335 4 4
3.000092 336 4 4
3.000092 337 3 3
3.000092 338 4 4
3.000092 339 3 3
3.000092 340 4 4
3.000092 342 4 4
3.000092 343 4 4
3.000092 344 3 3
3.000092 345 4 4
3.000092 346 4 4
3.000092 347 4 4
3.000092 348 4 4
3.000092 349 5 5
3.000092 350 4 4
3.000092 351 4 4
3.000092 352 4 4
3.000092 353 4 4
3.000092 354 4 4
3.000092 356 4 4
3.000092 357 4 4
3.000092 358 4 4
3.000092 359 4 4
3.000092 360 4 4
3.000092 361 4 4
3.000092 362 5 5
3.000092 363 4 4
3.000092 364 3 3
3.000092 365 4 4
3.000092 367 4 4
3.000092 368 4 4
3.000092 369 3 3
3.000092 370 4 4
3.000092 371 4 4
3.000092 372 4 4
3.000092 373 4 4
3.000092 374 4 4
3.000092 375 4 4
3.000092 377 4 4
3.000092 378 4 4
3.000092 379 4 4
3.000092 380 4 4
3.000092 381 4 4
3.000092 382 2 2
3.000092 383 4 4
3.000092 384 4 4
3.000092 385 4 4
3.000092 386 4 4
3.000092 388 4 4
3.000092 389 4 4
3.000092 390 4 4
3.000092 391 4 4
3.000092 392 4 4
3.000092 393 4 4
3.000092 394 4 4
3.000092 395 4 4
3.000092 397 4 4
3.000092 398 4 4
3.000092 399 4 4
3.000092 400 3 3
3.000092 401 4 4
3.000092 402 3 3
3.000092 404 5 5
3.000092 405 4 4
3.000092 406 4 4
3.000092 407 5 5
3.000092 408 4 4
3.000092 409 4 4
3.000092 411 4 4
3.000092 412 4 4
3.000092 413 4 4
3.000092 414 4 4
3.000092 415 4 4
3.000092 416 4 4
3.000092 417 4 4
3.000092 419 5 5
3.000092 420 4 4
3.000092 421 5 5
3.000092 423 4 4
3.000092 424 4 4
3.000092 425 4 4
3.000092 427 3 3
3.000092 429 4 4
3.000092 430 4 4
3.000092 431 4 4
3.000092 432 4 4
3.000092 434 4 4
3.000092 435 4 4
3.000092 436 4 4
3.000092 437 4 4
3.000092 438 4 4
3.000092 439 4 4
3.000092 440 4 4
3.000092 441 4 4
3.000092 442 4 4
3.000092 443 4 4
3.000092 444 4 4
3.000092 445 4 4
3.000092 446 4 4
3.000092 447 3 3
3.000092 448 4 4
3.000092 449 4 4
3.000092 450 3 3
3.000092 451 4 4
3.000092 453 4 4
3.000092 454 4 4
3.000092 456 4 4
3.000092 457 4 4
3.000092 458 4 4
3.000092 459 4 4
3.000092 460 4 4
3.000092 461 3 3
3.000092 462 4 4
3.000092 463 4 4
3.000092 464 4 4
3.000092 465 4 4
3.000092 466 3 3
3.000092 467 4 4
3.000092 468 4 4
3.000092 469 4 4
3.000092 470 4 4
3.000092 471 4 4
3.000092 473 4 4
3.000092 474 4 4
3.000092 475 4 4
3.000092 476 4 4
3.000092 477 4 4
3.000092 478 4 4
3.000092 479 4 4
3.000092 480 4 4
3.000092 481 4 4
3.000092 482 3 3
3.000092 483 4 4
3.000092 484 4 4
3.000092 485 4 4
3.000092 486 4 4
3.000092 488 3 3
3.000092 489 4 4
3.000092 490 4 4
3.000092 491 4 4
3.000092 492 4 4
3.000092 493 3 3
3.000092 495 4 4
3.000092 496 4 4
3.000092 497 4 4
3.000092 498 4 4
3.000092 499 4 4
3.000092 500 4 4
3.000092 501 4 4
3.000092 502 4 4
3.000092 503 4 4
3.000092 504 4 4
3.000092 505 4 4
3.000092 506 4 4
3.000092 507 4 4
3.000092 508 4 4
3.000092 509 4 4
3.000092 510 4 4
3.000092 511 4 4
3.000092 512 4 4
3.000092 513 5 5
3.000092 515 4 4
3.000092 516 4 4
3.000092 517 4 4
3.000092 518 4 4
3.000092 519 4 4
3.000092 521 4 4
3.000092 522 4 4
3.000092 523 4 4
3.000092 524 4 4
3.000092 525 3 3
3.000092 526 4 4
3.000092 527 5 5
3.000092 528 4 4
3.000092 529 4 4
3.000092 530 4 4
3.000092 531 3 3
3.000092 532 4 4
3.000092 533 4 4
3.000092 534 4 4
3.000092 535 4 4
3.000092 537 3 3
3.000092 538 4 4
3.000092 539 4 4
3.000092 540 4 4
3.000092 541 3 3
3.000092 542 4 4
3.000092 543 4 4
3.000092 544 4 4
3.000092 545 4 4
3.000092 546 4 4
3.000092 547 4 4
3.000092 548 4 4
3.000092 549 4 4
4.000122 1 6 6
4.000122 2 7 7
4.000122 3 5 5
4.000122 4 6 6
4.000122 6 7 7
4.000122 7 4 4
4.000122 9 8 8
4.000122 10 5 5
4.000122 11 6 6
4.000122 12 6 6
4.000122 13 6 6
4.000122 14 6 6
4.000122 15 7 7
4.000122 17 6 6
4.000122 18 5 5
4.000122 19 4 4
4.000122 20 5 5
4.000122 21 5 5
4.000122 22 6 6
4.000122 24 5 5
4.000122 25 5 5
4.000122 26 5 5
4.000122 27 5 5
4.000122 28 7 7
4.000122 29 5 5
4.000122 30 5 5
4.000122 31 4 4
4.000122 32 4 4
4.000122 33 7 7
4.000122 34 7 7
4.000122 35 6 6
4.000122 36 5 5
4.000122 37 4 4
4.000122 38 8 8
4.000122 39 5 5
4.000122 40 7 7
4.000122 41 5 5
4.000122 42 8 8
4.000122 43 7 7
4.000122 44 6 6
4.000122 45 6 6
4.000122 46 7 7
4.000122 47 7 7
4.000122 48 6 6
4.000122 49 6 6
4.000122 50 8 8
4.000122 51 4 4
4.000122 52 7 7
4.000122 53 5 5
4.000122 54 6 6
4.000122 55 6 6
4.000122 56 4 4
4.000122 57 6 6
4.000122 58 7 7
4.000122 59 8 8
4.000122 60 6 6
4.000122 61 5 5
4.000122 62 7 7
4.000122 63 5 5
4.000122 64 7 7
4.000122 65 6 6
4.000122 66 7 7
4.000122 67 7 7
4.000122 68 6 6
4.000122 69 1 1
4.000122 70 3 3
4.000122 71 7 7
4.000122 72 4 4
4.000122 73 6 6
4.000122 74 6 6
4.000122 75 6 6
4.000122 76 4 4
4.000122 77 8 8
4.000122 78 3 3
4.000122 79 6 6
4.000122 80 7 7
4.000122 81 5 5
4.000122 83 7 7
4.000122 84 5 5
4.000122 85 6 6
4.000122 86 8 8
4.000122 87 7 7
4.000122 88 8 8
4.000122 89 7 7
4.000122 90 5 5
4.000122 91 5 5
4.000122 92 5 5
4.000122 93 6 6
4.000122 94 6 6
4.000122 95 4 4
4.000122 96 6 6
4.000122 97 7 7
4.000122 98 4 4
4.000122 100 6 6
4.000122 102 8 8
4.000122 103 6 6
4.000122 104 4 4
4.000122 105 7 7
4.000122 106 4 4
4.000122 107 7 7
4.000122 108 7 7
4.000122 109 5 5
4.000122 110 5 5
4.000122 111 4 4
4.000122 112 5 5
4.000122 113 4 4
4.000122 114 7 7
4.000122 115 5 5
4.000122 116 7 7
4.000122 117 6 6
4.000122 118 6 6
4.000122 119 6 6
4.000122 120 7 7
4.000122 121 5 5
4.000122 122 5 5
4.000122 123 6 6
4.000122 124 8 8
4.000122 125 4 4
4.000122 127 6 6
4.000122 128 5 5
4.000122 129 6 6
4.000122 130 4 4
4.000122 131 6 6
4.000122 132 7 7
4.000122 134 5 5
4.000122 136 5 5
4.000122 137 6 6
4.000122 138 9 9
4.000122 139 6 6
4.000122 140 6 6
4.000122 141 4 4
4.000122 142 2 2
4.000122 143 7 7
4.000122 144 4 4
4.000122 145 8 8
4.000122 146 4 4
4.000122 147 5 5
4.000122 148 6 6
4.000122 150 5 5
4.000122 151 7 7
4.000122 152 6 6
4.000122 153 5 5
4.000122 154 8 8
4.000122 155 7 7
4.000122 156 8 8
4.000122 157 7 7
4.000122 158 5 5
4.000122 159 5 5
4.000122 160 8 8
4.000122 161 4 4
4.000122 162 7 7
4.000122 163 5 5
4.000122 164 5 5
4.000122 165 7 7
4.000122 167 6 6
4.000122 168 5 5
4.000122 169 5 5
4.000122 171 5 5
4.000122 172 8 8
4.000122 173 8 8
4.000122 174 6 6
4.000122 176 6 6
4.000122 177 7 7
4.000122 178 7 7
4.000122 179 8 8
4.000122 180 5 5
4.000122 181 7 7
4.000122 182 5 5
4.000122 183 4 4
4.000122 184 7 7
4.000122 185 5 5
4.000122 187 6 6
4.000122 188 5 5
4.000122 189 6 6
4.000122 190 5 5
4.000122 192 5 5
4.000122 193 6 6
4.000122 195 6 6
4.000122 196 6 6
4.000122 197 6 6
4.000122 198 4 4
4.000122 200 6 6
4.000122 201 7 7
4.000122 202 4 4
4.000122 203 7 7
4.000122 204 6 6
4.000122 205 6 6
4.000122 206 7 7
4.000122 207 6 6
4.000122 208 8 8
4.000122 209 8 8
4.000122 210 5 5
4.000122 211 6 6
4.000122 212 8 8
4.000122 213 4 4
4.000122 214 4 4
4.000122 215 6 6
4.000122 216 4 4
4.000122 217 6 6
4.000122 218 7 7
4.000122 219 6 6
4.000122 220 4 4
4.000122 221 5 5
4.000122 222 5 5
4.000122 223 6 6
4.000122 224 6 6
4.000122 226 4 4
4.000122 227 5 5
4.000122 229 7 7
4.000122 230 4 4
4.000122 231 5 5
4.000122 233 8 8
4.000122 234 5 5
4.000122 235 6 6
4.000122 236 6 6
4.000122 237 5 5
4.000122 238 5 5
4.000122 239 6 6
4.000122 240 6 6
4.000122 241 5 5
4.000122 242 5 5
4.000122 243 6 6
4.000122 244 7 7
4.000122 245 5 5
4.000122 246 5 5
4.000122 247 6 6
4.000122 248 5 5
4.000122 249 8 8
4.000122 250 7 7
4.000122 252 6 6
4.000122 253 8 8
4.000122 254 7 7
4.000122 255 6 6
4.000122 256 5 5
4.000122 258 4 4
4.000122 259 6 6
4.000122 260 6 6
4.000122 261 6 6
4.000122 262 5 5
4.000122 263 5 5
4.000122 264 8 8
4.000122 265 5 5
4.000122 266 6 6
4.000122 268 5 5
4.000122 269 7 7
4.000122 270 8 8
4.000122 271 5 5
4.000122 272 5 5
4.000122 273 7 7
4.000122 274 7 7
4.000122 275 7 7
4.000122 276 5 5
4.000122 277 5 5
4.000122 278 6 6
4.000122 279 4 4
4.000122 280 5 5
4.000122 281 6 6
4.000122 282 6 6
4.000122 283 6 6
4.000122 284 4 4
4.000122 285 6 6
4.000122 286 4 4
4.000122 287 8 8
4.000122 289 7 7
4.000122 290 7 7
4.000122 291 4 4
4.000122 292 5 5
4.000122 293 6 6
4.000122 294 8 8
4.000122 295 7 7
4.000122 296 4 4
4.000122 297 8 8
4.000122 298 8 8
4.000122 299 6 6
4.000122 300 4 4
4.000122 301 5 5
4.000122 302 5 5
4.000122 303 2 2
4.000122 304 6 6
4.000122 305 7 7
4.000122 306 7 7
4.000122 307 7 7
4.000122 308 7 7
4.000122 309 8 8
4.000122 310 5 5
4.000122 311 7 7
4.000122 312 5 5
4.000122 313 5 5
4.000122 314 5 5
4.000122 315 4 4
4.000122 316 6 6
4.000122 317 6 6
4.000122 318 5 5
4.000122 319 7 7
4.000122 320 7 7
4.000122 321 8 8
4.000122 322 5 5
4.000122 323 7 7
4.000122 324 6 6
4.000122 325 8 8
4.000122 326 7 7
4.000122 327 6 6
4.000122 328 5 5
4.000122 329 8 8
4.000122 330 6 6
4.000122 331 5 5
4.000122 332 6 6
4.000122 333 7 7
4.000122 334 5 5
4.000122 335 6 6
4.000122 336 8 8
4.000122 337 4 4
4.000122 338 7 7
4.000122 339 4 4
4.000122 340 6 6
4.000122 342 6 6
4.000122 343 6 6
4.000122 344 4 4
4.000122 345 4 4
4.000122 346 7 7
4.000122 347 5 5
4.000122 348 6 6
4.000122 349 8 8
4.000122 350 7 7
4.000122 351 4 4
4.000122 352 7 7
4.000122 353 7 7
4.000122 354 5 5
4.000122 356 8 8
4.000122 357 7 7
4.000122 358 8 8
4.000122 359 8 8
4.000122 360 7 7
4.000122 361 7 7
4.000122 362 8 8
4.000122 363 6 6
4.000122 364 4 4
4.000122 365 7 7
4.000122 367 8 8
4.000122 368 6 6
4.000122 369 5 5
4.000122 370 7 7
4.000122 371 7 7
4.000122 372 4 4
4.000122 373 5 5
4.000122 374 7 7
4.000122 375 8 8
4.000122 377 6 6
4.000122 378 7 7
4.000122 379 8 8
4.000122 380 7 7
4.000122 381 4 4
4.000122 382 4 4
4.000122 383 6 6
4.000122 384 6 6
4.000122 385 5 5
4.000122 386 6 6
4.000122 388 5 5
4.000122 389 8 8
4.000122 390 6 6
4.000122 391 6 6
4.000122 392 5 5
4.000122 393 5 5
4.000122 394 7 7
4.000122 395 4 4
4.000122 397 6 6
4.000122 398 4 4
4.000122 399 7 7
4.000122 400 6 6
4.000122 401 5 5
4.000122 402 5 5
4.000122 404 8 8
4.000122 405 5 5
4.000122 406 6 6
4.000122 407 9 9
4.000122 408 5 5
4.000122 409 6 6
4.000122 411 7 7
4.000122 412 5 5
4.000122 413 8 8
4.000122 414 7 7
4.000122 415 8 8
4.000122 416 6 6
4.000122 417 7 7
4.000122 419 8 8
4.000122 420 6 6
4.000122 421 7 7
4.000122 423 5 5
4.000122 424 7 7
4.000122 425 6 6
4.000122 427 6 6
4.000122 429 8 8
4.000122 430 6 6
4.000122 431 7 7
4.000122 432 5 5
4.000122 434 7 7
4.000122 435 7 7
4.000122 436 5 5
4.000122 437 6 6
4.000122 438 5 5
4.000122 439 5 5
4.000122 440 6 6
4.000122 441 4 4
4.000122 442 7 7
4.000122 443 5 5
4.000122 444 8 8
4.000122 445 4 4
4.000122 446 4 4
4.000122 447 7 7
4.000122 448 8 8
4.000122 449 5 5
4.000122 450 4 4
4.000122 451 7 7
4.000122 453 7 7
4.000122 454 6 6
4.000122 456 7 7
4.000122 457 8 8
4.000122 458 8 8
4.000122 459 5 5
4.000122 460 7 7
4.000122 461 6 6
4.000122 462 6 6
4.000122 463 5 5
4.000122 464 7 7
4.000122 465 6 6
4.000122 466 6 6
4.000122 467 6 6
4.000122 468 6 6
4.000122 469 5 5
4.000122 470 5 5
4.000122 471 7 7
4.000122 473 5 5
4.000122 474 8 8
4.000122 475 4 4
4.000122 476 5 5
4.000122 477 4 4
4.000122 478 7 7
4.000122 479 6 6
4.000122 480 8 8
4.000122 481 5 5
4.000122 482 6 6
4.000122 483 5 5
4.000122 484 5 5
4.000122 485 6 6
4.000122 486 4 4
4.000122 488 7 7
4.000122 489 6 6
4.000122 490 6 6
4.000122 491 5 5
4.000122 492 6 6
4.000122 493 5 5
4.000122 495 4 4
4.000122 496 4 4
4.000122 497 7 7
4.000122 498 7 7
4.000122 499 6 6
4.000122 500 6 6
4.000122 501 4 4
4.000122 502 7 7
4.000122 503 6 6
4.000122 504 6 6
4.000122 505 4 4
4.000122 506 4 4
4.000122 507 7 7
4.000122 508 8 8
4.000122 509 5 5
4.000122 510 7 7
4.000122 511 8 8
4.000122 512 7 7
4.000122 513 7 7
4.000122 515 8 8
4.000122 516 6 6
4.000122 517 6 6
4.000122 518 7 7
4.000122 519 4 4
4.000122 521 4 4
4.000122 522 5 5
4.000122 523 5 5
4.000122 524 7 7
4.000122 525 6 6
4.000122 526 6 6
4.000122 527 7 7
4.000122 528 6 6
4.000122 529 8 8
4.000122 530 6 6
4.000122 531 4 4
4.000122 532 8 8
4.000122 533 6 6
4.000122 534 5 5
4.000122 535 7 7
4.000122 537 6 6
4.000122 538 5 5
4.000122 539 6 6
4.000122 540 6 6
4.000122 541 5 5
4.000122 542 6 6
4.000122 543 7 7
4.000122 544 7 7
4.000122 545 7 7
4.000122 546 8 8
4.000122 547 6 6
4.000122 548 7 7
4.000122 549 5 5
5.000153 1 9 9
5.000153 2 12 12
5.000153 3 8 8
5.000153 4 8 8
5.000153 6 12 12
5.000153 7 8 8
5.000153 9 9 9
5.000153 10 8 8
5.000153 11 9 9
5.000153 12 8 8
5.000153 13 9 9
5.000153 14 8 8
5.000153 15 8 8
5.000153 17 8 8
5.000153 18 8 8
5.000153 19 8 8
5.000153 20 7 7
5.000153 21 6 6
5.000153 22 11 11
5.000153 24 8 8
5.000153 25 7 7
5.000153 26 8 8
5.000153 27 10 10
5.000153 28 10 10
5.000153 29 8 8
5.000153 30 8 8
5.000153 31 8 8
5.000153 32 8 8
5.000153 33 10 10
5.000153 34 8 8
5.000153 35 9 9
5.000153 36 8 8
5.000153 37 8 8
5.000153 38 12 12
5.000153 39 9 9
5.000153 40 10 10
5.000153 41 9 9
5.000153 42 7 7
5.000153 43 8 8
5.000153 44 10 10
5.000153 45 10 10
5.000153 46 11 11
5.000153 47 10 10
5.000153 48 10 10
5.000153 49 10 10
5.000153 50 11 11
5.000153 51 8 8
5.000153 52 11 11
5.000153 53 8 8
5.000153 54 8 8
5.000153 55 10 10
5.000153 56 8 8
5.000153 57 10 10
5.000153 58 11 11
5.000153 59 11 11
5.000153 60 10 10
5.000153 61 9 9
5.000153 62 11 11
5.000153 63 8 8
5.000153 64 10 10
5.000153 65 8 8
5.000153 66 9 9
5.000153 67 9 9
5.000153 68 9 9
5.000153 70 5 5
5.000153 71 9 9
5.000153 72 8 8
5.000153 73 8 8
5.000153 74 9 9
5.000153 75 8 8
5.000153 76 1 1
5.000153 77 12 12
5.000153 78 3 3
5.000153 79 8 8
5.000153 80 11 11
5.000153 81 6 6
5.000153 83 8 8
5.000153 84 8 8
5.000153 85 8 8
5.000153 86 8 8
5.000153 87 9 9
5.000153 88 11 11
5.000153 89 8 8
5.000153 90 8 8
5.000153 91 8 8
5.000153 92 9 9
5.000153 93 11 11
5.000153 94 10 10
5.000153 95 8 8
5.000153 96 8 8
5.000153 97 9 9
5.000153 98 8 8
5.000153 100 9 9
5.000153 102 8 8
5.000153 103 10 10
5.000153 104 8 8
5.000153 105 10 10
5.000153 106 8 8
5.000153 107 9 9
5.000153 108 9 9
5.000153 109 8 8
5.000153 110 9 9
5.000153 111 8 8
5.000153 112 9 9
5.000153 113 8 8
5.000153 114 10 10
5.000153 115 9 9
5.000153 116 10 10
5.000153 117 10 10
5.000153 118 8 8
5.000153 119 10 10
5.000153 120 8 8
5.000153 121 8 8
5.000153 122 8 8
5.000153 123 8 8
5.000153 124 8 8
5.000153 125 8 8
5.000153 127 8 8
5.000153 128 8 8
5.000153 129 10 10
5.000153 130 8 8
5.000153 131 10 10
5.000153 132 9 9
5.000153 134 9 9
5.000153 136 8 8
5.000153 137 8 8
5.000153 138 14 14
5.000153 139 9 9
5.000153 140 10 10
5.000153 141 8 8
5.000153 142 2 2
5.000153 143 10 10
5.000153 144 8 8
5.000153 145 10 10
5.000153 146 5 5
5.000153 147 8 8
5.000153 148 9 9
5.000153 150 8 8
5.000153 151 12 12
5.000153 152 10 10
5.000153 153 9 9
5.000153 154 9 9
5.000153 155 9 9
5.000153 156 13 13
5.000153 157 13 13
5.000153 158 8 8
5.000153 159 9 9
5.000153 160 10 10
5.000153 161 8 8
5.000153 162 10 10
5.000153 163 8 8
5.000153 164 8 8
5.000153 165 10 10
5.000153 167 8 8
5.000153 168 8 8
5.000153 169 8 8
5.000153 171 8 8
5.000153 172 11 11
5.000153 173 11 11
5.000153 174 8 8
5.000153 176 8 8
5.000153 177 8 8
5.000153 178 10 10
5.000153 179 9 9
5.000153 180 8 8
5.000153 181 10 10
5.000153 182 9 9
5.000153 183 8 8
5.000153 184 11 11
5.000153 185 9 9
5.000153 187 11 11
5.000153 188 7 7
5.000153 189 10 10
5.000153 190 10 10
5.000153 192 8 8
5.000153 193 10 10
5.000153 195 8 8
5.000153 196 10 10
5.000153 197 8 8
5.000153 198 7 7
5.000153 200 10 10
5.000153 201 9 9
5.000153 202 4 4
5.000153 203 9 9
5.000153 204 12 12
5.000153 205 10 10
5.000153 206 10 10
5.000153 207 8 8
5.000153 208 10 10
5.000153 209 11 11
5.000153 210 8 8
5.000153 211 11 11
5.000153 212 9 9
5.000153 213 8 8
5.000153 214 8 8
5.000153 215 11 11
5.000153 216 9 9
5.000153 217 8 8
5.000153 218 9 9
5.000153 219 9 9
5.000153 220 7 7
5.000153 221 10 10
5.000153 222 8 8
5.000153 223 10 10
5.000153 224 10 10
5.000153 226 8 8
5.000153 227 8 8
5.000153 229 9 9
5.000153 230 7 7
5.000153 231 8 8
5.000153 233 9 9
5.000153 234 9 9
5.000153 235 9 9
5.000153 236 9 9
5.000153 237 8 8
5.000153 238 9 9
5.000153 239 8 8
5.000153 240 9 9
5.000153 241 9 9
5.000153 242 8 8
5.000153 243 8 8
5.000153 244 8 8
5.000153 245 8 8
5.000153 246 10 10
5.000153 247 11 11
5.000153 248 9 9
5.000153 249 9 9
5.000153 250 11 11
5.000153 252 11 11
5.000153 253 12 12
5.000153 254 10 10
5.000153 255 10 10
5.000153 256 9 9
5.000153 258 8 8
5.000153 259 8 8
5.000153 260 10 10
5.000153 261 10 10
5.000153 262 8 8
5.000153 263 8 8
5.000153 264 11 11
5.000153 265 8 8
5.000153 266 8 8
5.000153 268 8 8
5.000153 269 10 10
5.000153 270 12 12
5.000153 271 10 10
5.000153 272 8 8
5.000153 273 10 10
5.000153 274 11 11
5.000153 275 11 11
5.000153 276 8 8
5.000153 277 9 9
5.000153 278 7 7
5.000153 279 8 8
5.000153 280 8 8
5.000153 281 10 10
5.000153 282 9 9
5.000153 283 9 9
5.000153 284 8 8
5.000153 285 8 8
5.000153 286 7 7
5.000153 287 12 12
5.000153 289 10 10
5.000153 290 11 11
5.000153 291 8 8
5.000153 292 8 8
5.000153 293 10 10
5.000153 294 9 9
5.000153 295 9 9
5.000153 296 7 7
5.000153 297 8 8
5.000153 298 12 12
5.000153 299 9 9
5.000153 300 8 8
5.000153 301 11 11
5.000153 302 9 9
5.000153 303 2 2
5.000153 304 11 11
5.000153 305 10 10
5.000153 306 10 10
5.000153 307 12 12
5.000153 308 11 11
5.000153 309 11 11
5.000153 310 7 7
5.000153 311 9 9
5.000153 312 8 8
5.000153 313 8 8
5.000153 314 10 10
5.000153 315 8 8
5.000153 316 8 8
5.000153 317 8 8
5.000153 318 8 8
5.000153 319 9 9
5.000153 320 9 9
5.000153 321 10 10
5.000153 322 10 10
5.000153 323 10 10
5.000153 324 10 10
5.000153 325 13 13
5.000153 326 10 10
5.000153 327 9 9
5.000153 328 8 8
5.000153 329 11 11
5.000153 330 8 8
5.000153 331 8 8
5.000153 332 8 8
5.000153 333 9 9
5.000153 334 9 9
5.000153 335 9 9
5.000153 336 8 8
5.000153 337 8 8
5.000153 338 10 10
5.000153 339 7 7
5.000153 340 9 9
5.000153 342 9 9
5.000153 343 10 10
5.000153 344 7 7
5.000153 345 8 8
5.000153 346 10 10
5.000153 347 10 10
5.000153 348 8 8
5.000153 349 12 12
5.000153 350 10 10
5.000153 351 8 8
5.000153 352 10 10
5.000153 353 8 8
5.000153 354 8 8
5.000153 356 10 10
5.000153 357 9 9
5.000153 358 13 13
5.000153 359 11 11
5.000153 360 13 13
5.000153 361 12 12
5.000153 362 9 9
5.000153 363 9 9
5.000153 364 7 7
5.000153 365 9 9
5.000153 367 10 10
5.000153 368 8 8
5.000153 369 7 7
5.000153 370 8 8
5.000153 371 12 12
5.000153 372 8 8
5.000153 373 9 9
5.000153 374 10 10
5.000153 375 9 9
5.000153 377 10 10
5.000153 378 9 9
5.000153 379 11 11
5.000153 380 9 9
5.000153 381 8 8
5.000153 382 7 7
5.000153 383 9 9
5.000153 385 9 9
5.000153 386 8 8
5.000153 388 9 9
5.000153 389 9 9
5.000153 390 8 8
5.000153 391 11 11
5.000153 392 6 6
5.000153 393 9 9
5.000153 394 11 11
5.000153 395 8 8
5.000153 397 8 8
5.000153 398 8 8
5.000153 399 9 9
5.000153 400 8 8
5.000153 401 8 8
5.000153 402 5 5
5.000153 404 11 11
5.000153 405 6 6
5.000153 406 9 9
5.000153 407 12 12
5.000153 408 8 8
5.000153 409 9 9
5.000153 411 9 9
5.000153 412 10 10
5.000153 413 10 10
5.000153 414 9 9
5.000153 415 12 12
5.000153 416 8 8
5.000153 417 9 9
5.000153 419 14 14
5.000153 420 10 10
5.000153 421 10 10
5.000153 423 9 9
5.000153 424 10 10
5.000153 425 8 8
5.000153 427 10 10
5.000153 429 10 10
5.000153 430 9 9
5.000153 431 12 12
5.000153 432 9 9
5.000153 434 9 9
5.000153 435 10 10
5.000153 436 8 8
5.000153 437 9 9
5.000153 438 9 9
5.000153 439 9 9
5.000153 440 8 8
5.000153 441 9 9
5.000153 442 8 8
5.000153 443 9 9
5.000153 444 8 8
5.000153 445 8 8
5.000153 446 8 8
5.000153 447 9 9
5.000153 448 9 9
5.000153 449 10 10
5.000153 450 6 6
5.000153 451 8 8
5.000153 453 11 11
5.000153 454 10 10
5.000153 456 8 8
5.000153 457 10 10
5.000153 458 13 13
5.000153 459 9 9
5.000153 460 10 10
5.000153 461 8 8
5.000153 462 10 10
5.000153 463 8 8
5.000153 464 9 9
5.000153 465 10 10
5.000153 466 10 10
5.000153 467 8 8
5.000153 468 4 4
5.000153 469 8 8
5.000153 470 8 8
5.000153 471 8 8
5.000153 473 10 10
5.000153 474 12 12
5.000153 475 8 8
5.000153 476 8 8
5.000153 477 8 8
5.000153 478 8 8
5.000153 479 8 8
5.000153 480 10 10
5.000153 481 8 8
5.000153 482 8 8
5.000153 483 8 8
5.000153 484 8 8
5.000153 485 8 8
5.000153 486 8 8
5.000153 488 8 8
5.000153 489 8 8
5.000153 490 9 9
5.000153 491 8 8
5.000153 492 9 9
5.000153 493 9 9
5.000153 495 8 8
5.000153 496 8 8
5.000153 497 9 9
5.000153 498 8 8
5.000153 499 7 7
5.000153 500 10 10
5.000153 501 8 8
5.000153 502 9 9
5.000153 503 10 10
5.000153 504 8 8
5.000153 505 8 8
5.000153 506 8 8
5.000153 507 10 10
5.000153 508 10 10
5.000153 509 8 8
5.000153 510 10 10
5.000153 511 9 9
5.000153 512 8 8
5.000153 513 12 12
5.000153 515 9 9
5.000153 516 9 9
5.000153 517 9 9
5.000153 518 8 8
5.000153 519 8 8
5.000153 521 8 8
5.000153 522 9 9
5.000153 523 8 8
5.000153 524 9 9
5.000153 525 10 10
5.000153 526 10 10
5.000153 527 10 10
5.000153 528 10 10
5.000153 529 12 12
5.000153 530 8 8
5.000153 531 7 7
5.000153 532 10 10
5.000153 533 9 9
5.000153 534 8 8
5.000153 535 8 8
5.000153 537 10 10
5.000153 538 9 9
5.000153 539 9 9
5.000153 540 9 9
5.000153 541 8 8
5.000153 542 11 11
5.000153 543 9 9
5.000153 544 10 10
5.000153 545 8 8
5.000153 546 10 10
5.000153 547 8 8
5.000153 548 8 8
5.000153 549 9 9
6.000183 2 16 16
6.000183 3 14 14
6.000183 4 15 15
6.000183 6 16 16
6.000183 7 13 13
6.000183 9 16 16
6.000183 10 14 14
6.000183 11 15 15
6.000183 12 16 16
6.000183 14 15 15
6.000183 15 15 15
6.000183 17 15 15
6.000183 18 14 14
6.000183 19 1 1
6.000183 20 12 12
6.000183 22 18 18
6.000183 24 15 15
6.000183 25 13 13
6.000183 26 15 15
6.000183 27 15 15
6.000183 28 16 16
6.000183 29 11 11
6.000183 30 13 13
6.000183 31 14 14
6.000183 32 15 15
6.000183 33 15 15
6.000183 34 2 2
6.000183 35 15 15
6.000183 36 14 14
6.000183 37 12 12
6.000183 38 16 16
6.000183 39 16 16
6.000183 45 17 17
6.000183 47 19 19
6.000183 48 14 14
6.000183 49 17 17
6.000183 50 7 7
6.000183 51 16 16
6.000183 52 18 18
6.000183 53 17 17
6.000183 54 16 16
6.000183 56 13 13
6.000183 57 16 16
6.000183 58 18 18
6.000183 61 15 15
6.000183 62 15 15
6.000183 63 16 16
6.000183 64 16 16
6.000183 66 16 16
6.000183 68 14 14
6.000183 71 15 15
6.000183 72 14 14
6.000183 73 14 14
6.000183 75 16 16
6.000183 77 17 17
6.000183 79 13 13
6.000183 80 17 17
6.000183 83 16 16
6.000183 84 16 16
6.000183 85 15 15
6.000183 86 16 16
6.000183 87 16 16
6.000183 88 18 18
6.000183 89 15 15
6.000183 90 15 15
6.000183 92 16 16
6.000183 93 18 18
6.000183 94 17 17
6.000183 95 13 13
6.000183 96 14 14
6.000183 97 16 16
6.000183 98 15 15
6.000183 100 16 16
6.000183 103 15 15
6.000183 104 10 10
6.000183 105 14 14
6.000183 108 18 18
6.000183 110 13 13
6.000183 111 11 11
6.000183 112 17 17
6.000183 114 18 18
6.000183 116 17 17
6.000183 119 17 17
6.000183 120 16 16
6.000183 122 15 15
6.000183 123 15 15
6.000183 124 16 16
6.000183 125 4 4
6.000183 127 14 14
6.000183 128 16 16
6.000183 129 15 15
6.000183 130 14 14
6.000183 131 17 17
6.000183 132 17 17
6.000183 134 12 12
6.000183 136 16 16
6.000183 137 16 16
6.000183 138 24 24
6.000183 139 10 10
6.000183 140 16 16
6.000183 141 15 15
6.000183 143 16 16
6.000183 144 14 14
6.000183 145 17 17
6.000183 147 13 13
6.000183 148 14 14
6.000183 150 16 16
6.000183 151 16 16
6.000183 152 17 17
6.000183 153 15 15
6.000183 154 16 16
6.000183 155 2 2
6.000183 157 18 18
6.000183 158 4 4
6.000183 159 15 15
6.000183 160 17 17
6.000183 164 15 15
6.000183 165 16 16
6.000183 167 12 12
6.000183 168 16 16
6.000183 169 15 15
6.000183 171 15 15
6.000183 173 17 17
6.000183 177 14 14
6.000183 178 17 17
6.000183 179 16 16
6.000183 180 15 15
6.000183 181 16 16
6.000183 182 14 14
6.000183 183 12 12
6.000183 184 19 19
6.000183 185 12 12
6.000183 187 17 17
6.000183 188 13 13
6.000183 189 16 16
6.000183 190 12 12
6.000183 192 16 16
6.000183 195 16 16
6.000183 196 13 13
6.000183 198 13 13
6.000183 200 13 13
6.000183 201 17 17
6.000183 203 16 16
6.000183 204 18 18
6.000183 205 19 19
6.000183 206 16 16
6.000183 207 15 15
6.000183 208 17 17
6.000183 209 17 17
6.000183 210 14 14
6.000183 211 20 20
6.000183 213 15 15
6.000183 214 14 14
6.000183 215 14 14
6.000183 216 1 1
6.000183 217 14 14
6.000183 218 14 14
6.000183 219 2 2
6.000183 220 12 12
6.000183 221 16 16
6.000183 222 14 14
6.000183 223 16 16
6.000183 224 15 15
6.000183 227 15 15
6.000183 229 14 14
6.000183 230 13 13
6.000183 233 17 17
6.000183 236 16 16
6.000183 237 14 14
6.000183 238 16 16
6.000183 239 14 14
6.000183 240 16 16
6.000183 242 15 15
6.000183 243 15 15
6.000183 245 10 10
6.000183 246 14 14
6.000183 247 16 16
6.000183 248 15 15
6.000183 249 16 16
6.000183 250 17 17
6.000183 252 14 14
6.000183 253 17 17
6.000183 254 15 15
6.000183 256 16 16
6.000183 258 15 15
6.000183 259 14 14
6.000183 261 17 17
6.000183 262 15 15
6.000183 263 15 15
6.000183 264 17 17
6.000183 266 15 15
6.000183 268 15 15
6.000183 269 15 15
6.000183 270 13 13
6.000183 271 15 15
6.000183 273 18 18
6.000183 275 18 18
6.000183 277 16 16
6.000183 279 12 12
6.000183 280 14 14
6.000183 281 16 16
6.000183 282 16 16
6.000183 284 14 14
6.000183 285 14 14
6.000183 287 18 18
6.000183 289 17 17
6.000183 291 14 14
6.000183 292 16 16
6.000183 293 15 15
6.000183 294 16 16
6.000183 295 17 17
6.000183 296 10 10
6.000183 297 16 16
6.000183 299 14 14
6.000183 300 13 13
6.000183 301 17 17
6.000183 304 19 19
6.000183 305 16 16
6.000183 306 17 17
6.000183 307 20 20
6.000183 308 15 15
6.000183 309 19 19
6.000183 310 13 13
6.000183 311 16 16
6.000183 312 16 16
6.000183 313 12 12
6.000183 314 14 14
6.000183 315 11 11
6.000183 317 13 13
6.000183 318 17 17
6.000183 319 17 17
6.000183 320 15 15
6.000183 322 16 16
6.000183 324 17 17
6.000183 325 19 19
6.000183 326 16 16
6.000183 327 9 9
6.000183 328 13 13
6.000183 330 14 14
6.000183 331 13 13
6.000183 332 14 14
6.000183 333 14 14
6.000183 335 12 12
6.000183 336 16 16
6.000183 337 12 12
6.000183 338 16 16
6.000183 339 13 13
6.000183 340 15 15
6.000183 342 13 13
6.000183 343 1 1
6.000183 345 9 9
6.000183 346 15 15
6.000183 347 16 16
6.000183 348 14 14
6.000183 350 15 15
6.000183 351 14 14
6.000183 352 17 17
6.000183 353 16 16
6.000183 354 16 16
6.000183 356 16 16
6.000183 357 17 17
6.000183 360 17 17
6.000183 361 4 4
6.000183 362 19 19
6.000183 363 15 15
6.000183 364 11 11
6.000183 365 17 17
6.000183 367 17 17
6.000183 368 15 15
6.000183 370 16 16
6.000183 371 14 14
6.000183 372 12 12
6.000183 373 15 15
6.000183 377 16 16
6.000183 378 16 16
6.000183 380 17 17
6.000183 381 15 15
6.000183 382 11 11
6.000183 383 10 10
6.000183 385 16 16
6.000183 386 2 2
6.000183 388 15 15
6.000183 389 17 17
6.000183 390 14 14
6.000183 393 14 14
6.000183 394 17 17
6.000183 395 15 15
6.000183 397 10 10
6.000183 400 14 14
6.000183 401 14 14
6.000183 406 16 16
6.000183 408 16 16
6.000183 409 9 9
6.000183 412 14 14
6.000183 413 17 17
6.000183 414 15 15
6.000183 416 2 2
6.000183 417 16 16
6.000183 419 21 21
6.000183 420 16 16
6.000183 421 17 17
6.000183 423 15 15
6.000183 424 16 16
6.000183 425 1 1
6.000183 427 14 14
6.000183 429 19 19
6.000183 430 16 16
6.000183 431 18 18
6.000183 432 16 16
6.000183 434 14 14
6.000183 435 17 17
6.000183 436 14 14
6.000183 437 16 16
6.000183 438 15 15
6.000183 440 12 12
6.000183 441 14 14
6.000183 442 15 15
6.000183 445 15 15
6.000183 446 12 12
6.000183 448 17 17
6.000183 449 15 15
6.000183 453 17 17
6.000183 454 16 16
6.000183 456 16 16
6.000183 457 16 16
6.000183 458 18 18
6.000183 459 15 15
6.000183 460 18 18
6.000183 462 17 17
6.000183 463 15 15
6.000183 464 15 15
6.000183 466 15 15
6.000183 467 15 15
6.000183 469 14 14
6.000183 470 13 13
6.000183 471 16 16
6.000183 473 17 17
6.000183 474 20 20
6.000183 475 16 16
6.000183 477 12 12
6.000183 479 15 15
6.000183 480 18 18
6.000183 481 15 15
6.000183 482 13 13
6.000183 483 12 12
6.000183 484 16 16
6.000183 485 16 16
6.000183 486 16 16
6.000183 488 14 14
6.000183 490 15 15
6.000183 492 16 16
6.000183 493 14 14
6.000183 495 13 13
6.000183 496 14 14
6.000183 497 16 16
6.000183 498 16 16
6.000183 501 14 14
6.000183 502 17 17
6.000183 503 14 14
6.000183 505 13 13
6.000183 506 15 15
6.000183 508 16 16
6.000183 509 15 15
6.000183 510 16 16
6.000183 511 15 15
6.000183 512 4 4
6.000183 515 17 17
6.000183 516 17 17
6.000183 517 2 2
6.000183 518 16 16
6.000183 521 13 13
6.000183 522 15 15
6.000183 523 11 11
6.000183 524 17 17
6.000183 525 13 13
6.000183 526 2 2
6.000183 527 18 18
6.000183 528 16 16
6.000183 530 15 15
6.000183 531 13 13
6.000183 532 16 16
6.000183 534 14 14
6.000183 535 16 16
6.000183 537 16 16
6.000183 539 16 16
6.000183 540 15 15
6.000183 541 10 10
6.000183 542 16 16
6.000183 545 16 16
6.000183 547 15 15
6.000183 548 16 16
6.000183 549 16 16
7.000214 2 28 28
7.000214 3 23 23
7.000214 4 3 3
7.000214 9 31 31
7.000214 11 23 23
7.000214 12 19 19
7.000214 14 21 21
7.000214 17 25 25
7.000214 18 18 18
7.000214 20 18 18
7.000214 22 27 27
7.000214 26 12 12
7.000214 27 21 21
7.000214 29 21 21
7.000214 30 19 19
7.000214 31 20 20
7.000214 32 19 19
7.000214 33 25 25
7.000214 35 26 26
7.000214 36 22 22
7.000214 37 4 4
7.000214 38 18 18
7.000214 39 21 21
7.000214 45 26 26
7.000214 47 29 29
7.000214 48 1 1
7.000214 51 1 1
7.000214 53 5 5
7.000214 54 22 22
7.000214 56 21 21
7.000214 57 26 26
7.000214 58 28 28
7.000214 62 26 26
7.000214 63 16 16
7.000214 64 27 27
7.000214 66 8 8
7.000214 68 25 25
7.000214 72 18 18
7.000214 73 21 21
7.000214 75 23 23
7.000214 77 31 31
7.000214 80 26 26
7.000214 84 22 22
7.000214 85 24 24
7.000214 86 23 23
7.000214 87 27 27
7.000214 88 30 30
7.000214 89 25 25
7.000214 90 24 24
7.000214 92 2 2
7.000214 94 23 23
7.000214 95 18 18
7.000214 100 23 23
7.000214 103 25 25
7.000214 112 24 24
7.000214 114 30 30
7.000214 119 23 23
7.000214 122 21 21
7.000214 124 5 5
7.000214 128 16 16
7.000214 129 26 26
7.000214 130 17 17
7.000214 136 22 22
7.000214 137 26 26
7.000214 138 35 35
7.000214 140 28 28
7.000214 141 18 18
7.000214 143 24 24
7.000214 144 18 18
7.000214 145 30 30
7.000214 148 22 22
7.000214 151 27 27
7.000214 152 20 20
7.000214 153 21 21
7.000214 154 28 28
7.000214 157 32 32
7.000214 159 23 23
7.000214 160 25 25
7.000214 164 25 25
7.000214 165 29 29
7.000214 168 21 21
7.000214 173 30 30
7.000214 177 25 25
7.000214 178 25 25
7.000214 179 28 28
7.000214 180 22 22
7.000214 181 28 28
7.000214 182 22 22
7.000214 183 11 11
7.000214 184 25 25
7.000214 185 19 19
7.000214 187 2 2
7.000214 188 19 19
7.000214 189 25 25
7.000214 192 23 23
7.000214 195 24 24
7.000214 200 24 24
7.000214 201 29 29
7.000214 204 26 26
7.000214 207 23 23
7.000214 208 25 25
7.000214 209 31 31
7.000214 210 21 21
7.000214 211 27 27
7.000214 213 19 19
7.000214 215 25 25
7.000214 218 25 25
7.000214 220 20 20
7.000214 221 23 23
7.000214 222 19 19
7.000214 223 7 7
7.000214 224 25 25
7.000214 227 19 19
7.000214 233 30 30
7.000214 236 24 24
7.000214 237 21 21
7.000214 238 18 18
7.000214 239 24 24
7.000214 240 29 29
7.000214 242 12 12
7.000214 243 26 26
7.000214 246 23 23
7.000214 249 24 24
7.000214 250 6 6
7.000214 252 26 26
7.000214 256 25 25
7.000214 259 24 24
7.000214 261 29 29
7.000214 262 21 21
7.000214 263 20 20
7.000214 266 15 15
7.000214 269 27 27
7.000214 273 27 27
7.000214 275 27 27
7.000214 277 21 21
7.000214 281 7 7
7.000214 282 25 25
7.000214 284 19 19
7.000214 285 22 22
7.000214 287 8 8
7.000214 289 29 29
7.000214 291 19 19
7.000214 292 25 25
7.000214 294 27 27
7.000214 295 26 26
7.000214 296 17 17
7.000214 297 27 27
7.000214 299 25 25
7.000214 300 17 17
7.000214 301 25 25
7.000214 305 28 28
7.000214 306 28 28
7.000214 307 28 28
7.000214 308 29 29
7.000214 310 19 19
7.000214 311 25 25
7.000214 313 17 17
7.000214 314 22 22
7.000214 317 22 22
7.000214 318 26 26
7.000214 319 24 24
7.000214 322 23 23
7.000214 325 20 20
7.000214 326 26 26
7.000214 328 21 21
7.000214 331 18 18
7.000214 333 24 24
7.000214 336 12 12
7.000214 337 20 20
7.000214 339 18 18
7.000214 340 22 22
7.000214 342 22 22
7.000214 346 23 23
7.000214 347 9 9
7.000214 348 3 3
7.000214 350 27 27
7.000214 353 24 24
7.000214 354 27 27
7.000214 356 3 3
7.000214 362 30 30
7.000214 364 17 17
7.000214 367 31 31
7.000214 368 22 22
7.000214 370 24 24
7.000214 371 28 28
7.000214 373 20 20
7.000214 378 7 7
7.000214 380 24 24
7.000214 381 20 20
7.000214 385 21 21
7.000214 388 22 22
7.000214 389 24 24
7.000214 390 14 14
7.000214 394 29 29
7.000214 395 16 16
7.000214 401 21 21
7.000214 406 2 2
7.000214 412 23 23
7.000214 413 20 20
7.000214 414 25 25
7.000214 417 24 24
7.000214 420 24 24
7.000214 421 30 30
7.000214 424 29 29
7.000214 431 30 30
7.000214 434 25 25
7.000214 435 25 25
7.000214 436 21 21
7.000214 437 24 24
7.000214 438 21 21
7.000214 442 24 24
7.000214 446 19 19
7.000214 448 28 28
7.000214 449 26 26
7.000214 453 30 30
7.000214 459 24 24
7.000214 460 27 27
7.000214 462 27 27
7.000214 463 19 19
7.000214 466 13 13
7.000214 467 2 2
7.000214 469 21 21
7.000214 470 23 23
7.000214 473 23 23
7.000214 474 33 33
7.000214 480 30 30
7.000214 481 23 23
7.000214 482 24 24
7.000214 483 20 20
7.000214 486 7 7
7.000214 488 24 24
7.000214 490 21 21
7.000214 492 26 26
7.000214 493 22 22
7.000214 495 18 18
7.000214 496 20 20
7.000214 497 29 29
7.000214 498 28 28
7.000214 502 25 25
7.000214 505 20 20
7.000214 506 18 18
7.000214 508 28 28
7.000214 509 22 22
7.000214 510 25 25
7.000214 516 25 25
7.000214 518 27 27
7.000214 521 21 21
7.000214 522 24 24
7.000214 524 29 29
7.000214 525 25 25
7.000214 527 4 4
7.000214 528 27 27
7.000214 530 22 22
7.000214 531 21 21
7.000214 532 25 25
7.000214 534 23 23
7.000214 535 23 23
7.000214 537 25 25
7.000214 539 25 25
7.000214 540 25 25
7.000214 541 20 20
7.000214 545 25 25
7.000214 547 22 22
7.000214 548 28 28
7.000214 549 25 25
8.000244 2 42 42
8.000244 9 41 41
8.000244 17 34 34
8.000244 18 31 31
8.000244 20 31 31
8.000244 22 43 43
8.000244 27 40 40
8.000244 29 33 33
8.000244 30 32 32
8.000244 31 30 30
8.000244 32 32 32
8.000244 33 40 40
8.000244 35 39 39
8.000244 39 37 37
8.000244 45 39 39
8.000244 47 48 48
8.000244 54 39 39
8.000244 56 16 16
8.000244 57 39 39
8.000244 58 41 41
8.000244 68 31 31
8.000244 72 31 31
8.000244 73 33 33
8.000244 75 34 34
8.000244 77 44 44
8.000244 80 44 44
8.000244 85 37 37
8.000244 86 16 16
8.000244 87 20 20
8.000244 90 32 32
8.000244 100 33 33
8.000244 103 41 41
8.000244 114 48 48
8.000244 122 31 31
8.000244 136 2 2
8.000244 140 4 4
8.000244 143 38 38
8.000244 144 33 33
8.000244 145 41 41
8.000244 148 39 39
8.000244 151 36 36
8.000244 153 27 27
8.000244 157 38 38
8.000244 159 37 37
8.000244 160 44 44
8.000244 164 32 32
8.000244 165 41 41
8.000244 168 37 37
8.000244 173 11 11
8.000244 177 35 35
8.000244 178 40 40
8.000244 179 40 40
8.000244 180 35 35
8.000244 181 43 43
8.000244 188 26 26
8.000244 189 34 34
8.000244 192 32 32
8.000244 195 38 38
8.000244 200 39 39
8.000244 201 41 41
8.000244 204 45 45
8.000244 207 34 34
8.000244 208 16 16
8.000244 210 33 33
8.000244 211 48 48
8.000244 213 32 32
8.000244 215 39 39
8.000244 218 40 40
8.000244 220 30 30
8.000244 221 40 40
8.000244 224 38 38
8.000244 227 15 15
8.000244 233 42 42
8.000244 236 30 30
8.000244 237 35 35
8.000244 239 34 34
8.000244 240 37 37
8.000244 243 37 37
8.000244 246 33 33
8.000244 249 38 38
8.000244 259 7 7
8.000244 261 43 43
8.000244 263 33 33
8.000244 269 1 1
8.000244 273 23 23
8.000244 282 37 37
8.000244 285 36 36
8.000244 289 4 4
8.000244 291 34 34
8.000244 292 33 33
8.000244 295 42 42
8.000244 299 42 42
8.000244 300 31 31
8.000244 306 38 38
8.000244 308 46 46
8.000244 310 28 28
8.000244 313 31 31
8.000244 314 37 37
8.000244 317 32 32
8.000244 318 40 40
8.000244 322 22 22
8.000244 326 40 40
8.000244 328 34 34
8.000244 337 31 31
8.000244 342 8 8
8.000244 346 2 2
8.000244 350 40 40
8.000244 353 36 36
8.000244 354 7 7
8.000244 362 50 50
8.000244 364 30 30
8.000244 367 45 45
8.000244 368 35 35
8.000244 370 33 33
8.000244 373 33 33
8.000244 380 36 36
8.000244 381 33 33
8.000244 388 35 35
8.000244 389 39 39
8.000244 394 46 46
8.000244 401 34 34
8.000244 412 40 40
8.000244 414 37 37
8.000244 417 24 24
8.000244 420 38 38
8.000244 421 48 48
8.000244 431 46 46
8.000244 434 38 38
8.000244 435 42 42
8.000244 436 2 2
8.000244 438 35 35
8.000244 442 35 35
8.000244 448 41 41
8.000244 449 41 41
8.000244 459 3 3
8.000244 460 42 42
8.000244 462 40 40
8.000244 463 33 33
8.000244 470 33 33
8.000244 473 5 5
8.000244 474 48 48
8.000244 480 48 48
8.000244 481 39 39
8.000244 482 37 37
8.000244 483 25 25
8.000244 488 37 37
8.000244 490 30 30
8.000244 492 4 4
8.000244 493 35 35
8.000244 496 32 32
8.000244 498 39 39
8.000244 502 38 38
8.000244 505 7 7
8.000244 506 32 32
8.000244 508 42 42
8.000244 509 36 36
8.000244 516 4 4
8.000244 518 14 14
8.000244 521 21 21
8.000244 522 39 39
8.000244 524 39 39
8.000244 525 34 34
8.000244 528 40 40
8.000244 530 33 33
8.000244 532 37 37
8.000244 535 29 29
8.000244 537 36 36
8.000244 539 38 38
8.000244 540 40 40
8.000244 541 12 12
8.000244 545 39 39
8.000244 547 38 38
8.000244 548 40 40
9.000275 2 38 38
9.000275 9 68 68
9.000275 18 26 26
9.000275 20 26 26
9.000275 22 10 10
9.000275 27 65 65
9.000275 29 47 47
9.000275 30 52 52
9.000275 31 49 49
9.000275 32 53 53
9.000275 33 65 65
9.000275 35 62 62
9.000275 45 67 67
9.000275 47 1 1
9.000275 54 27 27
9.000275 57 59 59
9.000275 58 70 70
9.000275 68 3 3
9.000275 73 37 37
9.000275 75 16 16
9.000275 77 36 36
9.000275 80 57 57
9.000275 85 61 61
9.000275 90 15 15
9.000275 103 61 61
9.000275 114 70 70
9.000275 122 47 47
9.000275 143 65 65
9.000275 144 56 56
9.000275 145 21 21
9.000275 148 1 1
9.000275 159 62 62
9.000275 160 3 3
9.000275 164 55 55
9.000275 165 1 1
9.000275 168 63 63
9.000275 178 68 68
9.000275 179 49 49
9.000275 180 58 58
9.000275 188 45 45
9.000275 192 57 57
9.000275 195 29 29
9.000275 200 61 61
9.000275 201 66 66
9.000275 204 73 73
9.000275 207 21 21
9.000275 210 54 54
9.000275 211 75 75
9.000275 213 52 52
9.000275 215 4 4
9.000275 218 67 67
9.000275 220 47 47
9.000275 221 61 61
9.000275 224 61 61
9.000275 233 43 43
9.000275 237 59 59
9.000275 239 61 61
9.000275 240 27 27
9.000275 243 56 56
9.000275 246 9 9
9.000275 249 67 67
9.000275 261 71 71
9.000275 263 57 57
9.000275 282 64 64
9.000275 285 58 58
9.000275 291 53 53
9.000275 295 10 10
9.000275 300 51 51
9.000275 306 9 9
9.000275 308 65 65
9.000275 310 47 47
9.000275 313 48 48
9.000275 314 56 56
9.000275 317 54 54
9.000275 318 61 61
9.000275 326 48 48
9.000275 328 51 51
9.000275 350 67 67
9.000275 353 62 62
9.000275 362 73 73
9.000275 364 46 46
9.000275 367 71 71
9.000275 368 56 56
9.000275 373 54 54
9.000275 381 62 62
9.000275 388 6 6
9.000275 389 1 1
9.000275 394 69 69
9.000275 401 54 54
9.000275 412 64 64
9.000275 414 65 65
9.000275 420 62 62
9.000275 421 16 16
9.000275 431 57 57
9.000275 435 70 70
9.000275 438 16 16
9.000275 442 48 48
9.000275 448 67 67
9.000275 449 65 65
9.000275 460 67 67
9.000275 462 34 34
9.000275 463 36 36
9.000275 481 28 28
9.000275 482 52 52
9.000275 488 63 63
9.000275 493 55 55
9.000275 496 55 55
9.000275 498 64 64
9.000275 502 36 36
9.000275 506 57 57
9.000275 508 69 69
9.000275 509 28 28
9.000275 522 65 65
9.000275 524 69 69
9.000275 528 65 65
9.000275 530 61 61
9.000275 532 63 63
9.000275 539 63 63
9.000275 540 66 66
9.000275 547 6 6
9.000275 548 63 63
10.000305 9 112 112
10.000305 27 95 95
10.000305 29 84 84
10.000305 30 2 2
10.000305 32 77 77
10.000305 33 70 70
10.000305 35 51 51
10.000305 45 102 102
10.000305 57 5 5
10.000305 58 107 107
10.000305 85 94 94
10.000305 103 99 99
10.000305 114 11 11
10.000305 143 85 85
10.000305 144 78 78
10.000305 159 103 103
10.000305 164 91 91
10.000305 168 52 52
10.000305 178 105 105
10.000305 179 12 12
10.000305 180 45 45
10.000305 188 17 17
10.000305 192 90 90
10.000305 200 98 98
10.000305 201 112 112
10.000305 204 118 118
10.000305 210 41 41
10.000305 211 118 118
10.000305 213 81 81
10.000305 218 104 104
10.000305 220 78 78
10.000305 221 97 97
10.000305 224 101 101
10.000305 237 85 85
10.000305 239 100 100
10.000305 243 102 102
10.000305 249 89 89
10.000305 261 59 59
10.000305 263 88 88
10.000305 282 28 28
10.000305 285 67 67
10.000305 291 77 77
10.000305 300 78 78
10.000305 308 73 73
10.000305 310 79 79
10.000305 313 22 22
10.000305 314 34 34
10.000305 317 85 85
10.000305 318 11 11
10.000305 326 1 1
10.000305 328 77 77
10.000305 350 50 50
10.000305 353 96 96
10.000305 362 1 1
10.000305 364 72 72
10.000305 367 121 121
10.000305 368 92 92
10.000305 373 7 7
10.000305 381 84 84
10.000305 401 85 85
10.000305 412 92 92
10.000305 414 98 98
10.000305 420 17 17
10.000305 431 27 27
10.000305 435 108 108
10.000305 442 5 5
10.000305 448 68 68
10.000305 449 43 43
10.000305 460 110 110
10.000305 463 1 1
10.000305 482 87 87
10.000305 488 87 87
10.000305 493 89 89
10.000305 496 79 79
10.000305 498 40 40
10.000305 506 14 14
10.000305 508 13 13
10.000305 524 113 113
10.000305 528 113 113
10.000305 530 49 49
10.000305 532 55 55
10.000305 539 101 101
10.000305 540 90 90
10.000305 548 108 108
11.000336 9 171 171
11.000336 27 100 100
11.000336 29 45 45
11.000336 32 134 134
11.000336 33 15 15
11.000336 45 81 81
11.000336 58 133 133
11.000336 85 155 155
11.000336 103 78 78
11.000336 143 71 71
11.000336 144 135 135
11.000336 159 147 147
11.000336 164 105 105
11.000336 168 3 3
11.000336 178 37 37
11.000336 180 32 32
11.000336 192 120 120
11.000336 200 75 75
11.000336 201 149 149
11.000336 204 151 151
11.000336 210 12 12
11.000336 211 146 146
11.000336 213 114 114
11.000336 218 162 162
11.000336 220 109 109
11.000336 221 156 156
11.000336 224 99 99
11.000336 237 139 139
11.000336 239 145 145
11.000336 243 160 160
11.000336 249 4 4
11.000336 261 1 1
11.000336 263 91 91
11.000336 285 18 18
11.000336 291 65 65
11.000336 300 115 115
11.000336 308 15 15
11.000336 310 72 72
11.000336 313 7 7
11.000336 317 51 51
11.000336 328 42 42
11.000336 353 151 151
11.000336 364 102 102
11.000336 367 153 153
11.000336 368 135 135
11.000336 381 8 8
11.000336 401 129 129
11.000336 412 108 108
11.000336 414 151 151
11.000336 435 165 165
11.000336 448 30 30
11.000336 460 93 93
11.000336 482 11 11
11.000336 488 17 17
11.000336 493 145 145
11.000336 496 46 46
11.000336 524 167 167
11.000336 528 138 138
11.000336 530 11 11
11.000336 532 17 17
11.000336 539 154 154
11.000336 540 87 87
11.000336 548 167 167
12.000366 9 168 168
12.000366 27 44 44
12.000366 29 25 25
12.000366 32 195 195
12.000366 45 62 62
12.000366 58 53 53
12.000366 85 163 163
12.000366 103 40 40
12.000366 143 21 21
12.000366 144 220 220
12.000366 159 251 251
12.000366 164 22 22
12.000366 178 18 18
12.000366 180 18 18
12.000366 192 73 73
12.000366 200 56 56
12.000366 201 197 197
12.000366 204 48 48
12.000366 211 107 107
12.000366 213 91 91
12.000366 218 215 215
12.000366 220 143 143
12.000366 221 236 236
12.000366 224 125 125
12.000366 237 214 214
12.000366 239 162 162
12.000366 243 244 244
12.000366 263 65 65
12.000366 291 63 63
12.000366 300 94 94
12.000366 310 39 39
12.000366 317 14 14
12.000366 328 11 11
12.000366 353 242 242
12.000366 364 45 45
12.000366 367 128 128
12.000366 368 147 147
12.000366 401 136 136
12.000366 412 43 43
12.000366 414 249 249
12.000366 435 235 235
12.000366 448 8 8
12.000366 460 73 73
12.000366 493 185 185
12.000366 524 248 248
12.000366 528 112 112
12.000366 539 245 245
12.000366 540 24 24
12.000366 548 249 249
13.000397 9 101 101
13.000397 27 5 5
13.000397 29 12 12
13.000397 32 221 221
13.000397 45 44 44
13.000397 58 20 20
13.000397 85 170 170
13.000397 143 16 16
13.000397 144 299 299
13.000397 159 375 375
13.000397 192 67 67
13.000397 200 45 45
13.000397 201 206 206
13.000397 211 33 33
13.000397 213 69 69
13.000397 218 284 284
13.000397 220 107 107
13.000397 221 233 233
13.000397 224 145 145
13.000397 237 265 265
13.000397 239 98 98
13.000397 243 375 375
13.000397 263 56 56
13.000397 291 32 32
13.000397 300 75 75
13.000397 310 28 28
13.000397 317 1 1
13.000397 353 353 353
13.000397 364 20 20
13.000397 367 96 96
13.000397 368 123 123
13.000397 401 84 84
13.000397 412 35 35
13.000397 414 330 330
13.000397 435 231 231
13.000397 460 46 46
13.000397 493 106 106
13.000397 524 282 282
13.000397 528 107 107
13.000397 539 359 359
13.000397 548 384 384
14.000427 9 75 75
14.000427 32 262 262
14.000427 85 105 105
14.000427 144 384 384
14.000427 159 437 437
14.000427 192 45 45
14.000427 200 23 23
14.000427 201 244 244
14.000427 211 3 3
14.000427 213 34 34
14.000427 218 238 238
14.000427 220 48 48
14.000427 221 165 165
14.000427 224 136 136
14.000427 237 320 320
14.000427 239 39 39
14.000427 243 472 472
14.000427 263 60 60
14.000427 300 72 72
14.000427 310 34 34
14.000427 353 489 489
14.000427 364 22 22
14.000427 367 72 72
14.000427 368 113 113
14.000427 401 44 44
14.000427 412 25 25
14.000427 414 371 371
14.000427 435 188 188
14.000427 460 22 22
14.000427 493 28 28
14.000427 524 287 287
14.000427 528 89 89
14.000427 539 390 390
14.000427 548 502 502
15.000458 9 97 97
15.000458 32 297 297
15.000458 85 39 39
15.000458 144 439 439
15.000458 159 460 460
15.000458 192 10 10
15.000458 200 11 11
15.000458 201 330 330
15.000458 213 19 19
15.000458 218 246 246
15.000458 221 108 108
15.000458 224 139 139
15.000458 237 328 328
15.000458 239 1 1
15.000458 243 488 488
15.000458 263 48 48
15.000458 300 94 94
15.000458 310 10 10
15.000458 353 563 563
15.000458 364 3 3
15.000458 367 71 71
15.000458 368 119 119
15.000458 414 356 356
15.000458 435 132 132
15.000458 460 22 22
15.000458 524 311 311
15.000458 528 69 69
15.000458 539 444 444
15.000458 548 589 589
16.000488 9 114 114
16.000488 32 378 378
16.000488 144 446 446
16.000488 159 405 405
16.000488 201 355 355
16.000488 213 2 2
16.000488 218 275 275
16.000488 221 92 92
16.000488 224 188 188
16.000488 237 383 383
16.000488 243 526 526
16.000488 263 19 19
16.000488 300 133 133
16.000488 353 570 570
16.000488 367 32 32
16.000488 368 117 117
16.000488 414 366 366
16.000488 435 77 77
16.000488 460 12 12
16.000488 524 270 270
16.000488 539 506 506
16.000488 548 642 642
17.000519 9 102 102
17.000519 32 468 468
17.000519 144 466 466
17.000519 159 439 439
17.000519 201 433 433
17.000519 218 247 247
17.000519 221 110 110
17.000519 224 171 171
17.000519 237 520 520
17.000519 243 480 480
17.000519 300 195 195
17.000519 353 515 515
17.000519 367 18 18
17.000519 368 83 83
17.000519 414 307 307
17.000519 435 34 34
17.000519 524 185 185
17.000519 539 500 500
17.000519 548 594 594
18.000549 9 73 73
18.000549 32 587 587
18.000549 144 518 518
18.000549 159 341 341
18.000549 201 487 487
18.000549 218 208 208
18.000549 221 109 109
18.000549 224 141 141
18.000549 237 593 593
18.000549 243 507 507
18.000549 300 150 150
18.000549 353 521 521
18.000549 367 16 16
18.000549 368 37 37
18.000549 414 337 337
18.000549 524 123 123
18.000549 539 512 512
18.000549 548 597 597
19.000580 9 52 52
19.000580 32 714 714
19.000580 144 553 553
19.000580 159 195 195
19.000580 201 501 501
19.000580 218 214 214
19.000580 221 84 84
19.000580 224 160 160
19.000580 237 637 637
19.000580 243 549 549
19.000580 300 100 100
19.000580 353 536 536
19.000580 414 401 401
19.000580 524 70 70
19.000580 539 499 499
19.000580 548 588 588
20.000610 9 7 7
20.000610 32 765 765
20.000610 144 648 648
20.000610 159 187 187
20.000610 201 554 554
20.000610 218 172 172
20.000610 221 72 72
20.000610 224 159 159
20.000610 237 707 707
20.000610 243 518 518
20.000610 300 57 57
20.000610 353 576 576
20.000610 414 395 395
20.000610 524 43 43
20.000610 539 465 465
20.000610 548 597 597
21.000641 32 730 730
21.000641 144 655 655
21.000641 159 211 211
21.000641 201 571 571
21.000641 218 130 130
21.000641 221 26 26
21.000641 224 160 160
21.000641 237 654 654
21.000641 243 508 508
21.000641 300 37 37
21.000641 353 604 604
21.000641 414 444 444
21.000641 524 56 56
21.000641 539 484 484
21.000641 548 579 579
22.000671 32 743 743
22.000671 144 576 576
22.000671 159 170 170
22.000671 201 586 586
22.000671 218 122 122
22.000671 224 150 150
22.000671 237 692 692
22.000671 243 492 492
22.000671 300 26 26
22.000671 353 645 645
22.000671 414 494 494
22.000671 524 44 44
22.000671 539 548 548
22.000671 548 568 568
23.000702 32 859 859
23.000702 144 574 574
23.000702 159 49 49
23.000702 201 647 647
23.000702 218 132 132
23.000702 224 135 135
23.000702 237 648 648
23.000702 243 453 453
23.000702 300 6 6
23.000702 353 663 663
23.000702 414 568 568
23.000702 524 37 37
23.000702 539 581 581
23.000702 548 568 568
24.000732 32 886 886
24.000732 144 508 508
24.000732 159 25 25
24.000732 201 671 671
24.000732 218 174 174
24.000732 224 120 120
24.000732 237 584 584
24.000732 243 356 356
24.000732 353 655 655
24.000732 414 621 621
24.000732 524 13 13
24.000732 539 622 622
24.000732 548 614 614
25.000763 32 820 820
25.000763 144 534 534
25.000763 159 21 21
25.000763 201 763 763
25.000763 218 189 189
25.000763 224 127 127
25.000763 237 617 617
25.000763 243 351 351
25.000763 353 622 622
25.000763 414 557 557
25.000763 539 605 605
25.000763 548 642 642
26.000793 32 806 806
26.000793 144 577 577
26.000793 159 5 5
26.000793 201 795 795
26.000793 218 196 196
26.000793 224 125 125
26.000793 237 736 736
26.000793 243 375 375
26.000793 353 616 616
26.000793 414 449 449
26.000793 539 638 638
26.000793 548 612 612
27.000824 32 756 756
27.000824 144 682 682
27.000824 201 828 828
27.000824 218 177 177
27.000824 224 131 131
27.000824 237 645 645
27.000824 243 400 400
27.000824 353 648 648
27.000824 414 391 391
27.000824 539 650 650
27.000824 548 565 565
28.000854 32 825 825
28.000854 144 647 647
28.000854 201 741 741
28.000854 218 226 226
28.000854 224 113 113
28.000854 237 607 607
28.000854 243 340 340
28.000854 353 655 655
28.000854 414 448 448
28.000854 539 677 677
28.000854 548 531 531
29.000885 32 892 892
29.000885 144 559 559
29.000885 201 618 618
29.000885 218 225 225
29.000885 224 88 88
29.000885 237 653 653
29.000885 243 331 331
29.000885 353 702 702
29.000885 414 485 485
29.000885 539 783 783
29.000885 548 528 528
30.000916 32 940 940
30.000916 144 576 576
30.000916 201 618 618
30.000916 218 225 225
30.000916 224 80 80
30.000916 237 607 607
30.000916 243 329 329
30.000916 353 674 674
30.000916 414 456 456
30.000916 539 862 862
30.000916 548 489 489
31.000946 32 980 980
31.000946 144 568 568
31.000946 201 596 596
31.000946 218 206 206
31.000946 224 69 69
31.000946 237 633 633
31.000946 243 305 305
31.000946 353 685 685
31.000946 414 412 412
31.000946 539 890 890
31.000946 548 471 471
32.000977 32 1026 1026
32.000977 144 516 516
32.000977 201 644 644
32.000977 218 220 220
32.000977 224 51 51
32.000977 237 626 626
32.000977 243 253 253
32.000977 353 675 675
32.000977 414 403 403
32.000977 539 991 991
32.000977 548 487 487
33.001007 32 980 980
33.001007 144 539 539
33.001007 201 702 702
33.001007 218 245 245
33.001007 224 61 61
33.001007 237 623 623
33.001007 243 178 178
33.001007 353 693 693
33.001007 414 396 396
33.001007 539 1015 1015
33.001007 548 438 438
34.001038 32 1034 1034
34.001038 144 568 568
34.001038 201 663 663
34.001038 218 213 213
34.001038 224 55 55
34.001038 237 607 607
34.001038 243 216 216
34.001038 353 679 679
34.001038 414 405 405
34.001038 539 936 936
34.001038 548 495 495
35.001068 32 1035 1035
35.001068 144 587 587
35.001068 201 662 662
35.001068 218 209 209
35.001068 224 53 53
35.001068 237 503 503
35.001068 243 263 263
35.001068 353 668 668
35.001068 414 499 499
35.001068 539 846 846
35.001068 548 557 557
36.001099 32 1103 1103
36.001099 144 645 645
36.001099 201 686 686
36.001099 218 184 184
36.001099 224 65 65
36.001099 237 444 444
36.001099 243 256 256
36.001099 353 632 632
36.001099 414 509 509
36.001099 539 829 829
36.001099 548 517 517
37.001129 32 1211 1211
37.001129 144 640 640
37.001129 201 617 617
37.001129 218 171 171
37.001129 224 59 59
37.001129 237 367 367
37.001129 243 230 230
37.001129 353 686 686
37.001129 414 546 546
37.001129 539 814 814
37.001129 548 534 534
38.001160 32 1222 1222
38.001160 144 622 622
38.001160 201 583 583
38.001160 218 165 165
38.001160 224 57 57
38.001160 237 374 374
38.001160 243 244 244
38.001160 353 720 720
38.001160 414 542 542
38.001160 539 779 779
38.001160 548 575 575
39.001190 32 1305 1305
39.001190 144 593 593
39.001190 201 613 613
39.001190 218 108 108
39.001190 224 72 72
39.001190 237 369 369
39.001190 243 219 219
39.001190 353 742 742
39.001190 414 532 532
39.001190 539 745 745
39.001190 548 590 590
40.001221 32 1367 1367
40.001221 144 598 598
40.001221 201 637 637
40.001221 218 71 71
40.001221 224 76 76
40.001221 237 400 400
40.001221 243 195 195
40.001221 353 692 692
40.001221 414 481 481
40.001221 539 750 750
40.001221 548 634 634
41.001251 32 1337 1337
41.001251 144 647 647
41.001251 201 702 702
41.001251 218 40 40
41.001251 224 77 77
41.001251 237 517 517
41.001251 243 214 214
41.001251 353 647 647
41.001251 414 373 373
41.001251 539 679 679
41.001251 548 649 649
42.001282 32 1299 1299
42.001282 144 608 608
42.001282 201 724 724
42.001282 218 24 24
42.001282 224 71 71
42.001282 237 630 630
42.001282 243 243 243
42.001282 353 520 520
42.001282 414 372 372
42.001282 539 754 754
42.001282 548 621 621
43.001312 32 1314 1314
43.001312 144 609 609
43.001312 201 681 681
43.001312 218 32 32
43.001312 224 70 70
43.001312 237 668 668
43.001312 243 233 233
43.001312 353 486 486
43.001312 414 359 359
43.001312 539 823 823
43.001312 548 615 615
44.001343 32 1339 1339
44.001343 144 633 633
44.001343 201 649 649
44.001343 218 39 39
44.001343 224 70 70
44.001343 237 667 667
44.001343 243 213 213
44.001343 353 480 480
44.001343 414 388 388
44.001343 539 833 833
44.001343 548 600 600
45.001373 32 1318 1318
45.001373 144 704 704
45.001373 201 655 655
45.001373 218 32 32
45.001373 224 69 69
45.001373 237 551 551
45.001373 243 207 207
45.001373 353 585 585
45.001373 414 443 443
45.001373 539 724 724
45.001373 548 589 589
46.001404 32 1305 1305
46.001404 144 791 791
46.001404 201 641 641
46.001404 218 37 37
46.001404 224 87 87
46.001404 237 518 518
46.001404 243 206 206
46.001404 353 647 647
46.001404 414 373 373
46.001404 539 665 665
46.001404 548 627 627
47.001434 32 1267 1267
47.001434 144 748 748
47.001434 201 649 649
47.001434 218 34 34
47.001434 224 81 81
47.001434 237 519 519
47.001434 243 225 225
47.001434 353 660 660
47.001434 414 412 412
47.001434 539 610 610
47.001434 548 670 670
48.001465 32 1193 1193
48.001465 144 737 737
48.001465 201 727 727
48.001465 218 26 26
48.001465 224 77 77
48.001465 237 472 472
48.001465 243 257 257
48.001465 353 686 686
48.001465 414 405 405
48.001465 539 602 602
48.001465 548 676 676
49.001495 32 1189 1189
49.001495 144 755 755
49.001495 201 775 775
49.001495 218 31 31
49.001495 224 69 69
49.001495 237 485 485
49.001495 243 253 253
49.001495 353 635 635
49.001495 414 449 449
49.001495 539 555 555
49.001495 548 693 693
50.001526 32 1197 1197
50.001526 144 822 822
50.001526 201 769 769
50.001526 218 34 34
50.001526 224 57 57
50.001526 237 511 511
50.001526 243 243 243
50.001526 353 623 623
50.001526 414 432 432
50.001526 539 525 525
50.001526 548 693 693
51.001556 32 1310 1310
51.001556 144 913 913
51.001556 201 709 709
51.001556 218 1 1
51.001556 224 37 37
51.001556 237 574 574
51.001556 243 237 237
51.001556 353 637 637
51.001556 414 366 366
51.001556 539 442 442
51.001556 548 692 692
52.001587 32 1388 1388
52.001587 144 933 933
52.001587 201 675 675
52.001587 224 29 29
52.001587 237 506 506
52.001587 243 276 276
52.001587 353 616 616
52.001587 414 366 366
52.001587 539 434 434
52.001587 548 663 663
53.001617 32 1400 1400
53.001617 144 964 964
53.001617 201 648 648
53.001617 224 39 39
53.001617 237 530 530
53.001617 243 314 314
53.001617 353 635 635
53.001617 414 312 312
53.001617 539 425 425
53.001617 548 610 610
54.001648 32 1339 1339
54.001648 144 953 953
54.001648 201 708 708
54.001648 224 42 42
54.001648 237 549 549
54.001648 243 312 312
54.001648 353 621 621
54.001648 414 317 317
54.001648 539 440 440
54.001648 548 583 583
55.001678 32 1272 1272
55.001678 144 950 950
55.001678 201 677 677
55.001678 224 43 43
55.001678 237 596 596
55.001678 243 314 314
55.001678 353 708 708
55.001678 414 226 226
55.001678 539 527 527
55.001678 548 555 555
56.001709 32 1231 1231
56.001709 144 975 975
56.001709 201 681 681
56.001709 224 48 48
56.001709 237 646 646
56.001709 243 297 297
56.001709 353 675 675
56.001709 414 190 190
56.001709 539 523 523
56.001709 548 606 606
57.001740 32 1235 1235
57.001740 144 885 885
57.001740 201 673 673
57.001740 224 43 43
57.001740 237 772 772
57.001740 243 333 333
57.001740 353 584 584
57.001740 414 155 155
57.001740 539 542 542
57.001740 548 641 641
58.001770 32 1242 1242
58.001770 144 894 894
58.001770 201 616 616
58.001770 224 48 48
58.001770 237 881 881
58.001770 243 354 354
58.001770 353 541 541
58.001770 414 96 96
58.001770 539 589 589
58.001770 548 607 607
59.001801 32 1281 1281
59.001801 144 900 900
59.001801 201 535 535
59.001801 224 52 52
59.001801 237 971 971
59.001801 243 345 345
59.001801 353 582 582
59.001801 414 44 44
59.001801 539 594 594
59.001801 548 608 608
60.001831 32 1265 1265
60.001831 144 854 854
60.001831 201 510 510
60.001831 224 44 44
60.001831 237 1003 1003
60.001831 243 373 373
60.001831 353 616 616
60.001831 414 25 25
60.001831 539 628 628
60.001831 548 598 598
61.001862 32 1323 1323
61.001862 144 739 739
61.001862 201 375 375
61.001862 224 43 43
61.001862 237 986 986
61.001862 243 350 350
61.001862 353 673 673
61.001862 414 25 25
61.001862 539 682 682
61.001862 548 659 659
62.001892 32 1350 1350
62.001892 144 720 720
62.001892 201 360 360
62.001892 224 42 42
62.001892 237 1027 1027
62.001892 243 347 347
62.001892 353 608 608
62.001892 414 25 25
62.001892 539 660 660
62.001892 548 745 745
63.001923 32 1393 1393
63.001923 144 681 681
63.001923 201 426 426
63.001923 224 42 42
63.001923 237 1155 1155
63.001923 243 295 295
63.001923 353 515 515
63.001923 539 602 602
63.001923 548 771 771
64.001953 32 1400 1400
64.001953 144 612 612
64.001953 201 450 450
64.001953 224 45 45
64.001953 237 1256 1256
64.001953 243 229 229
64.001953 353 535 535
64.001953 539 560 560
64.001953 548 766 766
65.001984 32 1471 1471
65.001984 144 573 573
65.001984 201 410 410
65.001984 224 40 40
65.001984 237 1278 1278
65.001984 243 181 181
65.001984 353 586 586
65.001984 539 577 577
65.001984 548 749 749
66.002014 32 1498 1498
66.002014 144 523 523
66.002014 201 419 419
66.002014 224 42 42
66.002014 237 1303 1303
66.002014 243 141 141
66.002014 353 657 657
66.002014 539 602 602
66.002014 548 752 752
67.002045 32 1404 1404
67.002045 144 433 433
67.002045 201 469 469
67.002045 224 36 36
67.002045 237 1279 1279
67.002045 243 130 130
67.002045 353 664 664
67.002045 539 716 716
67.002045 548 724 724
68.002075 32 1447 1447
68.002075 144 387 387
68.002075 201 516 516
68.002075 224 31 31
68.002075 237 1242 1242
68.002075 243 126 126
68.002075 353 599 599
68.002075 539 811 811
68.002075 548 712 712
69.002106 32 1533 1533
69.002106 144 325 325
69.002106 201 654 654
69.002106 224 36 36
69.002106 237 1222 1222
69.002106 243 96 96
69.002106 353 528 528
69.002106 539 821 821
69.002106 548 685 685
70.002136 32 1490 1490
70.002136 144 233 233
70.002136 201 723 723
70.002136 224 48 48
70.002136 237 1324 1324
70.002136 243 84 84
70.002136 353 476 476
70.002136 539 826 826
70.002136 548 680 680
71.002167 32 1481 1481
71.002167 144 154 154
71.002167 201 697 697
71.002167 224 40 40
71.002167 237 1379 1379
71.002167 243 78 78
71.002167 353 525 525
71.002167 539 836 836
71.002167 548 677 677
