0.000000 0 1 1
0.000000 1 1 1
0.000000 2 1 1
0.000000 3 1 1
0.000000 4 1 1
0.000000 5 1 1
0.000000 6 1 1
0.000000 7 1 1
0.000000 8 1 1
0.000000 9 1 1
0.000000 10 1 1
0.000000 11 1 1
0.000000 12 1 1
0.000000 13 1 1
0.000000 14 1 1
0.000000 15 1 1
0.000000 16 1 1
0.000000 17 1 1
0.000000 18 1 1
0.000000 19 1 1
0.000000 20 1 1
0.000000 21 1 1
0.000000 22 1 1
0.000000 23 1 1
0.000000 24 1 1
0.000000 25 1 1
0.000000 26 1 1
0.000000 27 1 1
0.000000 28 1 1
0.000000 29 1 1
0.000000 30 1 1
0.000000 31 1 1
0.000000 32 1 1
0.000000 33 1 1
0.000000 34 1 1
0.000000 35 1 1
0.000000 37 1 1
0.000000 38 1 1
0.000000 39 1 1
0.000000 40 1 1
0.000000 41 1 1
0.000000 42 1 1
0.000000 43 1 1
0.000000 44 1 1
0.000000 46 1 1
0.000000 47 1 1
0.000000 48 1 1
0.000000 49 1 1
0.000000 50 1 1
0.000000 52 1 1
0.000000 53 1 1
0.000000 54 1 1
0.000000 55 1 1
0.000000 56 1 1
0.000000 58 1 1
0.000000 59 1 1
0.000000 60 1 1
0.000000 61 1 1
0.000000 62 1 1
0.000000 63 1 1
0.000000 64 1 1
0.000000 65 1 1
0.000000 66 1 1
0.000000 67 1 1
0.000000 68 1 1
0.000000 69 1 1
0.000000 70 1 1
0.000000 71 1 1
0.000000 72 1 1
0.000000 73 1 1
0.000000 74 1 1
0.000000 75 1 1
0.000000 76 1 1
0.000000 77 1 1
0.000000 78 1 1
0.000000 79 1 1
0.000000 80 1 1
0.000000 81 1 1
0.000000 82 1 1
0.000000 83 1 1
0.000000 84 1 1
0.000000 85 1 1
0.000000 87 1 1
0.000000 88 1 1
0.000000 89 1 1
0.000000 90 1 1
0.000000 91 1 1
0.000000 92 1 1
0.000000 93 1 1
0.000000 94 1 1
0.000000 95 1 1
0.000000 96 1 1
0.000000 97 1 1
0.000000 98 1 1
0.000000 99 1 1
0.000000 100 1 1
0.000000 101 1 1
0.000000 102 1 1
0.000000 103 1 1
0.000000 104 1 1
0.000000 105 1 1
0.000000 106 1 1
0.000000 107 1 1
0.000000 108 1 1
0.000000 109 1 1
0.000000 110 1 1
0.000000 111 1 1
0.000000 112 1 1
0.000000 113 1 1
0.000000 114 1 1
0.000000 115 1 1
0.000000 116 1 1
0.000000 117 1 1
0.000000 118 1 1
0.000000 119 1 1
0.000000 120 1 1
0.000000 121 1 1
0.000000 122 1 1
0.000000 124 1 1
0.000000 125 1 1
0.000000 127 1 1
0.000000 129 1 1
0.000000 130 1 1
0.000000 131 1 1
0.000000 132 1 1
0.000000 133 1 1
0.000000 135 1 1
0.000000 136 1 1
0.000000 137 1 1
0.000000 138 1 1
0.000000 139 1 1
0.000000 141 1 1
0.000000 142 1 1
0.000000 143 1 1
0.000000 144 1 1
0.000000 145 1 1
0.000000 146 1 1
0.000000 147 1 1
0.000000 148 1 1
0.000000 150 1 1
0.000000 152 1 1
0.000000 153 1 1
0.000000 154 1 1
0.000000 155 1 1
0.000000 156 1 1
0.000000 157 1 1
0.000000 158 1 1
0.000000 159 1 1
0.000000 160 1 1
0.000000 161 1 1
0.000000 162 1 1
0.000000 163 1 1
0.000000 164 1 1
0.000000 165 1 1
0.000000 166 1 1
0.000000 167 1 1
0.000000 168 1 1
0.000000 169 1 1
0.000000 170 1 1
0.000000 171 1 1
0.000000 172 1 1
0.000000 173 1 1
0.000000 174 1 1
0.000000 175 1 1
0.000000 176 1 1
0.000000 177 1 1
0.000000 178 1 1
0.000000 179 1 1
0.000000 180 1 1
0.000000 181 1 1
0.000000 182 1 1
0.000000 183 1 1
0.000000 184 1 1
0.000000 185 1 1
0.000000 187 1 1
0.000000 188 1 1
0.000000 189 1 1
0.000000 190 1 1
0.000000 191 1 1
0.000000 192 1 1
0.000000 193 1 1
0.000000 194 1 1
0.000000 195 1 1
0.000000 196 1 1
0.000000 197 1 1
0.000000 198 1 1
0.000000 200 1 1
0.000000 201 1 1
0.000000 202 1 1
0.000000 203 1 1
0.000000 204 1 1
0.000000 205 1 1
0.000000 206 1 1
0.000000 207 1 1
0.000000 208 1 1
0.000000 209 1 1
0.000000 210 1 1
0.000000 211 1 1
0.000000 212 1 1
0.000000 213 1 1
0.000000 214 1 1
0.000000 215 1 1
0.000000 216 1 1
0.000000 217 1 1
0.000000 218 1 1
0.000000 219 1 1
0.000000 220 1 1
0.000000 221 1 1
0.000000 222 1 1
0.000000 223 1 1
0.000000 224 1 1
0.000000 225 1 1
0.000000 226 1 1
0.000000 227 1 1
0.000000 229 1 1
0.000000 230 1 1
0.000000 231 1 1
0.000000 233 1 1
0.000000 234 1 1
0.000000 235 1 1
0.000000 236 1 1
0.000000 237 1 1
0.000000 238 1 1
0.000000 239 1 1
0.000000 240 1 1
0.000000 241 1 1
0.000000 242 1 1
0.000000 243 1 1
0.000000 244 1 1
0.000000 245 1 1
0.000000 246 1 1
0.000000 247 1 1
0.000000 248 1 1
0.000000 249 1 1
0.000000 250 1 1
0.000000 251 1 1
0.000000 252 1 1
0.000000 253 1 1
0.000000 254 1 1
0.000000 255 1 1
0.000000 256 1 1
0.000000 257 1 1
0.000000 258 1 1
0.000000 259 1 1
0.000000 260 1 1
0.000000 261 1 1
0.000000 262 1 1
0.000000 263 1 1
0.000000 264 1 1
0.000000 265 1 1
0.000000 266 1 1
0.000000 267 1 1
0.000000 268 1 1
0.000000 269 1 1
0.000000 270 1 1
0.000000 271 1 1
0.000000 272 1 1
0.000000 273 1 1
0.000000 274 1 1
0.000000 276 1 1
0.000000 277 1 1
0.000000 278 1 1
0.000000 279 1 1
0.000000 280 1 1
0.000000 282 1 1
0.000000 283 1 1
0.000000 284 1 1
0.000000 285 1 1
0.000000 286 1 1
0.000000 287 1 1
0.000000 288 1 1
0.000000 289 1 1
0.000000 290 1 1
0.000000 291 1 1
0.000000 292 1 1
0.000000 293 1 1
0.000000 294 1 1
0.000000 295 1 1
0.000000 296 1 1
0.000000 297 1 1
0.000000 298 1 1
0.000000 299 1 1
0.000000 300 1 1
0.000000 301 1 1
0.000000 302 1 1
0.000000 304 1 1
0.000000 305 1 1
0.000000 306 1 1
0.000000 307 1 1
0.000000 308 1 1
0.000000 309 1 1
0.000000 310 1 1
0.000000 311 1 1
0.000000 312 1 1
0.000000 313 1 1
0.000000 314 1 1
0.000000 315 1 1
0.000000 316 1 1
0.000000 317 1 1
0.000000 318 1 1
0.000000 319 1 1
0.000000 320 1 1
0.000000 321 1 1
0.000000 322 1 1
0.000000 323 1 1
0.000000 324 1 1
0.000000 325 1 1
0.000000 326 1 1
0.000000 327 1 1
0.000000 328 1 1
0.000000 329 1 1
0.000000 330 1 1
0.000000 331 1 1
0.000000 332 1 1
0.000000 333 1 1
0.000000 334 1 1
0.000000 335 1 1
0.000000 336 1 1
0.000000 337 1 1
0.000000 338 1 1
0.000000 339 1 1
0.000000 340 1 1
0.000000 341 1 1
0.000000 342 1 1
0.000000 344 1 1
0.000000 345 1 1
0.000000 346 1 1
0.000000 347 1 1
0.000000 348 1 1
0.000000 349 1 1
0.000000 350 1 1
0.000000 351 1 1
0.000000 352 1 1
0.000000 353 1 1
0.000000 354 1 1
0.000000 355 1 1
0.000000 356 1 1
0.000000 357 1 1
0.000000 358 1 1
0.000000 359 1 1
0.000000 360 1 1
0.000000 361 1 1
0.000000 362 1 1
0.000000 363 1 1
0.000000 364 1 1
0.000000 365 1 1
0.000000 366 1 1
0.000000 367 1 1
0.000000 368 1 1
0.000000 369 1 1
0.000000 370 1 1
0.000000 371 1 1
0.000000 372 1 1
0.000000 374 1 1
0.000000 375 1 1
0.000000 377 1 1
0.000000 378 1 1
0.000000 379 1 1
0.000000 380 1 1
0.000000 381 1 1
0.000000 382 1 1
0.000000 383 1 1
0.000000 384 1 1
0.000000 386 1 1
0.000000 387 1 1
0.000000 388 1 1
0.000000 389 1 1
0.000000 390 1 1
0.000000 391 1 1
0.000000 392 1 1
0.000000 394 1 1
0.000000 395 1 1
0.000000 396 1 1
0.000000 397 1 1
0.000000 398 1 1
0.000000 399 1 1
0.000000 400 1 1
0.000000 401 1 1
0.000000 402 1 1
0.000000 403 1 1
0.000000 404 1 1
0.000000 405 1 1
0.000000 407 1 1
0.000000 409 1 1
0.000000 410 1 1
0.000000 411 1 1
0.000000 412 1 1
0.000000 413 1 1
0.000000 415 1 1
0.000000 416 1 1
0.000000 417 1 1
0.000000 418 1 1
0.000000 419 1 1
0.000000 420 1 1
0.000000 421 1 1
0.000000 422 1 1
0.000000 423 1 1
0.000000 424 1 1
0.000000 425 1 1
0.000000 426 1 1
0.000000 427 1 1
0.000000 429 1 1
0.000000 432 1 1
0.000000 433 1 1
0.000000 434 1 1
0.000000 435 1 1
0.000000 436 1 1
0.000000 437 1 1
0.000000 438 1 1
0.000000 439 1 1
0.000000 441 1 1
0.000000 442 1 1
0.000000 443 1 1
0.000000 444 1 1
0.000000 446 1 1
0.000000 447 1 1
0.000000 448 1 1
0.000000 449 1 1
0.000000 450 1 1
0.000000 452 1 1
0.000000 453 1 1
0.000000 454 1 1
0.000000 455 1 1
0.000000 456 1 1
0.000000 457 1 1
0.000000 458 1 1
0.000000 459 1 1
0.000000 460 1 1
0.000000 461 1 1
0.000000 462 1 1
0.000000 463 1 1
0.000000 464 1 1
0.000000 465 1 1
0.000000 466 1 1
0.000000 467 1 1
0.000000 468 1 1
0.000000 470 1 1
0.000000 471 1 1
0.000000 472 1 1
0.000000 473 1 1
0.000000 474 1 1
0.000000 475 1 1
0.000000 476 1 1
0.000000 477 1 1
0.000000 478 1 1
0.000000 479 1 1
0.000000 480 1 1
0.000000 481 1 1
0.000000 482 1 1
0.000000 483 1 1
0.000000 484 1 1
0.000000 485 1 1
0.000000 486 1 1
0.000000 487 1 1
0.000000 488 1 1
0.000000 489 1 1
0.000000 490 1 1
0.000000 491 1 1
0.000000 492 1 1
0.000000 493 1 1
0.000000 494 1 1
0.000000 495 1 1
0.000000 496 1 1
0.000000 497 1 1
0.000000 498 1 1
0.000000 499 1 1
0.000000 500 1 1
0.000000 501 1 1
0.000000 503 1 1
0.000000 504 1 1
0.000000 505 1 1
0.000000 507 1 1
0.000000 508 1 1
0.000000 509 1 1
0.000000 510 1 1
0.000000 511 1 1
0.000000 512 1 1
0.000000 513 1 1
0.000000 514 1 1
0.000000 516 1 1
0.000000 517 1 1
0.000000 518 1 1
0.000000 519 1 1
0.000000 520 1 1
0.000000 521 1 1
0.000000 523 1 1
0.000000 524 1 1
0.000000 525 1 1
0.000000 526 1 1
0.000000 527 1 1
0.000000 528 1 1
0.000000 529 1 1
0.000000 530 1 1
0.000000 531 1 1
0.000000 532 1 1
0.000000 533 1 1
0.000000 534 1 1
0.000000 535 1 1
0.000000 536 1 1
0.000000 537 1 1
0.000000 538 1 1
0.000000 539 1 1
0.000000 541 1 1
0.000000 542 1 1
0.000000 543 1 1
0.000000 544 1 1
0.000000 545 1 1
0.000000 546 1 1
0.000000 547 1 1
0.000000 549 1 1
1.000031 0 2 2
1.000031 1 2 2
1.000031 2 2 2
1.000031 3 1 1
1.000031 4 2 2
1.000031 5 1 1
1.000031 6 1 1
1.000031 7 2 2
1.000031 8 2 2
1.000031 9 1 1
1.000031 10 2 2
1.000031 11 2 2
1.000031 12 2 2
1.000031 13 2 2
1.000031 14 1 1
1.000031 15 1 1
1.000031 16 2 2
1.000031 17 2 2
1.000031 18 2 2
1.000031 19 1 1
1.000031 20 2 2
1.000031 21 2 2
1.000031 22 1 1
1.000031 23 1 1
1.000031 24 2 2
1.000031 25 1 1
1.000031 26 1 1
1.000031 27 1 1
1.000031 28 2 2
1.000031 29 2 2
1.000031 30 2 2
1.000031 31 2 2
1.000031 32 2 2
1.000031 33 1 1
1.000031 34 2 2
1.000031 35 2 2
1.000031 37 1 1
1.000031 38 1 1
1.000031 39 1 1
1.000031 40 1 1
1.000031 41 1 1
1.000031 42 2 2
1.000031 43 2 2
1.000031 44 2 2
1.000031 46 1 1
1.000031 47 2 2
1.000031 48 2 2
1.000031 49 2 2
1.000031 50 2 2
1.000031 52 2 2
1.000031 53 1 1
1.000031 54 1 1
1.000031 55 2 2
1.000031 56 1 1
1.000031 58 2 2
1.000031 59 1 1
1.000031 60 1 1
1.000031 61 2 2
1.000031 62 2 2
1.000031 63 2 2
1.000031 64 1 1
1.000031 65 1 1
1.000031 66 2 2
1.000031 67 2 2
1.000031 68 1 1
1.000031 69 2 2
1.000031 70 2 2
1.000031 71 2 2
1.000031 72 1 1
1.000031 73 1 1
1.000031 74 1 1
1.000031 75 2 2
1.000031 76 1 1
1.000031 77 1 1
1.000031 78 1 1
1.000031 79 1 1
1.000031 80 1 1
1.000031 81 1 1
1.000031 82 1 1
1.000031 83 1 1
1.000031 84 1 1
1.000031 85 2 2
1.000031 87 2 2
1.000031 88 2 2
1.000031 89 2 2
1.000031 90 2 2
1.000031 91 1 1
1.000031 92 1 1
1.000031 93 2 2
1.000031 94 2 2
1.000031 95 2 2
1.000031 96 2 2
1.000031 97 2 2
1.000031 98 2 2
1.000031 99 1 1
1.000031 100 1 1
1.000031 101 2 2
1.000031 102 1 1
1.000031 103 2 2
1.000031 104 2 2
1.000031 105 2 2
1.000031 106 1 1
1.000031 107 1 1
1.000031 108 2 2
1.000031 109 2 2
1.000031 110 1 1
1.000031 111 2 2
1.000031 112 2 2
1.000031 113 1 1
1.000031 114 1 1
1.000031 115 2 2
1.000031 116 2 2
1.000031 117 2 2
1.000031 118 2 2
1.000031 119 1 1
1.000031 120 2 2
1.000031 121 2 2
1.000031 122 1 1
1.000031 124 1 1
1.000031 125 2 2
1.000031 127 1 1
1.000031 129 2 2
1.000031 130 2 2
1.000031 131 1 1
1.000031 132 1 1
1.000031 133 1 1
1.000031 135 1 1
1.000031 136 2 2
1.000031 137 2 2
1.000031 138 2 2
1.000031 139 2 2
1.000031 141 2 2
1.000031 142 2 2
1.000031 143 1 1
1.000031 144 2 2
1.000031 145 2 2
1.000031 146 2 2
1.000031 147 1 1
1.000031 148 2 2
1.000031 150 2 2
1.000031 152 2 2
1.000031 153 1 1
1.000031 154 1 1
1.000031 155 1 1
1.000031 156 2 2
1.000031 157 1 1
1.000031 158 1 1
1.000031 159 1 1
1.000031 160 1 1
1.000031 161 2 2
1.000031 162 2 2
1.000031 163 2 2
1.000031 164 1 1
1.000031 165 1 1
1.000031 166 1 1
1.000031 167 1 1
1.000031 168 1 1
1.000031 169 2 2
1.000031 170 1 1
1.000031 171 2 2
1.000031 172 2 2
1.000031 173 2 2
1.000031 174 2 2
1.000031 175 1 1
1.000031 176 1 1
1.000031 177 2 2
1.000031 178 1 1
1.000031 179 2 2
1.000031 180 2 2
1.000031 181 1 1
1.000031 182 2 2
1.000031 183 1 1
1.000031 184 1 1
1.000031 185 2 2
1.000031 187 2 2
1.000031 188 2 2
1.000031 189 1 1
1.000031 190 2 2
1.000031 191 1 1
1.000031 192 1 1
1.000031 193 1 1
1.000031 194 2 2
1.000031 195 2 2
1.000031 196 2 2
1.000031 197 1 1
1.000031 198 2 2
1.000031 200 1 1
1.000031 201 1 1
1.000031 202 2 2
1.000031 203 2 2
1.000031 204 2 2
1.000031 205 1 1
1.000031 206 2 2
1.000031 207 2 2
1.000031 208 1 1
1.000031 209 2 2
1.000031 210 2 2
1.000031 211 1 1
1.000031 212 2 2
1.000031 213 1 1
1.000031 214 1 1
1.000031 215 2 2
1.000031 216 2 2
1.000031 217 1 1
1.000031 218 2 2
1.000031 219 1 1
1.000031 220 2 2
1.000031 221 2 2
1.000031 222 2 2
1.000031 223 2 2
1.000031 224 1 1
1.000031 225 2 2
1.000031 226 1 1
1.000031 227 1 1
1.000031 229 1 1
1.000031 230 1 1
1.000031 231 2 2
1.000031 233 1 1
1.000031 234 2 2
1.000031 235 1 1
1.000031 236 2 2
1.000031 237 2 2
1.000031 238 1 1
1.000031 239 1 1
1.000031 240 2 2
1.000031 241 1 1
1.000031 242 2 2
1.000031 243 2 2
1.000031 244 1 1
1.000031 245 2 2
1.000031 246 2 2
1.000031 247 1 1
1.000031 248 1 1
1.000031 249 1 1
1.000031 250 2 2
1.000031 251 1 1
1.000031 252 1 1
1.000031 253 2 2
1.000031 254 1 1
1.000031 255 1 1
1.000031 256 1 1
1.000031 257 2 2
1.000031 258 1 1
1.000031 259 2 2
1.000031 260 2 2
1.000031 261 2 2
1.000031 262 2 2
1.000031 263 2 2
1.000031 264 1 1
1.000031 265 1 1
1.000031 266 2 2
1.000031 267 2 2
1.000031 268 1 1
1.000031 269 2 2
1.000031 270 1 1
1.000031 271 2 2
1.000031 272 1 1
1.000031 273 1 1
1.000031 274 2 2
1.000031 276 1 1
1.000031 277 2 2
1.000031 278 1 1
1.000031 279 1 1
1.000031 280 2 2
1.000031 282 2 2
1.000031 283 2 2
1.000031 284 1 1
1.000031 285 2 2
1.000031 286 2 2
1.000031 287 1 1
1.000031 288 2 2
1.000031 289 2 2
1.000031 290 2 2
1.000031 291 2 2
1.000031 292 1 1
1.000031 293 2 2
1.000031 294 1 1
1.000031 295 2 2
1.000031 296 2 2
1.000031 297 1 1
1.000031 298 1 1
1.000031 299 1 1
1.000031 300 1 1
1.000031 301 2 2
1.000031 302 2 2
1.000031 304 1 1
1.000031 305 1 1
1.000031 306 1 1
1.000031 307 2 2
1.000031 308 2 2
1.000031 309 2 2
1.000031 310 2 2
1.000031 311 1 1
1.000031 312 2 2
1.000031 313 2 2
1.000031 314 1 1
1.000031 315 2 2
1.000031 316 2 2
1.000031 317 1 1
1.000031 318 2 2
1.000031 319 2 2
1.000031 320 1 1
1.000031 321 2 2
1.000031 322 1 1
1.000031 323 2 2
1.000031 324 2 2
1.000031 325 2 2
1.000031 326 2 2
1.000031 327 2 2
1.000031 328 2 2
1.000031 329 1 1
1.000031 330 1 1
1.000031 331 1 1
1.000031 332 1 1
1.000031 333 2 2
1.000031 334 1 1
1.000031 335 2 2
1.000031 336 2 2
1.000031 337 2 2
1.000031 338 2 2
1.000031 339 2 2
1.000031 340 1 1
1.000031 341 1 1
1.000031 342 2 2
1.000031 344 2 2
1.000031 345 1 1
1.000031 346 1 1
1.000031 347 2 2
1.000031 348 2 2
1.000031 349 2 2
1.000031 350 2 2
1.000031 351 2 2
1.000031 352 2 2
1.000031 353 1 1
1.000031 354 2 2
1.000031 355 1 1
1.000031 356 1 1
1.000031 357 1 1
1.000031 358 1 1
1.000031 359 1 1
1.000031 360 2 2
1.000031 361 1 1
1.000031 362 2 2
1.000031 363 2 2
1.000031 364 1 1
1.000031 365 1 1
1.000031 366 2 2
1.000031 367 2 2
1.000031 368 1 1
1.000031 369 1 1
1.000031 370 1 1
1.000031 371 1 1
1.000031 372 1 1
1.000031 374 2 2
1.000031 375 2 2
1.000031 377 2 2
1.000031 378 2 2
1.000031 379 1 1
1.000031 380 1 1
1.000031 381 2 2
1.000031 382 2 2
1.000031 383 1 1
1.000031 384 2 2
1.000031 386 1 1
1.000031 387 2 2
1.000031 388 1 1
1.000031 389 1 1
1.000031 390 1 1
1.000031 391 2 2
1.000031 392 1 1
1.000031 394 1 1
1.000031 395 1 1
1.000031 396 1 1
1.000031 397 1 1
1.000031 398 2 2
1.000031 399 1 1
1.000031 400 2 2
1.000031 401 2 2
1.000031 402 2 2
1.000031 403 2 2
1.000031 404 2 2
1.000031 405 1 1
1.000031 407 2 2
1.000031 409 2 2
1.000031 410 2 2
1.000031 411 2 2
1.000031 412 2 2
1.000031 413 2 2
1.000031 415 1 1
1.000031 416 2 2
1.000031 417 2 2
1.000031 418 2 2
1.000031 419 2 2
1.000031 420 2 2
1.000031 421 2 2
1.000031 422 2 2
1.000031 423 1 1
1.000031 424 2 2
1.000031 425 2 2
1.000031 426 1 1
1.000031 427 1 1
1.000031 429 2 2
1.000031 432 2 2
1.000031 433 1 1
1.000031 434 1 1
1.000031 435 2 2
1.000031 436 2 2
1.000031 437 2 2
1.000031 438 1 1
1.000031 439 1 1
1.000031 441 1 1
1.000031 442 1 1
1.000031 443 1 1
1.000031 444 1 1
1.000031 446 2 2
1.000031 447 2 2
1.000031 448 1 1
1.000031 449 2 2
1.000031 450 1 1
1.000031 452 1 1
1.000031 453 2 2
1.000031 454 2 2
1.000031 455 1 1
1.000031 456 1 1
1.000031 457 2 2
1.000031 458 2 2
1.000031 459 2 2
1.000031 460 2 2
1.000031 461 1 1
1.000031 462 1 1
1.000031 463 2 2
1.000031 464 2 2
1.000031 465 1 1
1.000031 466 2 2
1.000031 467 1 1
1.000031 468 2 2
1.000031 470 2 2
1.000031 471 1 1
1.000031 472 1 1
1.000031 473 2 2
1.000031 474 2 2
1.000031 475 2 2
1.000031 476 1 1
1.000031 477 2 2
1.000031 478 1 1
1.000031 479 2 2
1.000031 480 2 2
1.000031 481 2 2
1.000031 482 1 1
1.000031 483 1 1
1.000031 484 1 1
1.000031 485 2 2
1.000031 486 2 2
1.000031 487 1 1
1.000031 488 2 2
1.000031 489 2 2
1.000031 490 1 1
1.000031 491 1 1
1.000031 492 1 1
1.000031 493 2 2
1.000031 494 1 1
1.000031 495 1 1
1.000031 496 2 2
1.000031 497 2 2
1.000031 498 1 1
1.000031 499 1 1
1.000031 500 2 2
1.000031 501 2 2
1.000031 503 1 1
1.000031 504 2 2
1.000031 505 1 1
1.000031 507 2 2
1.000031 508 1 1
1.000031 509 1 1
1.000031 510 2 2
1.000031 511 1 1
1.000031 512 2 2
1.000031 513 1 1
1.000031 514 1 1
1.000031 516 1 1
1.000031 517 2 2
1.000031 518 1 1
1.000031 519 1 1
1.000031 520 2 2
1.000031 521 2 2
1.000031 523 2 2
1.000031 524 1 1
1.000031 525 2 2
1.000031 526 2 2
1.000031 527 2 2
1.000031 528 2 2
1.000031 529 2 2
1.000031 530 2 2
1.000031 531 2 2
1.000031 532 1 1
1.000031 533 1 1
1.000031 534 1 1
1.000031 535 2 2
1.000031 536 2 2
1.000031 537 2 2
1.000031 538 2 2
1.000031 539 2 2
1.000031 541 1 1
1.000031 542 1 1
1.000031 543 1 1
1.000031 544 1 1
1.000031 545 2 2
1.000031 546 2 2
1.000031 547 2 2
1.000031 549 2 2
2.000061 0 3 3
2.000061 1 2 2
2.000061 2 2 2
2.000061 3 2 2
2.000061 4 2 2
2.000061 5 2 2
2.000061 6 2 2
2.000061 7 2 2
2.000061 8 2 2
2.000061 9 2 2
2.000061 10 2 2
2.000061 11 2 2
2.000061 12 2 2
2.000061 13 2 2
2.000061 14 2 2
2.000061 15 3 3
2.000061 16 2 2
2.000061 17 2 2
2.000061 18 2 2
2.000061 19 2 2
2.000061 20 3 3
2.000061 21 2 2
2.000061 22 2 2
2.000061 23 2 2
2.000061 24 3 3
2.000061 25 2 2
2.000061 26 2 2
2.000061 27 3 3
2.000061 28 2 2
2.000061 29 2 2
2.000061 30 2 2
2.000061 31 3 3
2.000061 32 2 2
2.000061 33 2 2
2.000061 34 2 2
2.000061 35 2 2
2.000061 37 2 2
2.000061 38 3 3
2.000061 39 2 2
2.000061 40 2 2
2.000061 41 2 2
2.000061 42 2 2
2.000061 43 2 2
2.000061 44 2 2
2.000061 46 2 2
2.000061 47 2 2
2.000061 48 2 2
2.000061 49 2 2
2.000061 50 2 2
2.000061 52 2 2
2.000061 53 2 2
2.000061 54 2 2
2.000061 55 2 2
2.000061 56 2 2
2.000061 58 3 3
2.000061 59 2 2
2.000061 60 2 2
2.000061 61 2 2
2.000061 62 2 2
2.000061 63 2 2
2.000061 64 2 2
2.000061 65 2 2
2.000061 66 2 2
2.000061 67 2 2
2.000061 68 2 2
2.000061 69 2 2
2.000061 70 3 3
2.000061 71 2 2
2.000061 72 2 2
2.000061 73 2 2
2.000061 74 2 2
2.000061 75 3 3
2.000061 76 2 2
2.000061 77 2 2
2.000061 78 2 2
2.000061 79 2 2
2.000061 80 2 2
2.000061 81 2 2
2.000061 82 2 2
2.000061 83 2 2
2.000061 84 3 3
2.000061 85 2 2
2.000061 87 2 2
2.000061 88 2 2
2.000061 89 2 2
2.000061 90 2 2
2.000061 91 2 2
2.000061 92 2 2
2.000061 93 2 2
2.000061 94 2 2
2.000061 95 3 3
2.000061 96 2 2
2.000061 97 2 2
2.000061 98 2 2
2.000061 99 2 2
2.000061 100 2 2
2.000061 101 2 2
2.000061 102 2 2
2.000061 103 2 2
2.000061 104 2 2
2.000061 105 2 2
2.000061 106 2 2
2.000061 107 2 2
2.000061 108 2 2
2.000061 109 2 2
2.000061 110 2 2
2.000061 111 2 2
2.000061 112 2 2
2.000061 113 2 2
2.000061 114 3 3
2.000061 115 2 2
2.000061 116 2 2
2.000061 117 2 2
2.000061 118 3 3
2.000061 119 2 2
2.000061 120 2 2
2.000061 121 2 2
2.000061 122 3 3
2.000061 124 2 2
2.000061 125 2 2
2.000061 127 2 2
2.000061 129 2 2
2.000061 130 3 3
2.000061 131 2 2
2.000061 132 2 2
2.000061 133 2 2
2.000061 135 2 2
2.000061 136 2 2
2.000061 137 2 2
2.000061 138 2 2
2.000061 139 2 2
2.000061 141 2 2
2.000061 142 2 2
2.000061 143 2 2
2.000061 144 2 2
2.000061 145 2 2
2.000061 146 2 2
2.000061 147 2 2
2.000061 148 2 2
2.000061 150 2 2
2.000061 152 2 2
2.000061 153 2 2
2.000061 154 2 2
2.000061 155 2 2
2.000061 156 2 2
2.000061 157 2 2
2.000061 158 2 2
2.000061 159 3 3
2.000061 160 2 2
2.000061 161 2 2
2.000061 162 2 2
2.000061 163 2 2
2.000061 164 2 2
2.000061 165 2 2
2.000061 166 2 2
2.000061 167 2 2
2.000061 168 2 2
2.000061 169 2 2
2.000061 170 2 2
2.000061 171 3 3
2.000061 172 2 2
2.000061 173 2 2
2.000061 174 3 3
2.000061 175 2 2
2.000061 176 2 2
2.000061 177 2 2
2.000061 178 2 2
2.000061 179 2 2
2.000061 180 2 2
2.000061 181 2 2
2.000061 182 2 2
2.000061 183 2 2
2.000061 184 2 2
2.000061 185 2 2
2.000061 187 2 2
2.000061 188 2 2
2.000061 189 2 2
2.000061 190 2 2
2.000061 191 2 2
2.000061 192 2 2
2.000061 193 2 2
2.000061 194 3 3
2.000061 195 2 2
2.000061 196 3 3
2.000061 197 2 2
2.000061 198 2 2
2.000061 200 2 2
2.000061 201 2 2
2.000061 202 2 2
2.000061 203 2 2
2.000061 204 2 2
2.000061 205 2 2
2.000061 206 2 2
2.000061 207 3 3
2.000061 208 2 2
2.000061 209 2 2
2.000061 210 3 3
2.000061 211 2 2
2.000061 212 3 3
2.000061 213 2 2
2.000061 214 2 2
2.000061 215 3 3
2.000061 216 2 2
2.000061 217 2 2
2.000061 218 3 3
2.000061 219 2 2
2.000061 220 2 2
2.000061 221 2 2
2.000061 222 2 2
2.000061 223 2 2
2.000061 224 2 2
2.000061 225 3 3
2.000061 226 2 2
2.000061 227 2 2
2.000061 229 3 3
2.000061 230 2 2
2.000061 231 4 4
2.000061 233 2 2
2.000061 234 2 2
2.000061 235 2 2
2.000061 236 2 2
2.000061 237 2 2
2.000061 238 2 2
2.000061 239 2 2
2.000061 240 3 3
2.000061 241 2 2
2.000061 242 2 2
2.000061 243 2 2
2.000061 244 2 2
2.000061 245 2 2
2.000061 246 2 2
2.000061 247 2 2
2.000061 248 2 2
2.000061 249 2 2
2.000061 250 2 2
2.000061 251 2 2
2.000061 252 2 2
2.000061 253 2 2
2.000061 254 2 2
2.000061 255 2 2
2.000061 256 2 2
2.000061 257 3 3
2.000061 258 2 2
2.000061 259 2 2
2.000061 260 2 2
2.000061 261 2 2
2.000061 262 2 2
2.000061 263 3 3
2.000061 264 2 2
2.000061 265 2 2
2.000061 266 2 2
2.000061 267 3 3
2.000061 268 2 2
2.000061 269 2 2
2.000061 270 2 2
2.000061 271 2 2
2.000061 272 2 2
2.000061 273 2 2
2.000061 274 2 2
2.000061 276 2 2
2.000061 277 3 3
2.000061 278 2 2
2.000061 279 2 2
2.000061 280 2 2
2.000061 282 2 2
2.000061 283 2 2
2.000061 284 2 2
2.000061 285 3 3
2.000061 286 3 3
2.000061 287 2 2
2.000061 288 2 2
2.000061 289 4 4
2.000061 290 3 3
2.000061 291 2 2
2.000061 292 2 2
2.000061 293 2 2
2.000061 294 2 2
2.000061 295 2 2
2.000061 296 2 2
2.000061 297 2 2
2.000061 298 2 2
2.000061 299 2 2
2.000061 300 2 2
2.000061 301 2 2
2.000061 302 2 2
2.000061 304 2 2
2.000061 305 2 2
2.000061 306 2 2
2.000061 307 2 2
2.000061 308 2 2
2.000061 309 2 2
2.000061 310 3 3
2.000061 311 2 2
2.000061 312 2 2
2.000061 313 2 2
2.000061 314 2 2
2.000061 315 2 2
2.000061 316 2 2
2.000061 317 2 2
2.000061 318 2 2
2.000061 319 2 2
2.000061 320 2 2
2.000061 321 2 2
2.000061 322 2 2
2.000061 323 2 2
2.000061 324 3 3
2.000061 325 2 2
2.000061 326 2 2
2.000061 327 3 3
2.000061 328 2 2
2.000061 329 3 3
2.000061 330 3 3
2.000061 331 2 2
2.000061 332 2 2
2.000061 333 2 2
2.000061 334 2 2
2.000061 335 2 2
2.000061 336 2 2
2.000061 337 2 2
2.000061 338 2 2
2.000061 339 2 2
2.000061 340 2 2
2.000061 341 2 2
2.000061 342 2 2
2.000061 344 2 2
2.000061 345 2 2
2.000061 346 2 2
2.000061 347 2 2
2.000061 348 2 2
2.000061 349 2 2
2.000061 350 2 2
2.000061 351 2 2
2.000061 352 2 2
2.000061 353 2 2
2.000061 354 2 2
2.000061 355 2 2
2.000061 356 2 2
2.000061 357 2 2
2.000061 358 2 2
2.000061 359 2 2
2.000061 360 2 2
2.000061 361 2 2
2.000061 362 2 2
2.000061 363 2 2
2.000061 364 2 2
2.000061 365 2 2
2.000061 366 2 2
2.000061 367 2 2
2.000061 368 2 2
2.000061 369 2 2
2.000061 370 2 2
2.000061 371 2 2
2.000061 372 2 2
2.000061 374 2 2
2.000061 375 2 2
2.000061 377 2 2
2.000061 378 2 2
2.000061 379 2 2
2.000061 380 2 2
2.000061 381 3 3
2.000061 382 2 2
2.000061 383 2 2
2.000061 384 2 2
2.000061 386 2 2
2.000061 387 2 2
2.000061 388 2 2
2.000061 389 2 2
2.000061 390 2 2
2.000061 391 3 3
2.000061 392 2 2
2.000061 394 2 2
2.000061 395 2 2
2.000061 396 3 3
2.000061 397 2 2
2.000061 398 3 3
2.000061 399 2 2
2.000061 400 2 2
2.000061 401 3 3
2.000061 402 3 3
2.000061 403 2 2
2.000061 404 2 2
2.000061 405 2 2
2.000061 407 2 2
2.000061 409 2 2
2.000061 410 2 2
2.000061 411 3 3
2.000061 412 3 3
2.000061 413 2 2
2.000061 415 2 2
2.000061 416 2 2
2.000061 417 3 3
2.000061 418 3 3
2.000061 419 2 2
2.000061 420 2 2
2.000061 421 2 2
2.000061 422 2 2
2.000061 423 2 2
2.000061 424 2 2
2.000061 425 2 2
2.000061 426 2 2
2.000061 427 2 2
2.000061 429 2 2
2.000061 432 3 3
2.000061 433 2 2
2.000061 434 2 2
2.000061 435 2 2
2.000061 436 2 2
2.000061 437 3 3
2.000061 438 2 2
2.000061 439 1 1
2.000061 441 2 2
2.000061 442 2 2
2.000061 443 2 2
2.000061 444 2 2
2.000061 446 2 2
2.000061 447 2 2
2.000061 448 2 2
2.000061 449 3 3
2.000061 450 2 2
2.000061 452 2 2
2.000061 453 2 2
2.000061 454 3 3
2.000061 455 2 2
2.000061 456 2 2
2.000061 457 2 2
2.000061 458 2 2
2.000061 459 3 3
2.000061 460 2 2
2.000061 461 2 2
2.000061 462 2 2
2.000061 463 2 2
2.000061 464 2 2
2.000061 465 2 2
2.000061 466 2 2
2.000061 467 2 2
2.000061 468 2 2
2.000061 470 2 2
2.000061 471 2 2
2.000061 472 2 2
2.000061 473 2 2
2.000061 474 2 2
2.000061 475 2 2
2.000061 476 2 2
2.000061 477 2 2
2.000061 478 2 2
2.000061 479 3 3
2.000061 480 2 2
2.000061 481 2 2
2.000061 482 2 2
2.000061 483 2 2
2.000061 484 2 2
2.000061 485 3 3
2.000061 486 2 2
2.000061 487 2 2
2.000061 488 3 3
2.000061 489 2 2
2.000061 490 2 2
2.000061 491 2 2
2.000061 492 2 2
2.000061 493 2 2
2.000061 494 2 2
2.000061 495 2 2
2.000061 496 2 2
2.000061 497 2 2
2.000061 498 2 2
2.000061 499 2 2
2.000061 500 2 2
2.000061 501 3 3
2.000061 503 2 2
2.000061 504 2 2
2.000061 505 2 2
2.000061 507 2 2
2.000061 508 2 2
2.000061 509 2 2
2.000061 510 2 2
2.000061 511 2 2
2.000061 512 2 2
2.000061 513 2 2
2.000061 514 2 2
2.000061 516 2 2
2.000061 517 2 2
2.000061 518 2 2
2.000061 519 2 2
2.000061 520 2 2
2.000061 521 2 2
2.000061 523 2 2
2.000061 524 2 2
2.000061 525 3 3
2.000061 526 2 2
2.000061 527 3 3
2.000061 528 2 2
2.000061 529 2 2
2.000061 530 2 2
2.000061 531 2 2
2.000061 532 2 2
2.000061 533 2 2
2.000061 534 2 2
2.000061 535 1 1
2.000061 536 2 2
2.000061 537 2 2
2.000061 538 2 2
2.000061 539 2 2
2.000061 541 2 2
2.000061 542 3 3
2.000061 543 1 1
2.000061 544 2 2
2.000061 545 3 3
2.000061 546 3 3
2.000061 547 2 2
2.000061 549 2 2
3.000092 0 4 4
3.000092 1 4 4
3.000092 2 4 4
3.000092 3 4 4
3.000092 4 4 4
3.000092 5 3 3
3.000092 6 4 4
3.000092 7 4 4
3.000092 8 4 4
3.000092 9 4 4
3.000092 10 4 4
3.000092 11 4 4
3.000092 12 4 4
3.000092 13 4 4
3.000092 14 4 4
3.000092 15 4 4
3.000092 16 4 4
3.000092 17 4 4
3.000092 18 3 3
3.000092 19 4 4
3.000092 20 4 4
3.000092 21 4 4
3.000092 22 3 3
3.000092 23 4 4
3.000092 24 4 4
3.000092 25 4 4
3.000092 26 4 4
3.000092 27 4 4
3.000092 28 4 4
3.000092 29 4 4
3.000092 30 4 4
3.000092 31 4 4
3.000092 32 4 4
3.000092 33 4 4
3.000092 34 4 4
3.000092 35 4 4
3.000092 37 4 4
3.000092 38 4 4
3.000092 39 4 4
3.000092 40 4 4
3.000092 41 3 3
3.000092 42 4 4
3.000092 43 4 4
3.000092 44 4 4
3.000092 46 3 3
3.000092 47 4 4
3.000092 48 4 4
3.000092 49 4 4
3.000092 50 4 4
3.000092 52 4 4
3.000092 53 4 4
3.000092 54 4 4
3.000092 55 4 4
3.000092 56 4 4
3.000092 58 4 4
3.000092 59 4 4
3.000092 60 3 3
3.000092 61 3 3
3.000092 62 4 4
3.000092 63 4 4
3.000092 64 4 4
3.000092 65 4 4
3.000092 66 4 4
3.000092 67 4 4
3.000092 68 4 4
3.000092 69 4 4
3.000092 70 5 5
3.000092 71 4 4
3.000092 72 4 4
3.000092 73 4 4
3.000092 74 3 3
3.000092 75 3 3
3.000092 76 4 4
3.000092 77 4 4
3.000092 78 4 4
3.000092 79 4 4
3.000092 80 4 4
3.000092 81 3 3
3.000092 82 3 3
3.000092 83 4 4
3.000092 84 5 5
3.000092 85 4 4
3.000092 87 4 4
3.000092 88 4 4
3.000092 89 4 4
3.000092 90 4 4
3.000092 91 4 4
3.000092 92 4 4
3.000092 93 4 4
3.000092 94 4 4
3.000092 95 4 4
3.000092 96 4 4
3.000092 97 4 4
3.000092 98 4 4
3.000092 99 3 3
3.000092 100 3 3
3.000092 101 4 4
3.000092 102 4 4
3.000092 103 4 4
3.000092 104 3 3
3.000092 105 4 4
3.000092 106 3 3
3.000092 107 4 4
3.000092 108 4 4
3.000092 109 4 4
3.000092 110 4 4
3.000092 111 4 4
3.000092 112 4 4
3.000092 113 4 4
3.000092 114 5 5
3.000092 115 4 4
3.000092 116 3 3
3.000092 117 4 4
3.000092 118 4 4
3.000092 119 4 4
3.000092 120 4 4
3.000092 121 4 4
3.000092 122 4 4
3.000092 124 4 4
3.000092 125 4 4
3.000092 127 4 4
3.000092 129 4 4
3.000092 130 4 4
3.000092 131 4 4
3.000092 132 4 4
3.000092 133 4 4
3.000092 135 4 4
3.000092 136 4 4
3.000092 137 4 4
3.000092 138 4 4
3.000092 139 3 3
3.000092 141 4 4
3.000092 142 4 4
3.000092 143 3 3
3.000092 144 4 4
3.000092 145 4 4
3.000092 146 4 4
3.000092 147 4 4
3.000092 148 4 4
3.000092 150 4 4
3.000092 152 4 4
3.000092 153 4 4
3.000092 154 3 3
3.000092 155 3 3
3.000092 156 4 4
3.000092 157 4 4
3.000092 158 4 4
3.000092 159 4 4
3.000092 160 4 4
3.000092 161 4 4
3.000092 162 4 4
3.000092 163 4 4
3.000092 164 4 4
3.000092 165 4 4
3.000092 166 4 4
3.000092 167 4 4
3.000092 168 4 4
3.000092 169 4 4
3.000092 170 4 4
3.000092 171 5 5
3.000092 172 4 4
3.000092 173 4 4
3.000092 174 5 5
3.000092 175 4 4
3.000092 176 4 4
3.000092 177 4 4
3.000092 178 4 4
3.000092 179 4 4
3.000092 180 4 4
3.000092 181 4 4
3.000092 182 4 4
3.000092 183 4 4
3.000092 184 4 4
3.000092 185 4 4
3.000092 187 4 4
3.000092 188 4 4
3.000092 189 3 3
3.000092 190 4 4
3.000092 191 4 4
3.000092 192 3 3
3.000092 193 4 4
3.000092 194 4 4
3.000092 195 4 4
3.000092 196 4 4
3.000092 197 3 3
3.000092 198 4 4
3.000092 200 3 3
3.000092 201 4 4
3.000092 202 4 4
3.000092 203 4 4
3.000092 204 4 4
3.000092 205 3 3
3.000092 206 4 4
3.000092 207 4 4
3.000092 208 4 4
3.000092 209 4 4
3.000092 210 4 4
3.000092 211 3 3
3.000092 212 4 4
3.000092 213 4 4
3.000092 214 3 3
3.000092 215 4 4
3.000092 216 4 4
3.000092 217 3 3
3.000092 218 5 5
3.000092 219 4 4
3.000092 220 4 4
3.000092 221 4 4
3.000092 222 4 4
3.000092 223 4 4
3.000092 224 4 4
3.000092 225 5 5
3.000092 226 4 4
3.000092 227 4 4
3.000092 229 5 5
3.000092 230 4 4
3.000092 231 4 4
3.000092 233 4 4
3.000092 234 4 4
3.000092 235 4 4
3.000092 236 4 4
3.000092 237 4 4
3.000092 238 4 4
3.000092 239 3 3
3.000092 240 5 5
3.000092 241 4 4
3.000092 242 4 4
3.000092 243 4 4
3.000092 244 3 3
3.000092 245 4 4
3.000092 246 4 4
3.000092 247 4 4
3.000092 248 4 4
3.000092 249 4 4
3.000092 250 4 4
3.000092 251 1 1
3.000092 252 3 3
3.000092 253 4 4
3.000092 254 4 4
3.000092 255 3 3
3.000092 256 3 3
3.000092 257 5 5
3.000092 258 3 3
3.000092 259 4 4
3.000092 260 4 4
3.000092 261 4 4
3.000092 262 4 4
3.000092 263 4 4
3.000092 264 4 4
3.000092 265 4 4
3.000092 266 4 4
3.000092 267 4 4
3.000092 268 4 4
3.000092 269 4 4
3.000092 270 4 4
3.000092 271 4 4
3.000092 272 4 4
3.000092 273 4 4
3.000092 274 4 4
3.000092 276 4 4
3.000092 277 4 4
3.000092 278 4 4
3.000092 279 4 4
3.000092 280 4 4
3.000092 282 4 4
3.000092 283 4 4
3.000092 284 4 4
3.000092 285 5 5
3.000092 286 5 5
3.000092 287 3 3
3.000092 288 4 4
3.000092 289 4 4
3.000092 290 5 5
3.000092 291 4 4
3.000092 292 4 4
3.000092 293 4 4
3.000092 294 3 3
3.000092 295 4 4
3.000092 296 4 4
3.000092 297 4 4
3.000092 298 3 3
3.000092 299 4 4
3.000092 300 4 4
3.000092 301 4 4
3.000092 302 4 4
3.000092 304 4 4
3.000092 305 4 4
3.000092 306 4 4
3.000092 307 4 4
3.000092 308 4 4
3.000092 309 4 4
3.000092 310 4 4
3.000092 311 4 4
3.000092 312 4 4
3.000092 313 4 4
3.000092 314 4 4
3.000092 315 4 4
3.000092 316 4 4
3.000092 317 4 4
3.000092 318 4 4
3.000092 319 4 4
3.000092 320 4 4
3.000092 321 4 4
3.000092 322 4 4
3.000092 323 4 4
3.000092 324 4 4
3.000092 325 4 4
3.000092 326 4 4
3.000092 327 5 5
3.000092 328 4 4
3.000092 329 5 5
3.000092 330 6 6
3.000092 331 3 3
3.000092 332 4 4
3.000092 333 4 4
3.000092 334 3 3
3.000092 335 4 4
3.000092 336 3 3
3.000092 337 4 4
3.000092 338 4 4
3.000092 339 4 4
3.000092 340 4 4
3.000092 341 4 4
3.000092 342 4 4
3.000092 344 4 4
3.000092 345 4 4
3.000092 346 4 4
3.000092 347 4 4
3.000092 348 4 4
3.000092 349 4 4
3.000092 350 4 4
3.000092 351 4 4
3.000092 352 4 4
3.000092 353 4 4
3.000092 354 4 4
3.000092 355 4 4
3.000092 356 4 4
3.000092 357 3 3
3.000092 358 4 4
3.000092 359 4 4
3.000092 360 4 4
3.000092 361 4 4
3.000092 362 4 4
3.000092 363 4 4
3.000092 364 4 4
3.000092 365 4 4
3.000092 366 4 4
3.000092 367 4 4
3.000092 368 3 3
3.000092 369 3 3
3.000092 370 4 4
3.000092 371 4 4
3.000092 372 4 4
3.000092 374 4 4
3.000092 375 4 4
3.000092 377 4 4
3.000092 378 4 4
3.000092 379 3 3
3.000092 380 3 3
3.000092 381 4 4
3.000092 382 4 4
3.000092 383 4 4
3.000092 384 4 4
3.000092 386 3 3
3.000092 387 4 4
3.000092 388 4 4
3.000092 389 3 3
3.000092 390 4 4
3.000092 391 4 4
3.000092 392 3 3
3.000092 394 4 4
3.000092 395 4 4
3.000092 396 4 4
3.000092 397 4 4
3.000092 398 4 4
3.000092 399 3 3
3.000092 400 4 4
3.000092 401 5 5
3.000092 402 4 4
3.000092 403 4 4
3.000092 404 4 4
3.000092 405 4 4
3.000092 407 4 4
3.000092 409 4 4
3.000092 410 4 4
3.000092 411 5 5
3.000092 412 4 4
3.000092 413 4 4
3.000092 415 4 4
3.000092 416 4 4
3.000092 417 3 3
3.000092 418 5 5
3.000092 419 4 4
3.000092 420 4 4
3.000092 421 4 4
3.000092 422 4 4
3.000092 423 4 4
3.000092 424 4 4
3.000092 425 4 4
3.000092 426 4 4
3.000092 427 4 4
3.000092 429 4 4
3.000092 432 4 4
3.000092 433 4 4
3.000092 434 4 4
3.000092 435 4 4
3.000092 436 4 4
3.000092 437 4 4
3.000092 438 4 4
3.000092 439 1 1
3.000092 441 4 4
3.000092 442 3 3
3.000092 443 4 4
3.000092 444 4 4
3.000092 446 4 4
3.000092 447 4 4
3.000092 448 4 4
3.000092 449 4 4
3.000092 450 4 4
3.000092 452 4 4
3.000092 453 3 3
3.000092 454 5 5
3.000092 455 4 4
3.000092 456 4 4
3.000092 457 4 4
3.000092 458 4 4
3.000092 459 4 4
3.000092 460 4 4
3.000092 461 4 4
3.000092 462 4 4
3.000092 463 4 4
3.000092 464 4 4
3.000092 465 4 4
3.000092 466 4 4
3.000092 467 4 4
3.000092 468 4 4
3.000092 470 3 3
3.000092 471 4 4
3.000092 472 4 4
3.000092 473 4 4
3.000092 474 4 4
3.000092 475 4 4
3.000092 476 4 4
3.000092 477 4 4
3.000092 478 4 4
3.000092 479 5 5
3.000092 480 4 4
3.000092 481 4 4
3.000092 482 4 4
3.000092 483 4 4
3.000092 484 4 4
3.000092 485 5 5
3.000092 486 4 4
3.000092 487 4 4
3.000092 488 4 4
3.000092 489 4 4
3.000092 490 4 4
3.000092 491 4 4
3.000092 492 4 4
3.000092 493 4 4
3.000092 494 4 4
3.000092 495 4 4
3.000092 496 4 4
3.000092 497 4 4
3.000092 498 4 4
3.000092 499 4 4
3.000092 500 4 4
3.000092 501 4 4
3.000092 503 4 4
3.000092 504 4 4
3.000092 505 4 4
3.000092 507 4 4
3.000092 508 4 4
3.000092 509 4 4
3.000092 510 4 4
3.000092 511 4 4
3.000092 512 4 4
3.000092 513 3 3
3.000092 514 4 4
3.000092 516 4 4
3.000092 517 4 4
3.000092 518 4 4
3.000092 519 4 4
3.000092 520 4 4
3.000092 521 4 4
3.000092 523 4 4
3.000092 524 4 4
3.000092 525 5 5
3.000092 526 5 5
3.000092 527 5 5
3.000092 528 4 4
3.000092 529 4 4
3.000092 530 4 4
3.000092 531 4 4
3.000092 532 4 4
3.000092 533 4 4
3.000092 534 4 4
3.000092 535 2 2
3.000092 536 4 4
3.000092 537 4 4
3.000092 538 4 4
3.000092 539 4 4
3.000092 541 4 4
3.000092 542 4 4
3.000092 543 1 1
3.000092 544 4 4
3.000092 545 4 4
3.000092 546 4 4
3.000092 547 4 4
3.000092 549 4 4
4.000122 0 7 7
4.000122 1 7 7
4.000122 2 4 4
4.000122 3 6 6
4.000122 4 7 7
4.000122 5 3 3
4.000122 6 5 5
4.000122 7 7 7
4.000122 8 7 7
4.000122 9 4 4
4.000122 10 7 7
4.000122 11 6 6
4.000122 12 6 6
4.000122 13 6 6
4.000122 14 6 6
4.000122 15 6 6
4.000122 16 5 5
4.000122 17 8 8
4.000122 18 6 6
4.000122 19 6 6
4.000122 20 7 7
4.000122 21 7 7
4.000122 22 5 5
4.000122 23 6 6
4.000122 24 7 7
4.000122 25 5 5
4.000122 26 6 6
4.000122 27 7 7
4.000122 28 6 6
4.000122 29 7 7
4.000122 30 7 7
4.000122 31 8 8
4.000122 32 8 8
4.000122 33 4 4
4.000122 34 7 7
4.000122 35 7 7
4.000122 37 4 4
4.000122 38 7 7
4.000122 39 6 6
4.000122 40 6 6
4.000122 41 5 5
4.000122 42 7 7
4.000122 43 6 6
4.000122 44 8 8
4.000122 46 6 6
4.000122 47 4 4
4.000122 48 7 7
4.000122 49 8 8
4.000122 50 6 6
4.000122 52 7 7
4.000122 53 5 5
4.000122 54 6 6
4.000122 55 4 4
4.000122 56 5 5
4.000122 58 7 7
4.000122 59 6 6
4.000122 60 4 4
4.000122 61 7 7
4.000122 62 7 7
4.000122 63 7 7
4.000122 64 6 6
4.000122 65 5 5
4.000122 66 7 7
4.000122 67 8 8
4.000122 68 5 5
4.000122 69 8 8
4.000122 70 8 8
4.000122 71 7 7
4.000122 72 6 6
4.000122 73 6 6
4.000122 74 4 4
4.000122 75 6 6
4.000122 76 5 5
4.000122 77 4 4
4.000122 78 6 6
4.000122 79 5 5
4.000122 80 5 5
4.000122 81 6 6
4.000122 82 5 5
4.000122 83 6 6
4.000122 84 8 8
4.000122 85 6 6
4.000122 87 7 7
4.000122 88 7 7
4.000122 89 7 7
4.000122 90 5 5
4.000122 91 6 6
4.000122 92 6 6
4.000122 93 5 5
4.000122 94 8 8
4.000122 95 8 8
4.000122 96 7 7
4.000122 97 6 6
4.000122 98 8 8
4.000122 99 5 5
4.000122 100 4 4
4.000122 101 6 6
4.000122 102 5 5
4.000122 103 6 6
4.000122 104 6 6
4.000122 105 6 6
4.000122 106 4 4
4.000122 107 7 7
4.000122 108 7 7
4.000122 109 7 7
4.000122 110 5 5
4.000122 111 7 7
4.000122 112 7 7
4.000122 113 6 6
4.000122 114 7 7
4.000122 115 6 6
4.000122 116 5 5
4.000122 117 6 6
4.000122 118 7 7
4.000122 119 4 4
4.000122 120 5 5
4.000122 121 6 6
4.000122 122 6 6
4.000122 124 5 5
4.000122 125 5 5
4.000122 127 4 4
4.000122 129 8 8
4.000122 130 6 6
4.000122 131 5 5
4.000122 132 4 4
4.000122 133 6 6
4.000122 135 7 7
4.000122 136 7 7
4.000122 137 6 6
4.000122 138 7 7
4.000122 139 6 6
4.000122 141 7 7
4.000122 142 6 6
4.000122 143 5 5
4.000122 144 6 6
4.000122 145 8 8
4.000122 146 6 6
4.000122 147 4 4
4.000122 148 6 6
4.000122 150 7 7
4.000122 152 8 8
4.000122 153 5 5
4.000122 154 4 4
4.000122 155 4 4
4.000122 156 5 5
4.000122 157 4 4
4.000122 158 5 5
4.000122 159 5 5
4.000122 160 7 7
4.000122 161 7 7
4.000122 162 7 7
4.000122 163 6 6
4.000122 164 6 6
4.000122 165 4 4
4.000122 166 6 6
4.000122 167 6 6
4.000122 168 7 7
4.000122 169 7 7
4.000122 170 4 4
4.000122 171 7 7
4.000122 172 6 6
4.000122 173 7 7
4.000122 174 6 6
4.000122 175 4 4
4.000122 176 4 4
4.000122 177 7 7
4.000122 178 6 6
4.000122 179 6 6
4.000122 180 8 8
4.000122 181 5 5
4.000122 182 5 5
4.000122 183 6 6
4.000122 184 6 6
4.000122 185 7 7
4.000122 187 7 7
4.000122 188 8 8
4.000122 189 5 5
4.000122 190 7 7
4.000122 191 7 7
4.000122 192 5 5
4.000122 193 5 5
4.000122 194 7 7
4.000122 195 7 7
4.000122 196 8 8
4.000122 197 5 5
4.000122 198 8 8
4.000122 200 5 5
4.000122 201 5 5
4.000122 202 8 8
4.000122 203 7 7
4.000122 204 7 7
4.000122 205 5 5
4.000122 206 7 7
4.000122 207 6 6
4.000122 208 6 6
4.000122 209 8 8
4.000122 210 8 8
4.000122 211 4 4
4.000122 212 6 6
4.000122 213 5 5
4.000122 214 6 6
4.000122 215 6 6
4.000122 216 8 8
4.000122 217 5 5
4.000122 218 9 9
4.000122 219 7 7
4.000122 220 5 5
4.000122 221 5 5
4.000122 222 6 6
4.000122 223 7 7
4.000122 224 4 4
4.000122 225 9 9
4.000122 226 4 4
4.000122 227 6 6
4.000122 229 9 9
4.000122 230 6 6
4.000122 231 7 7
4.000122 233 6 6
4.000122 234 7 7
4.000122 235 6 6
4.000122 236 7 7
4.000122 237 7 7
4.000122 238 4 4
4.000122 239 4 4
4.000122 240 6 6
4.000122 241 5 5
4.000122 242 7 7
4.000122 243 6 6
4.000122 244 6 6
4.000122 245 5 5
4.000122 246 7 7
4.000122 247 4 4
4.000122 248 4 4
4.000122 249 5 5
4.000122 250 8 8
4.000122 251 2 2
4.000122 252 5 5
4.000122 253 6 6
4.000122 254 6 6
4.000122 255 5 5
4.000122 256 4 4
4.000122 257 7 7
4.000122 258 5 5
4.000122 259 5 5
4.000122 260 8 8
4.000122 261 6 6
4.000122 262 6 6
4.000122 263 7 7
4.000122 264 7 7
4.000122 265 5 5
4.000122 266 7 7
4.000122 267 8 8
4.000122 268 4 4
4.000122 269 6 6
4.000122 270 6 6
4.000122 271 5 5
4.000122 272 4 4
4.000122 273 5 5
4.000122 274 6 6
4.000122 276 5 5
4.000122 277 7 7
4.000122 278 5 5
4.000122 279 5 5
4.000122 280 6 6
4.000122 282 5 5
4.000122 283 8 8
4.000122 284 6 6
4.000122 285 8 8
4.000122 286 8 8
4.000122 287 4 4
4.000122 288 5 5
4.000122 289 8 8
4.000122 290 9 9
4.000122 291 7 7
4.000122 292 5 5
4.000122 293 7 7
4.000122 294 4 4
4.000122 295 7 7
4.000122 296 7 7
4.000122 297 6 6
4.000122 298 4 4
4.000122 299 6 6
4.000122 300 4 4
4.000122 301 6 6
4.000122 302 8 8
4.000122 304 7 7
4.000122 305 6 6
4.000122 306 5 5
4.000122 307 6 6
4.000122 308 8 8
4.000122 309 6 6
4.000122 310 6 6
4.000122 311 6 6
4.000122 312 8 8
4.000122 313 7 7
4.000122 314 6 6
4.000122 315 7 7
4.000122 316 8 8
4.000122 317 4 4
4.000122 318 7 7
4.000122 319 6 6
4.000122 320 5 5
4.000122 321 5 5
4.000122 322 4 4
4.000122 323 7 7
4.000122 324 7 7
4.000122 325 6 6
4.000122 326 7 7
4.000122 327 7 7
4.000122 328 6 6
4.000122 329 8 8
4.000122 330 9 9
4.000122 331 4 4
4.000122 332 4 4
4.000122 333 7 7
4.000122 334 6 6
4.000122 335 7 7
4.000122 336 5 5
4.000122 337 5 5
4.000122 338 6 6
4.000122 339 7 7
4.000122 340 5 5
4.000122 341 4 4
4.000122 342 8 8
4.000122 344 7 7
4.000122 345 5 5
4.000122 346 6 6
4.000122 347 7 7
4.000122 348 7 7
4.000122 349 6 6
4.000122 350 7 7
4.000122 351 7 7
4.000122 352 7 7
4.000122 353 7 7
4.000122 354 6 6
4.000122 355 5 5
4.000122 356 5 5
4.000122 357 5 5
4.000122 358 7 7
4.000122 359 4 4
4.000122 360 6 6
4.000122 361 7 7
4.000122 362 7 7
4.000122 363 6 6
4.000122 364 6 6
4.000122 365 4 4
4.000122 366 5 5
4.000122 367 7 7
4.000122 368 4 4
4.000122 369 4 4
4.000122 370 5 5
4.000122 371 6 6
4.000122 372 4 4
4.000122 374 6 6
4.000122 375 6 6
4.000122 377 8 8
4.000122 378 8 8
4.000122 379 6 6
4.000122 380 5 5
4.000122 381 6 6
4.000122 382 7 7
4.000122 383 5 5
4.000122 384 6 6
4.000122 386 5 5
4.000122 387 5 5
4.000122 388 5 5
4.000122 389 6 6
4.000122 390 4 4
4.000122 391 6 6
4.000122 392 6 6
4.000122 394 5 5
4.000122 395 6 6
4.000122 396 6 6
4.000122 397 6 6
4.000122 398 8 8
4.000122 399 5 5
4.000122 400 7 7
4.000122 401 6 6
4.000122 402 7 7
4.000122 403 5 5
4.000122 404 6 6
4.000122 405 5 5
4.000122 407 5 5
4.000122 409 6 6
4.000122 410 5 5
4.000122 411 7 7
4.000122 412 7 7
4.000122 413 6 6
4.000122 415 5 5
4.000122 416 8 8
4.000122 417 7 7
4.000122 418 8 8
4.000122 419 7 7
4.000122 420 7 7
4.000122 421 8 8
4.000122 422 5 5
4.000122 423 6 6
4.000122 424 8 8
4.000122 425 7 7
4.000122 426 6 6
4.000122 427 7 7
4.000122 429 7 7
4.000122 432 7 7
4.000122 433 6 6
4.000122 434 8 8
4.000122 435 7 7
4.000122 436 6 6
4.000122 437 6 6
4.000122 438 4 4
4.000122 439 2 2
4.000122 441 4 4
4.000122 442 5 5
4.000122 443 5 5
4.000122 444 5 5
4.000122 446 8 8
4.000122 447 5 5
4.000122 448 5 5
4.000122 449 8 8
4.000122 450 5 5
4.000122 452 7 7
4.000122 453 5 5
4.000122 454 7 7
4.000122 455 7 7
4.000122 456 5 5
4.000122 457 8 8
4.000122 458 7 7
4.000122 459 6 6
4.000122 460 5 5
4.000122 461 5 5
4.000122 462 6 6
4.000122 463 5 5
4.000122 464 5 5
4.000122 465 7 7
4.000122 466 7 7
4.000122 467 4 4
4.000122 468 8 8
4.000122 470 4 4
4.000122 471 4 4
4.000122 472 5 5
4.000122 473 6 6
4.000122 474 6 6
4.000122 475 8 8
4.000122 476 5 5
4.000122 477 7 7
4.000122 478 5 5
4.000122 479 7 7
4.000122 480 5 5
4.000122 481 5 5
4.000122 482 6 6
4.000122 483 4 4
4.000122 484 5 5
4.000122 485 8 8
4.000122 486 7 7
4.000122 487 5 5
4.000122 488 6 6
4.000122 489 7 7
4.000122 490 6 6
4.000122 491 4 4
4.000122 492 5 5
4.000122 493 5 5
4.000122 494 5 5
4.000122 495 5 5
4.000122 496 7 7
4.000122 497 7 7
4.000122 498 5 5
4.000122 499 4 4
4.000122 500 7 7
4.000122 501 7 7
4.000122 503 6 6
4.000122 504 6 6
4.000122 505 7 7
4.000122 507 6 6
4.000122 508 6 6
4.000122 509 6 6
4.000122 510 5 5
4.000122 511 6 6
4.000122 512 6 6
4.000122 513 5 5
4.000122 514 6 6
4.000122 516 5 5
4.000122 517 5 5
4.000122 518 5 5
4.000122 519 4 4
4.000122 520 6 6
4.000122 521 6 6
4.000122 523 8 8
4.000122 524 5 5
4.000122 525 8 8
4.000122 526 7 7
4.000122 527 7 7
4.000122 528 7 7
4.000122 529 8 8
4.000122 530 6 6
4.000122 531 6 6
4.000122 532 4 4
4.000122 533 7 7
4.000122 534 5 5
4.000122 535 3 3
4.000122 536 7 7
4.000122 537 7 7
4.000122 538 8 8
4.000122 539 7 7
4.000122 541 6 6
4.000122 542 7 7
4.000122 543 2 2
4.000122 544 5 5
4.000122 545 7 7
4.000122 546 7 7
4.000122 547 7 7
4.000122 549 6 6
5.000153 0 10 10
5.000153 1 9 9
5.000153 2 8 8
5.000153 3 10 10
5.000153 4 10 10
5.000153 6 8 8
5.000153 7 11 11
5.000153 8 9 9
5.000153 9 8 8
5.000153 10 8 8
5.000153 11 8 8
5.000153 12 10 10
5.000153 13 11 11
5.000153 14 11 11
5.000153 15 11 11
5.000153 16 8 8
5.000153 17 8 8
5.000153 18 7 7
5.000153 19 9 9
5.000153 20 11 11
5.000153 21 9 9
5.000153 22 8 8
5.000153 23 9 9
5.000153 24 10 10
5.000153 25 9 9
5.000153 26 10 10
5.000153 27 10 10
5.000153 28 9 9
5.000153 29 9 9
5.000153 30 11 11
5.000153 31 13 13
5.000153 32 6 6
5.000153 33 8 8
5.000153 34 12 12
5.000153 35 7 7
5.000153 37 8 8
5.000153 38 1 1
5.000153 39 10 10
5.000153 40 9 9
5.000153 41 8 8
5.000153 42 10 10
5.000153 43 9 9
5.000153 44 10 10
5.000153 46 7 7
5.000153 47 8 8
5.000153 48 10 10
5.000153 49 12 12
5.000153 50 8 8
5.000153 52 9 9
5.000153 53 8 8
5.000153 54 10 10
5.000153 55 6 6
5.000153 56 8 8
5.000153 58 11 11
5.000153 59 9 9
5.000153 60 8 8
5.000153 61 10 10
5.000153 62 11 11
5.000153 63 12 12
5.000153 64 9 9
5.000153 65 8 8
5.000153 66 9 9
5.000153 67 10 10
5.000153 68 8 8
5.000153 69 11 11
5.000153 70 12 12
5.000153 71 10 10
5.000153 72 9 9
5.000153 73 10 10
5.000153 74 7 7
5.000153 75 10 10
5.000153 76 9 9
5.000153 77 8 8
5.000153 78 11 11
5.000153 79 9 9
5.000153 80 8 8
5.000153 81 2 2
5.000153 82 7 7
5.000153 83 9 9
5.000153 84 12 12
5.000153 85 10 10
5.000153 87 11 11
5.000153 88 9 9
5.000153 89 9 9
5.000153 90 8 8
5.000153 91 9 9
5.000153 92 9 9
5.000153 93 8 8
5.000153 94 11 11
5.000153 95 10 10
5.000153 96 9 9
5.000153 97 9 9
5.000153 98 9 9
5.000153 99 8 8
5.000153 100 8 8
5.000153 101 8 8
5.000153 102 9 9
5.000153 103 8 8
5.000153 104 9 9
5.000153 105 8 8
5.000153 106 8 8
5.000153 107 7 7
5.000153 108 9 9
5.000153 109 8 8
5.000153 110 9 9
5.000153 111 8 8
5.000153 112 9 9
5.000153 113 10 10
5.000153 114 11 11
5.000153 115 10 10
5.000153 116 9 9
5.000153 117 9 9
5.000153 118 11 11
5.000153 119 8 8
5.000153 120 10 10
5.000153 121 9 9
5.000153 122 10 10
5.000153 124 8 8
5.000153 125 9 9
5.000153 127 8 8
5.000153 129 12 12
5.000153 130 10 10
5.000153 131 8 8
5.000153 132 8 8
5.000153 133 8 8
5.000153 135 9 9
5.000153 136 11 11
5.000153 137 10 10
5.000153 138 8 8
5.000153 139 9 9
5.000153 141 11 11
5.000153 142 8 8
5.000153 143 8 8
5.000153 144 9 9
5.000153 145 11 11
5.000153 146 9 9
5.000153 147 8 8
5.000153 148 9 9
5.000153 150 9 9
5.000153 152 10 10
5.000153 153 8 8
5.000153 154 7 7
5.000153 155 7 7
5.000153 156 8 8
5.000153 157 8 8
5.000153 158 6 6
5.000153 159 10 10
5.000153 160 9 9
5.000153 161 11 11
5.000153 162 8 8
5.000153 163 10 10
5.000153 164 10 10
5.000153 165 8 8
5.000153 166 8 8
5.000153 167 8 8
5.000153 168 8 8
5.000153 169 10 10
5.000153 170 8 8
5.000153 171 13 13
5.000153 172 10 10
5.000153 173 10 10
5.000153 174 11 11
5.000153 175 8 8
5.000153 176 8 8
5.000153 177 9 9
5.000153 178 8 8
5.000153 179 10 10
5.000153 180 10 10
5.000153 181 8 8
5.000153 182 8 8
5.000153 183 8 8
5.000153 184 9 9
5.000153 185 8 8
5.000153 187 9 9
5.000153 188 8 8
5.000153 189 7 7
5.000153 190 10 10
5.000153 191 11 11
5.000153 192 7 7
5.000153 193 9 9
5.000153 194 9 9
5.000153 195 10 10
5.000153 196 13 13
5.000153 197 7 7
5.000153 198 9 9
5.000153 200 8 8
5.000153 201 8 8
5.000153 202 10 10
5.000153 203 9 9
5.000153 204 9 9
5.000153 205 8 8
5.000153 206 9 9
5.000153 207 9 9
5.000153 208 8 8
5.000153 209 12 12
5.000153 210 15 15
5.000153 211 7 7
5.000153 212 9 9
5.000153 213 10 10
5.000153 214 9 9
5.000153 215 9 9
5.000153 216 10 10
5.000153 217 7 7
5.000153 218 14 14
5.000153 219 8 8
5.000153 220 8 8
5.000153 221 8 8
5.000153 222 8 8
5.000153 223 10 10
5.000153 224 8 8
5.000153 225 12 12
5.000153 226 8 8
5.000153 227 9 9
5.000153 229 10 10
5.000153 230 9 9
5.000153 231 11 11
5.000153 233 10 10
5.000153 234 11 11
5.000153 235 9 9
5.000153 236 9 9
5.000153 237 13 13
5.000153 238 8 8
5.000153 239 8 8
5.000153 240 12 12
5.000153 241 8 8
5.000153 242 10 10
5.000153 243 8 8
5.000153 244 8 8
5.000153 245 9 9
5.000153 246 11 11
5.000153 247 8 8
5.000153 248 8 8
5.000153 249 9 9
5.000153 250 9 9
5.000153 251 3 3
5.000153 252 7 7
5.000153 253 9 9
5.000153 254 8 8
5.000153 255 8 8
5.000153 256 7 7
5.000153 257 10 10
5.000153 258 10 10
5.000153 259 9 9
5.000153 260 10 10
5.000153 261 9 9
5.000153 262 9 9
5.000153 263 11 11
5.000153 264 8 8
5.000153 265 8 8
5.000153 266 10 10
5.000153 267 10 10
5.000153 268 8 8
5.000153 269 8 8
5.000153 270 10 10
5.000153 271 9 9
5.000153 272 8 8
5.000153 273 8 8
5.000153 274 10 10
5.000153 276 8 8
5.000153 277 10 10
5.000153 278 7 7
5.000153 279 10 10
5.000153 280 10 10
5.000153 282 9 9
5.000153 283 10 10
5.000153 284 9 9
5.000153 285 9 9
5.000153 286 12 12
5.000153 287 8 8
5.000153 288 8 8
5.000153 289 14 14
5.000153 290 12 12
5.000153 291 10 10
5.000153 292 9 9
5.000153 293 9 9
5.000153 294 8 8
5.000153 295 2 2
5.000153 296 8 8
5.000153 297 8 8
5.000153 298 8 8
5.000153 299 10 10
5.000153 300 8 8
5.000153 301 9 9
5.000153 302 12 12
5.000153 304 12 12
5.000153 305 9 9
5.000153 306 8 8
5.000153 307 11 11
5.000153 308 9 9
5.000153 309 11 11
5.000153 310 10 10
5.000153 311 8 8
5.000153 312 10 10
5.000153 313 12 12
5.000153 314 9 9
5.000153 315 13 13
5.000153 316 10 10
5.000153 317 8 8
5.000153 318 9 9
5.000153 319 8 8
5.000153 320 8 8
5.000153 321 2 2
5.000153 322 8 8
5.000153 323 9 9
5.000153 324 14 14
5.000153 325 9 9
5.000153 326 10 10
5.000153 327 12 12
5.000153 328 9 9
5.000153 329 13 13
5.000153 330 14 14
5.000153 331 8 8
5.000153 332 8 8
5.000153 333 11 11
5.000153 334 9 9
5.000153 335 12 12
5.000153 336 9 9
5.000153 337 8 8
5.000153 338 9 9
5.000153 339 11 11
5.000153 340 8 8
5.000153 341 8 8
5.000153 342 9 9
5.000153 344 8 8
5.000153 345 9 9
5.000153 346 8 8
5.000153 347 11 11
5.000153 348 10 10
5.000153 349 8 8
5.000153 350 9 9
5.000153 351 12 12
5.000153 352 9 9
5.000153 353 8 8
5.000153 354 10 10
5.000153 355 8 8
5.000153 356 9 9
5.000153 358 10 10
5.000153 359 8 8
5.000153 360 10 10
5.000153 361 8 8
5.000153 362 10 10
5.000153 363 11 11
5.000153 364 10 10
5.000153 365 8 8
5.000153 366 8 8
5.000153 367 8 8
5.000153 368 8 8
5.000153 369 8 8
5.000153 370 8 8
5.000153 371 8 8
5.000153 372 8 8
5.000153 374 8 8
5.000153 375 9 9
5.000153 377 11 11
5.000153 378 10 10
5.000153 379 8 8
5.000153 380 9 9
5.000153 381 10 10
5.000153 382 10 10
5.000153 383 9 9
5.000153 384 9 9
5.000153 386 8 8
5.000153 387 8 8
5.000153 388 8 8
5.000153 389 8 8
5.000153 390 8 8
5.000153 391 11 11
5.000153 392 8 8
5.000153 394 9 9
5.000153 395 10 10
5.000153 396 6 6
5.000153 397 9 9
5.000153 398 10 10
5.000153 399 8 8
5.000153 400 11 11
5.000153 401 11 11
5.000153 402 10 10
5.000153 403 10 10
5.000153 404 11 11
5.000153 405 8 8
5.000153 407 8 8
5.000153 409 9 9
5.000153 410 9 9
5.000153 411 11 11
5.000153 412 11 11
5.000153 413 8 8
5.000153 415 8 8
5.000153 416 10 10
5.000153 417 10 10
5.000153 418 13 13
5.000153 419 9 9
5.000153 420 10 10
5.000153 421 10 10
5.000153 422 9 9
5.000153 423 10 10
5.000153 424 8 8
5.000153 425 8 8
5.000153 426 9 9
5.000153 427 11 11
5.000153 429 9 9
5.000153 432 11 11
5.000153 433 9 9
5.000153 434 8 8
5.000153 435 9 9
5.000153 436 9 9
5.000153 437 10 10
5.000153 438 8 8
5.000153 441 8 8
5.000153 442 8 8
5.000153 443 9 9
5.000153 444 9 9
5.000153 446 8 8
5.000153 447 8 8
5.000153 448 8 8
5.000153 449 9 9
5.000153 450 8 8
5.000153 452 8 8
5.000153 453 7 7
5.000153 454 12 12
5.000153 455 10 10
5.000153 456 8 8
5.000153 457 8 8
5.000153 458 9 9
5.000153 459 11 11
5.000153 460 8 8
5.000153 461 10 10
5.000153 462 8 8
5.000153 463 8 8
5.000153 464 8 8
5.000153 465 11 11
5.000153 466 10 10
5.000153 467 8 8
5.000153 468 9 9
5.000153 471 8 8
5.000153 472 8 8
5.000153 473 8 8
5.000153 474 9 9
5.000153 475 6 6
5.000153 476 8 8
5.000153 477 9 9
5.000153 478 9 9
5.000153 479 10 10
5.000153 480 8 8
5.000153 481 8 8
5.000153 482 8 8
5.000153 483 8 8
5.000153 484 8 8
5.000153 485 11 11
5.000153 486 10 10
5.000153 487 8 8
5.000153 488 11 11
5.000153 489 8 8
5.000153 490 9 9
5.000153 491 8 8
5.000153 492 8 8
5.000153 493 9 9
5.000153 494 8 8
5.000153 495 9 9
5.000153 496 10 10
5.000153 497 10 10
5.000153 498 10 10
5.000153 499 8 8
5.000153 500 8 8
5.000153 501 10 10
5.000153 503 8 8
5.000153 504 8 8
5.000153 505 9 9
5.000153 507 8 8
5.000153 508 9 9
5.000153 509 8 8
5.000153 510 8 8
5.000153 511 8 8
5.000153 512 8 8
5.000153 513 8 8
5.000153 514 9 9
5.000153 516 8 8
5.000153 517 8 8
5.000153 518 8 8
5.000153 519 8 8
5.000153 520 11 11
5.000153 521 9 9
5.000153 523 10 10
5.000153 524 8 8
5.000153 525 11 11
5.000153 526 10 10
5.000153 527 10 10
5.000153 528 9 9
5.000153 529 13 13
5.000153 530 10 10
5.000153 531 10 10
5.000153 532 8 8
5.000153 533 10 10
5.000153 534 8 8
5.000153 536 6 6
5.000153 537 9 9
5.000153 538 10 10
5.000153 539 10 10
5.000153 541 9 9
5.000153 542 11 11
5.000153 544 10 10
5.000153 545 9 9
5.000153 546 11 11
5.000153 547 8 8
5.000153 549 10 10
6.000183 1 16 16
6.000183 3 16 16
6.000183 4 15 15
6.000183 6 16 16
6.000183 7 16 16
6.000183 8 16 16
6.000183 9 7 7
6.000183 10 16 16
6.000183 11 15 15
6.000183 13 15 15
6.000183 14 16 16
6.000183 15 16 16
6.000183 16 16 16
6.000183 17 16 16
6.000183 19 16 16
6.000183 20 17 17
6.000183 21 17 17
6.000183 22 2 2
6.000183 23 17 17
6.000183 25 16 16
6.000183 26 16 16
6.000183 27 17 17
6.000183 28 17 17
6.000183 29 17 17
6.000183 30 18 18
6.000183 31 19 19
6.000183 33 15 15
6.000183 34 16 16
6.000183 37 10 10
6.000183 39 15 15
6.000183 41 13 13
6.000183 42 17 17
6.000183 43 16 16
6.000183 44 15 15
6.000183 47 14 14
6.000183 48 16 16
6.000183 49 18 18
6.000183 50 15 15
6.000183 52 16 16
6.000183 53 15 15
6.000183 54 15 15
6.000183 56 14 14
6.000183 58 18 18
6.000183 59 14 14
6.000183 60 15 15
6.000183 61 15 15
6.000183 62 16 16
6.000183 64 6 6
6.000183 68 15 15
6.000183 70 18 18
6.000183 71 16 16
6.000183 72 16 16
6.000183 73 14 14
6.000183 74 12 12
6.000183 75 14 14
6.000183 76 16 16
6.000183 77 12 12
6.000183 78 15 15
6.000183 79 14 14
6.000183 80 14 14
6.000183 82 14 14
6.000183 83 16 16
6.000183 85 10 10
6.000183 87 16 16
6.000183 88 8 8
6.000183 90 8 8
6.000183 91 15 15
6.000183 92 16 16
6.000183 93 2 2
6.000183 94 18 18
6.000183 96 11 11
6.000183 98 16 16
6.000183 99 14 14
6.000183 100 12 12
6.000183 101 15 15
6.000183 102 17 17
6.000183 104 13 13
6.000183 105 14 14
6.000183 108 14 14
6.000183 111 14 14
6.000183 114 20 20
6.000183 115 15 15
6.000183 117 16 16
6.000183 118 17 17
6.000183 119 14 14
6.000183 121 16 16
6.000183 122 14 14
6.000183 124 14 14
6.000183 125 14 14
6.000183 127 13 13
6.000183 129 17 17
6.000183 130 15 15
6.000183 131 16 16
6.000183 132 15 15
6.000183 133 16 16
6.000183 135 17 17
6.000183 136 17 17
6.000183 138 16 16
6.000183 143 11 11
6.000183 144 16 16
6.000183 145 16 16
6.000183 146 15 15
6.000183 148 1 1
6.000183 150 6 6
6.000183 152 16 16
6.000183 153 10 10
6.000183 154 13 13
6.000183 155 9 9
6.000183 156 15 15
6.000183 157 15 15
6.000183 159 14 14
6.000183 160 14 14
6.000183 162 16 16
6.000183 163 15 15
6.000183 164 17 17
6.000183 165 14 14
6.000183 166 15 15
6.000183 167 15 15
6.000183 168 16 16
6.000183 169 17 17
6.000183 170 7 7
6.000183 171 14 14
6.000183 172 13 13
6.000183 173 19 19
6.000183 174 17 17
6.000183 175 13 13
6.000183 176 14 14
6.000183 177 16 16
6.000183 178 15 15
6.000183 179 17 17
6.000183 180 14 14
6.000183 181 14 14
6.000183 182 3 3
6.000183 183 15 15
6.000183 184 16 16
6.000183 188 15 15
6.000183 191 16 16
6.000183 192 4 4
6.000183 193 16 16
6.000183 194 17 17
6.000183 195 15 15
6.000183 197 12 12
6.000183 201 14 14
6.000183 202 16 16
6.000183 203 16 16
6.000183 206 15 15
6.000183 209 16 16
6.000183 210 20 20
6.000183 211 11 11
6.000183 212 17 17
6.000183 213 15 15
6.000183 214 12 12
6.000183 215 17 17
6.000183 216 17 17
6.000183 217 12 12
6.000183 219 15 15
6.000183 220 15 15
6.000183 221 15 15
6.000183 222 16 16
6.000183 223 16 16
6.000183 225 20 20
6.000183 227 15 15
6.000183 229 19 19
6.000183 231 19 19
6.000183 233 2 2
6.000183 234 17 17
6.000183 235 11 11
6.000183 236 16 16
6.000183 237 17 17
6.000183 240 18 18
6.000183 241 16 16
6.000183 242 18 18
6.000183 243 14 14
6.000183 246 14 14
6.000183 247 13 13
6.000183 248 14 14
6.000183 249 16 16
6.000183 250 16 16
6.000183 254 15 15
6.000183 255 12 12
6.000183 256 10 10
6.000183 257 19 19
6.000183 259 16 16
6.000183 260 16 16
6.000183 261 16 16
6.000183 262 13 13
6.000183 263 16 16
6.000183 264 15 15
6.000183 265 13 13
6.000183 266 16 16
6.000183 267 16 16
6.000183 270 16 16
6.000183 271 14 14
6.000183 273 15 15
6.000183 274 16 16
6.000183 276 14 14
6.000183 277 17 17
6.000183 279 15 15
6.000183 280 17 17
6.000183 282 15 15
6.000183 283 13 13
6.000183 286 18 18
6.000183 287 13 13
6.000183 289 19 19
6.000183 290 18 18
6.000183 291 15 15
6.000183 292 15 15
6.000183 293 17 17
6.000183 294 12 12
6.000183 296 16 16
6.000183 297 15 15
6.000183 298 12 12
6.000183 299 16 16
6.000183 300 14 14
6.000183 301 16 16
6.000183 302 2 2
6.000183 304 18 18
6.000183 305 16 16
6.000183 306 14 14
6.000183 307 16 16
6.000183 308 3 3
6.000183 309 17 17
6.000183 310 19 19
6.000183 311 15 15
6.000183 313 17 17
6.000183 314 15 15
6.000183 315 19 19
6.000183 316 4 4
6.000183 317 12 12
6.000183 319 16 16
6.000183 322 13 13
6.000183 323 16 16
6.000183 324 18 18
6.000183 325 16 16
6.000183 326 16 16
6.000183 329 21 21
6.000183 330 24 24
6.000183 331 13 13
6.000183 332 15 15
6.000183 333 16 16
6.000183 334 15 15
6.000183 335 17 17
6.000183 336 14 14
6.000183 337 16 16
6.000183 338 7 7
6.000183 339 18 18
6.000183 341 16 16
6.000183 342 16 16
6.000183 345 13 13
6.000183 347 17 17
6.000183 350 16 16
6.000183 351 16 16
6.000183 353 16 16
6.000183 356 15 15
6.000183 358 18 18
6.000183 359 2 2
6.000183 360 12 12
6.000183 362 15 15
6.000183 363 13 13
6.000183 364 16 16
6.000183 365 8 8
6.000183 366 16 16
6.000183 367 14 14
6.000183 368 12 12
6.000183 369 10 10
6.000183 370 15 15
6.000183 371 10 10
6.000183 372 14 14
6.000183 374 16 16
6.000183 375 15 15
6.000183 377 18 18
6.000183 378 16 16
6.000183 379 13 13
6.000183 380 13 13
6.000183 381 1 1
6.000183 382 15 15
6.000183 383 14 14
6.000183 384 16 16
6.000183 386 13 13
6.000183 387 14 14
6.000183 389 12 12
6.000183 390 14 14
6.000183 391 17 17
6.000183 394 14 14
6.000183 395 15 15
6.000183 397 16 16
6.000183 399 4 4
6.000183 400 16 16
6.000183 401 15 15
6.000183 402 18 18
6.000183 403 15 15
6.000183 404 18 18
6.000183 405 14 14
6.000183 407 12 12
6.000183 410 14 14
6.000183 412 16 16
6.000183 416 16 16
6.000183 417 15 15
6.000183 418 22 22
6.000183 419 6 6
6.000183 420 17 17
6.000183 421 18 18
6.000183 423 14 14
6.000183 424 16 16
6.000183 427 15 15
6.000183 429 17 17
6.000183 432 18 18
6.000183 433 15 15
6.000183 436 16 16
6.000183 437 18 18
6.000183 438 14 14
6.000183 441 14 14
6.000183 442 14 14
6.000183 443 15 15
6.000183 444 16 16
6.000183 446 16 16
6.000183 447 16 16
6.000183 449 17 17
6.000183 452 16 16
6.000183 453 12 12
6.000183 454 19 19
6.000183 455 14 14
6.000183 456 16 16
6.000183 457 15 15
6.000183 458 16 16
6.000183 459 16 16
6.000183 460 16 16
6.000183 462 16 16
6.000183 463 15 15
6.000183 464 15 15
6.000183 465 16 16
6.000183 466 16 16
6.000183 467 14 14
6.000183 468 17 17
6.000183 472 1 1
6.000183 473 5 5
6.000183 474 15 15
6.000183 476 15 15
6.000183 477 4 4
6.000183 478 14 14
6.000183 479 17 17
6.000183 480 2 2
6.000183 481 15 15
6.000183 482 16 16
6.000183 483 13 13
6.000183 484 14 14
6.000183 487 14 14
6.000183 488 20 20
6.000183 489 15 15
6.000183 490 15 15
6.000183 491 15 15
6.000183 493 16 16
6.000183 494 14 14
6.000183 495 16 16
6.000183 496 17 17
6.000183 497 16 16
6.000183 499 12 12
6.000183 500 16 16
6.000183 501 18 18
6.000183 503 13 13
6.000183 504 15 15
6.000183 505 17 17
6.000183 508 17 17
6.000183 509 15 15
6.000183 510 10 10
6.000183 511 14 14
6.000183 512 16 16
6.000183 513 13 13
6.000183 514 15 15
6.000183 516 15 15
6.000183 518 16 16
6.000183 519 14 14
6.000183 520 11 11
6.000183 521 15 15
6.000183 523 17 17
6.000183 525 16 16
6.000183 526 17 17
6.000183 527 17 17
6.000183 528 16 16
6.000183 530 16 16
6.000183 531 16 16
6.000183 532 13 13
6.000183 533 17 17
6.000183 534 16 16
6.000183 538 16 16
6.000183 539 16 16
6.000183 541 13 13
6.000183 542 17 17
6.000183 544 15 15
6.000183 545 16 16
6.000183 547 17 17
6.000183 549 16 16
7.000214 1 26 26
7.000214 3 26 26
7.000214 6 20 20
7.000214 7 29 29
7.000214 8 25 25
7.000214 13 25 25
7.000214 17 25 25
7.000214 19 25 25
7.000214 20 28 28
7.000214 21 26 26
7.000214 23 25 25
7.000214 26 23 23
7.000214 27 28 28
7.000214 28 24 24
7.000214 30 31 31
7.000214 31 31 31
7.000214 33 19 19
7.000214 34 2 2
7.000214 37 16 16
7.000214 39 28 28
7.000214 43 13 13
7.000214 44 26 26
7.000214 47 14 14
7.000214 48 24 24
7.000214 50 23 23
7.000214 52 29 29
7.000214 53 24 24
7.000214 54 2 2
7.000214 56 22 22
7.000214 58 29 29
7.000214 59 24 24
7.000214 60 20 20
7.000214 61 1 1
7.000214 68 24 24
7.000214 70 31 31
7.000214 71 28 28
7.000214 72 26 26
7.000214 73 15 15
7.000214 74 19 19
7.000214 76 22 22
7.000214 77 17 17
7.000214 78 25 25
7.000214 79 21 21
7.000214 80 22 22
7.000214 82 21 21
7.000214 83 23 23
7.000214 91 27 27
7.000214 92 3 3
7.000214 94 29 29
7.000214 98 30 30
7.000214 99 22 22
7.000214 100 17 17
7.000214 104 21 21
7.000214 108 21 21
7.000214 111 25 25
7.000214 114 29 29
7.000214 115 25 25
7.000214 117 8 8
7.000214 118 27 27
7.000214 119 18 18
7.000214 122 24 24
7.000214 125 25 25
7.000214 127 20 20
7.000214 130 26 26
7.000214 131 22 22
7.000214 132 20 20
7.000214 133 23 23
7.000214 135 28 28
7.000214 138 8 8
7.000214 143 20 20
7.000214 144 22 22
7.000214 145 22 22
7.000214 146 24 24
7.000214 152 1 1
7.000214 154 18 18
7.000214 155 17 17
7.000214 156 25 25
7.000214 157 23 23
7.000214 160 24 24
7.000214 162 28 28
7.000214 163 27 27
7.000214 164 23 23
7.000214 166 21 21
7.000214 167 22 22
7.000214 168 26 26
7.000214 172 25 25
7.000214 173 30 30
7.000214 175 18 18
7.000214 176 13 13
7.000214 177 27 27
7.000214 178 22 22
7.000214 179 24 24
7.000214 184 27 27
7.000214 188 30 30
7.000214 197 2 2
7.000214 203 23 23
7.000214 206 25 25
7.000214 209 30 30
7.000214 210 30 30
7.000214 211 17 17
7.000214 213 24 24
7.000214 214 23 23
7.000214 215 25 25
7.000214 219 2 2
7.000214 220 22 22
7.000214 221 8 8
7.000214 222 24 24
7.000214 225 29 29
7.000214 227 21 21
7.000214 229 31 31
7.000214 231 27 27
7.000214 234 29 29
7.000214 240 30 30
7.000214 243 23 23
7.000214 246 2 2
7.000214 249 21 21
7.000214 250 27 27
7.000214 254 16 16
7.000214 255 22 22
7.000214 256 16 16
7.000214 257 29 29
7.000214 260 29 29
7.000214 261 25 25
7.000214 262 22 22
7.000214 263 19 19
7.000214 264 25 25
7.000214 265 17 17
7.000214 267 26 26
7.000214 270 22 22
7.000214 271 22 22
7.000214 273 20 20
7.000214 274 25 25
7.000214 279 20 20
7.000214 280 26 26
7.000214 282 22 22
7.000214 286 30 30
7.000214 287 20 20
7.000214 289 32 32
7.000214 290 30 30
7.000214 291 24 24
7.000214 293 29 29
7.000214 294 17 17
7.000214 296 26 26
7.000214 297 24 24
7.000214 298 16 16
7.000214 299 23 23
7.000214 300 18 18
7.000214 304 29 29
7.000214 305 23 23
7.000214 306 23 23
7.000214 307 24 24
7.000214 309 26 26
7.000214 310 27 27
7.000214 311 23 23
7.000214 313 5 5
7.000214 322 20 20
7.000214 323 26 26
7.000214 325 27 27
7.000214 326 24 24
7.000214 329 34 34
7.000214 330 34 34
7.000214 331 17 17
7.000214 332 22 22
7.000214 334 20 20
7.000214 335 28 28
7.000214 337 22 22
7.000214 339 27 27
7.000214 342 30 30
7.000214 345 20 20
7.000214 347 28 28
7.000214 353 23 23
7.000214 358 26 26
7.000214 362 29 29
7.000214 364 25 25
7.000214 366 19 19
7.000214 368 17 17
7.000214 369 18 18
7.000214 372 21 21
7.000214 374 22 22
7.000214 375 22 22
7.000214 377 27 27
7.000214 378 26 26
7.000214 379 24 24
7.000214 383 20 20
7.000214 386 24 24
7.000214 387 8 8
7.000214 390 20 20
7.000214 391 27 27
7.000214 397 14 14
7.000214 400 25 25
7.000214 402 27 27
7.000214 403 24 24
7.000214 404 1 1
7.000214 410 21 21
7.000214 416 31 31
7.000214 417 26 26
7.000214 418 32 32
7.000214 420 19 19
7.000214 421 31 31
7.000214 423 24 24
7.000214 432 33 33
7.000214 433 23 23
7.000214 437 23 23
7.000214 438 19 19
7.000214 441 17 17
7.000214 442 19 19
7.000214 444 23 23
7.000214 446 28 28
7.000214 447 21 21
7.000214 449 27 27
7.000214 454 33 33
7.000214 456 21 21
7.000214 457 27 27
7.000214 458 28 28
7.000214 460 22 22
7.000214 463 20 20
7.000214 464 13 13
7.000214 465 28 28
7.000214 466 26 26
7.000214 467 21 21
7.000214 468 28 28
7.000214 474 23 23
7.000214 476 20 20
7.000214 478 21 21
7.000214 479 29 29
7.000214 482 22 22
7.000214 483 20 20
7.000214 487 23 23
7.000214 489 25 25
7.000214 490 25 25
7.000214 491 19 19
7.000214 493 24 24
7.000214 495 26 26
7.000214 496 29 29
7.000214 497 28 28
7.000214 499 17 17
7.000214 500 24 24
7.000214 503 24 24
7.000214 509 23 23
7.000214 511 23 23
7.000214 513 21 21
7.000214 514 24 24
7.000214 516 20 20
7.000214 518 23 23
7.000214 519 22 22
7.000214 521 21 21
7.000214 525 30 30
7.000214 526 30 30
7.000214 528 26 26
7.000214 531 24 24
7.000214 532 18 18
7.000214 533 25 25
7.000214 534 21 21
7.000214 538 29 29
7.000214 539 25 25
7.000214 542 31 31
8.000244 6 26 26
8.000244 7 47 47
8.000244 8 37 37
8.000244 13 42 42
8.000244 19 38 38
8.000244 20 25 25
8.000244 23 36 36
8.000244 27 46 46
8.000244 28 37 37
8.000244 30 1 1
8.000244 33 32 32
8.000244 37 31 31
8.000244 39 41 41
8.000244 44 38 38
8.000244 48 38 38
8.000244 52 43 43
8.000244 53 35 35
8.000244 56 33 33
8.000244 58 49 49
8.000244 60 32 32
8.000244 70 51 51
8.000244 71 28 28
8.000244 72 36 36
8.000244 74 29 29
8.000244 76 35 35
8.000244 77 31 31
8.000244 79 36 36
8.000244 80 32 32
8.000244 82 29 29
8.000244 83 36 36
8.000244 94 47 47
8.000244 98 40 40
8.000244 99 33 33
8.000244 100 32 32
8.000244 104 20 20
8.000244 114 11 11
8.000244 115 37 37
8.000244 118 40 40
8.000244 119 31 31
8.000244 122 39 39
8.000244 125 38 38
8.000244 127 32 32
8.000244 132 33 33
8.000244 133 39 39
8.000244 135 38 38
8.000244 143 28 28
8.000244 144 10 10
8.000244 146 14 14
8.000244 154 30 30
8.000244 155 23 23
8.000244 157 37 37
8.000244 160 2 2
8.000244 162 35 35
8.000244 163 39 39
8.000244 164 37 37
8.000244 173 43 43
8.000244 175 4 4
8.000244 177 42 42
8.000244 179 15 15
8.000244 184 44 44
8.000244 203 37 37
8.000244 206 37 37
8.000244 209 5 5
8.000244 210 51 51
8.000244 211 30 30
8.000244 213 23 23
8.000244 214 28 28
8.000244 215 41 41
8.000244 222 38 38
8.000244 227 35 35
8.000244 229 42 42
8.000244 231 45 45
8.000244 234 41 41
8.000244 240 51 51
8.000244 243 12 12
8.000244 249 19 19
8.000244 255 34 34
8.000244 256 7 7
8.000244 257 47 47
8.000244 260 20 20
8.000244 261 41 41
8.000244 264 35 35
8.000244 265 31 31
8.000244 273 32 32
8.000244 274 41 41
8.000244 280 46 46
8.000244 286 49 49
8.000244 287 32 32
8.000244 289 52 52
8.000244 290 48 48
8.000244 291 38 38
8.000244 293 37 37
8.000244 294 26 26
8.000244 297 38 38
8.000244 298 27 27
8.000244 299 40 40
8.000244 304 44 44
8.000244 305 37 37
8.000244 306 18 18
8.000244 311 1 1
8.000244 322 33 33
8.000244 323 39 39
8.000244 325 39 39
8.000244 326 39 39
8.000244 329 52 52
8.000244 330 54 54
8.000244 331 11 11
8.000244 332 33 33
8.000244 335 43 43
8.000244 339 43 43
8.000244 342 1 1
8.000244 345 12 12
8.000244 347 9 9
8.000244 358 41 41
8.000244 362 14 14
8.000244 364 43 43
8.000244 366 21 21
8.000244 368 30 30
8.000244 375 38 38
8.000244 378 38 38
8.000244 383 35 35
8.000244 386 7 7
8.000244 391 43 43
8.000244 402 40 40
8.000244 403 38 38
8.000244 410 7 7
8.000244 417 42 42
8.000244 418 52 52
8.000244 421 47 47
8.000244 423 40 40
8.000244 432 44 44
8.000244 437 25 25
8.000244 438 15 15
8.000244 441 32 32
8.000244 442 32 32
8.000244 444 40 40
8.000244 446 16 16
8.000244 447 27 27
8.000244 449 45 45
8.000244 456 34 34
8.000244 457 38 38
8.000244 458 35 35
8.000244 460 33 33
8.000244 463 33 33
8.000244 467 16 16
8.000244 476 33 33
8.000244 479 38 38
8.000244 482 32 32
8.000244 483 29 29
8.000244 487 31 31
8.000244 489 35 35
8.000244 490 35 35
8.000244 491 33 33
8.000244 493 39 39
8.000244 495 38 38
8.000244 496 42 42
8.000244 499 32 32
8.000244 503 26 26
8.000244 511 36 36
8.000244 513 32 32
8.000244 514 38 38
8.000244 516 34 34
8.000244 518 35 35
8.000244 521 37 37
8.000244 525 45 45
8.000244 526 45 45
8.000244 528 38 38
8.000244 532 32 32
8.000244 533 30 30
8.000244 534 37 37
8.000244 538 39 39
8.000244 539 5 5
8.000244 542 47 47
9.000275 7 72 72
9.000275 8 36 36
9.000275 23 61 61
9.000275 27 68 68
9.000275 28 14 14
9.000275 33 53 53
9.000275 39 66 66
9.000275 44 67 67
9.000275 52 68 68
9.000275 53 59 59
9.000275 56 58 58
9.000275 58 26 26
9.000275 60 54 54
9.000275 72 63 63
9.000275 74 45 45
9.000275 76 57 57
9.000275 77 48 48
9.000275 79 5 5
9.000275 80 49 49
9.000275 82 55 55
9.000275 83 54 54
9.000275 94 55 55
9.000275 98 68 68
9.000275 99 33 33
9.000275 100 50 50
9.000275 118 66 66
9.000275 119 20 20
9.000275 122 45 45
9.000275 125 39 39
9.000275 127 45 45
9.000275 132 57 57
9.000275 133 67 67
9.000275 135 65 65
9.000275 143 13 13
9.000275 154 50 50
9.000275 155 11 11
9.000275 157 62 62
9.000275 162 64 64
9.000275 163 67 67
9.000275 164 54 54
9.000275 173 72 72
9.000275 177 43 43
9.000275 184 66 66
9.000275 203 55 55
9.000275 206 10 10
9.000275 210 4 4
9.000275 215 69 69
9.000275 222 64 64
9.000275 227 59 59
9.000275 231 73 73
9.000275 234 68 68
9.000275 240 36 36
9.000275 257 76 76
9.000275 261 3 3
9.000275 264 42 42
9.000275 265 50 50
9.000275 273 10 10
9.000275 274 11 11
9.000275 280 70 70
9.000275 286 78 78
9.000275 287 52 52
9.000275 290 72 72
9.000275 291 21 21
9.000275 293 9 9
9.000275 294 47 47
9.000275 297 62 62
9.000275 298 46 46
9.000275 299 64 64
9.000275 304 74 74
9.000275 305 61 61
9.000275 322 57 57
9.000275 323 59 59
9.000275 325 10 10
9.000275 326 62 62
9.000275 329 12 12
9.000275 330 72 72
9.000275 332 6 6
9.000275 335 66 66
9.000275 339 68 68
9.000275 358 69 69
9.000275 364 63 63
9.000275 375 60 60
9.000275 378 54 54
9.000275 383 17 17
9.000275 391 72 72
9.000275 403 60 60
9.000275 417 64 64
9.000275 421 72 72
9.000275 423 63 63
9.000275 441 52 52
9.000275 442 9 9
9.000275 444 62 62
9.000275 456 59 59
9.000275 460 52 52
9.000275 463 3 3
9.000275 476 55 55
9.000275 479 68 68
9.000275 482 60 60
9.000275 483 50 50
9.000275 487 1 1
9.000275 489 58 58
9.000275 490 42 42
9.000275 491 54 54
9.000275 496 72 72
9.000275 499 48 48
9.000275 511 60 60
9.000275 513 51 51
9.000275 514 60 60
9.000275 516 55 55
9.000275 518 56 56
9.000275 521 9 9
9.000275 526 67 67
9.000275 528 67 67
9.000275 532 54 54
9.000275 534 61 61
9.000275 538 68 68
9.000275 542 73 73
10.000305 7 119 119
10.000305 23 96 96
10.000305 27 33 33
10.000305 33 73 73
10.000305 39 109 109
10.000305 44 103 103
10.000305 52 83 83
10.000305 53 98 98
10.000305 56 91 91
10.000305 60 81 81
10.000305 72 70 70
10.000305 74 75 75
10.000305 76 97 97
10.000305 77 75 75
10.000305 80 3 3
10.000305 82 87 87
10.000305 83 27 27
10.000305 98 40 40
10.000305 100 71 71
10.000305 118 105 105
10.000305 132 21 21
10.000305 133 57 57
10.000305 135 108 108
10.000305 154 73 73
10.000305 157 93 93
10.000305 162 106 106
10.000305 163 105 105
10.000305 173 3 3
10.000305 184 86 86
10.000305 215 91 91
10.000305 222 107 107
10.000305 227 94 94
10.000305 231 113 113
10.000305 234 114 114
10.000305 257 120 120
10.000305 265 67 67
10.000305 280 26 26
10.000305 286 46 46
10.000305 287 80 80
10.000305 290 52 52
10.000305 294 47 47
10.000305 297 94 94
10.000305 298 32 32
10.000305 299 94 94
10.000305 304 58 58
10.000305 305 89 89
10.000305 322 87 87
10.000305 323 100 100
10.000305 326 68 68
10.000305 330 2 2
10.000305 335 104 104
10.000305 339 14 14
10.000305 358 75 75
10.000305 364 98 98
10.000305 375 95 95
10.000305 391 109 109
10.000305 417 101 101
10.000305 421 104 104
10.000305 423 100 100
10.000305 441 4 4
10.000305 444 101 101
10.000305 456 10 10
10.000305 476 17 17
10.000305 479 109 109
10.000305 482 87 87
10.000305 483 77 77
10.000305 489 86 86
10.000305 491 21 21
10.000305 496 44 44
10.000305 499 42 42
10.000305 511 53 53
10.000305 513 32 32
10.000305 514 95 95
10.000305 516 8 8
10.000305 518 1 1
10.000305 526 115 115
10.000305 528 105 105
10.000305 532 79 79
10.000305 534 69 69
10.000305 538 111 111
10.000305 542 48 48
11.000336 7 181 181
11.000336 23 154 154
11.000336 33 19 19
11.000336 39 140 140
11.000336 44 88 88
11.000336 52 43 43
11.000336 53 36 36
11.000336 56 148 148
11.000336 60 128 128
11.000336 72 45 45
11.000336 74 120 120
11.000336 76 142 142
11.000336 77 123 123
11.000336 82 122 122
11.000336 100 125 125
11.000336 118 40 40
11.000336 133 13 13
11.000336 135 128 128
11.000336 154 116 116
11.000336 157 150 150
11.000336 162 146 146
11.000336 163 171 171
11.000336 184 37 37
11.000336 215 39 39
11.000336 222 126 126
11.000336 227 151 151
11.000336 231 181 181
11.000336 234 173 173
11.000336 257 181 181
11.000336 265 33 33
11.000336 287 115 115
11.000336 290 2 2
11.000336 294 17 17
11.000336 297 153 153
11.000336 299 158 158
11.000336 305 58 58
11.000336 322 132 132
11.000336 323 125 125
11.000336 326 27 27
11.000336 335 52 52
11.000336 358 2 2
11.000336 364 170 170
11.000336 375 155 155
11.000336 391 64 64
11.000336 417 62 62
11.000336 421 74 74
11.000336 423 109 109
11.000336 444 141 141
11.000336 479 159 159
11.000336 482 48 48
11.000336 483 69 69
11.000336 489 43 43
11.000336 491 6 6
11.000336 496 9 9
11.000336 514 146 146
11.000336 526 187 187
11.000336 528 67 67
11.000336 532 89 89
11.000336 538 97 97
12.000366 7 171 171
12.000366 23 221 221
12.000366 39 171 171
12.000366 44 17 17
12.000366 56 238 238
12.000366 60 219 219
12.000366 72 15 15
12.000366 74 180 180
12.000366 76 40 40
12.000366 77 166 166
12.000366 82 185 185
12.000366 100 171 171
12.000366 135 178 178
12.000366 154 118 118
12.000366 157 193 193
12.000366 162 192 192
12.000366 163 245 245
12.000366 222 128 128
12.000366 227 194 194
12.000366 231 216 216
12.000366 234 120 120
12.000366 257 239 239
12.000366 265 8 8
12.000366 287 115 115
12.000366 294 2 2
12.000366 297 133 133
12.000366 299 251 251
12.000366 305 47 47
12.000366 322 138 138
12.000366 323 87 87
12.000366 335 31 31
12.000366 364 266 266
12.000366 375 192 192
12.000366 391 12 12
12.000366 421 6 6
12.000366 423 82 82
12.000366 444 158 158
12.000366 479 97 97
12.000366 482 5 5
12.000366 483 9 9
12.000366 489 12 12
12.000366 514 201 201
12.000366 526 262 262
12.000366 528 33 33
12.000366 532 40 40
12.000366 538 85 85
13.000397 7 184 184
13.000397 23 316 316
13.000397 39 201 201
13.000397 56 344 344
13.000397 60 285 285
13.000397 74 243 243
13.000397 77 159 159
13.000397 82 188 188
13.000397 100 146 146
13.000397 135 214 214
13.000397 154 74 74
13.000397 157 122 122
13.000397 162 169 169
13.000397 163 271 271
13.000397 222 65 65
13.000397 227 151 151
13.000397 231 186 186
13.000397 234 58 58
13.000397 257 305 305
13.000397 287 94 94
13.000397 297 145 145
13.000397 299 280 280
13.000397 305 17 17
13.000397 322 88 88
13.000397 323 74 74
13.000397 335 4 4
13.000397 364 375 375
13.000397 375 195 195
13.000397 423 54 54
13.000397 444 170 170
13.000397 479 56 56
13.000397 514 250 250
13.000397 526 262 262
13.000397 528 17 17
13.000397 532 13 13
13.000397 538 77 77
14.000427 7 185 185
14.000427 23 341 341
14.000427 39 177 177
14.000427 56 428 428
14.000427 60 347 347
14.000427 74 363 363
14.000427 77 217 217
14.000427 82 205 205
14.000427 100 155 155
14.000427 135 232 232
14.000427 154 86 86
14.000427 157 22 22
14.000427 162 156 156
14.000427 163 162 162
14.000427 227 140 140
14.000427 231 164 164
14.000427 234 25 25
14.000427 257 345 345
14.000427 287 44 44
14.000427 297 153 153
14.000427 299 292 292
14.000427 322 40 40
14.000427 323 50 50
14.000427 364 490 490
14.000427 375 211 211
14.000427 423 37 37
14.000427 444 162 162
14.000427 479 58 58
14.000427 514 226 226
14.000427 526 260 260
14.000427 532 3 3
14.000427 538 100 100
15.000458 7 168 168
15.000458 23 346 346
15.000458 39 134 134
15.000458 56 459 459
15.000458 60 402 402
15.000458 74 330 330
15.000458 77 209 209
15.000458 82 270 270
15.000458 100 180 180
15.000458 135 209 209
15.000458 154 67 67
15.000458 157 24 24
15.000458 162 167 167
15.000458 163 193 193
15.000458 227 103 103
15.000458 231 176 176
15.000458 234 14 14
15.000458 257 391 391
15.000458 287 20 20
15.000458 297 133 133
15.000458 299 312 312
15.000458 322 21 21
15.000458 323 3 3
15.000458 364 486 486
15.000458 375 259 259
15.000458 423 32 32
15.000458 444 177 177
15.000458 479 43 43
15.000458 514 176 176
15.000458 526 272 272
15.000458 538 131 131
16.000488 7 149 149
16.000488 23 309 309
16.000488 39 96 96
16.000488 56 466 466
16.000488 60 441 441
16.000488 74 400 400
16.000488 77 221 221
16.000488 82 352 352
16.000488 100 201 201
16.000488 135 181 181
16.000488 154 67 67
16.000488 157 20 20
16.000488 162 157 157
16.000488 163 164 164
16.000488 227 72 72
16.000488 231 169 169
16.000488 257 344 344
16.000488 297 168 168
16.000488 299 353 353
16.000488 322 7 7
16.000488 364 502 502
16.000488 375 270 270
16.000488 423 21 21
16.000488 444 172 172
16.000488 479 19 19
16.000488 514 167 167
16.000488 526 252 252
16.000488 538 123 123
17.000519 7 103 103
17.000519 23 269 269
17.000519 39 78 78
17.000519 56 467 467
17.000519 60 450 450
17.000519 74 374 374
17.000519 77 173 173
17.000519 82 432 432
17.000519 100 207 207
17.000519 135 196 196
17.000519 154 62 62
17.000519 157 28 28
17.000519 162 152 152
17.000519 163 158 158
17.000519 227 56 56
17.000519 231 168 168
17.000519 257 372 372
17.000519 297 182 182
17.000519 299 337 337
17.000519 364 577 577
17.000519 375 301 301
17.000519 423 3 3
17.000519 444 156 156
17.000519 479 1 1
17.000519 514 161 161
17.000519 526 335 335
17.000519 538 59 59
18.000549 7 148 148
18.000549 23 310 310
18.000549 39 36 36
18.000549 56 418 418
18.000549 60 469 469
18.000549 74 363 363
18.000549 77 188 188
18.000549 82 446 446
18.000549 100 180 180
18.000549 135 244 244
18.000549 154 59 59
18.000549 157 24 24
18.000549 162 139 139
18.000549 163 176 176
18.000549 227 37 37
18.000549 231 186 186
18.000549 257 398 398
18.000549 297 157 157
18.000549 299 361 361
18.000549 364 623 623
18.000549 375 262 262
18.000549 444 134 134
18.000549 514 179 179
18.000549 526 355 355
18.000549 538 23 23
19.000580 7 168 168
19.000580 23 380 380
19.000580 56 382 382
19.000580 60 472 472
19.000580 74 353 353
19.000580 77 181 181
19.000580 82 480 480
19.000580 100 204 204
19.000580 135 212 212
19.000580 154 37 37
19.000580 157 20 20
19.000580 162 125 125
19.000580 163 254 254
19.000580 227 25 25
19.000580 231 172 172
19.000580 257 424 424
19.000580 297 121 121
19.000580 299 324 324
19.000580 364 605 605
19.000580 375 218 218
19.000580 444 107 107
19.000580 514 181 181
19.000580 526 373 373
19.000580 538 17 17
20.000610 7 191 191
20.000610 23 449 449
20.000610 56 477 477
20.000610 60 433 433
20.000610 74 353 353
20.000610 77 196 196
20.000610 82 479 479
20.000610 100 211 211
20.000610 135 205 205
20.000610 154 55 55
20.000610 162 109 109
20.000610 163 276 276
20.000610 231 100 100
20.000610 257 485 485
20.000610 297 152 152
20.000610 299 236 236
20.000610 364 564 564
20.000610 375 251 251
20.000610 444 76 76
20.000610 514 180 180
20.000610 526 379 379
20.000610 538 2 2
21.000641 7 174 174
21.000641 23 505 505
21.000641 56 508 508
21.000641 60 451 451
21.000641 74 323 323
21.000641 77 181 181
21.000641 82 475 475
21.000641 100 199 199
21.000641 135 144 144
21.000641 154 41 41
21.000641 162 120 120
21.000641 163 254 254
21.000641 231 46 46
21.000641 257 595 595
21.000641 297 180 180
21.000641 299 267 267
21.000641 364 568 568
21.000641 375 279 279
21.000641 444 49 49
21.000641 514 199 199
21.000641 526 317 317
22.000671 7 186 186
22.000671 23 513 513
22.000671 56 569 569
22.000671 60 504 504
22.000671 74 220 220
22.000671 77 181 181
22.000671 82 457 457
22.000671 100 143 143
22.000671 135 140 140
22.000671 154 18 18
22.000671 162 130 130
22.000671 163 296 296
22.000671 231 12 12
22.000671 257 591 591
22.000671 297 183 183
22.000671 299 308 308
22.000671 364 544 544
22.000671 375 341 341
22.000671 514 252 252
22.000671 526 265 265
23.000702 7 212 212
23.000702 23 521 521
23.000702 56 543 543
23.000702 60 520 520
23.000702 74 138 138
23.000702 77 168 168
23.000702 82 393 393
23.000702 100 75 75
23.000702 135 135 135
23.000702 162 119 119
23.000702 163 405 405
23.000702 231 8 8
23.000702 257 560 560
23.000702 297 179 179
23.000702 299 353 353
23.000702 364 544 544
23.000702 375 433 433
23.000702 514 323 323
23.000702 526 215 215
24.000732 7 327 327
24.000732 23 510 510
24.000732 56 511 511
24.000732 60 584 584
24.000732 74 86 86
24.000732 77 193 193
24.000732 82 313 313
24.000732 100 10 10
24.000732 135 144 144
24.000732 162 133 133
24.000732 163 488 488
24.000732 257 566 566
24.000732 297 188 188
24.000732 299 347 347
24.000732 364 562 562
24.000732 375 508 508
24.000732 514 284 284
24.000732 526 128 128
25.000763 7 342 342
25.000763 23 526 526
25.000763 56 444 444
25.000763 60 631 631
25.000763 74 39 39
25.000763 77 230 230
25.000763 82 316 316
25.000763 135 166 166
25.000763 162 139 139
25.000763 163 537 537
25.000763 257 543 543
25.000763 297 196 196
25.000763 299 398 398
25.000763 364 576 576
25.000763 375 536 536
25.000763 514 181 181
25.000763 526 75 75
25.665253 7 335 335
25.665253 23 490 490
25.665253 56 436 436
25.665253 60 644 644
25.665253 74 37 37
25.665253 77 241 241
25.665253 82 379 379
25.665253 135 195 195
25.665253 162 132 132
25.665253 163 573 573
25.665253 257 579 579
25.665253 297 192 192
25.665253 299 444 444
25.665253 364 604 604
25.665253 375 551 551
25.665253 514 96 96
25.665253 526 50 50
26.665268 7 348 348
26.665268 23 514 514
26.665268 56 379 379
26.665268 60 670 670
26.665268 74 23 23
26.665268 77 315 315
26.665268 82 368 368
26.665268 135 198 198
26.665268 162 138 138
26.665268 163 640 640
26.665268 257 650 650
26.665268 297 175 175
26.665268 299 441 441
26.665268 364 624 624
26.665268 375 512 512
26.665268 514 53 53
26.665268 526 64 64
27.665283 7 441 441
27.665283 23 456 456
27.665283 56 305 305
27.665283 60 757 757
27.665283 77 302 302
27.665283 82 425 425
27.665283 135 153 153
27.665283 162 135 135
27.665283 163 633 633
27.665283 257 660 660
27.665283 297 172 172
27.665283 299 494 494
27.665283 364 657 657
27.665283 375 444 444
27.665283 514 10 10
27.665283 526 65 65
28.665298 7 517 517
28.665298 23 371 371
28.665298 56 312 312
28.665298 60 906 906
28.665298 77 328 328
28.665298 82 436 436
28.665298 135 131 131
28.665298 162 112 112
28.665298 163 519 519
28.665298 257 611 611
28.665298 297 146 146
28.665298 299 539 539
28.665298 364 762 762
28.665298 375 425 425
28.665298 526 41 41
29.665314 7 587 587
29.665314 23 429 429
29.665314 56 357 357
29.665314 60 1003 1003
29.665314 77 281 281
29.665314 82 398 398
29.665314 135 143 143
29.665314 162 118 118
29.665314 163 496 496
29.665314 257 604 604
29.665314 297 104 104
29.665314 299 448 448
29.665314 364 752 752
29.665314 375 411 411
29.665314 526 41 41
30.665329 7 660 660
30.665329 23 486 486
30.665329 56 392 392
30.665329 60 1024 1024
30.665329 77 248 248
30.665329 82 362 362
30.665329 135 142 142
30.665329 162 122 122
30.665329 163 498 498
30.665329 257 648 648
30.665329 297 103 103
30.665329 299 330 330
30.665329 364 678 678
30.665329 375 373 373
30.665329 526 56 56
31.665344 7 632 632
31.665344 23 495 495
31.665344 56 460 460
31.665344 60 1031 1031
31.665344 77 202 202
31.665344 82 355 355
31.665344 135 64 64
31.665344 162 122 122
31.665344 163 423 423
31.665344 257 673 673
31.665344 297 127 127
31.665344 299 319 319
31.665344 364 687 687
31.665344 375 456 456
31.665344 526 94 94
32.665359 7 632 632
32.665359 23 482 482
32.665359 56 493 493
32.665359 60 949 949
32.665359 77 144 144
32.665359 82 442 442
32.665359 135 45 45
32.665359 162 120 120
32.665359 163 422 422
32.665359 257 666 666
32.665359 297 177 177
32.665359 299 332 332
32.665359 364 677 677
32.665359 375 492 492
32.665359 526 56 56
33.665375 7 675 675
33.665375 23 486 486
33.665375 56 517 517
33.665375 60 940 940
33.665375 77 125 125
33.665375 82 517 517
33.665375 135 35 35
33.665375 162 109 109
33.665375 163 363 363
33.665375 257 625 625
33.665375 297 214 214
33.665375 299 312 312
33.665375 364 676 676
33.665375 375 514 514
33.665375 526 56 56
34.665390 7 656 656
34.665390 23 514 514
34.665390 56 625 625
34.665390 60 951 951
34.665390 77 136 136
34.665390 82 560 560
34.665390 135 9 9
34.665390 162 105 105
34.665390 163 364 364
34.665390 257 460 460
34.665390 297 273 273
34.665390 299 267 267
34.665390 364 589 589
34.665390 375 591 591
34.665390 526 40 40
35.665405 7 603 603
35.665405 23 549 549
35.665405 56 713 713
35.665405 60 1029 1029
35.665405 77 126 126
35.665405 82 603 603
35.665405 162 107 107
35.665405 163 335 335
35.665405 257 443 443
35.665405 297 205 205
35.665405 299 253 253
35.665405 364 539 539
35.665405 375 599 599
35.665405 526 24 24
36.665421 7 643 643
36.665421 23 591 591
36.665421 56 750 750
36.665421 60 1051 1051
36.665421 77 119 119
36.665421 82 548 548
36.665421 162 120 120
36.665421 163 288 288
36.665421 257 516 516
36.665421 297 176 176
36.665421 299 222 222
36.665421 364 527 527
36.665421 375 608 608
36.665421 526 8 8
37.665436 7 569 569
37.665436 23 565 565
37.665436 56 790 790
37.665436 60 1090 1090
37.665436 77 103 103
37.665436 82 552 552
37.665436 162 110 110
37.665436 163 310 310
37.665436 257 551 551
37.665436 297 125 125
37.665436 299 172 172
37.665436 364 582 582
37.665436 375 605 605
38.665451 7 465 465
38.665451 23 537 537
38.665451 56 789 789
38.665451 60 1066 1066
38.665451 77 72 72
38.665451 82 641 641
38.665451 162 107 107
38.665451 163 379 379
38.665451 257 510 510
38.665451 297 140 140
38.665451 299 132 132
38.665451 364 670 670
38.665451 375 633 633
39.665466 7 464 464
39.665466 23 508 508
39.665466 56 711 711
39.665466 60 1005 1005
39.665466 77 64 64
39.665466 82 781 781
39.665466 162 104 104
39.665466 163 418 418
39.665466 257 544 544
39.665466 297 106 106
39.665466 299 83 83
39.665466 364 719 719
39.665466 375 621 621
40.665482 7 486 486
40.665482 23 555 555
40.665482 56 543 543
40.665482 60 1021 1021
40.665482 77 41 41
40.665482 82 781 781
40.665482 162 123 123
40.665482 163 483 483
40.665482 257 556 556
40.665482 297 81 81
40.665482 299 74 74
40.665482 364 735 735
40.665482 375 685 685
41.665497 7 498 498
41.665497 23 504 504
41.665497 56 619 619
41.665497 60 985 985
41.665497 77 20 20
41.665497 82 809 809
41.665497 162 128 128
41.665497 163 451 451
41.665497 257 585 585
41.665497 297 78 78
41.665497 299 58 58
41.665497 364 781 781
41.665497 375 654 654
42.665512 7 511 511
42.665512 23 466 466
42.665512 56 668 668
42.665512 60 912 912
42.665512 77 1 1
42.665512 82 897 897
42.665512 162 142 142
42.665512 163 439 439
42.665512 257 624 624
42.665512 297 69 69
42.665512 299 27 27
42.665512 364 783 783
42.665512 375 601 601
43.665527 7 570 570
43.665527 23 487 487
43.665527 56 638 638
43.665527 60 893 893
43.665527 82 859 859
43.665527 162 133 133
43.665527 163 551 551
43.665527 257 607 607
43.665527 297 69 69
43.665527 364 733 733
43.665527 375 615 615
44.665543 7 560 560
44.665543 23 487 487
44.665543 56 643 643
44.665543 60 945 945
44.665543 82 817 817
44.665543 162 127 127
44.665543 163 573 573
44.665543 257 606 606
44.665543 297 42 42
44.665543 364 702 702
44.665543 375 691 691
45.665558 7 531 531
45.665558 23 498 498
45.665558 56 631 631
45.665558 60 964 964
45.665558 82 815 815
45.665558 162 128 128
45.665558 163 614 614
45.665558 257 528 528
45.665558 297 35 35
45.665558 364 685 685
45.665558 375 666 666
46.665573 7 611 611
46.665573 23 441 441
46.665573 56 732 732
46.665573 60 1005 1005
46.665573 82 707 707
46.665573 162 111 111
46.665573 163 595 595
46.665573 257 582 582
46.665573 297 30 30
46.665573 364 731 731
46.665573 375 586 586
47.665588 7 524 524
47.665588 23 409 409
47.665588 56 849 849
47.665588 60 1061 1061
47.665588 82 688 688
47.665588 162 96 96
47.665588 163 562 562
47.665588 257 613 613
47.665588 297 23 23
47.665588 364 750 750
47.665588 375 602 602
48.665604 7 407 407
48.665604 23 438 438
48.665604 56 854 854
48.665604 60 1060 1060
48.665604 82 729 729
48.665604 162 98 98
48.665604 163 523 523
48.665604 257 622 622
48.665604 297 2 2
48.665604 364 742 742
48.665604 375 621 621
49.665619 7 400 400
49.665619 23 425 425
49.665619 56 836 836
49.665619 60 1075 1075
49.665619 82 737 737
49.665619 162 96 96
49.665619 163 557 557
49.665619 257 646 646
49.665619 364 743 743
49.665619 375 630 630
50.665634 7 430 430
50.665634 23 426 426
50.665634 56 793 793
50.665634 60 1113 1113
50.665634 82 763 763
50.665634 162 114 114
50.665634 163 552 552
50.665634 257 678 678
50.665634 364 768 768
50.665634 375 561 561
51.665649 7 503 503
51.665649 23 332 332
51.665649 56 803 803
51.665649 60 1094 1094
51.665649 82 864 864
51.665649 162 99 99
51.665649 163 600 600
51.665649 257 686 686
51.665649 364 750 750
51.665649 375 459 459
52.665665 7 532 532
52.665665 23 262 262
52.665665 56 772 772
52.665665 60 1124 1124
52.665665 82 921 921
52.665665 162 91 91
52.665665 163 674 674
52.665665 257 637 637
52.665665 364 686 686
52.665665 375 468 468
53.665680 7 582 582
53.665680 23 202 202
53.665680 56 743 743
53.665680 60 1164 1164
53.665680 82 1005 1005
53.665680 162 83 83
53.665680 163 741 741
53.665680 257 564 564
53.665680 364 600 600
53.665680 375 483 483
54.665695 7 442 442
54.665695 23 233 233
54.665695 56 710 710
54.665695 60 1212 1212
54.665695 82 1159 1159
54.665695 162 76 76
54.665695 163 806 806
54.665695 257 470 470
54.665695 364 570 570
54.665695 375 499 499
55.665710 7 412 412
55.665710 23 260 260
55.665710 56 745 745
55.665710 60 1264 1264
55.665710 82 1081 1081
55.665710 162 73 73
55.665710 163 778 778
55.665710 257 423 423
55.665710 364 609 609
55.665710 375 525 525
56.665726 7 404 404
56.665726 23 280 280
56.665726 56 747 747
56.665726 60 1278 1278
56.665726 82 1004 1004
56.665726 162 63 63
56.665726 163 710 710
56.665726 257 398 398
56.665726 364 668 668
56.665726 375 579 579
57.665741 7 458 458
57.665741 23 279 279
57.665741 56 689 689
57.665741 60 1214 1214
57.665741 82 957 957
57.665741 162 72 72
57.665741 163 735 735
57.665741 257 405 405
57.665741 364 697 697
57.665741 375 648 648
58.665756 7 451 451
58.665756 23 282 282
58.665756 56 709 709
58.665756 60 1119 1119
58.665756 82 897 897
58.665756 162 64 64
58.665756 163 709 709
58.665756 257 417 417
58.665756 364 720 720
58.665756 375 781 781
59.665771 7 359 359
59.665771 23 246 246
59.665771 56 744 744
59.665771 60 1079 1079
59.665771 82 976 976
59.665771 162 63 63
59.665771 163 657 657
59.665771 257 404 404
59.665771 364 757 757
59.665771 375 853 853
60.665787 7 247 247
60.665787 23 174 174
60.665787 56 910 910
60.665787 60 1047 1047
60.665787 82 1011 1011
60.665787 162 65 65
60.665787 163 534 534
60.665787 257 429 429
60.665787 364 821 821
60.665787 375 918 918
61.665802 7 222 222
61.665802 23 152 152
61.665802 56 1045 1045
61.665802 60 1122 1122
61.665802 82 995 995
61.665802 162 61 61
61.665802 163 443 443
61.665802 257 411 411
61.665802 364 836 836
61.665802 375 861 861
62.665817 7 201 201
62.665817 23 94 94
62.665817 56 1198 1198
62.665817 60 1101 1101
62.665817 82 978 978
62.665817 162 75 75
62.665817 163 428 428
62.665817 257 531 531
62.665817 364 799 799
62.665817 375 709 709
63.665833 7 186 186
63.665833 23 125 125
63.665833 56 1266 1266
63.665833 60 1162 1162
63.665833 82 907 907
63.665833 162 62 62
63.665833 163 480 480
63.665833 257 487 487
63.665833 364 744 744
63.665833 375 688 688
64.665848 7 277 277
64.665848 23 137 137
64.665848 56 1279 1279
64.665848 60 1217 1217
64.665848 82 845 845
64.665848 162 65 65
64.665848 163 510 510
64.665848 257 491 491
64.665848 364 698 698
64.665848 375 655 655
65.665863 7 394 394
65.665863 23 134 134
65.665863 56 1273 1273
65.665863 60 1180 1180
65.665863 82 712 712
65.665863 162 66 66
65.665863 163 580 580
65.665863 257 539 539
65.665863 364 627 627
65.665863 375 581 581
66.665878 7 470 470
66.665878 23 106 106
66.665878 56 1339 1339
66.665878 60 1114 1114
66.665878 82 609 609
66.665878 162 69 69
66.665878 163 597 597
66.665878 257 613 613
66.665878 364 645 645
66.665878 375 609 609
67.665894 7 524 524
67.665894 23 37 37
67.665894 56 1336 1336
67.665894 60 1134 1134
67.665894 82 537 537
67.665894 162 65 65
67.665894 163 639 639
67.665894 257 602 602
67.665894 364 653 653
67.665894 375 618 618
68.665909 7 606 606
68.665909 56 1298 1298
68.665909 60 1105 1105
68.665909 82 458 458
68.665909 162 60 60
68.665909 163 650 650
68.665909 257 582 582
68.665909 364 717 717
68.665909 375 665 665
69.665924 7 658 658
69.665924 56 1266 1266
69.665924 60 975 975
69.665924 82 415 415
69.665924 162 58 58
69.665924 163 583 583
69.665924 257 666 666
69.665924 364 755 755
69.665924 375 695 695
70.665939 7 688 688
70.665939 56 1260 1260
70.665939 60 920 920
70.665939 82 430 430
70.665939 162 58 58
70.665939 163 578 578
70.665939 257 733 733
70.665939 364 735 735
70.665939 375 723 723
71.665955 7 733 733
71.665955 56 1211 1211
71.665955 60 1040 1040
71.665955 82 471 471
71.665955 162 69 69
71.665955 163 610 610
71.665955 257 643 643
71.665955 364 727 727
71.665955 375 693 693
