0.000000 0 1 1
0.000000 1 1 1
0.000000 2 1 1
0.000000 3 1 1
0.000000 4 1 1
0.000000 5 1 1
0.000000 6 1 1
0.000000 7 1 1
0.000000 9 1 1
0.000000 10 1 1
0.000000 11 1 1
0.000000 12 1 1
0.000000 13 1 1
0.000000 15 1 1
0.000000 16 1 1
0.000000 17 1 1
0.000000 18 1 1
0.000000 19 1 1
0.000000 21 1 1
0.000000 22 1 1
0.000000 23 1 1
0.000000 24 1 1
0.000000 25 1 1
0.000000 26 1 1
0.000000 27 1 1
0.000000 29 1 1
0.000000 30 1 1
0.000000 31 1 1
0.000000 32 1 1
0.000000 33 1 1
0.000000 34 1 1
0.000000 35 1 1
0.000000 36 1 1
0.000000 37 1 1
0.000000 38 1 1
0.000000 39 1 1
0.000000 40 1 1
0.000000 41 1 1
0.000000 42 1 1
0.000000 43 1 1
0.000000 44 1 1
0.000000 45 1 1
0.000000 46 1 1
0.000000 47 1 1
0.000000 48 1 1
0.000000 49 1 1
0.000000 50 1 1
0.000000 51 1 1
0.000000 52 1 1
0.000000 53 1 1
0.000000 54 1 1
0.000000 55 1 1
0.000000 56 1 1
0.000000 57 1 1
0.000000 58 1 1
0.000000 59 1 1
0.000000 60 1 1
0.000000 61 1 1
0.000000 62 1 1
0.000000 64 1 1
0.000000 65 1 1
0.000000 66 1 1
0.000000 67 1 1
0.000000 68 1 1
0.000000 69 1 1
0.000000 70 1 1
0.000000 71 1 1
0.000000 72 1 1
0.000000 73 1 1
0.000000 74 1 1
0.000000 75 1 1
0.000000 77 1 1
0.000000 78 1 1
0.000000 79 1 1
0.000000 80 1 1
0.000000 81 1 1
0.000000 82 1 1
0.000000 83 1 1
0.000000 84 1 1
0.000000 85 1 1
0.000000 86 1 1
0.000000 87 1 1
0.000000 88 1 1
0.000000 89 1 1
0.000000 90 1 1
0.000000 91 1 1
0.000000 92 1 1
0.000000 94 1 1
0.000000 95 1 1
0.000000 97 1 1
0.000000 98 1 1
0.000000 99 1 1
0.000000 100 1 1
0.000000 101 1 1
0.000000 102 1 1
0.000000 103 1 1
0.000000 104 1 1
0.000000 105 1 1
0.000000 106 1 1
0.000000 107 1 1
0.000000 108 1 1
0.000000 109 1 1
0.000000 110 1 1
0.000000 111 1 1
0.000000 112 1 1
0.000000 114 1 1
0.000000 115 1 1
0.000000 116 1 1
0.000000 117 1 1
0.000000 119 1 1
0.000000 120 1 1
0.000000 121 1 1
0.000000 122 1 1
0.000000 123 1 1
0.000000 124 1 1
0.000000 125 1 1
0.000000 126 1 1
0.000000 128 1 1
0.000000 129 1 1
0.000000 130 1 1
0.000000 131 1 1
0.000000 132 1 1
0.000000 133 1 1
0.000000 134 1 1
0.000000 135 1 1
0.000000 136 1 1
0.000000 137 1 1
0.000000 138 1 1
0.000000 139 1 1
0.000000 140 1 1
0.000000 141 1 1
0.000000 142 1 1
0.000000 143 1 1
0.000000 145 1 1
0.000000 146 1 1
0.000000 147 1 1
0.000000 148 1 1
0.000000 149 1 1
0.000000 150 1 1
0.000000 151 1 1
0.000000 152 1 1
0.000000 153 1 1
0.000000 154 1 1
0.000000 155 1 1
0.000000 156 1 1
0.000000 157 1 1
0.000000 159 1 1
0.000000 160 1 1
0.000000 161 1 1
0.000000 162 1 1
0.000000 163 1 1
0.000000 164 1 1
0.000000 165 1 1
0.000000 166 1 1
0.000000 167 1 1
0.000000 168 1 1
0.000000 169 1 1
0.000000 170 1 1
0.000000 171 1 1
0.000000 172 1 1
0.000000 173 1 1
0.000000 175 1 1
0.000000 176 1 1
0.000000 177 1 1
0.000000 178 1 1
0.000000 179 1 1
0.000000 180 1 1
0.000000 181 1 1
0.000000 182 1 1
0.000000 183 1 1
0.000000 184 1 1
0.000000 185 1 1
0.000000 187 1 1
0.000000 188 1 1
0.000000 189 1 1
0.000000 190 1 1
0.000000 191 1 1
0.000000 193 1 1
0.000000 194 1 1
0.000000 195 1 1
0.000000 196 1 1
0.000000 197 1 1
0.000000 198 1 1
0.000000 199 1 1
0.000000 200 1 1
0.000000 201 1 1
0.000000 203 1 1
0.000000 204 1 1
0.000000 205 1 1
0.000000 206 1 1
0.000000 207 1 1
0.000000 208 1 1
0.000000 209 1 1
0.000000 210 1 1
0.000000 211 1 1
0.000000 212 1 1
0.000000 213 1 1
0.000000 214 1 1
0.000000 215 1 1
0.000000 216 1 1
0.000000 217 1 1
0.000000 218 1 1
0.000000 219 1 1
0.000000 220 1 1
0.000000 221 1 1
0.000000 222 1 1
0.000000 223 1 1
0.000000 224 1 1
0.000000 225 1 1
0.000000 228 1 1
0.000000 229 1 1
0.000000 230 1 1
0.000000 231 1 1
0.000000 232 1 1
0.000000 234 1 1
0.000000 235 1 1
0.000000 236 1 1
0.000000 237 1 1
0.000000 238 1 1
0.000000 240 1 1
0.000000 241 1 1
0.000000 242 1 1
0.000000 243 1 1
0.000000 244 1 1
0.000000 245 1 1
0.000000 246 1 1
0.000000 247 1 1
0.000000 248 1 1
0.000000 249 1 1
0.000000 250 1 1
0.000000 251 1 1
0.000000 252 1 1
0.000000 253 1 1
0.000000 254 1 1
0.000000 255 1 1
0.000000 256 1 1
0.000000 257 1 1
0.000000 258 1 1
0.000000 259 1 1
0.000000 260 1 1
0.000000 261 1 1
0.000000 262 1 1
0.000000 263 1 1
0.000000 264 1 1
0.000000 265 1 1
0.000000 266 1 1
0.000000 267 1 1
0.000000 268 1 1
0.000000 269 1 1
0.000000 270 1 1
0.000000 271 1 1
0.000000 272 1 1
0.000000 273 1 1
0.000000 275 1 1
0.000000 276 1 1
0.000000 277 1 1
0.000000 278 1 1
0.000000 279 1 1
0.000000 280 1 1
0.000000 281 1 1
0.000000 282 1 1
0.000000 283 1 1
0.000000 284 1 1
0.000000 285 1 1
0.000000 286 1 1
0.000000 287 1 1
0.000000 288 1 1
0.000000 289 1 1
0.000000 290 1 1
0.000000 291 1 1
0.000000 292 1 1
0.000000 293 1 1
0.000000 294 1 1
0.000000 295 1 1
0.000000 297 1 1
0.000000 298 1 1
0.000000 300 1 1
0.000000 301 1 1
0.000000 302 1 1
0.000000 303 1 1
0.000000 304 1 1
0.000000 305 1 1
0.000000 306 1 1
0.000000 307 1 1
0.000000 308 1 1
0.000000 309 1 1
0.000000 310 1 1
0.000000 312 1 1
0.000000 313 1 1
0.000000 314 1 1
0.000000 315 1 1
0.000000 316 1 1
0.000000 317 1 1
0.000000 318 1 1
0.000000 320 1 1
0.000000 321 1 1
0.000000 322 1 1
0.000000 324 1 1
0.000000 325 1 1
0.000000 327 1 1
0.000000 328 1 1
0.000000 329 1 1
0.000000 331 1 1
0.000000 332 1 1
0.000000 333 1 1
0.000000 335 1 1
0.000000 336 1 1
0.000000 337 1 1
0.000000 338 1 1
0.000000 339 1 1
0.000000 340 1 1
0.000000 341 1 1
0.000000 342 1 1
0.000000 343 1 1
0.000000 344 1 1
0.000000 345 1 1
0.000000 346 1 1
0.000000 348 1 1
0.000000 349 1 1
0.000000 351 1 1
0.000000 352 1 1
0.000000 353 1 1
0.000000 354 1 1
0.000000 355 1 1
0.000000 356 1 1
0.000000 357 1 1
0.000000 358 1 1
0.000000 359 1 1
0.000000 360 1 1
0.000000 361 1 1
0.000000 362 1 1
0.000000 363 1 1
0.000000 364 1 1
0.000000 365 1 1
0.000000 366 1 1
0.000000 367 1 1
0.000000 368 1 1
0.000000 369 1 1
0.000000 370 1 1
0.000000 371 1 1
0.000000 372 1 1
0.000000 373 1 1
0.000000 374 1 1
0.000000 375 1 1
0.000000 376 1 1
0.000000 377 1 1
0.000000 378 1 1
0.000000 379 1 1
0.000000 380 1 1
0.000000 381 1 1
0.000000 382 1 1
0.000000 383 1 1
0.000000 384 1 1
0.000000 385 1 1
0.000000 386 1 1
0.000000 387 1 1
0.000000 388 1 1
0.000000 390 1 1
0.000000 391 1 1
0.000000 392 1 1
0.000000 393 1 1
0.000000 394 1 1
0.000000 395 1 1
0.000000 396 1 1
0.000000 397 1 1
0.000000 398 1 1
0.000000 399 1 1
0.000000 400 1 1
0.000000 401 1 1
0.000000 402 1 1
0.000000 403 1 1
0.000000 404 1 1
0.000000 405 1 1
0.000000 406 1 1
0.000000 407 1 1
0.000000 408 1 1
0.000000 409 1 1
0.000000 410 1 1
0.000000 411 1 1
0.000000 412 1 1
0.000000 413 1 1
0.000000 415 1 1
0.000000 416 1 1
0.000000 417 1 1
0.000000 419 1 1
0.000000 420 1 1
0.000000 421 1 1
0.000000 422 1 1
0.000000 423 1 1
0.000000 424 1 1
0.000000 425 1 1
0.000000 426 1 1
0.000000 427 1 1
0.000000 428 1 1
0.000000 429 1 1
0.000000 430 1 1
0.000000 431 1 1
0.000000 433 1 1
0.000000 434 1 1
0.000000 435 1 1
0.000000 436 1 1
0.000000 437 1 1
0.000000 438 1 1
0.000000 439 1 1
0.000000 440 1 1
0.000000 441 1 1
0.000000 442 1 1
0.000000 443 1 1
0.000000 444 1 1
0.000000 445 1 1
0.000000 446 1 1
0.000000 447 1 1
0.000000 448 1 1
0.000000 449 1 1
0.000000 450 1 1
0.000000 451 1 1
0.000000 452 1 1
0.000000 453 1 1
0.000000 454 1 1
0.000000 456 1 1
0.000000 458 1 1
0.000000 459 1 1
0.000000 460 1 1
0.000000 461 1 1
0.000000 462 1 1
0.000000 463 1 1
0.000000 464 1 1
0.000000 465 1 1
0.000000 466 1 1
0.000000 467 1 1
0.000000 468 1 1
0.000000 469 1 1
0.000000 470 1 1
0.000000 471 1 1
0.000000 472 1 1
0.000000 473 1 1
0.000000 474 1 1
0.000000 475 1 1
0.000000 476 1 1
0.000000 477 1 1
0.000000 478 1 1
0.000000 479 1 1
0.000000 480 1 1
0.000000 481 1 1
0.000000 483 1 1
0.000000 484 1 1
0.000000 485 1 1
0.000000 486 1 1
0.000000 487 1 1
0.000000 488 1 1
0.000000 489 1 1
0.000000 490 1 1
0.000000 491 1 1
0.000000 492 1 1
0.000000 494 1 1
0.000000 495 1 1
0.000000 496 1 1
0.000000 497 1 1
0.000000 498 1 1
0.000000 499 1 1
0.000000 500 1 1
0.000000 501 1 1
0.000000 502 1 1
0.000000 503 1 1
0.000000 504 1 1
0.000000 505 1 1
0.000000 506 1 1
0.000000 507 1 1
0.000000 509 1 1
0.000000 510 1 1
0.000000 511 1 1
0.000000 512 1 1
0.000000 513 1 1
0.000000 514 1 1
0.000000 515 1 1
0.000000 517 1 1
0.000000 518 1 1
0.000000 519 1 1
0.000000 520 1 1
0.000000 521 1 1
0.000000 524 1 1
0.000000 525 1 1
0.000000 526 1 1
0.000000 528 1 1
0.000000 529 1 1
0.000000 530 1 1
0.000000 531 1 1
0.000000 532 1 1
0.000000 533 1 1
0.000000 534 1 1
0.000000 535 1 1
0.000000 536 1 1
0.000000 537 1 1
0.000000 538 1 1
0.000000 539 1 1
0.000000 540 1 1
0.000000 541 1 1
0.000000 542 1 1
0.000000 543 1 1
0.000000 544 1 1
0.000000 545 1 1
0.000000 546 1 1
0.000000 547 1 1
0.000000 548 1 1
0.000000 549 1 1
1.000031 0 2 2
1.000031 1 1 1
1.000031 2 1 1
1.000031 3 1 1
1.000031 4 2 2
1.000031 5 1 1
1.000031 6 1 1
1.000031 7 2 2
1.000031 9 2 2
1.000031 10 1 1
1.000031 11 1 1
1.000031 12 1 1
1.000031 13 2 2
1.000031 15 1 1
1.000031 16 2 2
1.000031 17 1 1
1.000031 18 1 1
1.000031 19 1 1
1.000031 21 2 2
1.000031 22 1 1
1.000031 23 2 2
1.000031 24 1 1
1.000031 25 2 2
1.000031 26 2 2
1.000031 27 2 2
1.000031 29 2 2
1.000031 30 2 2
1.000031 31 1 1
1.000031 32 1 1
1.000031 33 2 2
1.000031 34 2 2
1.000031 35 1 1
1.000031 36 2 2
1.000031 37 2 2
1.000031 38 2 2
1.000031 39 2 2
1.000031 40 2 2
1.000031 41 1 1
1.000031 42 1 1
1.000031 43 2 2
1.000031 44 2 2
1.000031 45 2 2
1.000031 46 2 2
1.000031 47 2 2
1.000031 48 1 1
1.000031 49 2 2
1.000031 50 2 2
1.000031 51 2 2
1.000031 52 2 2
1.000031 53 1 1
1.000031 54 1 1
1.000031 55 2 2
1.000031 56 1 1
1.000031 57 2 2
1.000031 58 1 1
1.000031 59 2 2
1.000031 60 1 1
1.000031 61 2 2
1.000031 62 2 2
1.000031 64 2 2
1.000031 65 1 1
1.000031 66 2 2
1.000031 67 2 2
1.000031 68 1 1
1.000031 69 1 1
1.000031 70 2 2
1.000031 71 2 2
1.000031 72 2 2
1.000031 73 1 1
1.000031 74 2 2
1.000031 75 1 1
1.000031 77 1 1
1.000031 78 2 2
1.000031 79 1 1
1.000031 80 2 2
1.000031 81 2 2
1.000031 82 1 1
1.000031 83 2 2
1.000031 84 1 1
1.000031 85 2 2
1.000031 86 2 2
1.000031 87 2 2
1.000031 88 2 2
1.000031 89 1 1
1.000031 90 1 1
1.000031 91 1 1
1.000031 92 2 2
1.000031 94 2 2
1.000031 95 1 1
1.000031 97 2 2
1.000031 98 2 2
1.000031 99 2 2
1.000031 100 2 2
1.000031 101 2 2
1.000031 102 2 2
1.000031 103 1 1
1.000031 104 2 2
1.000031 105 1 1
1.000031 106 2 2
1.000031 107 1 1
1.000031 108 1 1
1.000031 109 2 2
1.000031 110 2 2
1.000031 111 1 1
1.000031 112 1 1
1.000031 114 1 1
1.000031 115 2 2
1.000031 116 2 2
1.000031 117 2 2
1.000031 119 1 1
1.000031 120 1 1
1.000031 121 2 2
1.000031 122 1 1
1.000031 123 2 2
1.000031 124 2 2
1.000031 125 1 1
1.000031 126 1 1
1.000031 128 1 1
1.000031 129 1 1
1.000031 130 2 2
1.000031 131 1 1
1.000031 132 1 1
1.000031 133 1 1
1.000031 134 1 1
1.000031 135 2 2
1.000031 136 1 1
1.000031 137 2 2
1.000031 138 2 2
1.000031 139 1 1
1.000031 140 2 2
1.000031 141 2 2
1.000031 142 1 1
1.000031 143 1 1
1.000031 145 2 2
1.000031 146 2 2
1.000031 147 2 2
1.000031 148 2 2
1.000031 149 1 1
1.000031 150 2 2
1.000031 151 2 2
1.000031 152 1 1
1.000031 153 1 1
1.000031 154 2 2
1.000031 155 1 1
1.000031 156 2 2
1.000031 157 1 1
1.000031 159 1 1
1.000031 160 2 2
1.000031 161 2 2
1.000031 162 1 1
1.000031 163 1 1
1.000031 164 1 1
1.000031 165 2 2
1.000031 166 2 2
1.000031 167 2 2
1.000031 168 1 1
1.000031 169 2 2
1.000031 170 2 2
1.000031 171 2 2
1.000031 172 1 1
1.000031 173 1 1
1.000031 175 2 2
1.000031 176 2 2
1.000031 177 2 2
1.000031 178 1 1
1.000031 179 2 2
1.000031 180 2 2
1.000031 181 2 2
1.000031 182 1 1
1.000031 183 2 2
1.000031 184 2 2
1.000031 185 1 1
1.000031 187 2 2
1.000031 188 1 1
1.000031 189 1 1
1.000031 190 2 2
1.000031 191 1 1
1.000031 193 1 1
1.000031 194 2 2
1.000031 195 1 1
1.000031 196 1 1
1.000031 197 1 1
1.000031 198 2 2
1.000031 199 2 2
1.000031 200 1 1
1.000031 201 2 2
1.000031 203 2 2
1.000031 204 2 2
1.000031 205 1 1
1.000031 206 2 2
1.000031 207 2 2
1.000031 208 2 2
1.000031 209 1 1
1.000031 210 2 2
1.000031 211 2 2
1.000031 212 2 2
1.000031 213 1 1
1.000031 214 2 2
1.000031 215 1 1
1.000031 216 1 1
1.000031 217 1 1
1.000031 218 1 1
1.000031 219 1 1
1.000031 220 1 1
1.000031 221 1 1
1.000031 222 2 2
1.000031 223 2 2
1.000031 224 1 1
1.000031 225 2 2
1.000031 228 2 2
1.000031 229 1 1
1.000031 230 1 1
1.000031 231 2 2
1.000031 232 1 1
1.000031 234 1 1
1.000031 235 2 2
1.000031 236 1 1
1.000031 237 2 2
1.000031 238 2 2
1.000031 240 2 2
1.000031 241 1 1
1.000031 242 1 1
1.000031 243 1 1
1.000031 244 1 1
1.000031 245 2 2
1.000031 246 1 1
1.000031 247 1 1
1.000031 248 1 1
1.000031 249 1 1
1.000031 250 2 2
1.000031 251 1 1
1.000031 252 2 2
1.000031 253 1 1
1.000031 254 2 2
1.000031 255 1 1
1.000031 256 2 2
1.000031 257 2 2
1.000031 258 1 1
1.000031 259 1 1
1.000031 260 1 1
1.000031 261 2 2
1.000031 262 2 2
1.000031 263 2 2
1.000031 264 1 1
1.000031 265 2 2
1.000031 266 2 2
1.000031 267 1 1
1.000031 268 2 2
1.000031 269 2 2
1.000031 270 2 2
1.000031 271 2 2
1.000031 272 2 2
1.000031 273 2 2
1.000031 275 1 1
1.000031 276 1 1
1.000031 277 2 2
1.000031 278 1 1
1.000031 279 2 2
1.000031 280 1 1
1.000031 281 2 2
1.000031 282 1 1
1.000031 283 2 2
1.000031 284 2 2
1.000031 285 2 2
1.000031 286 1 1
1.000031 287 1 1
1.000031 288 1 1
1.000031 289 2 2
1.000031 290 2 2
1.000031 291 2 2
1.000031 292 2 2
1.000031 293 1 1
1.000031 294 1 1
1.000031 295 1 1
1.000031 297 1 1
1.000031 298 2 2
1.000031 300 2 2
1.000031 301 2 2
1.000031 302 2 2
1.000031 303 1 1
1.000031 304 2 2
1.000031 305 1 1
1.000031 306 1 1
1.000031 307 2 2
1.000031 308 2 2
1.000031 309 1 1
1.000031 310 2 2
1.000031 312 1 1
1.000031 313 2 2
1.000031 314 2 2
1.000031 315 1 1
1.000031 316 2 2
1.000031 317 1 1
1.000031 318 2 2
1.000031 320 2 2
1.000031 321 2 2
1.000031 322 2 2
1.000031 324 2 2
1.000031 325 1 1
1.000031 327 2 2
1.000031 328 1 1
1.000031 329 2 2
1.000031 331 1 1
1.000031 332 2 2
1.000031 333 2 2
1.000031 335 1 1
1.000031 336 2 2
1.000031 337 1 1
1.000031 338 2 2
1.000031 339 1 1
1.000031 340 2 2
1.000031 341 1 1
1.000031 342 2 2
1.000031 343 2 2
1.000031 344 2 2
1.000031 345 2 2
1.000031 346 1 1
1.000031 348 2 2
1.000031 349 2 2
1.000031 351 1 1
1.000031 352 2 2
1.000031 353 2 2
1.000031 354 1 1
1.000031 355 2 2
1.000031 356 2 2
1.000031 357 1 1
1.000031 358 2 2
1.000031 359 1 1
1.000031 360 1 1
1.000031 361 2 2
1.000031 362 1 1
1.000031 363 1 1
1.000031 364 1 1
1.000031 365 1 1
1.000031 366 1 1
1.000031 367 2 2
1.000031 368 1 1
1.000031 369 2 2
1.000031 370 1 1
1.000031 371 1 1
1.000031 372 1 1
1.000031 373 2 2
1.000031 374 2 2
1.000031 375 2 2
1.000031 376 2 2
1.000031 377 2 2
1.000031 378 2 2
1.000031 379 2 2
1.000031 380 1 1
1.000031 381 2 2
1.000031 382 1 1
1.000031 383 2 2
1.000031 384 1 1
1.000031 385 2 2
1.000031 386 1 1
1.000031 387 2 2
1.000031 388 2 2
1.000031 390 2 2
1.000031 391 2 2
1.000031 392 1 1
1.000031 393 1 1
1.000031 394 1 1
1.000031 395 2 2
1.000031 396 1 1
1.000031 397 2 2
1.000031 398 2 2
1.000031 399 2 2
1.000031 400 2 2
1.000031 401 1 1
1.000031 402 2 2
1.000031 403 1 1
1.000031 404 2 2
1.000031 405 1 1
1.000031 406 2 2
1.000031 407 1 1
1.000031 408 1 1
1.000031 409 2 2
1.000031 410 1 1
1.000031 411 2 2
1.000031 412 2 2
1.000031 413 2 2
1.000031 415 2 2
1.000031 416 2 2
1.000031 417 2 2
1.000031 419 2 2
1.000031 420 2 2
1.000031 421 1 1
1.000031 422 1 1
1.000031 423 2 2
1.000031 424 2 2
1.000031 425 1 1
1.000031 426 1 1
1.000031 427 2 2
1.000031 428 1 1
1.000031 429 1 1
1.000031 430 2 2
1.000031 431 2 2
1.000031 433 1 1
1.000031 434 1 1
1.000031 435 2 2
1.000031 436 2 2
1.000031 437 1 1
1.000031 438 2 2
1.000031 439 2 2
1.000031 440 2 2
1.000031 441 1 1
1.000031 442 2 2
1.000031 443 1 1
1.000031 444 1 1
1.000031 445 1 1
1.000031 446 1 1
1.000031 447 2 2
1.000031 448 1 1
1.000031 449 2 2
1.000031 450 2 2
1.000031 451 2 2
1.000031 452 2 2
1.000031 453 2 2
1.000031 454 2 2
1.000031 456 1 1
1.000031 458 1 1
1.000031 459 1 1
1.000031 460 1 1
1.000031 461 1 1
1.000031 462 2 2
1.000031 463 2 2
1.000031 464 1 1
1.000031 465 2 2
1.000031 466 1 1
1.000031 467 1 1
1.000031 468 1 1
1.000031 469 1 1
1.000031 470 2 2
1.000031 471 2 2
1.000031 472 1 1
1.000031 473 1 1
1.000031 474 2 2
1.000031 475 1 1
1.000031 476 2 2
1.000031 477 2 2
1.000031 478 2 2
1.000031 479 1 1
1.000031 480 2 2
1.000031 481 2 2
1.000031 483 2 2
1.000031 484 1 1
1.000031 485 2 2
1.000031 486 2 2
1.000031 487 1 1
1.000031 488 1 1
1.000031 489 1 1
1.000031 490 2 2
1.000031 491 2 2
1.000031 492 1 1
1.000031 494 1 1
1.000031 495 2 2
1.000031 496 1 1
1.000031 497 1 1
1.000031 498 1 1
1.000031 499 2 2
1.000031 500 1 1
1.000031 501 2 2
1.000031 502 2 2
1.000031 503 1 1
1.000031 504 2 2
1.000031 505 1 1
1.000031 506 2 2
1.000031 507 1 1
1.000031 509 2 2
1.000031 510 1 1
1.000031 511 1 1
1.000031 512 2 2
1.000031 513 2 2
1.000031 514 2 2
1.000031 515 1 1
1.000031 517 2 2
1.000031 518 2 2
1.000031 519 2 2
1.000031 520 1 1
1.000031 521 2 2
1.000031 524 2 2
1.000031 525 1 1
1.000031 526 1 1
1.000031 528 2 2
1.000031 529 2 2
1.000031 530 1 1
1.000031 531 1 1
1.000031 532 1 1
1.000031 533 2 2
1.000031 534 1 1
1.000031 535 2 2
1.000031 536 1 1
1.000031 537 2 2
1.000031 538 2 2
1.000031 539 1 1
1.000031 540 1 1
1.000031 541 2 2
1.000031 542 2 2
1.000031 543 1 1
1.000031 544 1 1
1.000031 545 2 2
1.000031 546 2 2
1.000031 547 1 1
1.000031 548 2 2
1.000031 549 1 1
2.000061 0 2 2
2.000061 1 2 2
2.000061 2 2 2
2.000061 3 2 2
2.000061 4 2 2
2.000061 5 3 3
2.000061 6 2 2
2.000061 7 2 2
2.000061 9 3 3
2.000061 10 2 2
2.000061 11 2 2
2.000061 12 2 2
2.000061 13 3 3
2.000061 15 2 2
2.000061 16 2 2
2.000061 17 2 2
2.000061 18 2 2
2.000061 19 2 2
2.000061 21 2 2
2.000061 22 2 2
2.000061 23 2 2
2.000061 24 2 2
2.000061 25 2 2
2.000061 26 3 3
2.000061 27 2 2
2.000061 29 2 2
2.000061 30 2 2
2.000061 31 2 2
2.000061 32 2 2
2.000061 33 2 2
2.000061 34 2 2
2.000061 35 2 2
2.000061 36 2 2
2.000061 37 2 2
2.000061 38 3 3
2.000061 39 2 2
2.000061 40 2 2
2.000061 41 2 2
2.000061 42 2 2
2.000061 43 2 2
2.000061 44 2 2
2.000061 45 2 2
2.000061 46 2 2
2.000061 47 2 2
2.000061 48 2 2
2.000061 49 2 2
2.000061 50 2 2
2.000061 51 2 2
2.000061 52 2 2
2.000061 53 2 2
2.000061 54 2 2
2.000061 55 2 2
2.000061 56 2 2
2.000061 57 2 2
2.000061 58 2 2
2.000061 59 3 3
2.000061 60 2 2
2.000061 61 2 2
2.000061 62 2 2
2.000061 64 2 2
2.000061 65 2 2
2.000061 66 3 3
2.000061 67 3 3
2.000061 68 2 2
2.000061 69 2 2
2.000061 70 2 2
2.000061 71 2 2
2.000061 72 2 2
2.000061 73 2 2
2.000061 74 3 3
2.000061 75 2 2
2.000061 77 2 2
2.000061 78 2 2
2.000061 79 2 2
2.000061 80 2 2
2.000061 81 3 3
2.000061 82 2 2
2.000061 83 2 2
2.000061 84 2 2
2.000061 85 2 2
2.000061 86 2 2
2.000061 87 3 3
2.000061 88 2 2
2.000061 89 2 2
2.000061 90 2 2
2.000061 91 2 2
2.000061 92 3 3
2.000061 94 2 2
2.000061 95 2 2
2.000061 97 2 2
2.000061 98 2 2
2.000061 99 3 3
2.000061 100 3 3
2.000061 101 2 2
2.000061 102 2 2
2.000061 103 2 2
2.000061 104 3 3
2.000061 105 2 2
2.000061 106 2 2
2.000061 107 2 2
2.000061 108 2 2
2.000061 109 2 2
2.000061 110 2 2
2.000061 111 2 2
2.000061 112 2 2
2.000061 114 2 2
2.000061 115 2 2
2.000061 116 2 2
2.000061 117 2 2
2.000061 119 2 2
2.000061 120 2 2
2.000061 121 2 2
2.000061 122 2 2
2.000061 123 3 3
2.000061 124 2 2
2.000061 125 2 2
2.000061 126 2 2
2.000061 128 2 2
2.000061 129 1 1
2.000061 130 2 2
2.000061 131 2 2
2.000061 132 2 2
2.000061 133 2 2
2.000061 134 2 2
2.000061 135 2 2
2.000061 136 2 2
2.000061 137 2 2
2.000061 138 2 2
2.000061 139 2 2
2.000061 140 2 2
2.000061 141 2 2
2.000061 142 2 2
2.000061 143 2 2
2.000061 145 2 2
2.000061 146 2 2
2.000061 147 2 2
2.000061 148 2 2
2.000061 149 2 2
2.000061 150 2 2
2.000061 151 3 3
2.000061 152 2 2
2.000061 153 2 2
2.000061 154 3 3
2.000061 155 2 2
2.000061 156 3 3
2.000061 157 2 2
2.000061 159 1 1
2.000061 160 2 2
2.000061 161 2 2
2.000061 162 3 3
2.000061 163 2 2
2.000061 164 2 2
2.000061 165 2 2
2.000061 166 3 3
2.000061 167 2 2
2.000061 168 2 2
2.000061 169 2 2
2.000061 170 3 3
2.000061 171 2 2
2.000061 172 2 2
2.000061 173 2 2
2.000061 175 3 3
2.000061 176 2 2
2.000061 177 2 2
2.000061 178 2 2
2.000061 179 2 2
2.000061 180 2 2
2.000061 181 2 2
2.000061 182 2 2
2.000061 183 1 1
2.000061 184 2 2
2.000061 185 2 2
2.000061 187 3 3
2.000061 188 2 2
2.000061 189 2 2
2.000061 190 2 2
2.000061 191 2 2
2.000061 193 2 2
2.000061 194 2 2
2.000061 195 2 2
2.000061 196 2 2
2.000061 197 2 2
2.000061 198 2 2
2.000061 199 2 2
2.000061 200 2 2
2.000061 201 2 2
2.000061 203 2 2
2.000061 204 2 2
2.000061 205 2 2
2.000061 206 4 4
2.000061 207 2 2
2.000061 208 2 2
2.000061 209 2 2
2.000061 210 2 2
2.000061 211 2 2
2.000061 212 2 2
2.000061 213 2 2
2.000061 214 3 3
2.000061 215 3 3
2.000061 216 2 2
2.000061 217 2 2
2.000061 218 2 2
2.000061 219 2 2
2.000061 220 2 2
2.000061 221 2 2
2.000061 222 2 2
2.000061 223 2 2
2.000061 224 2 2
2.000061 225 3 3
2.000061 228 2 2
2.000061 229 2 2
2.000061 230 2 2
2.000061 231 3 3
2.000061 232 2 2
2.000061 234 2 2
2.000061 235 2 2
2.000061 236 2 2
2.000061 237 2 2
2.000061 238 2 2
2.000061 240 2 2
2.000061 241 2 2
2.000061 242 2 2
2.000061 243 2 2
2.000061 244 2 2
2.000061 245 2 2
2.000061 246 2 2
2.000061 247 2 2
2.000061 248 2 2
2.000061 249 2 2
2.000061 250 2 2
2.000061 251 2 2
2.000061 252 2 2
2.000061 253 2 2
2.000061 254 2 2
2.000061 255 2 2
2.000061 256 2 2
2.000061 257 2 2
2.000061 258 2 2
2.000061 259 2 2
2.000061 260 2 2
2.000061 261 2 2
2.000061 262 2 2
2.000061 263 2 2
2.000061 264 2 2
2.000061 265 3 3
2.000061 266 2 2
2.000061 267 2 2
2.000061 268 2 2
2.000061 269 4 4
2.000061 270 3 3
2.000061 271 2 2
2.000061 272 2 2
2.000061 273 2 2
2.000061 275 2 2
2.000061 276 2 2
2.000061 277 2 2
2.000061 278 2 2
2.000061 279 2 2
2.000061 280 2 2
2.000061 281 2 2
2.000061 282 2 2
2.000061 283 2 2
2.000061 284 2 2
2.000061 285 2 2
2.000061 286 2 2
2.000061 287 2 2
2.000061 288 3 3
2.000061 289 2 2
2.000061 290 2 2
2.000061 291 3 3
2.000061 292 2 2
2.000061 293 2 2
2.000061 294 2 2
2.000061 295 2 2
2.000061 297 2 2
2.000061 298 2 2
2.000061 300 2 2
2.000061 301 2 2
2.000061 302 3 3
2.000061 303 2 2
2.000061 304 2 2
2.000061 305 3 3
2.000061 306 2 2
2.000061 307 2 2
2.000061 308 2 2
2.000061 309 2 2
2.000061 310 3 3
2.000061 312 2 2
2.000061 313 2 2
2.000061 314 2 2
2.000061 315 2 2
2.000061 316 2 2
2.000061 317 2 2
2.000061 318 2 2
2.000061 320 3 3
2.000061 321 2 2
2.000061 322 2 2
2.000061 324 3 3
2.000061 325 2 2
2.000061 327 2 2
2.000061 328 2 2
2.000061 329 2 2
2.000061 331 3 3
2.000061 332 3 3
2.000061 333 2 2
2.000061 335 2 2
2.000061 336 3 3
2.000061 337 2 2
2.000061 338 2 2
2.000061 339 2 2
2.000061 340 2 2
2.000061 341 2 2
2.000061 342 2 2
2.000061 343 2 2
2.000061 344 2 2
2.000061 345 3 3
2.000061 346 2 2
2.000061 348 2 2
2.000061 349 2 2
2.000061 351 2 2
2.000061 352 3 3
2.000061 353 2 2
2.000061 354 2 2
2.000061 355 2 2
2.000061 356 2 2
2.000061 357 2 2
2.000061 358 2 2
2.000061 359 2 2
2.000061 360 2 2
2.000061 361 2 2
2.000061 362 2 2
2.000061 363 2 2
2.000061 364 2 2
2.000061 365 2 2
2.000061 366 2 2
2.000061 367 2 2
2.000061 368 2 2
2.000061 369 3 3
2.000061 370 2 2
2.000061 371 2 2
2.000061 372 2 2
2.000061 373 2 2
2.000061 374 2 2
2.000061 375 2 2
2.000061 376 2 2
2.000061 377 2 2
2.000061 378 2 2
2.000061 379 2 2
2.000061 380 2 2
2.000061 381 2 2
2.000061 382 2 2
2.000061 383 2 2
2.000061 384 2 2
2.000061 385 2 2
2.000061 386 2 2
2.000061 387 2 2
2.000061 388 2 2
2.000061 390 2 2
2.000061 391 2 2
2.000061 392 2 2
2.000061 393 2 2
2.000061 394 2 2
2.000061 395 2 2
2.000061 396 2 2
2.000061 397 2 2
2.000061 398 2 2
2.000061 399 2 2
2.000061 400 2 2
2.000061 401 2 2
2.000061 402 3 3
2.000061 403 2 2
2.000061 404 3 3
2.000061 405 2 2
2.000061 406 2 2
2.000061 407 2 2
2.000061 408 2 2
2.000061 409 2 2
2.000061 410 2 2
2.000061 411 2 2
2.000061 412 2 2
2.000061 413 2 2
2.000061 415 3 3
2.000061 416 2 2
2.000061 417 4 4
2.000061 419 2 2
2.000061 420 2 2
2.000061 421 2 2
2.000061 422 2 2
2.000061 423 2 2
2.000061 424 3 3
2.000061 425 2 2
2.000061 426 2 2
2.000061 427 2 2
2.000061 428 2 2
2.000061 429 2 2
2.000061 430 2 2
2.000061 431 2 2
2.000061 433 2 2
2.000061 434 2 2
2.000061 435 2 2
2.000061 436 2 2
2.000061 437 2 2
2.000061 438 2 2
2.000061 439 2 2
2.000061 440 2 2
2.000061 441 2 2
2.000061 442 3 3
2.000061 443 2 2
2.000061 444 2 2
2.000061 445 2 2
2.000061 446 2 2
2.000061 447 3 3
2.000061 448 2 2
2.000061 449 3 3
2.000061 450 2 2
2.000061 451 2 2
2.000061 452 1 1
2.000061 453 2 2
2.000061 454 3 3
2.000061 456 2 2
2.000061 458 2 2
2.000061 459 2 2
2.000061 460 2 2
2.000061 461 2 2
2.000061 462 2 2
2.000061 463 2 2
2.000061 464 2 2
2.000061 465 2 2
2.000061 466 2 2
2.000061 467 2 2
2.000061 468 2 2
2.000061 469 2 2
2.000061 470 3 3
2.000061 471 2 2
2.000061 472 2 2
2.000061 473 2 2
2.000061 474 2 2
2.000061 475 2 2
2.000061 476 2 2
2.000061 477 2 2
2.000061 478 2 2
2.000061 479 3 3
2.000061 480 3 3
2.000061 481 2 2
2.000061 483 2 2
2.000061 484 1 1
2.000061 485 2 2
2.000061 486 2 2
2.000061 487 2 2
2.000061 488 2 2
2.000061 489 2 2
2.000061 490 2 2
2.000061 491 3 3
2.000061 492 2 2
2.000061 494 2 2
2.000061 495 2 2
2.000061 496 2 2
2.000061 497 2 2
2.000061 498 2 2
2.000061 499 3 3
2.000061 500 2 2
2.000061 501 2 2
2.000061 502 2 2
2.000061 503 2 2
2.000061 504 2 2
2.000061 505 2 2
2.000061 506 2 2
2.000061 507 2 2
2.000061 509 2 2
2.000061 510 2 2
2.000061 511 2 2
2.000061 512 2 2
2.000061 513 2 2
2.000061 514 3 3
2.000061 515 2 2
2.000061 517 2 2
2.000061 518 2 2
2.000061 519 2 2
2.000061 520 2 2
2.000061 521 3 3
2.000061 524 2 2
2.000061 525 2 2
2.000061 526 2 2
2.000061 528 2 2
2.000061 529 2 2
2.000061 530 2 2
2.000061 531 2 2
2.000061 532 2 2
2.000061 533 2 2
2.000061 534 2 2
2.000061 535 2 2
2.000061 536 2 2
2.000061 537 2 2
2.000061 538 2 2
2.000061 539 3 3
2.000061 540 2 2
2.000061 541 2 2
2.000061 542 2 2
2.000061 543 2 2
2.000061 544 2 2
2.000061 545 2 2
2.000061 546 1 1
2.000061 547 2 2
2.000061 548 3 3
2.000061 549 2 2
3.000092 0 4 4
3.000092 1 4 4
3.000092 2 4 4
3.000092 3 4 4
3.000092 4 4 4
3.000092 5 4 4
3.000092 6 4 4
3.000092 7 4 4
3.000092 9 4 4
3.000092 10 4 4
3.000092 11 3 3
3.000092 12 4 4
3.000092 13 3 3
3.000092 15 4 4
3.000092 16 4 4
3.000092 17 4 4
3.000092 18 3 3
3.000092 19 4 4
3.000092 21 4 4
3.000092 22 4 4
3.000092 23 4 4
3.000092 24 2 2
3.000092 25 4 4
3.000092 26 4 4
3.000092 27 4 4
3.000092 29 4 4
3.000092 30 4 4
3.000092 31 4 4
3.000092 32 4 4
3.000092 33 4 4
3.000092 34 3 3
3.000092 35 4 4
3.000092 36 4 4
3.000092 37 4 4
3.000092 38 4 4
3.000092 39 4 4
3.000092 40 4 4
3.000092 41 4 4
3.000092 42 4 4
3.000092 43 4 4
3.000092 44 4 4
3.000092 45 4 4
3.000092 46 4 4
3.000092 47 4 4
3.000092 48 4 4
3.000092 49 4 4
3.000092 50 4 4
3.000092 51 4 4
3.000092 52 4 4
3.000092 53 4 4
3.000092 54 3 3
3.000092 55 3 3
3.000092 56 4 4
3.000092 57 3 3
3.000092 58 3 3
3.000092 59 5 5
3.000092 60 4 4
3.000092 61 4 4
3.000092 62 4 4
3.000092 64 4 4
3.000092 65 4 4
3.000092 66 3 3
3.000092 67 4 4
3.000092 68 4 4
3.000092 69 4 4
3.000092 70 4 4
3.000092 71 4 4
3.000092 72 4 4
3.000092 73 4 4
3.000092 74 4 4
3.000092 75 4 4
3.000092 77 4 4
3.000092 78 4 4
3.000092 79 4 4
3.000092 80 4 4
3.000092 81 4 4
3.000092 82 3 3
3.000092 83 3 3
3.000092 84 4 4
3.000092 85 3 3
3.000092 86 4 4
3.000092 87 4 4
3.000092 88 4 4
3.000092 89 4 4
3.000092 90 4 4
3.000092 91 4 4
3.000092 92 4 4
3.000092 94 4 4
3.000092 95 4 4
3.000092 97 4 4
3.000092 98 4 4
3.000092 99 4 4
3.000092 100 4 4
3.000092 101 4 4
3.000092 102 2 2
3.000092 103 4 4
3.000092 104 4 4
3.000092 105 4 4
3.000092 106 4 4
3.000092 107 4 4
3.000092 108 4 4
3.000092 109 4 4
3.000092 110 4 4
3.000092 111 4 4
3.000092 112 3 3
3.000092 114 4 4
3.000092 115 4 4
3.000092 116 4 4
3.000092 117 4 4
3.000092 119 3 3
3.000092 120 4 4
3.000092 121 4 4
3.000092 122 4 4
3.000092 123 5 5
3.000092 124 4 4
3.000092 125 4 4
3.000092 126 4 4
3.000092 128 2 2
3.000092 129 2 2
3.000092 130 4 4
3.000092 131 4 4
3.000092 132 4 4
3.000092 133 4 4
3.000092 134 4 4
3.000092 135 4 4
3.000092 136 4 4
3.000092 137 4 4
3.000092 138 4 4
3.000092 139 3 3
3.000092 140 4 4
3.000092 141 4 4
3.000092 142 3 3
3.000092 143 4 4
3.000092 145 4 4
3.000092 146 3 3
3.000092 147 4 4
3.000092 148 3 3
3.000092 149 4 4
3.000092 150 4 4
3.000092 151 5 5
3.000092 152 4 4
3.000092 153 4 4
3.000092 154 4 4
3.000092 155 3 3
3.000092 156 4 4
3.000092 157 4 4
3.000092 159 1 1
3.000092 160 4 4
3.000092 161 4 4
3.000092 162 5 5
3.000092 163 4 4
3.000092 164 3 3
3.000092 165 4 4
3.000092 166 5 5
3.000092 167 4 4
3.000092 168 4 4
3.000092 169 3 3
3.000092 170 4 4
3.000092 171 4 4
3.000092 172 4 4
3.000092 173 2 2
3.000092 175 4 4
3.000092 176 4 4
3.000092 177 4 4
3.000092 178 4 4
3.000092 179 4 4
3.000092 180 4 4
3.000092 181 4 4
3.000092 182 3 3
3.000092 183 2 2
3.000092 184 4 4
3.000092 185 4 4
3.000092 187 4 4
3.000092 188 4 4
3.000092 189 4 4
3.000092 190 4 4
3.000092 191 3 3
3.000092 193 3 3
3.000092 194 4 4
3.000092 195 4 4
3.000092 196 3 3
3.000092 197 4 4
3.000092 198 4 4
3.000092 199 4 4
3.000092 200 4 4
3.000092 201 4 4
3.000092 203 4 4
3.000092 204 4 4
3.000092 205 4 4
3.000092 206 4 4
3.000092 207 4 4
3.000092 208 4 4
3.000092 209 4 4
3.000092 210 4 4
3.000092 211 4 4
3.000092 212 4 4
3.000092 213 4 4
3.000092 214 4 4
3.000092 215 4 4
3.000092 216 4 4
3.000092 217 3 3
3.000092 218 4 4
3.000092 219 4 4
3.000092 220 4 4
3.000092 221 3 3
3.000092 222 4 4
3.000092 223 4 4
3.000092 224 3 3
3.000092 225 4 4
3.000092 228 3 3
3.000092 229 4 4
3.000092 230 4 4
3.000092 231 4 4
3.000092 232 3 3
3.000092 234 4 4
3.000092 235 4 4
3.000092 236 4 4
3.000092 237 4 4
3.000092 238 4 4
3.000092 240 4 4
3.000092 241 3 3
3.000092 242 4 4
3.000092 243 4 4
3.000092 244 4 4
3.000092 245 4 4
3.000092 246 4 4
3.000092 247 3 3
3.000092 248 4 4
3.000092 249 4 4
3.000092 250 4 4
3.000092 251 4 4
3.000092 252 4 4
3.000092 253 4 4
3.000092 254 4 4
3.000092 255 4 4
3.000092 256 4 4
3.000092 257 4 4
3.000092 258 3 3
3.000092 259 4 4
3.000092 260 4 4
3.000092 261 3 3
3.000092 262 4 4
3.000092 263 4 4
3.000092 264 4 4
3.000092 265 4 4
3.000092 266 4 4
3.000092 267 4 4
3.000092 268 4 4
3.000092 269 5 5
3.000092 270 4 4
3.000092 271 4 4
3.000092 272 4 4
3.000092 273 4 4
3.000092 275 3 3
3.000092 276 4 4
3.000092 277 4 4
3.000092 278 4 4
3.000092 279 4 4
3.000092 280 4 4
3.000092 281 4 4
3.000092 282 4 4
3.000092 283 4 4
3.000092 284 4 4
3.000092 285 4 4
3.000092 286 4 4
3.000092 287 4 4
3.000092 288 4 4
3.000092 289 4 4
3.000092 290 4 4
3.000092 291 4 4
3.000092 292 4 4
3.000092 293 4 4
3.000092 294 3 3
3.000092 295 4 4
3.000092 297 3 3
3.000092 298 4 4
3.000092 300 4 4
3.000092 301 4 4
3.000092 302 4 4
3.000092 303 4 4
3.000092 304 4 4
3.000092 305 5 5
3.000092 306 4 4
3.000092 307 4 4
3.000092 308 4 4
3.000092 309 4 4
3.000092 310 4 4
3.000092 312 3 3
3.000092 313 4 4
3.000092 314 4 4
3.000092 315 4 4
3.000092 316 4 4
3.000092 317 2 2
3.000092 318 4 4
3.000092 320 5 5
3.000092 321 4 4
3.000092 322 4 4
3.000092 324 5 5
3.000092 325 4 4
3.000092 327 4 4
3.000092 328 3 3
3.000092 329 4 4
3.000092 331 4 4
3.000092 332 5 5
3.000092 333 4 4
3.000092 335 3 3
3.000092 336 4 4
3.000092 337 4 4
3.000092 338 4 4
3.000092 339 4 4
3.000092 340 4 4
3.000092 341 4 4
3.000092 342 4 4
3.000092 343 4 4
3.000092 344 4 4
3.000092 345 4 4
3.000092 346 3 3
3.000092 348 4 4
3.000092 349 4 4
3.000092 351 4 4
3.000092 352 4 4
3.000092 353 4 4
3.000092 354 3 3
3.000092 355 3 3
3.000092 356 4 4
3.000092 357 4 4
3.000092 358 4 4
3.000092 359 4 4
3.000092 360 4 4
3.000092 361 4 4
3.000092 362 4 4
3.000092 363 4 4
3.000092 364 4 4
3.000092 365 4 4
3.000092 366 4 4
3.000092 367 4 4
3.000092 368 4 4
3.000092 369 5 5
3.000092 370 4 4
3.000092 371 4 4
3.000092 372 4 4
3.000092 373 4 4
3.000092 374 3 3
3.000092 375 4 4
3.000092 376 4 4
3.000092 377 3 3
3.000092 378 4 4
3.000092 379 4 4
3.000092 380 4 4
3.000092 381 4 4
3.000092 382 4 4
3.000092 383 4 4
3.000092 384 4 4
3.000092 385 4 4
3.000092 386 4 4
3.000092 387 4 4
3.000092 388 4 4
3.000092 390 4 4
3.000092 391 4 4
3.000092 392 4 4
3.000092 393 4 4
3.000092 394 4 4
3.000092 395 4 4
3.000092 396 4 4
3.000092 397 4 4
3.000092 398 3 3
3.000092 399 4 4
3.000092 400 4 4
3.000092 401 4 4
3.000092 402 4 4
3.000092 403 4 4
3.000092 404 4 4
3.000092 405 4 4
3.000092 406 4 4
3.000092 407 4 4
3.000092 408 4 4
3.000092 409 4 4
3.000092 410 4 4
3.000092 411 4 4
3.000092 412 4 4
3.000092 413 4 4
3.000092 415 4 4
3.000092 416 4 4
3.000092 417 5 5
3.000092 419 3 3
3.000092 420 4 4
3.000092 421 4 4
3.000092 422 4 4
3.000092 423 4 4
3.000092 424 5 5
3.000092 425 4 4
3.000092 426 4 4
3.000092 427 4 4
3.000092 428 4 4
3.000092 429 4 4
3.000092 430 4 4
3.000092 431 4 4
3.000092 433 4 4
3.000092 434 3 3
3.000092 435 4 4
3.000092 436 4 4
3.000092 437 4 4
3.000092 438 4 4
3.000092 439 4 4
3.000092 440 4 4
3.000092 441 4 4
3.000092 442 4 4
3.000092 443 4 4
3.000092 444 4 4
3.000092 445 4 4
3.000092 446 4 4
3.000092 447 4 4
3.000092 448 3 3
3.000092 449 4 4
3.000092 450 4 4
3.000092 451 4 4
3.000092 452 2 2
3.000092 453 4 4
3.000092 454 4 4
3.000092 456 4 4
3.000092 458 4 4
3.000092 459 4 4
3.000092 460 4 4
3.000092 461 4 4
3.000092 462 4 4
3.000092 463 4 4
3.000092 464 4 4
3.000092 465 4 4
3.000092 466 3 3
3.000092 467 4 4
3.000092 468 4 4
3.000092 469 4 4
3.000092 470 5 5
3.000092 471 4 4
3.000092 472 4 4
3.000092 473 4 4
3.000092 474 4 4
3.000092 475 4 4
3.000092 476 4 4
3.000092 477 4 4
3.000092 478 2 2
3.000092 479 4 4
3.000092 480 4 4
3.000092 481 4 4
3.000092 483 4 4
3.000092 484 1 1
3.000092 485 4 4
3.000092 486 4 4
3.000092 487 4 4
3.000092 488 4 4
3.000092 489 4 4
3.000092 490 4 4
3.000092 491 5 5
3.000092 492 4 4
3.000092 494 4 4
3.000092 495 4 4
3.000092 496 4 4
3.000092 497 4 4
3.000092 498 4 4
3.000092 499 3 3
3.000092 500 4 4
3.000092 501 4 4
3.000092 502 4 4
3.000092 503 4 4
3.000092 504 4 4
3.000092 505 4 4
3.000092 506 4 4
3.000092 507 3 3
3.000092 509 3 3
3.000092 510 4 4
3.000092 511 4 4
3.000092 512 4 4
3.000092 513 4 4
3.000092 514 4 4
3.000092 515 4 4
3.000092 517 4 4
3.000092 518 4 4
3.000092 519 4 4
3.000092 520 4 4
3.000092 521 4 4
3.000092 524 4 4
3.000092 525 4 4
3.000092 526 4 4
3.000092 528 4 4
3.000092 529 4 4
3.000092 530 3 3
3.000092 531 4 4
3.000092 532 4 4
3.000092 533 4 4
3.000092 534 3 3
3.000092 535 4 4
3.000092 536 4 4
3.000092 537 4 4
3.000092 538 4 4
3.000092 539 4 4
3.000092 540 4 4
3.000092 541 4 4
3.000092 542 3 3
3.000092 543 3 3
3.000092 544 4 4
3.000092 545 4 4
3.000092 546 2 2
3.000092 547 4 4
3.000092 548 5 5
3.000092 549 4 4
4.000122 0 7 7
4.000122 1 5 5
4.000122 2 4 4
4.000122 3 6 6
4.000122 4 7 7
4.000122 5 7 7
4.000122 6 4 4
4.000122 7 8 8
4.000122 9 8 8
4.000122 10 7 7
4.000122 11 5 5
4.000122 12 5 5
4.000122 13 6 6
4.000122 15 6 6
4.000122 16 8 8
4.000122 17 7 7
4.000122 18 5 5
4.000122 19 6 6
4.000122 21 6 6
4.000122 22 5 5
4.000122 23 5 5
4.000122 24 4 4
4.000122 25 6 6
4.000122 26 8 8
4.000122 27 6 6
4.000122 29 7 7
4.000122 30 5 5
4.000122 31 4 4
4.000122 32 5 5
4.000122 33 7 7
4.000122 34 6 6
4.000122 35 6 6
4.000122 36 7 7
4.000122 37 5 5
4.000122 38 8 8
4.000122 39 6 6
4.000122 40 5 5
4.000122 41 7 7
4.000122 42 5 5
4.000122 43 8 8
4.000122 44 6 6
4.000122 45 6 6
4.000122 46 7 7
4.000122 47 7 7
4.000122 48 6 6
4.000122 49 6 6
4.000122 50 5 5
4.000122 51 6 6
4.000122 52 7 7
4.000122 53 5 5
4.000122 54 5 5
4.000122 55 6 6
4.000122 56 7 7
4.000122 57 5 5
4.000122 58 5 5
4.000122 59 8 8
4.000122 60 6 6
4.000122 61 6 6
4.000122 62 8 8
4.000122 64 4 4
4.000122 65 6 6
4.000122 66 7 7
4.000122 67 7 7
4.000122 68 5 5
4.000122 69 5 5
4.000122 70 6 6
4.000122 71 8 8
4.000122 72 7 7
4.000122 73 7 7
4.000122 74 7 7
4.000122 75 6 6
4.000122 77 5 5
4.000122 78 5 5
4.000122 79 5 5
4.000122 80 7 7
4.000122 81 6 6
4.000122 82 4 4
4.000122 83 5 5
4.000122 84 4 4
4.000122 85 6 6
4.000122 86 5 5
4.000122 87 6 6
4.000122 88 7 7
4.000122 89 4 4
4.000122 90 5 5
4.000122 91 6 6
4.000122 92 7 7
4.000122 94 6 6
4.000122 95 4 4
4.000122 97 6 6
4.000122 98 4 4
4.000122 99 8 8
4.000122 100 7 7
4.000122 101 7 7
4.000122 102 3 3
4.000122 103 6 6
4.000122 104 7 7
4.000122 105 5 5
4.000122 106 6 6
4.000122 107 5 5
4.000122 108 7 7
4.000122 109 7 7
4.000122 110 7 7
4.000122 111 8 8
4.000122 112 4 4
4.000122 114 5 5
4.000122 115 6 6
4.000122 116 8 8
4.000122 117 8 8
4.000122 119 5 5
4.000122 120 5 5
4.000122 121 7 7
4.000122 122 5 5
4.000122 123 7 7
4.000122 124 7 7
4.000122 125 7 7
4.000122 126 6 6
4.000122 128 5 5
4.000122 129 2 2
4.000122 130 6 6
4.000122 131 5 5
4.000122 132 8 8
4.000122 133 6 6
4.000122 134 6 6
4.000122 135 8 8
4.000122 136 7 7
4.000122 137 7 7
4.000122 138 5 5
4.000122 139 5 5
4.000122 140 5 5
4.000122 141 7 7
4.000122 142 5 5
4.000122 143 6 6
4.000122 145 7 7
4.000122 146 6 6
4.000122 147 7 7
4.000122 148 6 6
4.000122 149 5 5
4.000122 150 6 6
4.000122 151 6 6
4.000122 152 6 6
4.000122 153 4 4
4.000122 154 7 7
4.000122 155 5 5
4.000122 156 6 6
4.000122 157 7 7
4.000122 159 2 2
4.000122 160 6 6
4.000122 161 7 7
4.000122 162 7 7
4.000122 163 5 5
4.000122 164 6 6
4.000122 165 8 8
4.000122 166 7 7
4.000122 167 8 8
4.000122 168 4 4
4.000122 169 5 5
4.000122 170 7 7
4.000122 171 8 8
4.000122 172 6 6
4.000122 173 5 5
4.000122 175 7 7
4.000122 176 8 8
4.000122 177 6 6
4.000122 178 4 4
4.000122 179 7 7
4.000122 180 6 6
4.000122 181 7 7
4.000122 182 5 5
4.000122 183 2 2
4.000122 184 7 7
4.000122 185 6 6
4.000122 187 8 8
4.000122 188 7 7
4.000122 189 4 4
4.000122 190 7 7
4.000122 191 4 4
4.000122 193 4 4
4.000122 194 8 8
4.000122 195 5 5
4.000122 196 5 5
4.000122 197 6 6
4.000122 198 7 7
4.000122 199 8 8
4.000122 200 4 4
4.000122 201 7 7
4.000122 203 6 6
4.000122 204 5 5
4.000122 205 4 4
4.000122 206 8 8
4.000122 207 8 8
4.000122 208 8 8
4.000122 209 6 6
4.000122 210 7 7
4.000122 211 7 7
4.000122 212 6 6
4.000122 213 5 5
4.000122 214 8 8
4.000122 215 6 6
4.000122 216 6 6
4.000122 217 4 4
4.000122 218 6 6
4.000122 219 4 4
4.000122 220 5 5
4.000122 221 4 4
4.000122 222 8 8
4.000122 223 5 5
4.000122 224 4 4
4.000122 225 7 7
4.000122 228 6 6
4.000122 229 5 5
4.000122 230 7 7
4.000122 231 5 5
4.000122 232 4 4
4.000122 234 4 4
4.000122 235 7 7
4.000122 236 7 7
4.000122 237 7 7
4.000122 238 7 7
4.000122 240 5 5
4.000122 241 4 4
4.000122 242 4 4
4.000122 243 6 6
4.000122 244 4 4
4.000122 245 6 6
4.000122 246 5 5
4.000122 247 5 5
4.000122 248 6 6
4.000122 249 6 6
4.000122 250 6 6
4.000122 251 5 5
4.000122 252 7 7
4.000122 253 6 6
4.000122 254 8 8
4.000122 255 6 6
4.000122 256 8 8
4.000122 257 6 6
4.000122 258 4 4
4.000122 259 6 6
4.000122 260 5 5
4.000122 261 4 4
4.000122 262 8 8
4.000122 263 8 8
4.000122 264 7 7
4.000122 265 8 8
4.000122 266 7 7
4.000122 267 5 5
4.000122 268 7 7
4.000122 269 8 8
4.000122 270 8 8
4.000122 271 7 7
4.000122 272 5 5
4.000122 273 5 5
4.000122 275 6 6
4.000122 276 5 5
4.000122 277 5 5
4.000122 278 7 7
4.000122 279 6 6
4.000122 280 5 5
4.000122 281 6 6
4.000122 282 5 5
4.000122 283 7 7
4.000122 284 7 7
4.000122 285 8 8
4.000122 286 5 5
4.000122 287 5 5
4.000122 288 6 6
4.000122 289 6 6
4.000122 290 5 5
4.000122 291 8 8
4.000122 292 7 7
4.000122 293 7 7
4.000122 294 5 5
4.000122 295 6 6
4.000122 297 5 5
4.000122 298 5 5
4.000122 300 7 7
4.000122 301 6 6
4.000122 302 6 6
4.000122 303 7 7
4.000122 304 6 6
4.000122 305 7 7
4.000122 306 5 5
4.000122 307 6 6
4.000122 308 7 7
4.000122 309 6 6
4.000122 310 8 8
4.000122 312 4 4
4.000122 313 6 6
4.000122 314 7 7
4.000122 315 4 4
4.000122 316 6 6
4.000122 317 4 4
4.000122 318 6 6
4.000122 320 7 7
4.000122 321 4 4
4.000122 322 8 8
4.000122 324 7 7
4.000122 325 5 5
4.000122 327 6 6
4.000122 328 4 4
4.000122 329 6 6
4.000122 331 7 7
4.000122 332 6 6
4.000122 333 6 6
4.000122 335 6 6
4.000122 336 6 6
4.000122 337 7 7
4.000122 338 5 5
4.000122 339 6 6
4.000122 340 8 8
4.000122 341 5 5
4.000122 342 7 7
4.000122 343 8 8
4.000122 344 7 7
4.000122 345 8 8
4.000122 346 4 4
4.000122 348 7 7
4.000122 349 6 6
4.000122 351 5 5
4.000122 352 8 8
4.000122 353 7 7
4.000122 354 4 4
4.000122 355 6 6
4.000122 356 7 7
4.000122 357 5 5
4.000122 358 8 8
4.000122 359 4 4
4.000122 360 6 6
4.000122 361 6 6
4.000122 362 4 4
4.000122 363 5 5
4.000122 364 7 7
4.000122 365 6 6
4.000122 366 6 6
4.000122 367 8 8
4.000122 368 5 5
4.000122 369 8 8
4.000122 370 5 5
4.000122 371 7 7
4.000122 372 5 5
4.000122 373 5 5
4.000122 374 5 5
4.000122 375 6 6
4.000122 376 8 8
4.000122 377 5 5
4.000122 378 5 5
4.000122 379 7 7
4.000122 380 4 4
4.000122 381 7 7
4.000122 382 4 4
4.000122 383 7 7
4.000122 384 5 5
4.000122 385 7 7
4.000122 386 4 4
4.000122 387 4 4
4.000122 388 7 7
4.000122 390 5 5
4.000122 391 7 7
4.000122 392 7 7
4.000122 393 6 6
4.000122 394 7 7
4.000122 395 7 7
4.000122 396 5 5
4.000122 397 6 6
4.000122 398 5 5
4.000122 399 7 7
4.000122 400 7 7
4.000122 401 7 7
4.000122 402 8 8
4.000122 403 5 5
4.000122 404 7 7
4.000122 405 6 6
4.000122 406 6 6
4.000122 407 6 6
4.000122 408 5 5
4.000122 409 8 8
4.000122 410 7 7
4.000122 411 7 7
4.000122 412 6 6
4.000122 413 8 8
4.000122 415 6 6
4.000122 416 8 8
4.000122 417 8 8
4.000122 419 6 6
4.000122 420 8 8
4.000122 421 5 5
4.000122 422 5 5
4.000122 423 7 7
4.000122 424 7 7
4.000122 425 8 8
4.000122 426 5 5
4.000122 427 8 8
4.000122 428 8 8
4.000122 429 5 5
4.000122 430 7 7
4.000122 431 5 5
4.000122 433 7 7
4.000122 434 5 5
4.000122 435 8 8
4.000122 436 5 5
4.000122 437 5 5
4.000122 438 6 6
4.000122 439 7 7
4.000122 440 6 6
4.000122 441 7 7
4.000122 442 6 6
4.000122 443 5 5
4.000122 444 6 6
4.000122 445 5 5
4.000122 446 5 5
4.000122 447 8 8
4.000122 448 4 4
4.000122 449 8 8
4.000122 450 6 6
4.000122 451 7 7
4.000122 452 3 3
4.000122 453 7 7
4.000122 454 7 7
4.000122 456 5 5
4.000122 458 5 5
4.000122 459 5 5
4.000122 460 4 4
4.000122 461 6 6
4.000122 462 6 6
4.000122 463 8 8
4.000122 464 6 6
4.000122 465 8 8
4.000122 466 5 5
4.000122 467 5 5
4.000122 468 4 4
4.000122 469 4 4
4.000122 470 8 8
4.000122 471 5 5
4.000122 472 4 4
4.000122 473 5 5
4.000122 474 7 7
4.000122 475 5 5
4.000122 476 6 6
4.000122 477 6 6
4.000122 478 4 4
4.000122 479 6 6
4.000122 480 7 7
4.000122 481 6 6
4.000122 483 6 6
4.000122 484 2 2
4.000122 485 8 8
4.000122 486 7 7
4.000122 487 5 5
4.000122 488 6 6
4.000122 489 5 5
4.000122 490 7 7
4.000122 491 8 8
4.000122 492 4 4
4.000122 494 5 5
4.000122 495 6 6
4.000122 496 4 4
4.000122 497 4 4
4.000122 498 6 6
4.000122 499 5 5
4.000122 500 6 6
4.000122 501 8 8
4.000122 502 6 6
4.000122 503 6 6
4.000122 504 6 6
4.000122 505 6 6
4.000122 506 7 7
4.000122 507 4 4
4.000122 509 6 6
4.000122 510 5 5
4.000122 511 7 7
4.000122 512 5 5
4.000122 513 6 6
4.000122 514 8 8
4.000122 515 7 7
4.000122 517 7 7
4.000122 518 6 6
4.000122 519 5 5
4.000122 520 7 7
4.000122 521 7 7
4.000122 524 5 5
4.000122 525 6 6
4.000122 526 6 6
4.000122 528 7 7
4.000122 529 5 5
4.000122 530 6 6
4.000122 531 4 4
4.000122 532 5 5
4.000122 533 8 8
4.000122 534 4 4
4.000122 535 5 5
4.000122 536 6 6
4.000122 537 6 6
4.000122 538 8 8
4.000122 539 7 7
4.000122 540 5 5
4.000122 541 6 6
4.000122 542 5 5
4.000122 543 5 5
4.000122 544 4 4
4.000122 545 8 8
4.000122 546 2 2
4.000122 547 5 5
4.000122 548 8 8
4.000122 549 5 5
5.000153 0 9 9
5.000153 1 9 9
5.000153 2 9 9
5.000153 3 9 9
5.000153 4 8 8
5.000153 5 11 11
5.000153 6 8 8
5.000153 7 10 10
5.000153 9 13 13
5.000153 10 8 8
5.000153 11 8 8
5.000153 12 8 8
5.000153 13 10 10
5.000153 15 8 8
5.000153 16 10 10
5.000153 17 10 10
5.000153 18 7 7
5.000153 19 9 9
5.000153 21 9 9
5.000153 22 8 8
5.000153 23 4 4
5.000153 24 6 6
5.000153 25 7 7
5.000153 26 12 12
5.000153 27 10 10
5.000153 29 9 9
5.000153 30 8 8
5.000153 31 6 6
5.000153 32 8 8
5.000153 33 9 9
5.000153 34 9 9
5.000153 35 8 8
5.000153 36 10 10
5.000153 37 2 2
5.000153 38 10 10
5.000153 39 8 8
5.000153 40 8 8
5.000153 41 9 9
5.000153 42 8 8
5.000153 43 8 8
5.000153 44 10 10
5.000153 45 8 8
5.000153 46 9 9
5.000153 47 13 13
5.000153 48 8 8
5.000153 49 9 9
5.000153 50 8 8
5.000153 51 10 10
5.000153 52 11 11
5.000153 53 8 8
5.000153 54 8 8
5.000153 55 6 6
5.000153 56 8 8
5.000153 57 10 10
5.000153 58 8 8
5.000153 59 14 14
5.000153 60 8 8
5.000153 61 9 9
5.000153 62 9 9
5.000153 64 8 8
5.000153 65 9 9
5.000153 66 10 10
5.000153 67 10 10
5.000153 68 9 9
5.000153 69 8 8
5.000153 70 9 9
5.000153 71 9 9
5.000153 72 10 10
5.000153 73 8 8
5.000153 74 9 9
5.000153 75 9 9
5.000153 77 8 8
5.000153 78 10 10
5.000153 79 8 8
5.000153 80 10 10
5.000153 81 10 10
5.000153 82 8 8
5.000153 83 3 3
5.000153 84 8 8
5.000153 85 10 10
5.000153 86 10 10
5.000153 87 12 12
5.000153 88 10 10
5.000153 89 8 8
5.000153 90 8 8
5.000153 91 8 8
5.000153 92 10 10
5.000153 94 10 10
5.000153 95 8 8
5.000153 97 9 9
5.000153 98 8 8
5.000153 99 11 11
5.000153 100 10 10
5.000153 101 8 8
5.000153 102 2 2
5.000153 103 8 8
5.000153 104 10 10
5.000153 105 8 8
5.000153 106 8 8
5.000153 107 8 8
5.000153 108 8 8
5.000153 109 11 11
5.000153 110 10 10
5.000153 111 8 8
5.000153 112 1 1
5.000153 114 8 8
5.000153 115 10 10
5.000153 116 11 11
5.000153 117 10 10
5.000153 119 7 7
5.000153 120 8 8
5.000153 121 10 10
5.000153 122 8 8
5.000153 123 13 13
5.000153 124 8 8
5.000153 125 8 8
5.000153 126 10 10
5.000153 128 8 8
5.000153 129 3 3
5.000153 130 10 10
5.000153 131 8 8
5.000153 132 10 10
5.000153 133 8 8
5.000153 134 12 12
5.000153 135 9 9
5.000153 136 10 10
5.000153 137 10 10
5.000153 138 8 8
5.000153 139 8 8
5.000153 140 10 10
5.000153 141 9 9
5.000153 142 8 8
5.000153 143 8 8
5.000153 145 10 10
5.000153 146 8 8
5.000153 147 9 9
5.000153 148 9 9
5.000153 149 8 8
5.000153 150 8 8
5.000153 151 12 12
5.000153 152 8 8
5.000153 153 8 8
5.000153 154 11 11
5.000153 155 8 8
5.000153 156 9 9
5.000153 157 11 11
5.000153 160 9 9
5.000153 161 12 12
5.000153 162 10 10
5.000153 163 8 8
5.000153 164 7 7
5.000153 165 12 12
5.000153 166 11 11
5.000153 167 10 10
5.000153 168 8 8
5.000153 169 8 8
5.000153 170 12 12
5.000153 171 12 12
5.000153 172 9 9
5.000153 173 7 7
5.000153 175 10 10
5.000153 176 10 10
5.000153 177 9 9
5.000153 178 8 8
5.000153 179 10 10
5.000153 180 6 6
5.000153 181 12 12
5.000153 182 8 8
5.000153 183 1 1
5.000153 184 11 11
5.000153 185 8 8
5.000153 187 11 11
5.000153 188 8 8
5.000153 189 8 8
5.000153 190 11 11
5.000153 191 3 3
5.000153 193 8 8
5.000153 194 9 9
5.000153 196 9 9
5.000153 197 10 10
5.000153 198 10 10
5.000153 199 12 12
5.000153 200 8 8
5.000153 201 8 8
5.000153 203 10 10
5.000153 204 8 8
5.000153 205 8 8
5.000153 206 13 13
5.000153 207 12 12
5.000153 208 11 11
5.000153 209 10 10
5.000153 210 9 9
5.000153 211 9 9
5.000153 212 9 9
5.000153 213 9 9
5.000153 214 11 11
5.000153 215 10 10
5.000153 216 8 8
5.000153 217 7 7
5.000153 218 8 8
5.000153 219 8 8
5.000153 220 8 8
5.000153 221 7 7
5.000153 222 8 8
5.000153 223 3 3
5.000153 224 8 8
5.000153 225 11 11
5.000153 228 8 8
5.000153 229 8 8
5.000153 230 9 9
5.000153 231 10 10
5.000153 232 7 7
5.000153 234 8 8
5.000153 235 10 10
5.000153 236 11 11
5.000153 237 8 8
5.000153 238 10 10
5.000153 240 10 10
5.000153 241 9 9
5.000153 242 8 8
5.000153 243 8 8
5.000153 244 8 8
5.000153 245 10 10
5.000153 246 8 8
5.000153 247 9 9
5.000153 248 7 7
5.000153 249 9 9
5.000153 250 8 8
5.000153 251 8 8
5.000153 252 10 10
5.000153 253 8 8
5.000153 254 11 11
5.000153 255 9 9
5.000153 256 10 10
5.000153 257 10 10
5.000153 258 7 7
5.000153 259 10 10
5.000153 260 8 8
5.000153 261 3 3
5.000153 262 10 10
5.000153 263 9 9
5.000153 264 9 9
5.000153 265 11 11
5.000153 266 9 9
5.000153 267 8 8
5.000153 268 9 9
5.000153 269 14 14
5.000153 270 11 11
5.000153 271 8 8
5.000153 272 10 10
5.000153 273 8 8
5.000153 275 7 7
5.000153 276 8 8
5.000153 277 8 8
5.000153 278 7 7
5.000153 279 11 11
5.000153 280 8 8
5.000153 281 8 8
5.000153 282 8 8
5.000153 283 11 11
5.000153 284 8 8
5.000153 285 10 10
5.000153 286 8 8
5.000153 287 8 8
5.000153 288 12 12
5.000153 289 10 10
5.000153 290 9 9
5.000153 291 13 13
5.000153 292 11 11
5.000153 293 8 8
5.000153 294 8 8
5.000153 295 9 9
5.000153 297 8 8
5.000153 298 9 9
5.000153 300 9 9
5.000153 301 8 8
5.000153 302 11 11
5.000153 303 8 8
5.000153 304 8 8
5.000153 305 11 11
5.000153 306 8 8
5.000153 307 8 8
5.000153 308 10 10
5.000153 309 8 8
5.000153 310 11 11
5.000153 312 1 1
5.000153 313 10 10
5.000153 314 10 10
5.000153 315 8 8
5.000153 316 9 9
5.000153 317 8 8
5.000153 318 3 3
5.000153 320 13 13
5.000153 321 8 8
5.000153 322 9 9
5.000153 324 14 14
5.000153 325 8 8
5.000153 327 8 8
5.000153 328 8 8
5.000153 329 8 8
5.000153 331 11 11
5.000153 332 10 10
5.000153 333 10 10
5.000153 335 11 11
5.000153 336 11 11
5.000153 337 10 10
5.000153 338 9 9
5.000153 339 8 8
5.000153 340 6 6
5.000153 341 8 8
5.000153 342 10 10
5.000153 343 10 10
5.000153 344 8 8
5.000153 345 11 11
5.000153 346 8 8
5.000153 348 8 8
5.000153 349 8 8
5.000153 351 8 8
5.000153 352 12 12
5.000153 353 9 9
5.000153 354 8 8
5.000153 355 10 10
5.000153 356 8 8
5.000153 357 8 8
5.000153 358 10 10
5.000153 359 8 8
5.000153 360 8 8
5.000153 361 9 9
5.000153 362 8 8
5.000153 363 8 8
5.000153 364 9 9
5.000153 365 10 10
5.000153 366 9 9
5.000153 367 12 12
5.000153 368 7 7
5.000153 369 11 11
5.000153 370 8 8
5.000153 371 8 8
5.000153 372 9 9
5.000153 373 9 9
5.000153 374 8 8
5.000153 375 9 9
5.000153 376 8 8
5.000153 377 10 10
5.000153 378 6 6
5.000153 379 9 9
5.000153 380 8 8
5.000153 381 5 5
5.000153 382 8 8
5.000153 383 9 9
5.000153 384 8 8
5.000153 385 1 1
5.000153 386 8 8
5.000153 387 8 8
5.000153 388 10 10
5.000153 390 8 8
5.000153 391 9 9
5.000153 392 11 11
5.000153 393 9 9
5.000153 394 10 10
5.000153 395 11 11
5.000153 396 9 9
5.000153 397 8 8
5.000153 398 10 10
5.000153 399 8 8
5.000153 400 9 9
5.000153 401 8 8
5.000153 402 12 12
5.000153 403 9 9
5.000153 404 12 12
5.000153 405 11 11
5.000153 406 9 9
5.000153 407 10 10
5.000153 408 8 8
5.000153 409 9 9
5.000153 410 8 8
5.000153 411 13 13
5.000153 412 9 9
5.000153 413 12 12
5.000153 415 12 12
5.000153 416 9 9
5.000153 417 14 14
5.000153 419 9 9
5.000153 420 9 9
5.000153 421 9 9
5.000153 422 8 8
5.000153 423 8 8
5.000153 424 11 11
5.000153 425 10 10
5.000153 426 8 8
5.000153 427 9 9
5.000153 428 10 10
5.000153 429 8 8
5.000153 430 10 10
5.000153 431 9 9
5.000153 433 11 11
5.000153 434 10 10
5.000153 435 10 10
5.000153 436 10 10
5.000153 437 8 8
5.000153 438 8 8
5.000153 439 10 10
5.000153 440 8 8
5.000153 441 8 8
5.000153 442 11 11
5.000153 443 9 9
5.000153 444 8 8
5.000153 445 8 8
5.000153 446 8 8
5.000153 447 12 12
5.000153 448 7 7
5.000153 449 7 7
5.000153 450 9 9
5.000153 451 10 10
5.000153 453 10 10
5.000153 454 10 10
5.000153 456 8 8
5.000153 458 9 9
5.000153 459 8 8
5.000153 460 8 8
5.000153 461 9 9
5.000153 462 8 8
5.000153 463 10 10
5.000153 464 9 9
5.000153 465 11 11
5.000153 466 7 7
5.000153 467 9 9
5.000153 468 9 9
5.000153 469 8 8
5.000153 470 6 6
5.000153 471 10 10
5.000153 472 8 8
5.000153 473 8 8
5.000153 474 11 11
5.000153 475 10 10
5.000153 476 9 9
5.000153 477 9 9
5.000153 479 10 10
5.000153 480 10 10
5.000153 481 9 9
5.000153 483 8 8
5.000153 484 1 1
5.000153 485 11 11
5.000153 486 9 9
5.000153 487 9 9
5.000153 488 8 8
5.000153 489 8 8
5.000153 490 9 9
5.000153 491 13 13
5.000153 492 8 8
5.000153 494 9 9
5.000153 495 9 9
5.000153 496 8 8
5.000153 497 8 8
5.000153 498 8 8
5.000153 499 10 10
5.000153 500 8 8
5.000153 501 11 11
5.000153 502 9 9
5.000153 503 10 10
5.000153 504 9 9
5.000153 505 9 9
5.000153 506 10 10
5.000153 507 8 8
5.000153 509 1 1
5.000153 510 8 8
5.000153 511 8 8
5.000153 512 8 8
5.000153 513 10 10
5.000153 514 11 11
5.000153 515 8 8
5.000153 517 8 8
5.000153 518 10 10
5.000153 519 8 8
5.000153 520 8 8
5.000153 521 14 14
5.000153 524 8 8
5.000153 525 8 8
5.000153 526 9 9
5.000153 528 11 11
5.000153 529 10 10
5.000153 530 10 10
5.000153 531 8 8
5.000153 532 8 8
5.000153 533 9 9
5.000153 534 8 8
5.000153 535 10 10
5.000153 536 8 8
5.000153 537 9 9
5.000153 538 8 8
5.000153 539 11 11
5.000153 540 8 8
5.000153 541 8 8
5.000153 542 9 9
5.000153 543 8 8
5.000153 544 4 4
5.000153 545 9 9
5.000153 547 9 9
5.000153 548 13 13
5.000153 549 8 8
6.000183 0 16 16
6.000183 1 13 13
6.000183 2 13 13
6.000183 4 16 16
6.000183 5 19 19
6.000183 6 15 15
6.000183 7 17 17
6.000183 9 17 17
6.000183 10 16 16
6.000183 11 12 12
6.000183 12 14 14
6.000183 13 15 15
6.000183 16 4 4
6.000183 17 14 14
6.000183 18 13 13
6.000183 19 16 16
6.000183 21 16 16
6.000183 22 14 14
6.000183 24 6 6
6.000183 26 19 19
6.000183 27 16 16
6.000183 29 17 17
6.000183 32 14 14
6.000183 33 15 15
6.000183 34 15 15
6.000183 35 16 16
6.000183 36 15 15
6.000183 38 17 17
6.000183 39 14 14
6.000183 40 15 15
6.000183 41 15 15
6.000183 42 16 16
6.000183 43 16 16
6.000183 44 17 17
6.000183 46 7 7
6.000183 48 15 15
6.000183 49 15 15
6.000183 51 16 16
6.000183 52 17 17
6.000183 53 14 14
6.000183 54 12 12
6.000183 57 13 13
6.000183 58 12 12
6.000183 59 20 20
6.000183 60 16 16
6.000183 61 18 18
6.000183 62 16 16
6.000183 64 15 15
6.000183 65 17 17
6.000183 68 17 17
6.000183 69 15 15
6.000183 70 14 14
6.000183 73 13 13
6.000183 74 17 17
6.000183 75 14 14
6.000183 77 16 16
6.000183 79 16 16
6.000183 80 16 16
6.000183 81 15 15
6.000183 82 12 12
6.000183 84 14 14
6.000183 85 2 2
6.000183 86 13 13
6.000183 87 19 19
6.000183 88 16 16
6.000183 89 11 11
6.000183 90 13 13
6.000183 91 16 16
6.000183 94 16 16
6.000183 95 13 13
6.000183 97 15 15
6.000183 99 17 17
6.000183 101 16 16
6.000183 105 13 13
6.000183 106 15 15
6.000183 107 13 13
6.000183 108 16 16
6.000183 109 17 17
6.000183 110 16 16
6.000183 111 16 16
6.000183 114 14 14
6.000183 115 16 16
6.000183 117 3 3
6.000183 119 1 1
6.000183 120 15 15
6.000183 121 15 15
6.000183 123 18 18
6.000183 124 16 16
6.000183 125 16 16
6.000183 128 12 12
6.000183 130 15 15
6.000183 131 16 16
6.000183 132 16 16
6.000183 133 14 14
6.000183 134 17 17
6.000183 135 17 17
6.000183 136 18 18
6.000183 137 16 16
6.000183 138 15 15
6.000183 139 1 1
6.000183 140 15 15
6.000183 141 16 16
6.000183 142 14 14
6.000183 143 13 13
6.000183 145 14 14
6.000183 147 16 16
6.000183 148 15 15
6.000183 150 16 16
6.000183 151 18 18
6.000183 152 14 14
6.000183 154 19 19
6.000183 155 12 12
6.000183 157 14 14
6.000183 161 16 16
6.000183 162 17 17
6.000183 163 15 15
6.000183 164 12 12
6.000183 165 17 17
6.000183 166 20 20
6.000183 167 17 17
6.000183 168 13 13
6.000183 169 13 13
6.000183 170 19 19
6.000183 173 10 10
6.000183 175 18 18
6.000183 177 16 16
6.000183 179 1 1
6.000183 181 17 17
6.000183 182 12 12
6.000183 184 17 17
6.000183 187 18 18
6.000183 189 13 13
6.000183 193 14 14
6.000183 194 16 16
6.000183 196 13 13
6.000183 198 16 16
6.000183 200 14 14
6.000183 201 16 16
6.000183 203 15 15
6.000183 204 15 15
6.000183 205 13 13
6.000183 206 19 19
6.000183 207 17 17
6.000183 208 18 18
6.000183 209 13 13
6.000183 210 16 16
6.000183 211 15 15
6.000183 212 16 16
6.000183 215 15 15
6.000183 216 16 16
6.000183 217 11 11
6.000183 218 16 16
6.000183 219 11 11
6.000183 220 15 15
6.000183 221 14 14
6.000183 222 16 16
6.000183 224 11 11
6.000183 225 19 19
6.000183 228 12 12
6.000183 229 13 13
6.000183 230 16 16
6.000183 231 17 17
6.000183 235 17 17
6.000183 236 17 17
6.000183 237 13 13
6.000183 238 17 17
6.000183 240 15 15
6.000183 241 12 12
6.000183 242 14 14
6.000183 243 12 12
6.000183 245 16 16
6.000183 246 16 16
6.000183 247 15 15
6.000183 249 16 16
6.000183 250 16 16
6.000183 251 16 16
6.000183 252 17 17
6.000183 253 14 14
6.000183 254 8 8
6.000183 255 16 16
6.000183 256 17 17
6.000183 257 15 15
6.000183 258 9 9
6.000183 259 10 10
6.000183 260 14 14
6.000183 262 16 16
6.000183 263 16 16
6.000183 264 15 15
6.000183 265 1 1
6.000183 266 14 14
6.000183 267 3 3
6.000183 268 17 17
6.000183 269 1 1
6.000183 270 17 17
6.000183 271 16 16
6.000183 275 6 6
6.000183 276 14 14
6.000183 277 13 13
6.000183 279 12 12
6.000183 280 14 14
6.000183 281 16 16
6.000183 282 11 11
6.000183 283 16 16
6.000183 284 17 17
6.000183 285 18 18
6.000183 286 16 16
6.000183 287 15 15
6.000183 288 21 21
6.000183 290 14 14
6.000183 291 2 2
6.000183 292 16 16
6.000183 293 16 16
6.000183 294 12 12
6.000183 295 16 16
6.000183 297 15 15
6.000183 300 16 16
6.000183 301 15 15
6.000183 302 16 16
6.000183 303 6 6
6.000183 304 16 16
6.000183 305 19 19
6.000183 306 15 15
6.000183 308 15 15
6.000183 309 14 14
6.000183 310 19 19
6.000183 313 16 16
6.000183 314 16 16
6.000183 315 16 16
6.000183 316 15 15
6.000183 317 10 10
6.000183 320 20 20
6.000183 321 14 14
6.000183 322 16 16
6.000183 324 18 18
6.000183 325 16 16
6.000183 327 14 14
6.000183 328 14 14
6.000183 329 13 13
6.000183 332 19 19
6.000183 333 9 9
6.000183 335 15 15
6.000183 339 14 14
6.000183 341 12 12
6.000183 342 17 17
6.000183 343 16 16
6.000183 344 16 16
6.000183 345 17 17
6.000183 349 13 13
6.000183 352 17 17
6.000183 353 16 16
6.000183 356 16 16
6.000183 357 13 13
6.000183 359 16 16
6.000183 361 14 14
6.000183 362 16 16
6.000183 363 16 16
6.000183 364 17 17
6.000183 365 13 13
6.000183 366 17 17
6.000183 367 18 18
6.000183 369 17 17
6.000183 370 14 14
6.000183 371 14 14
6.000183 374 15 15
6.000183 375 14 14
6.000183 377 15 15
6.000183 380 15 15
6.000183 382 6 6
6.000183 383 16 16
6.000183 384 14 14
6.000183 386 15 15
6.000183 387 16 16
6.000183 388 17 17
6.000183 390 16 16
6.000183 391 17 17
6.000183 392 14 14
6.000183 393 14 14
6.000183 394 16 16
6.000183 395 19 19
6.000183 396 14 14
6.000183 397 13 13
6.000183 398 14 14
6.000183 399 14 14
6.000183 402 18 18
6.000183 403 14 14
6.000183 404 13 13
6.000183 406 15 15
6.000183 407 16 16
6.000183 408 16 16
6.000183 410 15 15
6.000183 411 18 18
6.000183 412 16 16
6.000183 413 18 18
6.000183 415 15 15
6.000183 416 17 17
6.000183 417 23 23
6.000183 419 12 12
6.000183 420 15 15
6.000183 421 15 15
6.000183 422 15 15
6.000183 423 16 16
6.000183 426 2 2
6.000183 427 16 16
6.000183 428 17 17
6.000183 429 15 15
6.000183 430 15 15
6.000183 431 5 5
6.000183 433 18 18
6.000183 434 15 15
6.000183 436 15 15
6.000183 437 14 14
6.000183 438 11 11
6.000183 439 16 16
6.000183 440 15 15
6.000183 441 8 8
6.000183 442 9 9
6.000183 443 14 14
6.000183 445 14 14
6.000183 446 14 14
6.000183 448 11 11
6.000183 450 16 16
6.000183 454 17 17
6.000183 459 15 15
6.000183 460 12 12
6.000183 461 14 14
6.000183 463 17 17
6.000183 464 16 16
6.000183 465 12 12
6.000183 466 14 14
6.000183 467 16 16
6.000183 468 17 17
6.000183 469 15 15
6.000183 471 12 12
6.000183 472 14 14
6.000183 473 14 14
6.000183 475 5 5
6.000183 476 17 17
6.000183 477 17 17
6.000183 479 15 15
6.000183 480 18 18
6.000183 481 17 17
6.000183 483 16 16
6.000183 485 17 17
6.000183 486 17 17
6.000183 489 15 15
6.000183 490 16 16
6.000183 492 15 15
6.000183 494 15 15
6.000183 495 12 12
6.000183 497 14 14
6.000183 498 16 16
6.000183 499 13 13
6.000183 501 18 18
6.000183 502 15 15
6.000183 503 16 16
6.000183 504 16 16
6.000183 506 16 16
6.000183 507 12 12
6.000183 510 14 14
6.000183 512 13 13
6.000183 513 16 16
6.000183 514 17 17
6.000183 515 14 14
6.000183 517 16 16
6.000183 518 15 15
6.000183 520 16 16
6.000183 521 20 20
6.000183 524 16 16
6.000183 525 15 15
6.000183 526 15 15
6.000183 528 19 19
6.000183 529 14 14
6.000183 530 12 12
6.000183 531 13 13
6.000183 532 11 11
6.000183 533 19 19
6.000183 534 9 9
6.000183 535 16 16
6.000183 536 13 13
6.000183 537 15 15
6.000183 538 16 16
6.000183 540 12 12
6.000183 541 14 14
6.000183 542 15 15
6.000183 543 12 12
6.000183 545 17 17
6.000183 547 15 15
6.000183 548 18 18
6.000183 549 14 14
7.000214 0 24 24
7.000214 1 1 1
7.000214 4 28 28
7.000214 5 31 31
7.000214 6 22 22
7.000214 7 26 26
7.000214 9 30 30
7.000214 10 30 30
7.000214 11 2 2
7.000214 12 19 19
7.000214 13 27 27
7.000214 17 12 12
7.000214 18 19 19
7.000214 19 21 21
7.000214 21 23 23
7.000214 22 22 22
7.000214 26 30 30
7.000214 27 25 25
7.000214 29 28 28
7.000214 32 19 19
7.000214 34 24 24
7.000214 36 26 26
7.000214 38 27 27
7.000214 39 25 25
7.000214 40 21 21
7.000214 41 22 22
7.000214 42 22 22
7.000214 43 25 25
7.000214 44 27 27
7.000214 49 22 22
7.000214 51 24 24
7.000214 52 27 27
7.000214 53 22 22
7.000214 57 20 20
7.000214 58 19 19
7.000214 59 34 34
7.000214 62 26 26
7.000214 65 27 27
7.000214 68 5 5
7.000214 69 6 6
7.000214 73 24 24
7.000214 75 23 23
7.000214 77 23 23
7.000214 79 23 23
7.000214 80 28 28
7.000214 81 22 22
7.000214 82 4 4
7.000214 84 16 16
7.000214 86 25 25
7.000214 87 27 27
7.000214 88 27 27
7.000214 90 13 13
7.000214 91 24 24
7.000214 95 22 22
7.000214 101 26 26
7.000214 107 21 21
7.000214 108 25 25
7.000214 109 28 28
7.000214 114 21 21
7.000214 115 26 26
7.000214 120 19 19
7.000214 121 11 11
7.000214 124 23 23
7.000214 125 26 26
7.000214 128 20 20
7.000214 131 22 22
7.000214 132 26 26
7.000214 134 26 26
7.000214 135 29 29
7.000214 136 29 29
7.000214 137 25 25
7.000214 138 21 21
7.000214 141 26 26
7.000214 142 19 19
7.000214 143 24 24
7.000214 145 29 29
7.000214 147 27 27
7.000214 148 23 23
7.000214 150 26 26
7.000214 155 19 19
7.000214 161 26 26
7.000214 163 24 24
7.000214 165 22 22
7.000214 166 18 18
7.000214 168 19 19
7.000214 169 1 1
7.000214 170 30 30
7.000214 173 18 18
7.000214 175 26 26
7.000214 177 25 25
7.000214 181 30 30
7.000214 184 10 10
7.000214 187 29 29
7.000214 189 20 20
7.000214 193 20 20
7.000214 194 28 28
7.000214 196 22 22
7.000214 198 30 30
7.000214 200 13 13
7.000214 201 25 25
7.000214 203 26 26
7.000214 205 11 11
7.000214 206 36 36
7.000214 207 12 12
7.000214 208 31 31
7.000214 209 24 24
7.000214 210 27 27
7.000214 211 25 25
7.000214 212 27 27
7.000214 215 25 25
7.000214 217 17 17
7.000214 218 24 24
7.000214 220 21 21
7.000214 224 16 16
7.000214 228 23 23
7.000214 229 18 18
7.000214 230 23 23
7.000214 231 24 24
7.000214 235 28 28
7.000214 236 25 25
7.000214 237 24 24
7.000214 240 20 20
7.000214 243 22 22
7.000214 245 27 27
7.000214 246 12 12
7.000214 247 24 24
7.000214 251 19 19
7.000214 252 27 27
7.000214 255 27 27
7.000214 256 29 29
7.000214 257 24 24
7.000214 260 24 24
7.000214 262 28 28
7.000214 263 28 28
7.000214 264 27 27
7.000214 270 29 29
7.000214 271 27 27
7.000214 276 23 23
7.000214 277 21 21
7.000214 280 22 22
7.000214 281 26 26
7.000214 283 19 19
7.000214 284 29 29
7.000214 285 29 29
7.000214 287 20 20
7.000214 288 27 27
7.000214 290 22 22
7.000214 292 26 26
7.000214 293 25 25
7.000214 294 18 18
7.000214 295 5 5
7.000214 297 21 21
7.000214 300 27 27
7.000214 301 23 23
7.000214 302 25 25
7.000214 304 26 26
7.000214 309 25 25
7.000214 310 31 31
7.000214 314 28 28
7.000214 315 23 23
7.000214 316 26 26
7.000214 317 2 2
7.000214 321 18 18
7.000214 322 28 28
7.000214 327 22 22
7.000214 328 21 21
7.000214 329 25 25
7.000214 332 25 25
7.000214 343 31 31
7.000214 345 31 31
7.000214 352 32 32
7.000214 353 23 23
7.000214 356 24 24
7.000214 357 1 1
7.000214 361 24 24
7.000214 362 18 18
7.000214 364 27 27
7.000214 365 22 22
7.000214 366 26 26
7.000214 367 29 29
7.000214 369 29 29
7.000214 375 26 26
7.000214 377 23 23
7.000214 380 21 21
7.000214 383 25 25
7.000214 384 20 20
7.000214 387 21 21
7.000214 388 1 1
7.000214 390 22 22
7.000214 391 4 4
7.000214 392 26 26
7.000214 393 22 22
7.000214 395 21 21
7.000214 397 26 26
7.000214 398 23 23
7.000214 399 22 22
7.000214 402 27 27
7.000214 403 20 20
7.000214 406 26 26
7.000214 407 24 24
7.000214 410 21 21
7.000214 411 26 26
7.000214 413 20 20
7.000214 415 26 26
7.000214 417 35 35
7.000214 419 21 21
7.000214 421 22 22
7.000214 422 9 9
7.000214 423 26 26
7.000214 427 27 27
7.000214 428 28 28
7.000214 433 5 5
7.000214 434 24 24
7.000214 436 27 27
7.000214 437 20 20
7.000214 440 3 3
7.000214 443 21 21
7.000214 450 22 22
7.000214 459 25 25
7.000214 460 11 11
7.000214 461 22 22
7.000214 464 26 26
7.000214 468 25 25
7.000214 469 22 22
7.000214 471 20 20
7.000214 472 18 18
7.000214 479 23 23
7.000214 480 25 25
7.000214 481 26 26
7.000214 483 23 23
7.000214 485 30 30
7.000214 486 26 26
7.000214 489 24 24
7.000214 490 24 24
7.000214 498 19 19
7.000214 499 24 24
7.000214 501 28 28
7.000214 502 24 24
7.000214 503 27 27
7.000214 504 3 3
7.000214 506 27 27
7.000214 510 22 22
7.000214 512 20 20
7.000214 513 26 26
7.000214 514 32 32
7.000214 515 24 24
7.000214 520 20 20
7.000214 521 32 32
7.000214 528 28 28
7.000214 529 20 20
7.000214 530 23 23
7.000214 531 19 19
7.000214 534 18 18
7.000214 535 22 22
7.000214 537 22 22
7.000214 538 29 29
7.000214 540 20 20
7.000214 545 28 28
7.000214 547 20 20
8.000244 0 39 39
8.000244 4 38 38
8.000244 5 49 49
8.000244 6 25 25
8.000244 9 32 32
8.000244 10 40 40
8.000244 21 38 38
8.000244 26 49 49
8.000244 27 39 39
8.000244 32 28 28
8.000244 34 34 34
8.000244 40 34 34
8.000244 41 39 39
8.000244 42 26 26
8.000244 44 11 11
8.000244 51 39 39
8.000244 52 43 43
8.000244 58 30 30
8.000244 59 54 54
8.000244 62 36 36
8.000244 65 38 38
8.000244 73 33 33
8.000244 75 34 34
8.000244 77 33 33
8.000244 79 34 34
8.000244 80 39 39
8.000244 81 11 11
8.000244 84 32 32
8.000244 87 43 43
8.000244 88 42 42
8.000244 91 32 32
8.000244 95 35 35
8.000244 101 37 37
8.000244 107 34 34
8.000244 108 34 34
8.000244 109 18 18
8.000244 114 34 34
8.000244 115 43 43
8.000244 120 34 34
8.000244 124 34 34
8.000244 125 37 37
8.000244 131 21 21
8.000244 132 42 42
8.000244 135 44 44
8.000244 136 42 42
8.000244 137 38 38
8.000244 141 40 40
8.000244 142 31 31
8.000244 143 28 28
8.000244 145 41 41
8.000244 147 5 5
8.000244 148 35 35
8.000244 155 29 29
8.000244 161 33 33
8.000244 163 34 34
8.000244 168 32 32
8.000244 170 48 48
8.000244 173 30 30
8.000244 177 34 34
8.000244 181 46 46
8.000244 187 45 45
8.000244 189 31 31
8.000244 193 33 33
8.000244 194 33 33
8.000244 198 23 23
8.000244 201 37 37
8.000244 203 1 1
8.000244 206 53 53
8.000244 208 45 45
8.000244 209 40 40
8.000244 210 9 9
8.000244 212 37 37
8.000244 215 35 35
8.000244 217 30 30
8.000244 218 34 34
8.000244 220 36 36
8.000244 224 28 28
8.000244 228 35 35
8.000244 229 31 31
8.000244 231 39 39
8.000244 236 44 44
8.000244 240 14 14
8.000244 243 34 34
8.000244 247 29 29
8.000244 252 43 43
8.000244 255 41 41
8.000244 257 37 37
8.000244 262 39 39
8.000244 263 39 39
8.000244 264 41 41
8.000244 270 46 46
8.000244 276 11 11
8.000244 277 33 33
8.000244 280 30 30
8.000244 284 44 44
8.000244 287 33 33
8.000244 288 44 44
8.000244 290 36 36
8.000244 292 10 10
8.000244 293 35 35
8.000244 294 31 31
8.000244 297 34 34
8.000244 300 43 43
8.000244 301 32 32
8.000244 302 44 44
8.000244 309 35 35
8.000244 310 48 48
8.000244 315 33 33
8.000244 316 39 39
8.000244 321 33 33
8.000244 322 39 39
8.000244 327 33 33
8.000244 328 31 31
8.000244 332 17 17
8.000244 343 45 45
8.000244 345 43 43
8.000244 352 45 45
8.000244 353 36 36
8.000244 361 37 37
8.000244 362 33 33
8.000244 366 38 38
8.000244 367 4 4
8.000244 369 43 43
8.000244 375 37 37
8.000244 380 27 27
8.000244 384 32 32
8.000244 390 32 32
8.000244 393 37 37
8.000244 397 24 24
8.000244 398 36 36
8.000244 399 33 33
8.000244 407 38 38
8.000244 410 32 32
8.000244 415 42 42
8.000244 419 10 10
8.000244 421 35 35
8.000244 423 1 1
8.000244 427 28 28
8.000244 434 39 39
8.000244 436 42 42
8.000244 437 35 35
8.000244 459 17 17
8.000244 461 39 39
8.000244 464 38 38
8.000244 468 39 39
8.000244 469 34 34
8.000244 479 39 39
8.000244 481 39 39
8.000244 483 35 35
8.000244 485 39 39
8.000244 489 35 35
8.000244 490 6 6
8.000244 499 39 39
8.000244 501 3 3
8.000244 502 34 34
8.000244 503 46 46
8.000244 506 40 40
8.000244 510 32 32
8.000244 512 33 33
8.000244 514 47 47
8.000244 515 37 37
8.000244 521 53 53
8.000244 529 37 37
8.000244 530 36 36
8.000244 531 34 34
8.000244 535 37 37
8.000244 537 6 6
8.000244 545 41 41
8.000244 547 34 34
9.000275 0 61 61
9.000275 4 61 61
9.000275 5 77 77
9.000275 10 62 62
9.000275 21 29 29
9.000275 26 76 76
9.000275 27 6 6
9.000275 34 38 38
9.000275 40 56 56
9.000275 41 60 60
9.000275 51 64 64
9.000275 58 9 9
9.000275 59 88 88
9.000275 62 4 4
9.000275 65 3 3
9.000275 73 3 3
9.000275 75 63 63
9.000275 79 62 62
9.000275 84 2 2
9.000275 88 64 64
9.000275 95 52 52
9.000275 101 62 62
9.000275 107 55 55
9.000275 108 63 63
9.000275 114 59 59
9.000275 115 68 68
9.000275 124 59 59
9.000275 125 64 64
9.000275 132 66 66
9.000275 135 69 69
9.000275 136 68 68
9.000275 137 62 62
9.000275 141 70 70
9.000275 142 58 58
9.000275 145 47 47
9.000275 148 61 61
9.000275 163 62 62
9.000275 168 54 54
9.000275 173 45 45
9.000275 177 61 61
9.000275 181 67 67
9.000275 187 75 75
9.000275 189 52 52
9.000275 193 32 32
9.000275 201 63 63
9.000275 206 82 82
9.000275 209 61 61
9.000275 212 62 62
9.000275 215 59 59
9.000275 217 50 50
9.000275 218 61 61
9.000275 220 55 55
9.000275 224 41 41
9.000275 228 54 54
9.000275 229 37 37
9.000275 231 62 62
9.000275 236 14 14
9.000275 243 53 53
9.000275 252 66 66
9.000275 255 66 66
9.000275 262 1 1
9.000275 263 60 60
9.000275 264 35 35
9.000275 270 72 72
9.000275 277 54 54
9.000275 284 69 69
9.000275 287 20 20
9.000275 288 74 74
9.000275 290 53 53
9.000275 294 50 50
9.000275 297 59 59
9.000275 302 71 71
9.000275 310 5 5
9.000275 315 58 58
9.000275 316 61 61
9.000275 321 53 53
9.000275 322 63 63
9.000275 327 57 57
9.000275 328 54 54
9.000275 343 66 66
9.000275 345 44 44
9.000275 352 73 73
9.000275 353 23 23
9.000275 361 32 32
9.000275 362 60 60
9.000275 366 31 31
9.000275 369 21 21
9.000275 375 48 48
9.000275 390 56 56
9.000275 393 57 57
9.000275 398 42 42
9.000275 399 57 57
9.000275 407 33 33
9.000275 410 26 26
9.000275 415 41 41
9.000275 421 58 58
9.000275 434 20 20
9.000275 437 48 48
9.000275 461 60 60
9.000275 464 7 7
9.000275 469 59 59
9.000275 479 61 61
9.000275 481 42 42
9.000275 489 12 12
9.000275 499 10 10
9.000275 502 5 5
9.000275 503 59 59
9.000275 506 65 65
9.000275 512 49 49
9.000275 515 36 36
9.000275 521 86 86
9.000275 529 56 56
9.000275 530 52 52
9.000275 531 10 10
9.000275 535 66 66
9.000275 545 65 65
9.000275 547 60 60
10.000305 4 13 13
10.000305 5 70 70
10.000305 10 6 6
10.000305 26 111 111
10.000305 40 84 84
10.000305 41 95 95
10.000305 51 57 57
10.000305 59 129 129
10.000305 75 95 95
10.000305 79 97 97
10.000305 88 64 64
10.000305 95 82 82
10.000305 101 100 100
10.000305 107 72 72
10.000305 108 19 19
10.000305 114 85 85
10.000305 115 35 35
10.000305 124 67 67
10.000305 125 101 101
10.000305 132 92 92
10.000305 135 113 113
10.000305 136 110 110
10.000305 137 100 100
10.000305 141 106 106
10.000305 142 47 47
10.000305 145 1 1
10.000305 148 53 53
10.000305 163 88 88
10.000305 168 14 14
10.000305 173 72 72
10.000305 177 87 87
10.000305 181 109 109
10.000305 187 112 112
10.000305 189 8 8
10.000305 201 100 100
10.000305 206 134 134
10.000305 209 82 82
10.000305 212 55 55
10.000305 215 95 95
10.000305 217 68 68
10.000305 218 23 23
10.000305 220 86 86
10.000305 224 69 69
10.000305 228 3 3
10.000305 243 88 88
10.000305 252 108 108
10.000305 263 2 2
10.000305 270 115 115
10.000305 277 90 90
10.000305 284 111 111
10.000305 288 18 18
10.000305 290 86 86
10.000305 294 29 29
10.000305 297 88 88
10.000305 302 111 111
10.000305 315 85 85
10.000305 316 46 46
10.000305 321 80 80
10.000305 322 39 39
10.000305 327 26 26
10.000305 328 77 77
10.000305 343 114 114
10.000305 352 60 60
10.000305 362 85 85
10.000305 390 88 88
10.000305 393 28 28
10.000305 398 15 15
10.000305 399 65 65
10.000305 421 90 90
10.000305 461 51 51
10.000305 469 41 41
10.000305 479 91 91
10.000305 481 10 10
10.000305 503 104 104
10.000305 506 1 1
10.000305 512 17 17
10.000305 521 134 134
10.000305 529 93 93
10.000305 530 51 51
10.000305 535 97 97
10.000305 545 104 104
10.000305 547 88 88
11.000336 5 26 26
11.000336 26 58 58
11.000336 40 71 71
11.000336 41 157 157
11.000336 51 14 14
11.000336 59 38 38
11.000336 75 154 154
11.000336 79 123 123
11.000336 95 134 134
11.000336 101 149 149
11.000336 107 10 10
11.000336 114 137 137
11.000336 115 17 17
11.000336 124 2 2
11.000336 125 150 150
11.000336 132 2 2
11.000336 135 115 115
11.000336 136 114 114
11.000336 137 10 10
11.000336 141 160 160
11.000336 163 87 87
11.000336 173 118 118
11.000336 177 18 18
11.000336 181 80 80
11.000336 187 90 90
11.000336 201 159 159
11.000336 206 23 23
11.000336 209 14 14
11.000336 215 79 79
11.000336 217 119 119
11.000336 220 130 130
11.000336 224 114 114
11.000336 243 127 127
11.000336 252 175 175
11.000336 270 141 141
11.000336 277 138 138
11.000336 284 175 175
11.000336 288 4 4
11.000336 290 133 133
11.000336 297 87 87
11.000336 302 131 131
11.000336 315 136 136
11.000336 316 8 8
11.000336 321 127 127
11.000336 328 127 127
11.000336 343 177 177
11.000336 352 17 17
11.000336 362 135 135
11.000336 390 134 134
11.000336 399 46 46
11.000336 421 145 145
11.000336 469 11 11
11.000336 479 150 150
11.000336 503 176 176
11.000336 521 165 165
11.000336 529 113 113
11.000336 535 154 154
11.000336 545 90 90
11.000336 547 142 142
12.000366 5 6 6
12.000366 40 73 73
12.000366 41 148 148
12.000366 75 252 252
12.000366 79 46 46
12.000366 95 214 214
12.000366 101 171 171
12.000366 114 108 108
12.000366 125 185 185
12.000366 135 73 73
12.000366 136 51 51
12.000366 141 218 218
12.000366 163 38 38
12.000366 173 154 154
12.000366 181 38 38
12.000366 187 68 68
12.000366 201 254 254
12.000366 215 68 68
12.000366 217 87 87
12.000366 220 146 146
12.000366 224 180 180
12.000366 243 42 42
12.000366 252 233 233
12.000366 270 151 151
12.000366 277 221 221
12.000366 284 231 231
12.000366 290 5 5
12.000366 297 1 1
12.000366 302 27 27
12.000366 315 203 203
12.000366 321 182 182
12.000366 328 155 155
12.000366 343 231 231
12.000366 362 97 97
12.000366 390 221 221
12.000366 399 13 13
12.000366 421 238 238
12.000366 479 225 225
12.000366 503 222 222
12.000366 521 116 116
12.000366 529 41 41
12.000366 535 211 211
12.000366 545 61 61
12.000366 547 206 206
13.000397 40 64 64
13.000397 41 143 143
13.000397 75 246 246
13.000397 95 317 317
13.000397 101 249 249
13.000397 114 18 18
13.000397 125 138 138
13.000397 135 25 25
13.000397 136 9 9
13.000397 141 233 233
13.000397 173 196 196
13.000397 181 16 16
13.000397 187 10 10
13.000397 201 411 411
13.000397 215 57 57
13.000397 217 51 51
13.000397 220 96 96
13.000397 224 241 241
13.000397 243 7 7
13.000397 252 293 293
13.000397 270 158 158
13.000397 277 256 256
13.000397 284 231 231
13.000397 302 8 8
13.000397 315 219 219
13.000397 321 197 197
13.000397 328 119 119
13.000397 343 158 158
13.000397 362 44 44
13.000397 390 280 280
13.000397 421 307 307
13.000397 479 241 241
13.000397 503 217 217
13.000397 521 123 123
13.000397 529 23 23
13.000397 535 266 266
13.000397 545 18 18
13.000397 547 171 171
14.000427 41 57 57
14.000427 75 296 296
14.000427 95 438 438
14.000427 101 312 312
14.000427 125 93 93
14.000427 141 230 230
14.000427 173 293 293
14.000427 201 529 529
14.000427 215 32 32
14.000427 217 32 32
14.000427 220 101 101
14.000427 224 280 280
14.000427 252 396 396
14.000427 270 153 153
14.000427 277 249 249
14.000427 284 238 238
14.000427 315 225 225
14.000427 321 228 228
14.000427 328 89 89
14.000427 343 110 110
14.000427 362 8 8
14.000427 390 265 265
14.000427 421 244 244
14.000427 479 247 247
14.000427 503 168 168
14.000427 521 77 77
14.000427 535 270 270
14.000427 547 201 201
15.000458 41 30 30
15.000458 75 308 308
15.000458 95 526 526
15.000458 101 363 363
15.000458 125 12 12
15.000458 141 221 221
15.000458 173 399 399
15.000458 201 634 634
15.000458 215 16 16
15.000458 217 13 13
15.000458 220 136 136
15.000458 224 263 263
15.000458 252 437 437
15.000458 270 193 193
15.000458 277 253 253
15.000458 284 188 188
15.000458 315 145 145
15.000458 321 237 237
15.000458 328 90 90
15.000458 343 70 70
15.000458 390 304 304
15.000458 421 170 170
15.000458 479 276 276
15.000458 503 84 84
15.000458 521 1 1
15.000458 535 329 329
15.000458 547 203 203
16.000488 75 395 395
16.000488 95 590 590
16.000488 101 445 445
16.000488 141 233 233
16.000488 173 479 479
16.000488 201 717 717
16.000488 220 149 149
16.000488 224 282 282
16.000488 252 433 433
16.000488 270 235 235
16.000488 277 239 239
16.000488 284 157 157
16.000488 315 104 104
16.000488 321 187 187
16.000488 328 57 57
16.000488 343 94 94
16.000488 390 249 249
16.000488 421 138 138
16.000488 479 245 245
16.000488 503 3 3
16.000488 535 307 307
16.000488 547 182 182
17.000519 75 424 424
17.000519 95 572 572
17.000519 101 507 507
17.000519 141 217 217
17.000519 173 488 488
17.000519 201 728 728
17.000519 220 171 171
17.000519 224 333 333
17.000519 252 440 440
17.000519 270 205 205
17.000519 277 192 192
17.000519 284 160 160
17.000519 315 108 108
17.000519 321 189 189
17.000519 328 48 48
17.000519 343 104 104
17.000519 390 202 202
17.000519 421 122 122
17.000519 479 268 268
17.000519 535 295 295
17.000519 547 116 116
18.000549 75 501 501
18.000549 95 528 528
18.000549 101 587 587
18.000549 141 192 192
18.000549 173 505 505
18.000549 201 654 654
18.000549 220 221 221
18.000549 224 421 421
18.000549 252 543 543
18.000549 270 194 194
18.000549 277 174 174
18.000549 284 111 111
18.000549 315 85 85
18.000549 321 207 207
18.000549 328 27 27
18.000549 343 74 74
18.000549 390 47 47
18.000549 421 72 72
18.000549 479 296 296
18.000549 535 336 336
18.000549 547 77 77
19.000580 75 523 523
19.000580 95 415 415
19.000580 101 648 648
19.000580 141 154 154
19.000580 173 524 524
19.000580 201 607 607
19.000580 220 219 219
19.000580 224 511 511
19.000580 252 619 619
19.000580 270 101 101
19.000580 277 139 139
19.000580 284 93 93
19.000580 315 125 125
19.000580 321 175 175
19.000580 343 46 46
19.000580 390 24 24
19.000580 421 112 112
19.000580 479 384 384
19.000580 535 355 355
19.000580 547 81 81
20.000610 75 354 354
20.000610 95 412 412
20.000610 101 625 625
20.000610 141 185 185
20.000610 173 539 539
20.000610 201 552 552
20.000610 220 252 252
20.000610 224 568 568
20.000610 252 721 721
20.000610 270 46 46
20.000610 277 173 173
20.000610 284 104 104
20.000610 315 202 202
20.000610 321 141 141
20.000610 343 13 13
20.000610 390 4 4
20.000610 421 154 154
20.000610 479 417 417
20.000610 535 292 292
20.000610 547 99 99
21.000641 75 239 239
21.000641 95 464 464
21.000641 101 658 658
21.000641 141 169 169
21.000641 173 510 510
21.000641 201 465 465
21.000641 220 344 344
21.000641 224 583 583
21.000641 252 732 732
21.000641 270 39 39
21.000641 277 178 178
21.000641 284 109 109
21.000641 315 319 319
21.000641 321 158 158
21.000641 421 100 100
21.000641 479 381 381
21.000641 535 272 272
21.000641 547 155 155
22.000671 75 196 196
22.000671 95 508 508
22.000671 101 716 716
22.000671 141 179 179
22.000671 173 508 508
22.000671 201 343 343
22.000671 220 354 354
22.000671 224 602 602
22.000671 252 737 737
22.000671 270 16 16
22.000671 277 182 182
22.000671 284 137 137
22.000671 315 397 397
22.000671 321 140 140
22.000671 421 48 48
22.000671 479 365 365
22.000671 535 256 256
22.000671 547 204 204
23.000702 75 147 147
23.000702 95 587 587
23.000702 101 680 680
23.000702 141 198 198
23.000702 173 477 477
23.000702 201 300 300
23.000702 220 309 309
23.000702 224 587 587
23.000702 252 697 697
23.000702 270 12 12
23.000702 277 267 267
23.000702 284 157 157
23.000702 315 445 445
23.000702 321 112 112
23.000702 421 47 47
23.000702 479 389 389
23.000702 535 233 233
23.000702 547 217 217
24.000732 75 154 154
24.000732 95 688 688
24.000732 101 725 725
24.000732 141 164 164
24.000732 173 432 432
24.000732 201 375 375
24.000732 220 257 257
24.000732 224 596 596
24.000732 252 619 619
24.000732 277 248 248
24.000732 284 180 180
24.000732 315 445 445
24.000732 321 80 80
24.000732 421 33 33
24.000732 479 369 369
24.000732 535 217 217
24.000732 547 276 276
25.000763 75 108 108
25.000763 95 711 711
25.000763 101 747 747
25.000763 141 181 181
25.000763 173 428 428
25.000763 201 467 467
25.000763 220 141 141
25.000763 224 589 589
25.000763 252 574 574
25.000763 277 273 273
25.000763 284 222 222
25.000763 315 558 558
25.000763 321 62 62
25.000763 421 27 27
25.000763 479 231 231
25.000763 535 209 209
25.000763 547 339 339
26.000793 75 94 94
26.000793 95 771 771
26.000793 101 708 708
26.000793 141 168 168
26.000793 173 443 443
26.000793 201 517 517
26.000793 220 125 125
26.000793 224 657 657
26.000793 252 514 514
26.000793 277 329 329
26.000793 284 228 228
26.000793 315 707 707
26.000793 321 39 39
26.000793 421 27 27
26.000793 479 114 114
26.000793 535 207 207
26.000793 547 266 266
27.000824 75 77 77
27.000824 95 806 806
27.000824 101 672 672
27.000824 141 192 192
27.000824 173 458 458
27.000824 201 432 432
27.000824 220 97 97
27.000824 224 637 637
27.000824 252 551 551
27.000824 277 391 391
27.000824 284 226 226
27.000824 315 660 660
27.000824 321 37 37
27.000824 421 33 33
27.000824 479 104 104
27.000824 535 179 179
27.000824 547 339 339
28.000854 75 58 58
28.000854 95 835 835
28.000854 101 686 686
28.000854 141 199 199
28.000854 173 434 434
28.000854 201 328 328
28.000854 220 97 97
28.000854 224 610 610
28.000854 252 596 596
28.000854 277 479 479
28.000854 284 237 237
28.000854 315 593 593
28.000854 321 33 33
28.000854 479 81 81
28.000854 535 162 162
28.000854 547 457 457
29.000885 75 22 22
29.000885 95 778 778
29.000885 101 723 723
29.000885 141 171 171
29.000885 173 439 439
29.000885 201 319 319
29.000885 220 82 82
29.000885 224 590 590
29.000885 252 671 671
29.000885 277 431 431
29.000885 284 238 238
29.000885 315 621 621
29.000885 321 30 30
29.000885 479 39 39
29.000885 535 143 143
29.000885 547 578 578
30.000916 75 16 16
30.000916 95 769 769
30.000916 101 780 780
30.000916 141 174 174
30.000916 173 441 441
30.000916 201 364 364
30.000916 220 51 51
30.000916 224 575 575
30.000916 252 679 679
30.000916 277 377 377
30.000916 284 222 222
30.000916 315 577 577
30.000916 321 18 18
30.000916 479 16 16
30.000916 535 144 144
30.000916 547 649 649
31.000946 75 7 7
31.000946 95 761 761
31.000946 101 772 772
31.000946 141 116 116
31.000946 173 441 441
31.000946 201 434 434
31.000946 220 42 42
31.000946 224 627 627
31.000946 252 709 709
31.000946 277 415 415
31.000946 284 237 237
31.000946 315 568 568
31.000946 535 143 143
31.000946 547 626 626
32.000977 95 798 798
32.000977 101 677 677
32.000977 141 48 48
32.000977 173 476 476
32.000977 201 440 440
32.000977 220 25 25
32.000977 224 692 692
32.000977 252 741 741
32.000977 277 447 447
32.000977 284 246 246
32.000977 315 590 590
32.000977 535 129 129
32.000977 547 561 561
33.001007 95 784 784
33.001007 101 626 626
33.001007 173 524 524
33.001007 201 434 434
33.001007 224 724 724
33.001007 252 682 682
33.001007 277 537 537
33.001007 284 226 226
33.001007 315 574 574
33.001007 535 139 139
33.001007 547 574 574
34.001038 95 626 626
34.001038 101 537 537
34.001038 173 606 606
34.001038 201 460 460
34.001038 224 761 761
34.001038 252 690 690
34.001038 277 546 546
34.001038 284 214 214
34.001038 315 632 632
34.001038 535 130 130
34.001038 547 662 662
35.001068 95 539 539
35.001068 101 457 457
35.001068 173 551 551
35.001068 201 456 456
35.001068 224 802 802
35.001068 252 788 788
35.001068 277 524 524
35.001068 284 230 230
35.001068 315 701 701
35.001068 535 130 130
35.001068 547 690 690
36.001099 95 630 630
36.001099 101 402 402
36.001099 173 428 428
36.001099 201 405 405
36.001099 224 806 806
36.001099 252 863 863
36.001099 277 543 543
36.001099 284 207 207
36.001099 315 724 724
36.001099 535 142 142
36.001099 547 732 732
37.001129 95 658 658
37.001129 101 388 388
37.001129 173 394 394
37.001129 201 370 370
37.001129 224 776 776
37.001129 252 887 887
37.001129 277 531 531
37.001129 284 151 151
37.001129 315 775 775
37.001129 535 180 180
37.001129 547 779 779
38.001160 95 723 723
38.001160 101 370 370
38.001160 173 451 451
38.001160 201 341 341
38.001160 224 681 681
38.001160 252 839 839
38.001160 277 508 508
38.001160 284 105 105
38.001160 315 798 798
38.001160 535 179 179
38.001160 547 881 881
39.001190 95 748 748
39.001190 101 354 354
39.001190 173 472 472
39.001190 201 213 213
39.001190 224 648 648
39.001190 252 895 895
39.001190 277 605 605
39.001190 284 111 111
39.001190 315 732 732
39.001190 535 122 122
39.001190 547 1001 1001
40.001221 95 798 798
40.001221 101 361 361
40.001221 173 509 509
40.001221 201 145 145
40.001221 224 653 653
40.001221 252 872 872
40.001221 277 681 681
40.001221 284 94 94
40.001221 315 694 694
40.001221 535 83 83
40.001221 547 992 992
41.001251 95 793 793
41.001251 101 390 390
41.001251 173 582 582
41.001251 201 127 127
41.001251 224 664 664
41.001251 252 778 778
41.001251 277 711 711
41.001251 284 46 46
41.001251 315 727 727
41.001251 535 87 87
41.001251 547 962 962
42.001282 95 767 767
42.001282 101 471 471
42.001282 173 691 691
42.001282 201 86 86
42.001282 224 723 723
42.001282 252 741 741
42.001282 277 648 648
42.001282 284 38 38
42.001282 315 724 724
42.001282 535 67 67
42.001282 547 901 901
43.001312 95 672 672
43.001312 101 551 551
43.001312 173 794 794
43.001312 201 22 22
43.001312 224 797 797
43.001312 252 664 664
43.001312 277 653 653
43.001312 284 17 17
43.001312 315 759 759
43.001312 535 39 39
43.001312 547 936 936
44.001343 95 632 632
44.001343 101 543 543
44.001343 173 830 830
44.001343 201 27 27
44.001343 224 880 880
44.001343 252 623 623
44.001343 277 659 659
44.001343 315 750 750
44.001343 535 30 30
44.001343 547 924 924
45.001373 95 630 630
45.001373 101 485 485
45.001373 173 839 839
45.001373 224 992 992
45.001373 252 609 609
45.001373 277 629 629
45.001373 315 813 813
45.001373 535 18 18
45.001373 547 875 875
46.001404 95 538 538
46.001404 101 554 554
46.001404 173 870 870
46.001404 224 1104 1104
46.001404 252 624 624
46.001404 277 578 578
46.001404 315 850 850
46.001404 547 789 789
47.001434 95 480 480
47.001434 101 646 646
47.001434 173 891 891
47.001434 224 1202 1202
47.001434 252 632 632
47.001434 277 461 461
47.001434 315 861 861
47.001434 547 734 734
48.001465 95 515 515
48.001465 101 672 672
48.001465 173 957 957
48.001465 224 1194 1194
48.001465 252 552 552
48.001465 277 456 456
48.001465 315 843 843
48.001465 547 742 742
49.001495 95 551 551
49.001495 101 667 667
49.001495 173 986 986
49.001495 224 1246 1246
49.001495 252 500 500
49.001495 277 437 437
49.001495 315 837 837
49.001495 547 742 742
49.780609 95 551 551
49.780609 101 707 707
49.780609 173 1002 1002
49.780609 224 1255 1255
49.780609 252 497 497
49.780609 277 475 475
49.780609 315 831 831
49.780609 547 705 705
50.780624 95 615 615
50.780624 101 753 753
50.780624 173 999 999
50.780624 224 1270 1270
50.780624 252 501 501
50.780624 277 515 515
50.780624 315 755 755
50.780624 547 700 700
51.780640 95 720 720
51.780640 101 806 806
51.780640 173 985 985
51.780640 224 1287 1287
51.780640 252 560 560
51.780640 277 472 472
51.780640 315 673 673
51.780640 547 665 665
52.780655 95 753 753
52.780655 101 784 784
52.780655 173 1051 1051
52.780655 224 1271 1271
52.780655 252 553 553
52.780655 277 495 495
52.780655 315 548 548
52.780655 547 713 713
53.780670 95 711 711
53.780670 101 720 720
53.780670 173 1092 1092
53.780670 224 1241 1241
53.780670 252 556 556
53.780670 277 580 580
53.780670 315 498 498
53.780670 547 747 747
54.780685 95 748 748
54.780685 101 584 584
54.780685 173 1129 1129
54.780685 224 1227 1227
54.780685 252 569 569
54.780685 277 584 584
54.780685 315 529 529
54.780685 547 812 812
55.780701 95 695 695
55.780701 101 514 514
55.780701 173 1171 1171
55.780701 224 1289 1289
55.780701 252 572 572
55.780701 277 643 643
55.780701 315 542 542
55.780701 547 753 753
56.780716 95 623 623
56.780716 101 489 489
56.780716 173 1182 1182
56.780716 224 1351 1351
56.780716 252 536 536
56.780716 277 717 717
56.780716 315 591 591
56.780716 547 657 657
57.780731 95 586 586
57.780731 101 499 499
57.780731 173 1202 1202
57.780731 224 1457 1457
57.780731 252 550 550
57.780731 277 625 625
57.780731 315 535 535
57.780731 547 629 629
58.780746 95 505 505
58.780746 101 475 475
58.780746 173 1225 1225
58.780746 224 1488 1488
58.780746 252 656 656
58.780746 277 656 656
58.780746 315 505 505
58.780746 547 601 601
59.780762 95 491 491
59.780762 101 590 590
59.780762 173 1247 1247
59.780762 224 1466 1466
59.780762 252 714 714
59.780762 277 657 657
59.780762 315 409 409
59.780762 547 555 555
60.780777 95 551 551
60.780777 101 577 577
60.780777 173 1259 1259
60.780777 224 1500 1500
60.780777 252 677 677
60.780777 277 688 688
60.780777 315 403 403
60.780777 547 507 507
61.780792 95 576 576
61.780792 101 540 540
61.780792 173 1317 1317
61.780792 224 1442 1442
61.780792 252 608 608
61.780792 277 733 733
61.780792 315 451 451
61.780792 547 472 472
62.780807 95 568 568
62.780807 101 543 543
62.780807 173 1294 1294
62.780807 224 1460 1460
62.780807 252 667 667
62.780807 277 741 741
62.780807 315 483 483
62.780807 547 391 391
63.780823 95 612 612
63.780823 101 598 598
63.780823 173 1238 1238
63.780823 224 1496 1496
63.780823 252 691 691
63.780823 277 709 709
63.780823 315 444 444
63.780823 547 376 376
64.780838 95 635 635
64.780838 101 633 633
64.780838 173 1160 1160
64.780838 224 1518 1518
64.780838 252 747 747
64.780838 277 625 625
64.780838 315 468 468
64.780838 547 355 355
65.780853 95 669 669
65.780853 101 712 712
65.780853 173 1025 1025
65.780853 224 1446 1446
65.780853 252 695 695
65.780853 277 592 592
65.780853 315 593 593
65.780853 547 382 382
66.780869 95 532 532
66.780869 101 819 819
66.780869 173 946 946
66.780869 224 1412 1412
66.780869 252 689 689
66.780869 277 578 578
66.780869 315 711 711
66.780869 547 463 463
67.780884 95 542 542
67.780884 101 785 785
67.780884 173 972 972
67.780884 224 1394 1394
67.780884 252 663 663
67.780884 277 542 542
67.780884 315 728 728
67.780884 547 520 520
68.780899 95 484 484
68.780899 101 844 844
68.780899 173 881 881
68.780899 224 1344 1344
68.780899 252 694 694
68.780899 277 527 527
68.780899 315 804 804
68.780899 547 582 582
69.780914 95 447 447
69.780914 101 875 875
69.780914 173 820 820
69.780914 224 1353 1353
69.780914 252 787 787
69.780914 277 503 503
69.780914 315 760 760
69.780914 547 602 602
70.780930 95 474 474
70.780930 101 987 987
70.780930 173 867 867
70.780930 224 1366 1366
70.780930 252 760 760
70.780930 277 492 492
70.780930 315 692 692
70.780930 547 483 483
71.780945 95 470 470
71.780945 101 1043 1043
71.780945 173 925 925
71.780945 224 1407 1407
71.780945 252 708 708
71.780945 277 499 499
71.780945 315 693 693
71.780945 547 403 403
