0.000000 0 1 1
0.000000 1 1 1
0.000000 2 1 1
0.000000 3 1 1
0.000000 4 1 1
0.000000 5 1 1
0.000000 6 1 1
0.000000 7 1 1
0.000000 8 1 1
0.000000 9 1 1
0.000000 10 1 1
0.000000 11 1 1
0.000000 12 1 1
0.000000 13 1 1
0.000000 14 1 1
0.000000 16 1 1
0.000000 17 1 1
0.000000 18 1 1
0.000000 20 1 1
0.000000 21 1 1
0.000000 22 1 1
0.000000 23 1 1
0.000000 24 1 1
0.000000 25 1 1
0.000000 26 1 1
0.000000 27 1 1
0.000000 28 1 1
0.000000 29 1 1
0.000000 30 1 1
0.000000 31 1 1
0.000000 32 1 1
0.000000 33 1 1
0.000000 34 1 1
0.000000 36 1 1
0.000000 37 1 1
0.000000 38 1 1
0.000000 39 1 1
0.000000 40 1 1
0.000000 41 1 1
0.000000 42 1 1
0.000000 43 1 1
0.000000 44 1 1
0.000000 45 1 1
0.000000 46 1 1
0.000000 47 1 1
0.000000 48 1 1
0.000000 49 1 1
0.000000 50 1 1
0.000000 51 1 1
0.000000 52 1 1
0.000000 53 1 1
0.000000 54 1 1
0.000000 55 1 1
0.000000 56 1 1
0.000000 57 1 1
0.000000 58 1 1
0.000000 59 1 1
0.000000 60 1 1
0.000000 61 1 1
0.000000 62 1 1
0.000000 63 1 1
0.000000 64 1 1
0.000000 65 1 1
0.000000 67 1 1
0.000000 68 1 1
0.000000 69 1 1
0.000000 70 1 1
0.000000 71 1 1
0.000000 72 1 1
0.000000 73 1 1
0.000000 74 1 1
0.000000 75 1 1
0.000000 76 1 1
0.000000 77 1 1
0.000000 78 1 1
0.000000 79 1 1
0.000000 80 1 1
0.000000 81 1 1
0.000000 82 1 1
0.000000 83 1 1
0.000000 84 1 1
0.000000 85 1 1
0.000000 86 1 1
0.000000 87 1 1
0.000000 88 1 1
0.000000 89 1 1
0.000000 90 1 1
0.000000 91 1 1
0.000000 92 1 1
0.000000 93 1 1
0.000000 94 1 1
0.000000 95 1 1
0.000000 96 1 1
0.000000 97 1 1
0.000000 98 1 1
0.000000 99 1 1
0.000000 100 1 1
0.000000 101 1 1
0.000000 102 1 1
0.000000 103 1 1
0.000000 104 1 1
0.000000 105 1 1
0.000000 106 1 1
0.000000 107 1 1
0.000000 108 1 1
0.000000 109 1 1
0.000000 110 1 1
0.000000 111 1 1
0.000000 112 1 1
0.000000 113 1 1
0.000000 114 1 1
0.000000 115 1 1
0.000000 116 1 1
0.000000 117 1 1
0.000000 118 1 1
0.000000 119 1 1
0.000000 120 1 1
0.000000 121 1 1
0.000000 122 1 1
0.000000 123 1 1
0.000000 124 1 1
0.000000 125 1 1
0.000000 127 1 1
0.000000 128 1 1
0.000000 129 1 1
0.000000 130 1 1
0.000000 131 1 1
0.000000 132 1 1
0.000000 133 1 1
0.000000 134 1 1
0.000000 136 1 1
0.000000 137 1 1
0.000000 138 1 1
0.000000 139 1 1
0.000000 140 1 1
0.000000 141 1 1
0.000000 142 1 1
0.000000 144 1 1
0.000000 145 1 1
0.000000 146 1 1
0.000000 147 1 1
0.000000 148 1 1
0.000000 149 1 1
0.000000 150 1 1
0.000000 151 1 1
0.000000 152 1 1
0.000000 153 1 1
0.000000 154 1 1
0.000000 155 1 1
0.000000 156 1 1
0.000000 158 1 1
0.000000 159 1 1
0.000000 160 1 1
0.000000 161 1 1
0.000000 162 1 1
0.000000 163 1 1
0.000000 164 1 1
0.000000 165 1 1
0.000000 166 1 1
0.000000 167 1 1
0.000000 168 1 1
0.000000 169 1 1
0.000000 170 1 1
0.000000 171 1 1
0.000000 172 1 1
0.000000 173 1 1
0.000000 174 1 1
0.000000 175 1 1
0.000000 176 1 1
0.000000 177 1 1
0.000000 178 1 1
0.000000 179 1 1
0.000000 180 1 1
0.000000 181 1 1
0.000000 182 1 1
0.000000 183 1 1
0.000000 184 1 1
0.000000 185 1 1
0.000000 186 1 1
0.000000 187 1 1
0.000000 188 1 1
0.000000 189 1 1
0.000000 190 1 1
0.000000 192 1 1
0.000000 193 1 1
0.000000 196 1 1
0.000000 197 1 1
0.000000 198 1 1
0.000000 199 1 1
0.000000 200 1 1
0.000000 201 1 1
0.000000 202 1 1
0.000000 203 1 1
0.000000 204 1 1
0.000000 205 1 1
0.000000 206 1 1
0.000000 207 1 1
0.000000 208 1 1
0.000000 209 1 1
0.000000 210 1 1
0.000000 211 1 1
0.000000 212 1 1
0.000000 213 1 1
0.000000 214 1 1
0.000000 215 1 1
0.000000 216 1 1
0.000000 218 1 1
0.000000 219 1 1
0.000000 220 1 1
0.000000 221 1 1
0.000000 222 1 1
0.000000 223 1 1
0.000000 224 1 1
0.000000 225 1 1
0.000000 226 1 1
0.000000 227 1 1
0.000000 228 1 1
0.000000 229 1 1
0.000000 230 1 1
0.000000 231 1 1
0.000000 232 1 1
0.000000 233 1 1
0.000000 234 1 1
0.000000 235 1 1
0.000000 236 1 1
0.000000 237 1 1
0.000000 238 1 1
0.000000 240 1 1
0.000000 241 1 1
0.000000 242 1 1
0.000000 243 1 1
0.000000 244 1 1
0.000000 245 1 1
0.000000 246 1 1
0.000000 247 1 1
0.000000 248 1 1
0.000000 249 1 1
0.000000 250 1 1
0.000000 251 1 1
0.000000 252 1 1
0.000000 253 1 1
0.000000 254 1 1
0.000000 255 1 1
0.000000 256 1 1
0.000000 257 1 1
0.000000 258 1 1
0.000000 259 1 1
0.000000 261 1 1
0.000000 262 1 1
0.000000 263 1 1
0.000000 264 1 1
0.000000 265 1 1
0.000000 266 1 1
0.000000 267 1 1
0.000000 268 1 1
0.000000 269 1 1
0.000000 270 1 1
0.000000 271 1 1
0.000000 272 1 1
0.000000 273 1 1
0.000000 274 1 1
0.000000 275 1 1
0.000000 277 1 1
0.000000 278 1 1
0.000000 279 1 1
0.000000 280 1 1
0.000000 281 1 1
0.000000 282 1 1
0.000000 283 1 1
0.000000 284 1 1
0.000000 285 1 1
0.000000 286 1 1
0.000000 287 1 1
0.000000 288 1 1
0.000000 289 1 1
0.000000 290 1 1
0.000000 291 1 1
0.000000 292 1 1
0.000000 293 1 1
0.000000 294 1 1
0.000000 296 1 1
0.000000 297 1 1
0.000000 298 1 1
0.000000 299 1 1
0.000000 300 1 1
0.000000 301 1 1
0.000000 302 1 1
0.000000 303 1 1
0.000000 304 1 1
0.000000 305 1 1
0.000000 307 1 1
0.000000 308 1 1
0.000000 309 1 1
0.000000 310 1 1
0.000000 311 1 1
0.000000 312 1 1
0.000000 313 1 1
0.000000 314 1 1
0.000000 315 1 1
0.000000 316 1 1
0.000000 317 1 1
0.000000 318 1 1
0.000000 319 1 1
0.000000 320 1 1
0.000000 321 1 1
0.000000 322 1 1
0.000000 323 1 1
0.000000 324 1 1
0.000000 325 1 1
0.000000 326 1 1
0.000000 327 1 1
0.000000 328 1 1
0.000000 329 1 1
0.000000 331 1 1
0.000000 332 1 1
0.000000 333 1 1
0.000000 334 1 1
0.000000 335 1 1
0.000000 336 1 1
0.000000 337 1 1
0.000000 338 1 1
0.000000 339 1 1
0.000000 340 1 1
0.000000 341 1 1
0.000000 342 1 1
0.000000 343 1 1
0.000000 344 1 1
0.000000 345 1 1
0.000000 346 1 1
0.000000 347 1 1
0.000000 348 1 1
0.000000 349 1 1
0.000000 350 1 1
0.000000 351 1 1
0.000000 352 1 1
0.000000 353 1 1
0.000000 354 1 1
0.000000 355 1 1
0.000000 356 1 1
0.000000 357 1 1
0.000000 358 1 1
0.000000 360 1 1
0.000000 361 1 1
0.000000 362 1 1
0.000000 363 1 1
0.000000 364 1 1
0.000000 365 1 1
0.000000 366 1 1
0.000000 367 1 1
0.000000 368 1 1
0.000000 369 1 1
0.000000 371 1 1
0.000000 372 1 1
0.000000 373 1 1
0.000000 375 1 1
0.000000 377 1 1
0.000000 378 1 1
0.000000 379 1 1
0.000000 380 1 1
0.000000 381 1 1
0.000000 382 1 1
0.000000 384 1 1
0.000000 385 1 1
0.000000 386 1 1
0.000000 387 1 1
0.000000 388 1 1
0.000000 389 1 1
0.000000 390 1 1
0.000000 391 1 1
0.000000 392 1 1
0.000000 393 1 1
0.000000 394 1 1
0.000000 395 1 1
0.000000 396 1 1
0.000000 397 1 1
0.000000 398 1 1
0.000000 399 1 1
0.000000 400 1 1
0.000000 401 1 1
0.000000 402 1 1
0.000000 403 1 1
0.000000 404 1 1
0.000000 405 1 1
0.000000 406 1 1
0.000000 407 1 1
0.000000 408 1 1
0.000000 409 1 1
0.000000 410 1 1
0.000000 411 1 1
0.000000 413 1 1
0.000000 414 1 1
0.000000 415 1 1
0.000000 417 1 1
0.000000 419 1 1
0.000000 420 1 1
0.000000 421 1 1
0.000000 422 1 1
0.000000 423 1 1
0.000000 424 1 1
0.000000 425 1 1
0.000000 426 1 1
0.000000 427 1 1
0.000000 428 1 1
0.000000 429 1 1
0.000000 430 1 1
0.000000 431 1 1
0.000000 432 1 1
0.000000 433 1 1
0.000000 434 1 1
0.000000 435 1 1
0.000000 436 1 1
0.000000 437 1 1
0.000000 438 1 1
0.000000 439 1 1
0.000000 441 1 1
0.000000 442 1 1
0.000000 443 1 1
0.000000 444 1 1
0.000000 445 1 1
0.000000 446 1 1
0.000000 447 1 1
0.000000 448 1 1
0.000000 449 1 1
0.000000 450 1 1
0.000000 451 1 1
0.000000 454 1 1
0.000000 456 1 1
0.000000 457 1 1
0.000000 458 1 1
0.000000 459 1 1
0.000000 460 1 1
0.000000 461 1 1
0.000000 462 1 1
0.000000 463 1 1
0.000000 464 1 1
0.000000 465 1 1
0.000000 466 1 1
0.000000 470 1 1
0.000000 471 1 1
0.000000 472 1 1
0.000000 473 1 1
0.000000 474 1 1
0.000000 475 1 1
0.000000 476 1 1
0.000000 477 1 1
0.000000 478 1 1
0.000000 479 1 1
0.000000 480 1 1
0.000000 481 1 1
0.000000 482 1 1
0.000000 483 1 1
0.000000 484 1 1
0.000000 485 1 1
0.000000 486 1 1
0.000000 487 1 1
0.000000 488 1 1
0.000000 489 1 1
0.000000 490 1 1
0.000000 491 1 1
0.000000 492 1 1
0.000000 494 1 1
0.000000 496 1 1
0.000000 497 1 1
0.000000 498 1 1
0.000000 499 1 1
0.000000 501 1 1
0.000000 502 1 1
0.000000 503 1 1
0.000000 504 1 1
0.000000 505 1 1
0.000000 506 1 1
0.000000 507 1 1
0.000000 509 1 1
0.000000 510 1 1
0.000000 511 1 1
0.000000 512 1 1
0.000000 513 1 1
0.000000 514 1 1
0.000000 516 1 1
0.000000 517 1 1
0.000000 518 1 1
0.000000 519 1 1
0.000000 520 1 1
0.000000 522 1 1
0.000000 523 1 1
0.000000 524 1 1
0.000000 525 1 1
0.000000 526 1 1
0.000000 527 1 1
0.000000 528 1 1
0.000000 529 1 1
0.000000 530 1 1
0.000000 531 1 1
0.000000 532 1 1
0.000000 533 1 1
0.000000 534 1 1
0.000000 535 1 1
0.000000 536 1 1
0.000000 537 1 1
0.000000 538 1 1
0.000000 539 1 1
0.000000 540 1 1
0.000000 541 1 1
0.000000 542 1 1
0.000000 543 1 1
0.000000 544 1 1
0.000000 545 1 1
0.000000 546 1 1
0.000000 547 1 1
0.000000 548 1 1
0.000000 549 1 1
1.000031 0 1 1
1.000031 1 1 1
1.000031 2 2 2
1.000031 3 2 2
1.000031 4 2 2
1.000031 5 2 2
1.000031 6 1 1
1.000031 7 1 1
1.000031 8 2 2
1.000031 9 1 1
1.000031 10 2 2
1.000031 11 2 2
1.000031 12 2 2
1.000031 13 1 1
1.000031 14 2 2
1.000031 16 2 2
1.000031 17 2 2
1.000031 18 1 1
1.000031 20 2 2
1.000031 21 2 2
1.000031 22 1 1
1.000031 23 2 2
1.000031 24 1 1
1.000031 25 2 2
1.000031 26 2 2
1.000031 27 2 2
1.000031 28 2 2
1.000031 29 2 2
1.000031 30 2 2
1.000031 31 2 2
1.000031 32 2 2
1.000031 33 1 1
1.000031 34 1 1
1.000031 36 2 2
1.000031 37 2 2
1.000031 38 2 2
1.000031 39 1 1
1.000031 40 1 1
1.000031 41 1 1
1.000031 42 2 2
1.000031 43 1 1
1.000031 44 1 1
1.000031 45 2 2
1.000031 46 2 2
1.000031 47 2 2
1.000031 48 1 1
1.000031 49 2 2
1.000031 50 2 2
1.000031 51 2 2
1.000031 52 2 2
1.000031 53 1 1
1.000031 54 2 2
1.000031 55 1 1
1.000031 56 1 1
1.000031 57 2 2
1.000031 58 2 2
1.000031 59 2 2
1.000031 60 2 2
1.000031 61 1 1
1.000031 62 1 1
1.000031 63 1 1
1.000031 64 1 1
1.000031 65 1 1
1.000031 67 1 1
1.000031 68 1 1
1.000031 69 1 1
1.000031 70 1 1
1.000031 71 1 1
1.000031 72 1 1
1.000031 73 1 1
1.000031 74 1 1
1.000031 75 1 1
1.000031 76 1 1
1.000031 77 1 1
1.000031 78 1 1
1.000031 79 1 1
1.000031 80 2 2
1.000031 81 2 2
1.000031 82 1 1
1.000031 83 2 2
1.000031 84 1 1
1.000031 85 1 1
1.000031 86 1 1
1.000031 87 2 2
1.000031 88 2 2
1.000031 89 1 1
1.000031 90 2 2
1.000031 91 2 2
1.000031 92 1 1
1.000031 93 2 2
1.000031 94 1 1
1.000031 95 1 1
1.000031 96 2 2
1.000031 97 1 1
1.000031 98 2 2
1.000031 99 2 2
1.000031 100 2 2
1.000031 101 1 1
1.000031 102 1 1
1.000031 103 1 1
1.000031 104 1 1
1.000031 105 1 1
1.000031 106 2 2
1.000031 107 2 2
1.000031 108 1 1
1.000031 109 1 1
1.000031 110 1 1
1.000031 111 1 1
1.000031 112 1 1
1.000031 113 2 2
1.000031 114 2 2
1.000031 115 1 1
1.000031 116 1 1
1.000031 117 1 1
1.000031 118 1 1
1.000031 119 2 2
1.000031 120 2 2
1.000031 121 2 2
1.000031 122 2 2
1.000031 123 2 2
1.000031 124 2 2
1.000031 125 2 2
1.000031 127 2 2
1.000031 128 2 2
1.000031 129 1 1
1.000031 130 1 1
1.000031 131 2 2
1.000031 132 1 1
1.000031 133 1 1
1.000031 134 1 1
1.000031 136 2 2
1.000031 137 1 1
1.000031 138 2 2
1.000031 139 1 1
1.000031 140 1 1
1.000031 141 2 2
1.000031 142 1 1
1.000031 144 1 1
1.000031 145 2 2
1.000031 146 1 1
1.000031 147 2 2
1.000031 148 2 2
1.000031 149 1 1
1.000031 150 1 1
1.000031 151 1 1
1.000031 152 1 1
1.000031 153 1 1
1.000031 154 1 1
1.000031 155 2 2
1.000031 156 2 2
1.000031 158 1 1
1.000031 159 1 1
1.000031 160 1 1
1.000031 161 1 1
1.000031 162 1 1
1.000031 163 1 1
1.000031 164 2 2
1.000031 165 2 2
1.000031 166 2 2
1.000031 167 1 1
1.000031 168 2 2
1.000031 169 1 1
1.000031 170 1 1
1.000031 171 1 1
1.000031 172 1 1
1.000031 173 2 2
1.000031 174 1 1
1.000031 175 1 1
1.000031 176 1 1
1.000031 177 2 2
1.000031 178 2 2
1.000031 179 1 1
1.000031 180 2 2
1.000031 181 1 1
1.000031 182 1 1
1.000031 183 1 1
1.000031 184 2 2
1.000031 185 2 2
1.000031 186 2 2
1.000031 187 2 2
1.000031 188 2 2
1.000031 189 2 2
1.000031 190 2 2
1.000031 192 1 1
1.000031 193 2 2
1.000031 196 2 2
1.000031 197 2 2
1.000031 198 2 2
1.000031 199 2 2
1.000031 200 1 1
1.000031 201 2 2
1.000031 202 2 2
1.000031 203 2 2
1.000031 204 2 2
1.000031 205 1 1
1.000031 206 1 1
1.000031 207 1 1
1.000031 208 1 1
1.000031 209 1 1
1.000031 210 1 1
1.000031 211 1 1
1.000031 212 2 2
1.000031 213 2 2
1.000031 214 2 2
1.000031 215 2 2
1.000031 216 2 2
1.000031 218 2 2
1.000031 219 1 1
1.000031 220 1 1
1.000031 221 1 1
1.000031 222 2 2
1.000031 223 1 1
1.000031 224 2 2
1.000031 225 1 1
1.000031 226 2 2
1.000031 227 1 1
1.000031 228 1 1
1.000031 229 2 2
1.000031 230 2 2
1.000031 231 1 1
1.000031 232 1 1
1.000031 233 2 2
1.000031 234 1 1
1.000031 235 1 1
1.000031 236 1 1
1.000031 237 1 1
1.000031 238 1 1
1.000031 240 1 1
1.000031 241 2 2
1.000031 242 2 2
1.000031 243 2 2
1.000031 244 2 2
1.000031 245 2 2
1.000031 246 2 2
1.000031 247 1 1
1.000031 248 2 2
1.000031 249 1 1
1.000031 250 1 1
1.000031 251 2 2
1.000031 252 1 1
1.000031 253 2 2
1.000031 254 1 1
1.000031 255 1 1
1.000031 256 2 2
1.000031 257 2 2
1.000031 258 2 2
1.000031 259 1 1
1.000031 261 2 2
1.000031 262 2 2
1.000031 263 2 2
1.000031 264 1 1
1.000031 265 1 1
1.000031 266 2 2
1.000031 267 1 1
1.000031 268 1 1
1.000031 269 2 2
1.000031 270 2 2
1.000031 271 2 2
1.000031 272 2 2
1.000031 273 2 2
1.000031 274 2 2
1.000031 275 2 2
1.000031 277 2 2
1.000031 278 1 1
1.000031 279 1 1
1.000031 280 1 1
1.000031 281 2 2
1.000031 282 2 2
1.000031 283 2 2
1.000031 284 2 2
1.000031 285 2 2
1.000031 286 2 2
1.000031 287 2 2
1.000031 288 1 1
1.000031 289 2 2
1.000031 290 1 1
1.000031 291 1 1
1.000031 292 2 2
1.000031 293 1 1
1.000031 294 1 1
1.000031 296 2 2
1.000031 297 1 1
1.000031 298 2 2
1.000031 299 1 1
1.000031 300 2 2
1.000031 301 2 2
1.000031 302 2 2
1.000031 303 1 1
1.000031 304 2 2
1.000031 305 2 2
1.000031 307 1 1
1.000031 308 1 1
1.000031 309 2 2
1.000031 310 1 1
1.000031 311 1 1
1.000031 312 2 2
1.000031 313 1 1
1.000031 314 1 1
1.000031 315 2 2
1.000031 316 1 1
1.000031 317 1 1
1.000031 318 1 1
1.000031 319 1 1
1.000031 320 2 2
1.000031 321 1 1
1.000031 322 1 1
1.000031 323 2 2
1.000031 324 2 2
1.000031 325 1 1
1.000031 326 2 2
1.000031 327 1 1
1.000031 328 2 2
1.000031 329 2 2
1.000031 331 1 1
1.000031 332 2 2
1.000031 333 1 1
1.000031 334 1 1
1.000031 335 2 2
1.000031 336 1 1
1.000031 337 1 1
1.000031 338 1 1
1.000031 339 2 2
1.000031 340 1 1
1.000031 341 2 2
1.000031 342 1 1
1.000031 343 1 1
1.000031 344 2 2
1.000031 345 2 2
1.000031 346 2 2
1.000031 347 1 1
1.000031 348 1 1
1.000031 349 2 2
1.000031 350 1 1
1.000031 351 2 2
1.000031 352 2 2
1.000031 353 2 2
1.000031 354 2 2
1.000031 355 1 1
1.000031 356 1 1
1.000031 357 2 2
1.000031 358 2 2
1.000031 360 1 1
1.000031 361 2 2
1.000031 362 2 2
1.000031 363 1 1
1.000031 364 1 1
1.000031 365 1 1
1.000031 366 1 1
1.000031 367 1 1
1.000031 368 1 1
1.000031 369 1 1
1.000031 371 1 1
1.000031 372 1 1
1.000031 373 1 1
1.000031 375 1 1
1.000031 377 1 1
1.000031 378 2 2
1.000031 379 1 1
1.000031 380 2 2
1.000031 381 2 2
1.000031 382 1 1
1.000031 384 2 2
1.000031 385 2 2
1.000031 386 2 2
1.000031 387 2 2
1.000031 388 1 1
1.000031 389 1 1
1.000031 390 1 1
1.000031 391 2 2
1.000031 392 2 2
1.000031 393 2 2
1.000031 394 2 2
1.000031 395 2 2
1.000031 396 2 2
1.000031 397 2 2
1.000031 398 1 1
1.000031 399 1 1
1.000031 400 2 2
1.000031 401 1 1
1.000031 402 1 1
1.000031 403 2 2
1.000031 404 2 2
1.000031 405 2 2
1.000031 406 1 1
1.000031 407 1 1
1.000031 408 2 2
1.000031 409 2 2
1.000031 410 2 2
1.000031 411 2 2
1.000031 413 1 1
1.000031 414 2 2
1.000031 415 2 2
1.000031 417 1 1
1.000031 419 1 1
1.000031 420 1 1
1.000031 421 1 1
1.000031 422 2 2
1.000031 423 1 1
1.000031 424 2 2
1.000031 425 1 1
1.000031 426 1 1
1.000031 427 2 2
1.000031 428 1 1
1.000031 429 1 1
1.000031 430 1 1
1.000031 431 1 1
1.000031 432 1 1
1.000031 433 2 2
1.000031 434 2 2
1.000031 435 1 1
1.000031 436 1 1
1.000031 437 1 1
1.000031 438 2 2
1.000031 439 2 2
1.000031 441 2 2
1.000031 442 2 2
1.000031 443 2 2
1.000031 444 1 1
1.000031 445 1 1
1.000031 446 2 2
1.000031 447 2 2
1.000031 448 2 2
1.000031 449 2 2
1.000031 450 2 2
1.000031 451 1 1
1.000031 454 2 2
1.000031 456 1 1
1.000031 457 2 2
1.000031 458 2 2
1.000031 459 2 2
1.000031 460 2 2
1.000031 461 1 1
1.000031 462 2 2
1.000031 463 1 1
1.000031 464 1 1
1.000031 465 2 2
1.000031 466 2 2
1.000031 470 1 1
1.000031 471 1 1
1.000031 472 2 2
1.000031 473 1 1
1.000031 474 2 2
1.000031 475 1 1
1.000031 476 2 2
1.000031 477 2 2
1.000031 478 1 1
1.000031 479 1 1
1.000031 480 1 1
1.000031 481 2 2
1.000031 482 2 2
1.000031 483 1 1
1.000031 484 2 2
1.000031 485 2 2
1.000031 486 2 2
1.000031 487 2 2
1.000031 488 2 2
1.000031 489 1 1
1.000031 490 1 1
1.000031 491 2 2
1.000031 492 1 1
1.000031 494 2 2
1.000031 496 1 1
1.000031 497 2 2
1.000031 498 2 2
1.000031 499 2 2
1.000031 501 2 2
1.000031 502 1 1
1.000031 503 1 1
1.000031 504 2 2
1.000031 505 1 1
1.000031 506 1 1
1.000031 507 2 2
1.000031 509 1 1
1.000031 510 1 1
1.000031 511 2 2
1.000031 512 1 1
1.000031 513 2 2
1.000031 514 1 1
1.000031 516 2 2
1.000031 517 1 1
1.000031 518 1 1
1.000031 519 1 1
1.000031 520 2 2
1.000031 522 1 1
1.000031 523 2 2
1.000031 524 1 1
1.000031 525 1 1
1.000031 526 1 1
1.000031 527 2 2
1.000031 528 2 2
1.000031 529 2 2
1.000031 530 2 2
1.000031 531 1 1
1.000031 532 1 1
1.000031 533 2 2
1.000031 534 2 2
1.000031 535 1 1
1.000031 536 1 1
1.000031 537 2 2
1.000031 538 2 2
1.000031 539 2 2
1.000031 540 2 2
1.000031 541 1 1
1.000031 542 1 1
1.000031 543 1 1
1.000031 544 1 1
1.000031 545 1 1
1.000031 546 2 2
1.000031 547 1 1
1.000031 548 2 2
1.000031 549 1 1
2.000061 0 2 2
2.000061 1 2 2
2.000061 2 2 2
2.000061 3 2 2
2.000061 4 3 3
2.000061 5 2 2
2.000061 6 2 2
2.000061 7 2 2
2.000061 8 2 2
2.000061 9 2 2
2.000061 10 2 2
2.000061 11 2 2
2.000061 12 2 2
2.000061 13 2 2
2.000061 14 2 2
2.000061 16 2 2
2.000061 17 3 3
2.000061 18 2 2
2.000061 20 2 2
2.000061 21 3 3
2.000061 22 2 2
2.000061 23 2 2
2.000061 24 2 2
2.000061 25 2 2
2.000061 26 2 2
2.000061 27 2 2
2.000061 28 2 2
2.000061 29 2 2
2.000061 30 2 2
2.000061 31 2 2
2.000061 32 2 2
2.000061 33 2 2
2.000061 34 2 2
2.000061 36 2 2
2.000061 37 2 2
2.000061 38 3 3
2.000061 39 2 2
2.000061 40 2 2
2.000061 41 2 2
2.000061 42 3 3
2.000061 43 2 2
2.000061 44 2 2
2.000061 45 2 2
2.000061 46 2 2
2.000061 47 3 3
2.000061 48 2 2
2.000061 49 2 2
2.000061 50 2 2
2.000061 51 2 2
2.000061 52 2 2
2.000061 53 2 2
2.000061 54 2 2
2.000061 55 2 2
2.000061 56 2 2
2.000061 57 2 2
2.000061 58 2 2
2.000061 59 2 2
2.000061 60 2 2
2.000061 61 2 2
2.000061 62 2 2
2.000061 63 3 3
2.000061 64 2 2
2.000061 65 2 2
2.000061 67 2 2
2.000061 68 2 2
2.000061 69 2 2
2.000061 70 2 2
2.000061 71 2 2
2.000061 72 2 2
2.000061 73 2 2
2.000061 74 2 2
2.000061 75 2 2
2.000061 76 2 2
2.000061 77 1 1
2.000061 78 2 2
2.000061 79 2 2
2.000061 80 2 2
2.000061 81 3 3
2.000061 82 2 2
2.000061 83 2 2
2.000061 84 2 2
2.000061 85 2 2
2.000061 86 2 2
2.000061 87 3 3
2.000061 88 2 2
2.000061 89 1 1
2.000061 90 2 2
2.000061 91 2 2
2.000061 92 2 2
2.000061 93 2 2
2.000061 94 2 2
2.000061 95 2 2
2.000061 96 2 2
2.000061 97 2 2
2.000061 98 2 2
2.000061 99 2 2
2.000061 100 3 3
2.000061 101 2 2
2.000061 102 2 2
2.000061 103 2 2
2.000061 104 2 2
2.000061 105 2 2
2.000061 106 3 3
2.000061 107 2 2
2.000061 108 2 2
2.000061 109 2 2
2.000061 110 2 2
2.000061 111 2 2
2.000061 112 2 2
2.000061 113 2 2
2.000061 114 3 3
2.000061 115 2 2
2.000061 116 2 2
2.000061 117 2 2
2.000061 118 2 2
2.000061 119 2 2
2.000061 120 2 2
2.000061 121 4 4
2.000061 122 2 2
2.000061 123 2 2
2.000061 124 2 2
2.000061 125 2 2
2.000061 127 2 2
2.000061 128 2 2
2.000061 129 2 2
2.000061 130 2 2
2.000061 131 3 3
2.000061 132 2 2
2.000061 133 2 2
2.000061 134 2 2
2.000061 136 2 2
2.000061 137 2 2
2.000061 138 2 2
2.000061 139 2 2
2.000061 140 2 2
2.000061 141 2 2
2.000061 142 2 2
2.000061 144 2 2
2.000061 145 2 2
2.000061 146 2 2
2.000061 147 3 3
2.000061 148 2 2
2.000061 149 2 2
2.000061 150 2 2
2.000061 151 2 2
2.000061 152 2 2
2.000061 153 2 2
2.000061 154 2 2
2.000061 155 2 2
2.000061 156 2 2
2.000061 158 2 2
2.000061 159 2 2
2.000061 160 2 2
2.000061 161 2 2
2.000061 162 3 3
2.000061 163 2 2
2.000061 164 3 3
2.000061 165 2 2
2.000061 166 2 2
2.000061 167 2 2
2.000061 168 2 2
2.000061 169 2 2
2.000061 170 2 2
2.000061 171 2 2
2.000061 172 2 2
2.000061 173 2 2
2.000061 174 2 2
2.000061 175 2 2
2.000061 176 2 2
2.000061 177 2 2
2.000061 178 2 2
2.000061 179 2 2
2.000061 180 2 2
2.000061 181 2 2
2.000061 182 2 2
2.000061 183 2 2
2.000061 184 2 2
2.000061 185 2 2
2.000061 186 3 3
2.000061 187 2 2
2.000061 188 2 2
2.000061 189 2 2
2.000061 190 2 2
2.000061 192 2 2
2.000061 193 2 2
2.000061 196 2 2
2.000061 197 2 2
2.000061 198 3 3
2.000061 199 3 3
2.000061 200 2 2
2.000061 201 2 2
2.000061 202 2 2
2.000061 203 2 2
2.000061 204 2 2
2.000061 205 2 2
2.000061 206 2 2
2.000061 207 2 2
2.000061 208 2 2
2.000061 209 2 2
2.000061 210 2 2
2.000061 211 2 2
2.000061 212 2 2
2.000061 213 2 2
2.000061 214 3 3
2.000061 215 2 2
2.000061 216 2 2
2.000061 218 2 2
2.000061 219 2 2
2.000061 220 2 2
2.000061 221 2 2
2.000061 222 2 2
2.000061 223 2 2
2.000061 224 2 2
2.000061 225 2 2
2.000061 226 2 2
2.000061 227 3 3
2.000061 228 2 2
2.000061 229 3 3
2.000061 230 3 3
2.000061 231 2 2
2.000061 232 2 2
2.000061 233 2 2
2.000061 234 2 2
2.000061 235 2 2
2.000061 236 2 2
2.000061 237 2 2
2.000061 238 2 2
2.000061 240 2 2
2.000061 241 2 2
2.000061 242 2 2
2.000061 243 2 2
2.000061 244 3 3
2.000061 245 2 2
2.000061 246 3 3
2.000061 247 2 2
2.000061 248 2 2
2.000061 249 2 2
2.000061 250 2 2
2.000061 251 2 2
2.000061 252 2 2
2.000061 253 2 2
2.000061 254 2 2
2.000061 255 2 2
2.000061 256 2 2
2.000061 257 2 2
2.000061 258 2 2
2.000061 259 2 2
2.000061 261 2 2
2.000061 262 2 2
2.000061 263 2 2
2.000061 264 2 2
2.000061 265 2 2
2.000061 266 3 3
2.000061 267 2 2
2.000061 268 2 2
2.000061 269 2 2
2.000061 270 2 2
2.000061 271 2 2
2.000061 272 2 2
2.000061 273 1 1
2.000061 274 3 3
2.000061 275 3 3
2.000061 277 2 2
2.000061 278 2 2
2.000061 279 2 2
2.000061 280 2 2
2.000061 281 3 3
2.000061 282 2 2
2.000061 283 2 2
2.000061 284 2 2
2.000061 285 2 2
2.000061 286 2 2
2.000061 287 2 2
2.000061 288 3 3
2.000061 289 3 3
2.000061 290 2 2
2.000061 291 2 2
2.000061 292 2 2
2.000061 293 2 2
2.000061 294 2 2
2.000061 296 2 2
2.000061 297 3 3
2.000061 298 2 2
2.000061 299 2 2
2.000061 300 2 2
2.000061 301 2 2
2.000061 302 2 2
2.000061 303 2 2
2.000061 304 2 2
2.000061 305 2 2
2.000061 307 2 2
2.000061 308 2 2
2.000061 309 2 2
2.000061 310 2 2
2.000061 311 2 2
2.000061 312 2 2
2.000061 313 2 2
2.000061 314 2 2
2.000061 315 2 2
2.000061 316 2 2
2.000061 317 2 2
2.000061 318 2 2
2.000061 319 2 2
2.000061 320 2 2
2.000061 321 2 2
2.000061 322 2 2
2.000061 323 3 3
2.000061 324 2 2
2.000061 325 2 2
2.000061 326 3 3
2.000061 327 2 2
2.000061 328 3 3
2.000061 329 3 3
2.000061 331 2 2
2.000061 332 2 2
2.000061 333 2 2
2.000061 334 2 2
2.000061 335 2 2
2.000061 336 2 2
2.000061 337 2 2
2.000061 338 2 2
2.000061 339 2 2
2.000061 340 2 2
2.000061 341 2 2
2.000061 342 2 2
2.000061 343 2 2
2.000061 344 2 2
2.000061 345 2 2
2.000061 346 2 2
2.000061 347 2 2
2.000061 348 2 2
2.000061 349 3 3
2.000061 350 2 2
2.000061 351 2 2
2.000061 352 2 2
2.000061 353 2 2
2.000061 354 3 3
2.000061 355 2 2
2.000061 356 2 2
2.000061 357 3 3
2.000061 358 2 2
2.000061 360 2 2
2.000061 361 2 2
2.000061 362 2 2
2.000061 363 2 2
2.000061 364 2 2
2.000061 365 2 2
2.000061 366 2 2
2.000061 367 2 2
2.000061 368 2 2
2.000061 369 2 2
2.000061 371 2 2
2.000061 372 2 2
2.000061 373 2 2
2.000061 375 2 2
2.000061 377 2 2
2.000061 378 2 2
2.000061 379 2 2
2.000061 380 3 3
2.000061 381 2 2
2.000061 382 2 2
2.000061 384 3 3
2.000061 385 2 2
2.000061 386 2 2
2.000061 387 3 3
2.000061 388 1 1
2.000061 389 3 3
2.000061 390 2 2
2.000061 391 3 3
2.000061 392 3 3
2.000061 393 2 2
2.000061 394 2 2
2.000061 395 2 2
2.000061 396 2 2
2.000061 397 3 3
2.000061 398 2 2
2.000061 399 2 2
2.000061 400 2 2
2.000061 401 2 2
2.000061 402 2 2
2.000061 403 2 2
2.000061 404 3 3
2.000061 405 3 3
2.000061 406 2 2
2.000061 407 2 2
2.000061 408 2 2
2.000061 409 2 2
2.000061 410 2 2
2.000061 411 2 2
2.000061 413 2 2
2.000061 414 2 2
2.000061 415 2 2
2.000061 417 2 2
2.000061 419 2 2
2.000061 420 2 2
2.000061 421 2 2
2.000061 422 3 3
2.000061 423 2 2
2.000061 424 2 2
2.000061 425 2 2
2.000061 426 2 2
2.000061 427 2 2
2.000061 428 2 2
2.000061 429 2 2
2.000061 430 2 2
2.000061 431 2 2
2.000061 432 2 2
2.000061 433 2 2
2.000061 434 2 2
2.000061 435 2 2
2.000061 436 2 2
2.000061 437 2 2
2.000061 438 2 2
2.000061 439 3 3
2.000061 441 2 2
2.000061 442 2 2
2.000061 443 2 2
2.000061 444 2 2
2.000061 445 2 2
2.000061 446 2 2
2.000061 447 2 2
2.000061 448 2 2
2.000061 449 2 2
2.000061 450 2 2
2.000061 451 2 2
2.000061 454 2 2
2.000061 456 2 2
2.000061 457 2 2
2.000061 458 2 2
2.000061 459 3 3
2.000061 460 2 2
2.000061 461 2 2
2.000061 462 2 2
2.000061 463 2 2
2.000061 464 2 2
2.000061 465 3 3
2.000061 466 3 3
2.000061 470 1 1
2.000061 471 2 2
2.000061 472 2 2
2.000061 473 2 2
2.000061 474 2 2
2.000061 475 2 2
2.000061 476 2 2
2.000061 477 2 2
2.000061 478 2 2
2.000061 479 2 2
2.000061 480 2 2
2.000061 481 2 2
2.000061 482 2 2
2.000061 483 2 2
2.000061 484 2 2
2.000061 485 2 2
2.000061 486 3 3
2.000061 487 2 2
2.000061 488 3 3
2.000061 489 2 2
2.000061 490 2 2
2.000061 491 2 2
2.000061 492 2 2
2.000061 494 2 2
2.000061 496 2 2
2.000061 497 3 3
2.000061 498 2 2
2.000061 499 1 1
2.000061 501 2 2
2.000061 502 2 2
2.000061 503 2 2
2.000061 504 2 2
2.000061 505 2 2
2.000061 506 2 2
2.000061 507 2 2
2.000061 509 2 2
2.000061 510 2 2
2.000061 511 2 2
2.000061 512 2 2
2.000061 513 2 2
2.000061 514 2 2
2.000061 516 2 2
2.000061 517 2 2
2.000061 518 2 2
2.000061 519 2 2
2.000061 520 2 2
2.000061 522 2 2
2.000061 523 3 3
2.000061 524 3 3
2.000061 525 3 3
2.000061 526 2 2
2.000061 527 2 2
2.000061 528 2 2
2.000061 529 2 2
2.000061 530 3 3
2.000061 531 2 2
2.000061 532 2 2
2.000061 533 2 2
2.000061 534 2 2
2.000061 535 3 3
2.000061 536 2 2
2.000061 537 2 2
2.000061 538 2 2
2.000061 539 2 2
2.000061 540 2 2
2.000061 541 3 3
2.000061 542 2 2
2.000061 543 2 2
2.000061 544 2 2
2.000061 545 2 2
2.000061 546 2 2
2.000061 547 2 2
2.000061 548 3 3
2.000061 549 2 2
3.000092 0 4 4
3.000092 1 4 4
3.000092 2 4 4
3.000092 3 4 4
3.000092 4 4 4
3.000092 5 4 4
3.000092 6 2 2
3.000092 7 4 4
3.000092 8 4 4
3.000092 9 4 4
3.000092 10 4 4
3.000092 11 4 4
3.000092 12 4 4
3.000092 13 4 4
3.000092 14 4 4
3.000092 16 4 4
3.000092 17 4 4
3.000092 18 4 4
3.000092 20 3 3
3.000092 21 4 4
3.000092 22 4 4
3.000092 23 4 4
3.000092 24 4 4
3.000092 25 3 3
3.000092 26 4 4
3.000092 27 3 3
3.000092 28 4 4
3.000092 29 4 4
3.000092 30 4 4
3.000092 31 4 4
3.000092 32 4 4
3.000092 33 4 4
3.000092 34 4 4
3.000092 36 4 4
3.000092 37 4 4
3.000092 38 6 6
3.000092 39 4 4
3.000092 40 4 4
3.000092 41 4 4
3.000092 42 4 4
3.000092 43 4 4
3.000092 44 4 4
3.000092 45 4 4
3.000092 46 4 4
3.000092 47 4 4
3.000092 48 4 4
3.000092 49 4 4
3.000092 50 4 4
3.000092 51 4 4
3.000092 52 4 4
3.000092 53 3 3
3.000092 54 4 4
3.000092 55 4 4
3.000092 56 4 4
3.000092 57 4 4
3.000092 58 4 4
3.000092 59 4 4
3.000092 60 4 4
3.000092 61 4 4
3.000092 62 4 4
3.000092 63 5 5
3.000092 64 4 4
3.000092 65 4 4
3.000092 67 4 4
3.000092 68 4 4
3.000092 69 4 4
3.000092 70 4 4
3.000092 71 4 4
3.000092 72 4 4
3.000092 73 4 4
3.000092 74 4 4
3.000092 75 4 4
3.000092 76 4 4
3.000092 77 2 2
3.000092 78 4 4
3.000092 79 3 3
3.000092 80 4 4
3.000092 81 5 5
3.000092 82 4 4
3.000092 83 4 4
3.000092 84 4 4
3.000092 85 4 4
3.000092 86 4 4
3.000092 87 4 4
3.000092 88 4 4
3.000092 89 2 2
3.000092 90 4 4
3.000092 91 4 4
3.000092 92 4 4
3.000092 93 4 4
3.000092 94 3 3
3.000092 95 3 3
3.000092 96 4 4
3.000092 97 4 4
3.000092 98 4 4
3.000092 99 3 3
3.000092 100 4 4
3.000092 101 4 4
3.000092 102 4 4
3.000092 103 4 4
3.000092 104 4 4
3.000092 105 3 3
3.000092 106 4 4
3.000092 107 4 4
3.000092 108 4 4
3.000092 109 4 4
3.000092 110 4 4
3.000092 111 4 4
3.000092 112 4 4
3.000092 113 4 4
3.000092 114 4 4
3.000092 115 4 4
3.000092 116 4 4
3.000092 117 3 3
3.000092 118 4 4
3.000092 119 4 4
3.000092 120 4 4
3.000092 121 4 4
3.000092 122 4 4
3.000092 123 4 4
3.000092 124 4 4
3.000092 125 4 4
3.000092 127 4 4
3.000092 128 4 4
3.000092 129 4 4
3.000092 130 3 3
3.000092 131 5 5
3.000092 132 4 4
3.000092 133 4 4
3.000092 134 4 4
3.000092 136 4 4
3.000092 137 2 2
3.000092 138 4 4
3.000092 139 3 3
3.000092 140 4 4
3.000092 141 4 4
3.000092 142 3 3
3.000092 144 4 4
3.000092 145 4 4
3.000092 146 4 4
3.000092 147 4 4
3.000092 148 4 4
3.000092 149 3 3
3.000092 150 4 4
3.000092 151 4 4
3.000092 152 3 3
3.000092 153 3 3
3.000092 154 4 4
3.000092 155 3 3
3.000092 156 4 4
3.000092 158 4 4
3.000092 159 4 4
3.000092 160 4 4
3.000092 161 3 3
3.000092 162 4 4
3.000092 163 3 3
3.000092 164 4 4
3.000092 165 4 4
3.000092 166 4 4
3.000092 167 4 4
3.000092 168 4 4
3.000092 169 4 4
3.000092 170 3 3
3.000092 171 3 3
3.000092 172 1 1
3.000092 173 4 4
3.000092 174 4 4
3.000092 175 4 4
3.000092 176 3 3
3.000092 177 4 4
3.000092 178 4 4
3.000092 179 4 4
3.000092 180 4 4
3.000092 181 4 4
3.000092 182 4 4
3.000092 183 4 4
3.000092 184 4 4
3.000092 185 4 4
3.000092 186 5 5
3.000092 187 4 4
3.000092 188 4 4
3.000092 189 4 4
3.000092 190 4 4
3.000092 192 4 4
3.000092 193 4 4
3.000092 196 4 4
3.000092 197 4 4
3.000092 198 5 5
3.000092 199 4 4
3.000092 200 4 4
3.000092 201 4 4
3.000092 202 4 4
3.000092 203 4 4
3.000092 204 4 4
3.000092 205 4 4
3.000092 206 4 4
3.000092 207 4 4
3.000092 208 4 4
3.000092 209 4 4
3.000092 210 4 4
3.000092 211 3 3
3.000092 212 4 4
3.000092 213 4 4
3.000092 214 5 5
3.000092 215 3 3
3.000092 216 4 4
3.000092 218 4 4
3.000092 219 4 4
3.000092 220 4 4
3.000092 221 4 4
3.000092 222 4 4
3.000092 223 4 4
3.000092 224 4 4
3.000092 225 4 4
3.000092 226 4 4
3.000092 227 5 5
3.000092 228 4 4
3.000092 229 5 5
3.000092 230 4 4
3.000092 231 4 4
3.000092 232 4 4
3.000092 233 3 3
3.000092 234 4 4
3.000092 235 4 4
3.000092 236 4 4
3.000092 237 4 4
3.000092 238 3 3
3.000092 240 4 4
3.000092 241 4 4
3.000092 242 4 4
3.000092 243 4 4
3.000092 244 5 5
3.000092 245 4 4
3.000092 246 4 4
3.000092 247 4 4
3.000092 248 4 4
3.000092 249 4 4
3.000092 250 4 4
3.000092 251 4 4
3.000092 252 4 4
3.000092 253 4 4
3.000092 254 4 4
3.000092 255 3 3
3.000092 256 4 4
3.000092 257 4 4
3.000092 258 4 4
3.000092 259 2 2
3.000092 261 4 4
3.000092 262 4 4
3.000092 263 4 4
3.000092 264 4 4
3.000092 265 4 4
3.000092 266 4 4
3.000092 267 4 4
3.000092 268 4 4
3.000092 269 4 4
3.000092 270 3 3
3.000092 271 4 4
3.000092 272 4 4
3.000092 273 2 2
3.000092 274 4 4
3.000092 275 4 4
3.000092 277 4 4
3.000092 278 4 4
3.000092 279 4 4
3.000092 280 4 4
3.000092 281 4 4
3.000092 282 4 4
3.000092 283 4 4
3.000092 284 4 4
3.000092 285 4 4
3.000092 286 4 4
3.000092 287 4 4
3.000092 288 4 4
3.000092 289 4 4
3.000092 290 2 2
3.000092 291 4 4
3.000092 292 4 4
3.000092 293 4 4
3.000092 294 2 2
3.000092 296 4 4
3.000092 297 3 3
3.000092 298 4 4
3.000092 299 4 4
3.000092 300 4 4
3.000092 301 4 4
3.000092 302 4 4
3.000092 303 4 4
3.000092 304 4 4
3.000092 305 4 4
3.000092 307 4 4
3.000092 308 3 3
3.000092 309 4 4
3.000092 310 4 4
3.000092 311 3 3
3.000092 312 4 4
3.000092 313 4 4
3.000092 314 4 4
3.000092 315 4 4
3.000092 316 4 4
3.000092 317 4 4
3.000092 318 3 3
3.000092 319 3 3
3.000092 320 4 4
3.000092 321 4 4
3.000092 322 4 4
3.000092 323 4 4
3.000092 324 4 4
3.000092 325 4 4
3.000092 326 4 4
3.000092 327 4 4
3.000092 328 4 4
3.000092 329 4 4
3.000092 331 4 4
3.000092 332 4 4
3.000092 333 3 3
3.000092 334 3 3
3.000092 335 4 4
3.000092 336 4 4
3.000092 337 4 4
3.000092 338 4 4
3.000092 339 4 4
3.000092 340 4 4
3.000092 341 4 4
3.000092 342 4 4
3.000092 343 4 4
3.000092 344 4 4
3.000092 345 4 4
3.000092 346 4 4
3.000092 347 3 3
3.000092 348 4 4
3.000092 349 4 4
3.000092 350 4 4
3.000092 351 4 4
3.000092 352 4 4
3.000092 353 4 4
3.000092 354 4 4
3.000092 355 4 4
3.000092 356 4 4
3.000092 357 4 4
3.000092 358 4 4
3.000092 360 3 3
3.000092 361 4 4
3.000092 362 4 4
3.000092 363 4 4
3.000092 364 4 4
3.000092 365 4 4
3.000092 366 4 4
3.000092 367 4 4
3.000092 368 3 3
3.000092 369 4 4
3.000092 371 4 4
3.000092 372 3 3
3.000092 373 3 3
3.000092 375 4 4
3.000092 377 2 2
3.000092 378 4 4
3.000092 379 3 3
3.000092 380 4 4
3.000092 381 4 4
3.000092 382 3 3
3.000092 384 4 4
3.000092 385 4 4
3.000092 386 4 4
3.000092 387 4 4
3.000092 388 1 1
3.000092 389 4 4
3.000092 390 4 4
3.000092 391 4 4
3.000092 392 4 4
3.000092 393 4 4
3.000092 394 4 4
3.000092 395 4 4
3.000092 396 4 4
3.000092 397 5 5
3.000092 398 4 4
3.000092 399 3 3
3.000092 400 4 4
3.000092 401 3 3
3.000092 402 3 3
3.000092 403 4 4
3.000092 404 4 4
3.000092 405 5 5
3.000092 406 4 4
3.000092 407 4 4
3.000092 408 4 4
3.000092 409 4 4
3.000092 410 4 4
3.000092 411 4 4
3.000092 413 4 4
3.000092 414 4 4
3.000092 415 4 4
3.000092 417 4 4
3.000092 419 3 3
3.000092 420 4 4
3.000092 421 4 4
3.000092 422 4 4
3.000092 423 3 3
3.000092 424 4 4
3.000092 425 4 4
3.000092 426 4 4
3.000092 427 4 4
3.000092 428 4 4
3.000092 429 3 3
3.000092 430 4 4
3.000092 431 4 4
3.000092 432 4 4
3.000092 433 4 4
3.000092 434 4 4
3.000092 435 4 4
3.000092 436 4 4
3.000092 437 4 4
3.000092 438 4 4
3.000092 439 4 4
3.000092 441 4 4
3.000092 442 4 4
3.000092 443 4 4
3.000092 444 4 4
3.000092 445 4 4
3.000092 446 1 1
3.000092 447 4 4
3.000092 448 4 4
3.000092 449 4 4
3.000092 450 4 4
3.000092 451 4 4
3.000092 454 4 4
3.000092 456 4 4
3.000092 457 4 4
3.000092 458 4 4
3.000092 459 5 5
3.000092 460 4 4
3.000092 461 3 3
3.000092 462 4 4
3.000092 463 4 4
3.000092 464 4 4
3.000092 465 5 5
3.000092 466 4 4
3.000092 470 2 2
3.000092 471 4 4
3.000092 472 4 4
3.000092 473 3 3
3.000092 474 3 3
3.000092 475 3 3
3.000092 476 4 4
3.000092 477 4 4
3.000092 478 4 4
3.000092 479 3 3
3.000092 480 3 3
3.000092 481 4 4
3.000092 482 4 4
3.000092 483 4 4
3.000092 484 4 4
3.000092 485 4 4
3.000092 486 4 4
3.000092 487 4 4
3.000092 488 4 4
3.000092 489 4 4
3.000092 490 4 4
3.000092 491 4 4
3.000092 492 4 4
3.000092 494 4 4
3.000092 496 4 4
3.000092 497 5 5
3.000092 498 4 4
3.000092 499 2 2
3.000092 501 4 4
3.000092 502 4 4
3.000092 503 4 4
3.000092 504 4 4
3.000092 505 4 4
3.000092 506 4 4
3.000092 507 4 4
3.000092 509 4 4
3.000092 510 4 4
3.000092 511 4 4
3.000092 512 4 4
3.000092 513 4 4
3.000092 514 4 4
3.000092 516 4 4
3.000092 517 4 4
3.000092 518 4 4
3.000092 519 4 4
3.000092 520 4 4
3.000092 522 3 3
3.000092 523 4 4
3.000092 524 4 4
3.000092 525 5 5
3.000092 526 4 4
3.000092 527 4 4
3.000092 528 4 4
3.000092 529 4 4
3.000092 530 5 5
3.000092 531 4 4
3.000092 532 4 4
3.000092 533 3 3
3.000092 534 4 4
3.000092 535 4 4
3.000092 536 3 3
3.000092 537 4 4
3.000092 538 4 4
3.000092 539 2 2
3.000092 540 4 4
3.000092 541 4 4
3.000092 542 4 4
3.000092 543 4 4
3.000092 544 4 4
3.000092 545 4 4
3.000092 546 4 4
3.000092 547 4 4
3.000092 548 4 4
3.000092 549 4 4
4.000122 0 5 5
4.000122 1 7 7
4.000122 2 6 6
4.000122 3 7 7
4.000122 4 6 6
4.000122 5 4 4
4.000122 6 2 2
4.000122 7 5 5
4.000122 8 6 6
4.000122 9 5 5
4.000122 10 8 8
4.000122 11 6 6
4.000122 12 6 6
4.000122 13 5 5
4.000122 14 8 8
4.000122 16 4 4
4.000122 17 7 7
4.000122 18 6 6
4.000122 20 6 6
4.000122 21 6 6
4.000122 22 4 4
4.000122 23 8 8
4.000122 24 5 5
4.000122 25 6 6
4.000122 26 8 8
4.000122 27 5 5
4.000122 28 6 6
4.000122 29 6 6
4.000122 30 7 7
4.000122 31 6 6
4.000122 32 7 7
4.000122 33 6 6
4.000122 34 8 8
4.000122 36 7 7
4.000122 37 5 5
4.000122 38 8 8
4.000122 39 6 6
4.000122 40 4 4
4.000122 41 6 6
4.000122 42 8 8
4.000122 43 5 5
4.000122 44 5 5
4.000122 45 6 6
4.000122 46 6 6
4.000122 47 7 7
4.000122 48 6 6
4.000122 49 6 6
4.000122 50 6 6
4.000122 51 7 7
4.000122 52 5 5
4.000122 53 5 5
4.000122 54 6 6
4.000122 55 5 5
4.000122 56 4 4
4.000122 57 6 6
4.000122 58 6 6
4.000122 59 6 6
4.000122 60 7 7
4.000122 61 5 5
4.000122 62 6 6
4.000122 63 7 7
4.000122 64 6 6
4.000122 65 7 7
4.000122 67 6 6
4.000122 68 5 5
4.000122 69 5 5
4.000122 70 7 7
4.000122 71 5 5
4.000122 72 7 7
4.000122 73 5 5
4.000122 74 5 5
4.000122 75 6 6
4.000122 76 3 3
4.000122 77 2 2
4.000122 78 7 7
4.000122 79 4 4
4.000122 80 7 7
4.000122 81 8 8
4.000122 82 6 6
4.000122 83 6 6
4.000122 84 4 4
4.000122 85 5 5
4.000122 86 4 4
4.000122 87 7 7
4.000122 88 7 7
4.000122 89 1 1
4.000122 90 7 7
4.000122 91 8 8
4.000122 92 4 4
4.000122 93 6 6
4.000122 94 6 6
4.000122 95 5 5
4.000122 96 7 7
4.000122 97 5 5
4.000122 98 6 6
4.000122 99 6 6
4.000122 100 7 7
4.000122 101 5 5
4.000122 102 7 7
4.000122 103 6 6
4.000122 104 4 4
4.000122 105 4 4
4.000122 106 8 8
4.000122 107 7 7
4.000122 108 5 5
4.000122 109 7 7
4.000122 110 5 5
4.000122 111 6 6
4.000122 112 6 6
4.000122 113 6 6
4.000122 114 8 8
4.000122 115 6 6
4.000122 116 6 6
4.000122 117 5 5
4.000122 118 6 6
4.000122 119 7 7
4.000122 120 7 7
4.000122 121 8 8
4.000122 122 8 8
4.000122 123 6 6
4.000122 124 7 7
4.000122 125 7 7
4.000122 127 6 6
4.000122 128 6 6
4.000122 129 6 6
4.000122 130 4 4
4.000122 131 7 7
4.000122 132 6 6
4.000122 133 6 6
4.000122 134 5 5
4.000122 136 6 6
4.000122 137 4 4
4.000122 138 6 6
4.000122 139 6 6
4.000122 140 4 4
4.000122 141 8 8
4.000122 142 4 4
4.000122 144 6 6
4.000122 145 7 7
4.000122 146 7 7
4.000122 147 6 6
4.000122 148 4 4
4.000122 149 7 7
4.000122 150 4 4
4.000122 151 4 4
4.000122 152 4 4
4.000122 153 4 4
4.000122 154 6 6
4.000122 155 6 6
4.000122 156 5 5
4.000122 158 6 6
4.000122 159 7 7
4.000122 160 6 6
4.000122 161 4 4
4.000122 162 7 7
4.000122 163 4 4
4.000122 164 6 6
4.000122 165 6 6
4.000122 166 6 6
4.000122 167 4 4
4.000122 168 8 8
4.000122 169 6 6
4.000122 170 4 4
4.000122 171 7 7
4.000122 172 2 2
4.000122 173 8 8
4.000122 174 4 4
4.000122 175 6 6
4.000122 176 6 6
4.000122 177 6 6
4.000122 178 7 7
4.000122 179 4 4
4.000122 180 8 8
4.000122 181 6 6
4.000122 182 7 7
4.000122 183 6 6
4.000122 184 5 5
4.000122 185 8 8
4.000122 186 7 7
4.000122 187 6 6
4.000122 188 6 6
4.000122 189 7 7
4.000122 190 5 5
4.000122 192 7 7
4.000122 193 6 6
4.000122 196 6 6
4.000122 197 6 6
4.000122 198 7 7
4.000122 199 7 7
4.000122 200 6 6
4.000122 201 6 6
4.000122 202 8 8
4.000122 203 7 7
4.000122 204 6 6
4.000122 205 7 7
4.000122 206 5 5
4.000122 207 6 6
4.000122 208 4 4
4.000122 209 6 6
4.000122 210 4 4
4.000122 211 4 4
4.000122 212 8 8
4.000122 213 5 5
4.000122 214 7 7
4.000122 215 5 5
4.000122 216 8 8
4.000122 218 6 6
4.000122 219 5 5
4.000122 220 4 4
4.000122 221 5 5
4.000122 222 7 7
4.000122 223 6 6
4.000122 224 7 7
4.000122 225 5 5
4.000122 226 6 6
4.000122 227 6 6
4.000122 228 6 6
4.000122 229 9 9
4.000122 230 7 7
4.000122 231 5 5
4.000122 232 4 4
4.000122 233 4 4
4.000122 234 5 5
4.000122 235 6 6
4.000122 236 6 6
4.000122 237 6 6
4.000122 238 7 7
4.000122 240 4 4
4.000122 241 8 8
4.000122 242 8 8
4.000122 243 6 6
4.000122 244 7 7
4.000122 245 7 7
4.000122 246 7 7
4.000122 247 7 7
4.000122 248 7 7
4.000122 249 6 6
4.000122 250 6 6
4.000122 251 6 6
4.000122 252 6 6
4.000122 253 7 7
4.000122 254 5 5
4.000122 255 4 4
4.000122 256 8 8
4.000122 257 8 8
4.000122 258 8 8
4.000122 259 4 4
4.000122 261 8 8
4.000122 262 6 6
4.000122 263 7 7
4.000122 264 7 7
4.000122 265 4 4
4.000122 266 7 7
4.000122 267 6 6
4.000122 268 7 7
4.000122 269 6 6
4.000122 270 6 6
4.000122 271 5 5
4.000122 272 5 5
4.000122 273 4 4
4.000122 274 8 8
4.000122 275 7 7
4.000122 277 7 7
4.000122 278 5 5
4.000122 279 7 7
4.000122 280 6 6
4.000122 281 6 6
4.000122 282 6 6
4.000122 283 6 6
4.000122 284 7 7
4.000122 285 8 8
4.000122 286 6 6
4.000122 287 5 5
4.000122 288 7 7
4.000122 289 7 7
4.000122 290 4 4
4.000122 291 5 5
4.000122 292 7 7
4.000122 293 7 7
4.000122 294 5 5
4.000122 296 6 6
4.000122 297 6 6
4.000122 298 6 6
4.000122 299 4 4
4.000122 300 5 5
4.000122 301 6 6
4.000122 302 6 6
4.000122 303 5 5
4.000122 304 8 8
4.000122 305 7 7
4.000122 307 5 5
4.000122 308 5 5
4.000122 309 6 6
4.000122 310 4 4
4.000122 311 6 6
4.000122 312 7 7
4.000122 313 6 6
4.000122 314 6 6
4.000122 315 5 5
4.000122 316 4 4
4.000122 317 6 6
4.000122 318 5 5
4.000122 319 6 6
4.000122 320 6 6
4.000122 321 5 5
4.000122 322 6 6
4.000122 323 7 7
4.000122 324 8 8
4.000122 325 4 4
4.000122 326 8 8
4.000122 327 7 7
4.000122 328 8 8
4.000122 329 8 8
4.000122 331 4 4
4.000122 332 8 8
4.000122 333 5 5
4.000122 334 4 4
4.000122 335 5 5
4.000122 336 4 4
4.000122 337 4 4
4.000122 338 6 6
4.000122 339 6 6
4.000122 340 6 6
4.000122 341 7 7
4.000122 342 6 6
4.000122 343 4 4
4.000122 344 6 6
4.000122 345 8 8
4.000122 346 7 7
4.000122 347 4 4
4.000122 348 4 4
4.000122 349 7 7
4.000122 350 6 6
4.000122 351 8 8
4.000122 352 8 8
4.000122 353 7 7
4.000122 354 7 7
4.000122 355 4 4
4.000122 356 5 5
4.000122 357 8 8
4.000122 358 8 8
4.000122 360 6 6
4.000122 361 6 6
4.000122 362 8 8
4.000122 363 6 6
4.000122 364 5 5
4.000122 365 5 5
4.000122 366 7 7
4.000122 367 5 5
4.000122 368 4 4
4.000122 369 5 5
4.000122 371 6 6
4.000122 372 4 4
4.000122 373 7 7
4.000122 375 5 5
4.000122 377 4 4
4.000122 378 7 7
4.000122 379 6 6
4.000122 380 6 6
4.000122 381 8 8
4.000122 382 5 5
4.000122 384 5 5
4.000122 385 7 7
4.000122 386 5 5
4.000122 387 6 6
4.000122 388 1 1
4.000122 389 7 7
4.000122 390 4 4
4.000122 391 6 6
4.000122 392 6 6
4.000122 393 5 5
4.000122 394 6 6
4.000122 395 5 5
4.000122 396 8 8
4.000122 397 8 8
4.000122 398 4 4
4.000122 399 5 5
4.000122 400 7 7
4.000122 401 5 5
4.000122 402 4 4
4.000122 403 8 8
4.000122 404 6 6
4.000122 405 8 8
4.000122 406 4 4
4.000122 407 6 6
4.000122 408 6 6
4.000122 409 7 7
4.000122 410 6 6
4.000122 411 7 7
4.000122 413 5 5
4.000122 414 7 7
4.000122 415 7 7
4.000122 417 6 6
4.000122 419 5 5
4.000122 420 5 5
4.000122 421 6 6
4.000122 422 6 6
4.000122 423 4 4
4.000122 424 7 7
4.000122 425 5 5
4.000122 426 6 6
4.000122 427 4 4
4.000122 428 5 5
4.000122 429 4 4
4.000122 430 5 5
4.000122 431 5 5
4.000122 432 5 5
4.000122 433 6 6
4.000122 434 5 5
4.000122 435 6 6
4.000122 436 5 5
4.000122 437 4 4
4.000122 438 6 6
4.000122 439 8 8
4.000122 441 6 6
4.000122 442 6 6
4.000122 443 7 7
4.000122 444 7 7
4.000122 445 6 6
4.000122 446 2 2
4.000122 447 6 6
4.000122 448 8 8
4.000122 449 8 8
4.000122 450 5 5
4.000122 451 6 6
4.000122 454 8 8
4.000122 456 5 5
4.000122 457 6 6
4.000122 458 7 7
4.000122 459 8 8
4.000122 460 7 7
4.000122 461 5 5
4.000122 462 7 7
4.000122 463 6 6
4.000122 464 5 5
4.000122 465 7 7
4.000122 466 7 7
4.000122 470 1 1
4.000122 471 5 5
4.000122 472 8 8
4.000122 473 5 5
4.000122 474 5 5
4.000122 475 5 5
4.000122 476 5 5
4.000122 477 6 6
4.000122 478 6 6
4.000122 479 6 6
4.000122 480 5 5
4.000122 481 6 6
4.000122 482 7 7
4.000122 483 6 6
4.000122 484 6 6
4.000122 485 6 6
4.000122 486 8 8
4.000122 487 6 6
4.000122 488 7 7
4.000122 489 6 6
4.000122 490 6 6
4.000122 491 6 6
4.000122 492 7 7
4.000122 494 6 6
4.000122 496 4 4
4.000122 497 6 6
4.000122 498 7 7
4.000122 499 2 2
4.000122 501 7 7
4.000122 502 7 7
4.000122 503 7 7
4.000122 504 5 5
4.000122 505 6 6
4.000122 506 6 6
4.000122 507 8 8
4.000122 509 6 6
4.000122 510 6 6
4.000122 511 6 6
4.000122 512 6 6
4.000122 513 6 6
4.000122 514 5 5
4.000122 516 8 8
4.000122 517 5 5
4.000122 518 6 6
4.000122 519 4 4
4.000122 520 7 7
4.000122 522 4 4
4.000122 523 8 8
4.000122 524 6 6
4.000122 525 7 7
4.000122 526 6 6
4.000122 527 5 5
4.000122 528 7 7
4.000122 529 8 8
4.000122 530 7 7
4.000122 531 6 6
4.000122 532 6 6
4.000122 533 6 6
4.000122 534 7 7
4.000122 535 6 6
4.000122 536 6 6
4.000122 537 5 5
4.000122 538 8 8
4.000122 539 3 3
4.000122 540 8 8
4.000122 541 7 7
4.000122 542 6 6
4.000122 543 6 6
4.000122 544 5 5
4.000122 545 4 4
4.000122 546 7 7
4.000122 547 4 4
4.000122 548 6 6
4.000122 549 8 8
5.000153 0 8 8
5.000153 1 11 11
5.000153 2 10 10
5.000153 3 9 9
5.000153 4 10 10
5.000153 5 8 8
5.000153 7 8 8
5.000153 8 8 8
5.000153 9 9 9
5.000153 10 10 10
5.000153 11 9 9
5.000153 12 9 9
5.000153 13 8 8
5.000153 14 10 10
5.000153 16 8 8
5.000153 17 12 12
5.000153 18 9 9
5.000153 20 8 8
5.000153 21 11 11
5.000153 22 8 8
5.000153 23 9 9
5.000153 24 1 1
5.000153 25 4 4
5.000153 26 8 8
5.000153 27 9 9
5.000153 28 8 8
5.000153 29 9 9
5.000153 30 12 12
5.000153 31 9 9
5.000153 32 9 9
5.000153 33 9 9
5.000153 34 8 8
5.000153 36 10 10
5.000153 37 8 8
5.000153 38 14 14
5.000153 39 10 10
5.000153 40 8 8
5.000153 41 10 10
5.000153 42 14 14
5.000153 43 8 8
5.000153 44 8 8
5.000153 45 9 9
5.000153 46 6 6
5.000153 47 9 9
5.000153 48 6 6
5.000153 49 9 9
5.000153 50 9 9
5.000153 51 10 10
5.000153 52 8 8
5.000153 53 8 8
5.000153 54 8 8
5.000153 55 8 8
5.000153 56 8 8
5.000153 57 8 8
5.000153 58 8 8
5.000153 59 8 8
5.000153 60 8 8
5.000153 61 8 8
5.000153 62 10 10
5.000153 63 12 12
5.000153 64 9 9
5.000153 65 8 8
5.000153 67 9 9
5.000153 68 8 8
5.000153 69 8 8
5.000153 70 8 8
5.000153 71 8 8
5.000153 72 8 8
5.000153 73 7 7
5.000153 74 8 8
5.000153 75 9 9
5.000153 77 1 1
5.000153 78 10 10
5.000153 79 9 9
5.000153 80 11 11
5.000153 81 13 13
5.000153 82 8 8
5.000153 83 10 10
5.000153 84 8 8
5.000153 85 8 8
5.000153 86 8 8
5.000153 87 13 13
5.000153 88 11 11
5.000153 90 8 8
5.000153 91 10 10
5.000153 92 8 8
5.000153 93 9 9
5.000153 94 8 8
5.000153 95 8 8
5.000153 96 11 11
5.000153 97 9 9
5.000153 98 10 10
5.000153 99 9 9
5.000153 100 10 10
5.000153 101 8 8
5.000153 102 8 8
5.000153 103 8 8
5.000153 104 8 8
5.000153 105 8 8
5.000153 106 13 13
5.000153 107 8 8
5.000153 108 9 9
5.000153 109 9 9
5.000153 110 9 9
5.000153 111 9 9
5.000153 112 8 8
5.000153 113 9 9
5.000153 114 10 10
5.000153 115 9 9
5.000153 116 9 9
5.000153 117 8 8
5.000153 118 8 8
5.000153 119 10 10
5.000153 120 9 9
5.000153 121 14 14
5.000153 122 10 10
5.000153 123 9 9
5.000153 124 10 10
5.000153 125 9 9
5.000153 127 10 10
5.000153 128 8 8
5.000153 129 9 9
5.000153 130 8 8
5.000153 131 11 11
5.000153 132 8 8
5.000153 133 8 8
5.000153 134 4 4
5.000153 136 10 10
5.000153 137 8 8
5.000153 138 10 10
5.000153 139 9 9
5.000153 140 8 8
5.000153 141 11 11
5.000153 142 9 9
5.000153 144 8 8
5.000153 145 11 11
5.000153 146 10 10
5.000153 147 12 12
5.000153 148 8 8
5.000153 149 9 9
5.000153 150 8 8
5.000153 151 8 8
5.000153 152 8 8
5.000153 153 8 8
5.000153 154 9 9
5.000153 155 11 11
5.000153 156 8 8
5.000153 158 8 8
5.000153 159 9 9
5.000153 160 9 9
5.000153 161 7 7
5.000153 162 12 12
5.000153 163 7 7
5.000153 164 10 10
5.000153 165 11 11
5.000153 166 9 9
5.000153 167 8 8
5.000153 168 10 10
5.000153 169 10 10
5.000153 170 7 7
5.000153 171 11 11
5.000153 173 10 10
5.000153 174 8 8
5.000153 175 8 8
5.000153 176 4 4
5.000153 177 9 9
5.000153 178 10 10
5.000153 179 8 8
5.000153 180 9 9
5.000153 181 8 8
5.000153 182 8 8
5.000153 183 10 10
5.000153 184 5 5
5.000153 185 8 8
5.000153 186 2 2
5.000153 187 8 8
5.000153 188 9 9
5.000153 189 9 9
5.000153 190 8 8
5.000153 192 9 9
5.000153 193 8 8
5.000153 196 8 8
5.000153 197 8 8
5.000153 198 13 13
5.000153 199 11 11
5.000153 200 9 9
5.000153 202 10 10
5.000153 203 8 8
5.000153 204 8 8
5.000153 205 9 9
5.000153 206 8 8
5.000153 207 9 9
5.000153 208 9 9
5.000153 209 9 9
5.000153 210 8 8
5.000153 211 7 7
5.000153 212 8 8
5.000153 213 8 8
5.000153 214 14 14
5.000153 215 10 10
5.000153 216 10 10
5.000153 218 8 8
5.000153 219 8 8
5.000153 220 5 5
5.000153 221 8 8
5.000153 222 10 10
5.000153 224 11 11
5.000153 225 8 8
5.000153 226 8 8
5.000153 227 12 12
5.000153 228 10 10
5.000153 229 15 15
5.000153 230 10 10
5.000153 231 8 8
5.000153 232 8 8
5.000153 233 8 8
5.000153 234 9 9
5.000153 235 9 9
5.000153 236 10 10
5.000153 237 11 11
5.000153 238 9 9
5.000153 240 8 8
5.000153 241 8 8
5.000153 242 10 10
5.000153 243 8 8
5.000153 244 13 13
5.000153 245 11 11
5.000153 246 12 12
5.000153 247 8 8
5.000153 248 10 10
5.000153 249 9 9
5.000153 250 10 10
5.000153 251 9 9
5.000153 253 8 8
5.000153 254 8 8
5.000153 255 8 8
5.000153 256 10 10
5.000153 257 9 9
5.000153 258 11 11
5.000153 259 7 7
5.000153 261 9 9
5.000153 262 8 8
5.000153 263 9 9
5.000153 264 8 8
5.000153 265 8 8
5.000153 266 11 11
5.000153 267 8 8
5.000153 268 10 10
5.000153 269 11 11
5.000153 270 10 10
5.000153 271 8 8
5.000153 272 8 8
5.000153 273 2 2
5.000153 274 11 11
5.000153 275 12 12
5.000153 277 11 11
5.000153 278 9 9
5.000153 279 9 9
5.000153 280 10 10
5.000153 281 10 10
5.000153 282 9 9
5.000153 283 10 10
5.000153 284 8 8
5.000153 285 10 10
5.000153 286 9 9
5.000153 287 8 8
5.000153 288 11 11
5.000153 289 10 10
5.000153 290 7 7
5.000153 291 8 8
5.000153 292 8 8
5.000153 293 9 9
5.000153 294 9 9
5.000153 296 10 10
5.000153 297 8 8
5.000153 298 12 12
5.000153 299 8 8
5.000153 300 8 8
5.000153 301 11 11
5.000153 302 8 8
5.000153 303 10 10
5.000153 304 12 12
5.000153 305 10 10
5.000153 307 8 8
5.000153 308 8 8
5.000153 309 8 8
5.000153 310 8 8
5.000153 311 8 8
5.000153 312 8 8
5.000153 313 10 10
5.000153 314 11 11
5.000153 315 10 10
5.000153 316 8 8
5.000153 317 9 9
5.000153 318 8 8
5.000153 319 7 7
5.000153 320 8 8
5.000153 321 9 9
5.000153 322 8 8
5.000153 323 9 9
5.000153 324 8 8
5.000153 325 8 8
5.000153 326 13 13
5.000153 327 9 9
5.000153 328 10 10
5.000153 329 11 11
5.000153 331 8 8
5.000153 332 12 12
5.000153 333 7 7
5.000153 334 8 8
5.000153 335 9 9
5.000153 336 8 8
5.000153 337 8 8
5.000153 338 8 8
5.000153 339 10 10
5.000153 340 9 9
5.000153 341 4 4
5.000153 342 8 8
5.000153 343 8 8
5.000153 344 8 8
5.000153 345 11 11
5.000153 346 9 9
5.000153 347 8 8
5.000153 348 8 8
5.000153 349 10 10
5.000153 350 11 11
5.000153 351 11 11
5.000153 352 11 11
5.000153 353 9 9
5.000153 354 10 10
5.000153 355 8 8
5.000153 356 9 9
5.000153 357 11 11
5.000153 358 11 11
5.000153 360 8 8
5.000153 361 10 10
5.000153 362 10 10
5.000153 363 9 9
5.000153 364 8 8
5.000153 365 8 8
5.000153 366 10 10
5.000153 367 8 8
5.000153 368 7 7
5.000153 369 8 8
5.000153 371 10 10
5.000153 372 9 9
5.000153 373 9 9
5.000153 375 9 9
5.000153 377 8 8
5.000153 378 10 10
5.000153 379 8 8
5.000153 380 9 9
5.000153 381 10 10
5.000153 382 9 9
5.000153 384 9 9
5.000153 385 8 8
5.000153 386 8 8
5.000153 387 10 10
5.000153 389 11 11
5.000153 390 8 8
5.000153 391 10 10
5.000153 392 10 10
5.000153 393 8 8
5.000153 394 11 11
5.000153 395 8 8
5.000153 396 9 9
5.000153 397 12 12
5.000153 398 8 8
5.000153 399 8 8
5.000153 400 12 12
5.000153 401 9 9
5.000153 402 8 8
5.000153 403 11 11
5.000153 404 11 11
5.000153 405 11 11
5.000153 406 8 8
5.000153 407 8 8
5.000153 408 9 9
5.000153 409 8 8
5.000153 410 8 8
5.000153 411 10 10
5.000153 413 9 9
5.000153 414 5 5
5.000153 415 9 9
5.000153 417 9 9
5.000153 419 9 9
5.000153 420 5 5
5.000153 421 8 8
5.000153 422 12 12
5.000153 423 7 7
5.000153 424 8 8
5.000153 425 8 8
5.000153 426 9 9
5.000153 427 8 8
5.000153 428 9 9
5.000153 429 8 8
5.000153 430 9 9
5.000153 431 8 8
5.000153 432 8 8
5.000153 433 1 1
5.000153 434 8 8
5.000153 435 8 8
5.000153 436 8 8
5.000153 437 8 8
5.000153 438 9 9
5.000153 439 12 12
5.000153 441 9 9
5.000153 442 8 8
5.000153 443 9 9
5.000153 444 11 11
5.000153 445 9 9
5.000153 447 8 8
5.000153 448 9 9
5.000153 449 7 7
5.000153 450 9 9
5.000153 451 8 8
5.000153 454 5 5
5.000153 456 9 9
5.000153 457 8 8
5.000153 458 11 11
5.000153 459 10 10
5.000153 460 8 8
5.000153 461 7 7
5.000153 462 11 11
5.000153 463 10 10
5.000153 464 8 8
5.000153 465 12 12
5.000153 466 9 9
5.000153 471 8 8
5.000153 472 10 10
5.000153 473 7 7
5.000153 474 8 8
5.000153 475 9 9
5.000153 476 8 8
5.000153 477 10 10
5.000153 478 9 9
5.000153 479 7 7
5.000153 480 9 9
5.000153 481 9 9
5.000153 482 8 8
5.000153 483 8 8
5.000153 484 9 9
5.000153 485 10 10
5.000153 486 10 10
5.000153 487 9 9
5.000153 488 12 12
5.000153 489 9 9
5.000153 490 8 8
5.000153 491 9 9
5.000153 492 9 9
5.000153 494 11 11
5.000153 496 8 8
5.000153 497 11 11
5.000153 498 9 9
5.000153 501 10 10
5.000153 502 10 10
5.000153 503 9 9
5.000153 504 8 8
5.000153 505 10 10
5.000153 506 9 9
5.000153 507 9 9
5.000153 509 8 8
5.000153 510 8 8
5.000153 511 8 8
5.000153 512 9 9
5.000153 513 10 10
5.000153 514 9 9
5.000153 516 9 9
5.000153 517 10 10
5.000153 518 8 8
5.000153 519 8 8
5.000153 520 3 3
5.000153 522 7 7
5.000153 523 13 13
5.000153 524 10 10
5.000153 525 11 11
5.000153 526 9 9
5.000153 527 10 10
5.000153 528 8 8
5.000153 529 10 10
5.000153 530 11 11
5.000153 531 8 8
5.000153 532 8 8
5.000153 533 9 9
5.000153 534 10 10
5.000153 535 10 10
5.000153 536 8 8
5.000153 537 3 3
5.000153 538 10 10
5.000153 539 1 1
5.000153 540 10 10
5.000153 541 12 12
5.000153 542 8 8
5.000153 543 8 8
5.000153 544 9 9
5.000153 545 8 8
5.000153 546 8 8
5.000153 547 8 8
5.000153 548 10 10
5.000153 549 10 10
6.000183 0 16 16
6.000183 1 16 16
6.000183 2 17 17
6.000183 3 16 16
6.000183 4 17 17
6.000183 5 1 1
6.000183 7 16 16
6.000183 8 8 8
6.000183 9 15 15
6.000183 10 17 17
6.000183 11 15 15
6.000183 13 13 13
6.000183 14 16 16
6.000183 17 20 20
6.000183 18 17 17
6.000183 20 14 14
6.000183 22 15 15
6.000183 23 16 16
6.000183 26 16 16
6.000183 28 15 15
6.000183 30 18 18
6.000183 31 16 16
6.000183 32 17 17
6.000183 33 17 17
6.000183 34 17 17
6.000183 36 15 15
6.000183 39 16 16
6.000183 40 15 15
6.000183 41 16 16
6.000183 42 18 18
6.000183 43 16 16
6.000183 44 14 14
6.000183 45 16 16
6.000183 49 16 16
6.000183 51 16 16
6.000183 53 14 14
6.000183 54 15 15
6.000183 55 14 14
6.000183 56 10 10
6.000183 59 7 7
6.000183 60 15 15
6.000183 61 12 12
6.000183 62 15 15
6.000183 63 18 18
6.000183 67 10 10
6.000183 68 14 14
6.000183 69 15 15
6.000183 70 15 15
6.000183 71 16 16
6.000183 72 16 16
6.000183 74 14 14
6.000183 79 13 13
6.000183 80 17 17
6.000183 81 19 19
6.000183 82 16 16
6.000183 83 16 16
6.000183 84 15 15
6.000183 85 15 15
6.000183 86 15 15
6.000183 87 20 20
6.000183 88 16 16
6.000183 90 15 15
6.000183 92 14 14
6.000183 93 16 16
6.000183 94 12 12
6.000183 95 14 14
6.000183 96 16 16
6.000183 97 16 16
6.000183 98 16 16
6.000183 99 15 15
6.000183 103 16 16
6.000183 104 13 13
6.000183 106 19 19
6.000183 107 15 15
6.000183 108 14 14
6.000183 109 17 17
6.000183 110 17 17
6.000183 112 15 15
6.000183 113 13 13
6.000183 114 17 17
6.000183 117 11 11
6.000183 118 13 13
6.000183 119 17 17
6.000183 120 16 16
6.000183 121 19 19
6.000183 122 16 16
6.000183 124 16 16
6.000183 127 15 15
6.000183 128 14 14
6.000183 129 15 15
6.000183 131 16 16
6.000183 132 16 16
6.000183 133 15 15
6.000183 137 11 11
6.000183 139 15 15
6.000183 140 14 14
6.000183 141 18 18
6.000183 142 15 15
6.000183 144 15 15
6.000183 147 9 9
6.000183 149 16 16
6.000183 150 15 15
6.000183 151 15 15
6.000183 153 1 1
6.000183 154 16 16
6.000183 155 13 13
6.000183 156 15 15
6.000183 158 15 15
6.000183 159 17 17
6.000183 160 16 16
6.000183 162 16 16
6.000183 163 14 14
6.000183 164 17 17
6.000183 165 16 16
6.000183 166 14 14
6.000183 169 17 17
6.000183 171 16 16
6.000183 173 16 16
6.000183 174 16 16
6.000183 175 14 14
6.000183 177 14 14
6.000183 178 16 16
6.000183 179 13 13
6.000183 181 15 15
6.000183 183 17 17
6.000183 185 16 16
6.000183 187 14 14
6.000183 190 15 15
6.000183 192 16 16
6.000183 193 16 16
6.000183 196 16 16
6.000183 197 1 1
6.000183 198 20 20
6.000183 199 19 19
6.000183 200 14 14
6.000183 202 18 18
6.000183 203 16 16
6.000183 204 13 13
6.000183 205 15 15
6.000183 206 16 16
6.000183 209 15 15
6.000183 210 15 15
6.000183 211 11 11
6.000183 212 16 16
6.000183 213 16 16
6.000183 214 20 20
6.000183 215 16 16
6.000183 216 17 17
6.000183 218 14 14
6.000183 219 13 13
6.000183 221 16 16
6.000183 222 17 17
6.000183 224 17 17
6.000183 225 15 15
6.000183 226 15 15
6.000183 227 17 17
6.000183 228 14 14
6.000183 229 22 22
6.000183 230 18 18
6.000183 231 13 13
6.000183 232 13 13
6.000183 233 13 13
6.000183 234 14 14
6.000183 235 15 15
6.000183 236 17 17
6.000183 237 15 15
6.000183 238 16 16
6.000183 240 13 13
6.000183 241 16 16
6.000183 242 17 17
6.000183 243 13 13
6.000183 244 10 10
6.000183 245 18 18
6.000183 246 18 18
6.000183 247 16 16
6.000183 248 16 16
6.000183 250 17 17
6.000183 251 16 16
6.000183 253 16 16
6.000183 254 14 14
6.000183 255 14 14
6.000183 258 18 18
6.000183 259 12 12
6.000183 261 18 18
6.000183 262 15 15
6.000183 263 15 15
6.000183 265 13 13
6.000183 267 16 16
6.000183 268 15 15
6.000183 269 18 18
6.000183 270 15 15
6.000183 271 15 15
6.000183 272 15 15
6.000183 275 17 17
6.000183 277 16 16
6.000183 278 14 14
6.000183 279 14 14
6.000183 280 16 16
6.000183 281 17 17
6.000183 283 14 14
6.000183 284 16 16
6.000183 285 17 17
6.000183 287 16 16
6.000183 288 18 18
6.000183 289 17 17
6.000183 291 11 11
6.000183 292 16 16
6.000183 293 16 16
6.000183 294 12 12
6.000183 297 14 14
6.000183 298 17 17
6.000183 299 13 13
6.000183 300 14 14
6.000183 301 17 17
6.000183 302 14 14
6.000183 303 3 3
6.000183 304 17 17
6.000183 305 17 17
6.000183 307 13 13
6.000183 308 13 13
6.000183 309 16 16
6.000183 310 13 13
6.000183 312 16 16
6.000183 313 19 19
6.000183 315 15 15
6.000183 316 12 12
6.000183 317 15 15
6.000183 318 11 11
6.000183 323 17 17
6.000183 325 15 15
6.000183 326 18 18
6.000183 327 16 16
6.000183 329 19 19
6.000183 331 12 12
6.000183 332 16 16
6.000183 333 13 13
6.000183 334 9 9
6.000183 335 15 15
6.000183 336 16 16
6.000183 338 16 16
6.000183 339 17 17
6.000183 342 16 16
6.000183 343 12 12
6.000183 344 15 15
6.000183 345 17 17
6.000183 346 16 16
6.000183 347 13 13
6.000183 350 17 17
6.000183 351 16 16
6.000183 352 17 17
6.000183 353 17 17
6.000183 354 17 17
6.000183 355 14 14
6.000183 356 15 15
6.000183 357 19 19
6.000183 358 16 16
6.000183 360 13 13
6.000183 361 17 17
6.000183 362 18 18
6.000183 364 15 15
6.000183 365 1 1
6.000183 366 15 15
6.000183 367 15 15
6.000183 369 14 14
6.000183 371 16 16
6.000183 372 13 13
6.000183 373 14 14
6.000183 375 16 16
6.000183 377 10 10
6.000183 378 18 18
6.000183 379 15 15
6.000183 380 17 17
6.000183 382 13 13
6.000183 384 17 17
6.000183 385 16 16
6.000183 387 14 14
6.000183 389 17 17
6.000183 390 15 15
6.000183 391 17 17
6.000183 393 14 14
6.000183 394 17 17
6.000183 395 13 13
6.000183 396 16 16
6.000183 397 17 17
6.000183 398 14 14
6.000183 400 19 19
6.000183 401 2 2
6.000183 402 13 13
6.000183 404 20 20
6.000183 405 10 10
6.000183 407 15 15
6.000183 408 17 17
6.000183 410 4 4
6.000183 411 16 16
6.000183 413 13 13
6.000183 415 15 15
6.000183 417 12 12
6.000183 419 11 11
6.000183 421 15 15
6.000183 422 18 18
6.000183 423 12 12
6.000183 425 14 14
6.000183 426 17 17
6.000183 428 16 16
6.000183 429 13 13
6.000183 430 15 15
6.000183 431 15 15
6.000183 432 14 14
6.000183 434 16 16
6.000183 435 12 12
6.000183 436 7 7
6.000183 437 15 15
6.000183 439 18 18
6.000183 441 15 15
6.000183 442 14 14
6.000183 443 1 1
6.000183 444 17 17
6.000183 445 16 16
6.000183 447 13 13
6.000183 448 16 16
6.000183 450 15 15
6.000183 451 14 14
6.000183 456 14 14
6.000183 457 15 15
6.000183 458 15 15
6.000183 460 16 16
6.000183 462 18 18
6.000183 463 15 15
6.000183 466 18 18
6.000183 472 17 17
6.000183 473 13 13
6.000183 474 14 14
6.000183 475 14 14
6.000183 476 15 15
6.000183 478 12 12
6.000183 480 15 15
6.000183 481 15 15
6.000183 482 14 14
6.000183 484 16 16
6.000183 485 17 17
6.000183 486 17 17
6.000183 487 11 11
6.000183 489 15 15
6.000183 490 13 13
6.000183 491 16 16
6.000183 492 16 16
6.000183 494 18 18
6.000183 496 5 5
6.000183 497 16 16
6.000183 498 17 17
6.000183 501 17 17
6.000183 502 15 15
6.000183 503 12 12
6.000183 504 15 15
6.000183 505 15 15
6.000183 506 7 7
6.000183 507 16 16
6.000183 509 15 15
6.000183 510 14 14
6.000183 513 15 15
6.000183 514 6 6
6.000183 519 12 12
6.000183 522 12 12
6.000183 523 18 18
6.000183 524 17 17
6.000183 525 11 11
6.000183 526 16 16
6.000183 527 18 18
6.000183 530 16 16
6.000183 531 13 13
6.000183 532 16 16
6.000183 533 14 14
6.000183 534 16 16
6.000183 535 17 17
6.000183 536 12 12
6.000183 538 16 16
6.000183 540 16 16
6.000183 541 15 15
6.000183 542 12 12
6.000183 543 3 3
6.000183 544 16 16
6.000183 545 15 15
6.000183 548 17 17
6.000183 549 14 14
7.000214 0 18 18
7.000214 1 26 26
7.000214 3 23 23
7.000214 4 27 27
7.000214 9 23 23
7.000214 10 11 11
7.000214 11 24 24
7.000214 14 25 25
7.000214 20 22 22
7.000214 23 28 28
7.000214 28 26 26
7.000214 31 20 20
7.000214 33 25 25
7.000214 34 27 27
7.000214 39 26 26
7.000214 41 22 22
7.000214 42 3 3
7.000214 43 12 12
7.000214 44 21 21
7.000214 45 26 26
7.000214 49 24 24
7.000214 51 29 29
7.000214 55 20 20
7.000214 56 18 18
7.000214 60 27 27
7.000214 61 2 2
7.000214 68 21 21
7.000214 69 23 23
7.000214 71 22 22
7.000214 72 27 27
7.000214 79 21 21
7.000214 80 26 26
7.000214 81 32 32
7.000214 83 27 27
7.000214 84 20 20
7.000214 85 23 23
7.000214 86 18 18
7.000214 93 23 23
7.000214 94 21 21
7.000214 95 24 24
7.000214 96 25 25
7.000214 97 21 21
7.000214 98 8 8
7.000214 99 26 26
7.000214 103 15 15
7.000214 104 18 18
7.000214 107 25 25
7.000214 109 27 27
7.000214 110 25 25
7.000214 112 29 29
7.000214 113 6 6
7.000214 114 27 27
7.000214 117 20 20
7.000214 118 21 21
7.000214 119 28 28
7.000214 121 29 29
7.000214 122 30 30
7.000214 124 26 26
7.000214 127 24 24
7.000214 129 25 25
7.000214 132 25 25
7.000214 133 21 21
7.000214 137 17 17
7.000214 140 20 20
7.000214 141 29 29
7.000214 144 21 21
7.000214 149 21 21
7.000214 151 21 21
7.000214 154 23 23
7.000214 159 23 23
7.000214 162 29 29
7.000214 163 21 21
7.000214 164 30 30
7.000214 166 22 22
7.000214 169 22 22
7.000214 171 27 27
7.000214 173 29 29
7.000214 174 19 19
7.000214 177 25 25
7.000214 178 28 28
7.000214 179 18 18
7.000214 183 24 24
7.000214 185 24 24
7.000214 187 22 22
7.000214 190 2 2
7.000214 192 1 1
7.000214 198 28 28
7.000214 200 23 23
7.000214 202 31 31
7.000214 203 2 2
7.000214 204 24 24
7.000214 205 28 28
7.000214 209 22 22
7.000214 212 29 29
7.000214 213 13 13
7.000214 214 33 33
7.000214 215 24 24
7.000214 221 24 24
7.000214 224 27 27
7.000214 225 25 25
7.000214 226 21 21
7.000214 227 5 5
7.000214 229 35 35
7.000214 230 26 26
7.000214 231 21 21
7.000214 232 16 16
7.000214 234 20 20
7.000214 235 26 26
7.000214 236 26 26
7.000214 237 25 25
7.000214 238 27 27
7.000214 240 19 19
7.000214 242 30 30
7.000214 243 23 23
7.000214 247 24 24
7.000214 248 25 25
7.000214 250 26 26
7.000214 253 23 23
7.000214 254 25 25
7.000214 259 17 17
7.000214 261 32 32
7.000214 262 22 22
7.000214 263 26 26
7.000214 265 17 17
7.000214 268 27 27
7.000214 269 27 27
7.000214 270 24 24
7.000214 271 23 23
7.000214 272 22 22
7.000214 275 31 31
7.000214 277 28 28
7.000214 278 20 20
7.000214 281 25 25
7.000214 283 24 24
7.000214 284 26 26
7.000214 287 22 22
7.000214 288 29 29
7.000214 289 26 26
7.000214 292 27 27
7.000214 293 26 26
7.000214 294 19 19
7.000214 297 23 23
7.000214 298 28 28
7.000214 299 17 17
7.000214 300 20 20
7.000214 301 26 26
7.000214 302 22 22
7.000214 304 32 32
7.000214 305 29 29
7.000214 309 26 26
7.000214 310 19 19
7.000214 313 27 27
7.000214 316 21 21
7.000214 318 17 17
7.000214 323 27 27
7.000214 326 31 31
7.000214 327 27 27
7.000214 329 13 13
7.000214 331 17 17
7.000214 332 8 8
7.000214 333 19 19
7.000214 334 16 16
7.000214 335 22 22
7.000214 336 21 21
7.000214 338 25 25
7.000214 339 27 27
7.000214 342 3 3
7.000214 343 22 22
7.000214 344 24 24
7.000214 345 30 30
7.000214 346 1 1
7.000214 347 21 21
7.000214 350 27 27
7.000214 351 32 32
7.000214 352 29 29
7.000214 354 30 30
7.000214 355 19 19
7.000214 358 30 30
7.000214 360 22 22
7.000214 361 23 23
7.000214 364 9 9
7.000214 366 23 23
7.000214 367 22 22
7.000214 369 22 22
7.000214 373 27 27
7.000214 375 21 21
7.000214 378 27 27
7.000214 379 23 23
7.000214 382 23 23
7.000214 384 24 24
7.000214 387 25 25
7.000214 389 26 26
7.000214 391 1 1
7.000214 393 20 20
7.000214 394 27 27
7.000214 395 22 22
7.000214 400 28 28
7.000214 402 19 19
7.000214 404 15 15
7.000214 407 26 26
7.000214 408 27 27
7.000214 411 26 26
7.000214 415 27 27
7.000214 417 19 19
7.000214 419 19 19
7.000214 421 22 22
7.000214 422 28 28
7.000214 425 22 22
7.000214 426 27 27
7.000214 428 24 24
7.000214 432 6 6
7.000214 434 18 18
7.000214 435 22 22
7.000214 437 2 2
7.000214 439 26 26
7.000214 441 23 23
7.000214 444 1 1
7.000214 445 25 25
7.000214 448 26 26
7.000214 450 22 22
7.000214 451 19 19
7.000214 456 22 22
7.000214 457 8 8
7.000214 460 25 25
7.000214 463 27 27
7.000214 466 29 29
7.000214 472 29 29
7.000214 473 19 19
7.000214 474 22 22
7.000214 476 24 24
7.000214 478 11 11
7.000214 480 21 21
7.000214 484 25 25
7.000214 485 27 27
7.000214 486 29 29
7.000214 491 22 22
7.000214 492 28 28
7.000214 494 14 14
7.000214 498 27 27
7.000214 501 28 28
7.000214 504 19 19
7.000214 505 23 23
7.000214 507 30 30
7.000214 513 10 10
7.000214 519 18 18
7.000214 522 19 19
7.000214 523 33 33
7.000214 524 28 28
7.000214 526 21 21
7.000214 527 22 22
7.000214 530 3 3
7.000214 531 22 22
7.000214 532 27 27
7.000214 533 23 23
7.000214 534 26 26
7.000214 535 27 27
7.000214 538 28 28
7.000214 541 28 28
7.000214 544 23 23
7.000214 545 19 19
7.000214 548 26 26
8.000244 1 39 39
8.000244 3 37 37
8.000244 9 36 36
8.000244 14 40 40
8.000244 20 20 20
8.000244 23 40 40
8.000244 28 11 11
8.000244 31 37 37
8.000244 44 1 1
8.000244 45 42 42
8.000244 49 38 38
8.000244 51 43 43
8.000244 55 14 14
8.000244 56 30 30
8.000244 60 39 39
8.000244 68 32 32
8.000244 69 34 34
8.000244 79 31 31
8.000244 80 41 41
8.000244 81 53 53
8.000244 86 31 31
8.000244 93 37 37
8.000244 94 30 30
8.000244 96 38 38
8.000244 99 35 35
8.000244 104 32 32
8.000244 107 41 41
8.000244 110 37 37
8.000244 114 41 41
8.000244 117 33 33
8.000244 118 31 31
8.000244 119 40 40
8.000244 121 50 50
8.000244 122 37 37
8.000244 124 37 37
8.000244 127 3 3
8.000244 129 3 3
8.000244 132 36 36
8.000244 140 36 36
8.000244 141 46 46
8.000244 144 35 35
8.000244 154 28 28
8.000244 159 39 39
8.000244 162 26 26
8.000244 163 31 31
8.000244 164 38 38
8.000244 166 37 37
8.000244 169 38 38
8.000244 171 39 39
8.000244 173 39 39
8.000244 174 32 32
8.000244 179 31 31
8.000244 183 39 39
8.000244 185 37 37
8.000244 187 36 36
8.000244 198 50 50
8.000244 202 46 46
8.000244 204 38 38
8.000244 205 41 41
8.000244 212 40 40
8.000244 214 55 55
8.000244 215 38 38
8.000244 221 35 35
8.000244 224 37 37
8.000244 225 35 35
8.000244 229 49 49
8.000244 230 40 40
8.000244 232 31 31
8.000244 234 34 34
8.000244 236 46 46
8.000244 237 38 38
8.000244 238 26 26
8.000244 240 31 31
8.000244 242 43 43
8.000244 247 27 27
8.000244 248 39 39
8.000244 250 39 39
8.000244 259 13 13
8.000244 261 40 40
8.000244 268 42 42
8.000244 269 46 46
8.000244 270 27 27
8.000244 271 39 39
8.000244 275 45 45
8.000244 278 35 35
8.000244 283 38 38
8.000244 284 38 38
8.000244 287 33 33
8.000244 288 7 7
8.000244 294 33 33
8.000244 297 34 34
8.000244 298 30 30
8.000244 300 31 31
8.000244 301 45 45
8.000244 302 37 37
8.000244 304 15 15
8.000244 305 18 18
8.000244 309 35 35
8.000244 310 33 33
8.000244 316 32 32
8.000244 318 32 32
8.000244 326 50 50
8.000244 327 43 43
8.000244 331 24 24
8.000244 333 32 32
8.000244 334 27 27
8.000244 335 37 37
8.000244 338 32 32
8.000244 339 44 44
8.000244 343 34 34
8.000244 345 44 44
8.000244 350 47 47
8.000244 351 45 45
8.000244 354 43 43
8.000244 355 32 32
8.000244 358 43 43
8.000244 360 31 31
8.000244 361 34 34
8.000244 366 37 37
8.000244 378 44 44
8.000244 379 35 35
8.000244 382 33 33
8.000244 384 11 11
8.000244 387 41 41
8.000244 393 31 31
8.000244 394 37 37
8.000244 395 35 35
8.000244 400 45 45
8.000244 402 33 33
8.000244 407 37 37
8.000244 411 40 40
8.000244 415 5 5
8.000244 417 35 35
8.000244 419 33 33
8.000244 421 35 35
8.000244 422 19 19
8.000244 425 34 34
8.000244 426 36 36
8.000244 428 35 35
8.000244 434 32 32
8.000244 435 8 8
8.000244 441 34 34
8.000244 445 38 38
8.000244 448 36 36
8.000244 456 38 38
8.000244 460 6 6
8.000244 466 43 43
8.000244 472 42 42
8.000244 474 37 37
8.000244 480 36 36
8.000244 484 37 37
8.000244 485 3 3
8.000244 486 1 1
8.000244 491 36 36
8.000244 492 2 2
8.000244 498 38 38
8.000244 501 46 46
8.000244 504 33 33
8.000244 519 31 31
8.000244 523 22 22
8.000244 524 20 20
8.000244 526 34 34
8.000244 532 38 38
8.000244 533 35 35
8.000244 534 46 46
8.000244 535 42 42
8.000244 541 42 42
8.000244 544 37 37
8.000244 548 38 38
9.000275 1 66 66
9.000275 14 65 65
9.000275 23 62 62
9.000275 31 20 20
9.000275 45 34 34
9.000275 49 62 62
9.000275 51 66 66
9.000275 60 64 64
9.000275 68 31 31
9.000275 69 53 53
9.000275 79 55 55
9.000275 81 78 78
9.000275 86 53 53
9.000275 93 60 60
9.000275 94 49 49
9.000275 96 67 67
9.000275 104 50 50
9.000275 107 65 65
9.000275 110 61 61
9.000275 114 68 68
9.000275 117 49 49
9.000275 119 65 65
9.000275 121 32 32
9.000275 122 65 65
9.000275 124 68 68
9.000275 132 63 63
9.000275 140 55 55
9.000275 141 69 69
9.000275 144 56 56
9.000275 159 6 6
9.000275 163 52 52
9.000275 164 6 6
9.000275 166 54 54
9.000275 171 67 67
9.000275 174 26 26
9.000275 179 5 5
9.000275 183 62 62
9.000275 185 61 61
9.000275 187 60 60
9.000275 198 78 78
9.000275 202 66 66
9.000275 204 36 36
9.000275 205 24 24
9.000275 212 64 64
9.000275 214 78 78
9.000275 215 57 57
9.000275 225 59 59
9.000275 230 64 64
9.000275 232 52 52
9.000275 236 68 68
9.000275 237 59 59
9.000275 240 3 3
9.000275 242 69 69
9.000275 248 63 63
9.000275 250 65 65
9.000275 261 1 1
9.000275 268 65 65
9.000275 269 70 70
9.000275 271 62 62
9.000275 275 47 47
9.000275 278 59 59
9.000275 283 60 60
9.000275 284 65 65
9.000275 287 35 35
9.000275 294 48 48
9.000275 297 37 37
9.000275 300 54 54
9.000275 302 57 57
9.000275 309 1 1
9.000275 310 53 53
9.000275 316 7 7
9.000275 326 76 76
9.000275 327 10 10
9.000275 333 53 53
9.000275 334 39 39
9.000275 335 13 13
9.000275 339 69 69
9.000275 343 54 54
9.000275 345 74 74
9.000275 350 79 79
9.000275 351 29 29
9.000275 354 59 59
9.000275 355 10 10
9.000275 358 71 71
9.000275 360 54 54
9.000275 366 56 56
9.000275 378 31 31
9.000275 387 63 63
9.000275 395 49 49
9.000275 400 2 2
9.000275 402 54 54
9.000275 407 57 57
9.000275 417 50 50
9.000275 419 10 10
9.000275 421 58 58
9.000275 425 42 42
9.000275 426 64 64
9.000275 434 59 59
9.000275 441 59 59
9.000275 445 62 62
9.000275 448 20 20
9.000275 456 58 58
9.000275 466 14 14
9.000275 472 69 69
9.000275 474 45 45
9.000275 480 57 57
9.000275 491 62 62
9.000275 498 66 66
9.000275 501 67 67
9.000275 504 54 54
9.000275 519 43 43
9.000275 526 57 57
9.000275 532 64 64
9.000275 544 22 22
9.000275 548 66 66
10.000305 1 112 112
10.000305 14 100 100
10.000305 49 81 81
10.000305 51 113 113
10.000305 60 38 38
10.000305 69 92 92
10.000305 79 33 33
10.000305 81 131 131
10.000305 86 13 13
10.000305 93 92 92
10.000305 94 29 29
10.000305 96 27 27
10.000305 104 76 76
10.000305 107 92 92
10.000305 110 102 102
10.000305 114 108 108
10.000305 117 72 72
10.000305 119 85 85
10.000305 122 105 105
10.000305 124 99 99
10.000305 132 48 48
10.000305 140 13 13
10.000305 141 115 115
10.000305 144 87 87
10.000305 163 15 15
10.000305 166 8 8
10.000305 171 113 113
10.000305 183 102 102
10.000305 185 97 97
10.000305 187 87 87
10.000305 198 46 46
10.000305 212 107 107
10.000305 214 26 26
10.000305 215 33 33
10.000305 225 91 91
10.000305 232 71 71
10.000305 236 110 110
10.000305 242 90 90
10.000305 248 25 25
10.000305 250 103 103
10.000305 268 106 106
10.000305 269 117 117
10.000305 271 54 54
10.000305 278 84 84
10.000305 283 98 98
10.000305 284 110 110
10.000305 294 69 69
10.000305 300 85 85
10.000305 302 2 2
10.000305 310 79 79
10.000305 333 66 66
10.000305 334 63 63
10.000305 339 101 101
10.000305 343 86 86
10.000305 345 112 112
10.000305 350 108 108
10.000305 354 4 4
10.000305 358 119 119
10.000305 360 85 85
10.000305 366 83 83
10.000305 387 100 100
10.000305 395 22 22
10.000305 402 81 81
10.000305 407 85 85
10.000305 417 2 2
10.000305 421 30 30
10.000305 426 53 53
10.000305 434 46 46
10.000305 441 85 85
10.000305 445 36 36
10.000305 472 111 111
10.000305 480 87 87
10.000305 498 114 114
10.000305 501 116 116
10.000305 504 53 53
10.000305 526 90 90
10.000305 532 74 74
10.000305 548 107 107
11.000336 1 41 41
11.000336 14 64 64
11.000336 49 83 83
11.000336 51 140 140
11.000336 60 4 4
11.000336 69 137 137
11.000336 81 183 183
11.000336 93 144 144
11.000336 104 99 99
11.000336 107 9 9
11.000336 110 156 156
11.000336 114 155 155
11.000336 117 41 41
11.000336 119 7 7
11.000336 122 36 36
11.000336 124 13 13
11.000336 141 183 183
11.000336 144 142 142
11.000336 171 164 164
11.000336 183 76 76
11.000336 185 155 155
11.000336 187 76 76
11.000336 212 166 166
11.000336 215 3 3
11.000336 225 97 97
11.000336 232 122 122
11.000336 236 166 166
11.000336 242 75 75
11.000336 250 154 154
11.000336 268 165 165
11.000336 269 175 175
11.000336 271 23 23
11.000336 278 69 69
11.000336 283 127 127
11.000336 284 159 159
11.000336 294 13 13
11.000336 300 134 134
11.000336 310 8 8
11.000336 333 1 1
11.000336 334 105 105
11.000336 339 35 35
11.000336 343 124 124
11.000336 345 137 137
11.000336 350 132 132
11.000336 358 141 141
11.000336 360 123 123
11.000336 366 109 109
11.000336 387 90 90
11.000336 402 132 132
11.000336 407 14 14
11.000336 421 11 11
11.000336 441 30 30
11.000336 445 5 5
11.000336 472 70 70
11.000336 480 144 144
11.000336 498 174 174
11.000336 501 159 159
11.000336 504 1 1
11.000336 526 148 148
11.000336 532 62 62
11.000336 548 162 162
12.000366 14 25 25
12.000366 49 41 41
12.000366 51 169 169
12.000366 69 43 43
12.000366 81 134 134
12.000366 93 22 22
12.000366 104 14 14
12.000366 110 200 200
12.000366 114 203 203
12.000366 117 17 17
12.000366 141 295 295
12.000366 144 186 186
12.000366 171 274 274
12.000366 183 43 43
12.000366 185 245 245
12.000366 187 69 69
12.000366 212 226 226
12.000366 225 35 35
12.000366 232 149 149
12.000366 236 98 98
12.000366 242 1 1
12.000366 250 252 252
12.000366 268 211 211
12.000366 269 177 177
12.000366 278 17 17
12.000366 283 90 90
12.000366 284 167 167
12.000366 294 1 1
12.000366 300 130 130
12.000366 334 160 160
12.000366 343 177 177
12.000366 345 71 71
12.000366 350 95 95
12.000366 358 116 116
12.000366 360 113 113
12.000366 366 131 131
12.000366 387 64 64
12.000366 402 218 218
12.000366 472 5 5
12.000366 480 216 216
12.000366 498 232 232
12.000366 501 219 219
12.000366 526 236 236
12.000366 532 56 56
12.000366 548 217 217
13.000397 49 11 11
13.000397 51 174 174
13.000397 81 92 92
13.000397 110 194 194
13.000397 114 204 204
13.000397 141 383 383
13.000397 144 217 217
13.000397 171 401 401
13.000397 185 348 348
13.000397 187 45 45
13.000397 212 269 269
13.000397 225 3 3
13.000397 232 161 161
13.000397 236 8 8
13.000397 250 363 363
13.000397 268 117 117
13.000397 269 204 204
13.000397 278 1 1
13.000397 283 50 50
13.000397 284 119 119
13.000397 300 95 95
13.000397 334 199 199
13.000397 343 189 189
13.000397 345 46 46
13.000397 350 108 108
13.000397 358 111 111
13.000397 360 51 51
13.000397 366 157 157
13.000397 387 7 7
13.000397 402 321 321
13.000397 480 206 206
13.000397 498 236 236
13.000397 501 278 278
13.000397 526 299 299
13.000397 532 26 26
13.000397 548 222 222
14.000427 51 168 168
14.000427 81 96 96
14.000427 110 171 171
14.000427 114 195 195
14.000427 141 399 399
14.000427 144 184 184
14.000427 171 428 428
14.000427 185 415 415
14.000427 187 36 36
14.000427 212 302 302
14.000427 232 129 129
14.000427 250 440 440
14.000427 268 81 81
14.000427 269 200 200
14.000427 283 4 4
14.000427 284 39 39
14.000427 300 42 42
14.000427 334 217 217
14.000427 343 231 231
14.000427 345 24 24
14.000427 350 152 152
14.000427 358 77 77
14.000427 360 19 19
14.000427 366 158 158
14.000427 402 441 441
14.000427 480 219 219
14.000427 498 265 265
14.000427 501 293 293
14.000427 526 275 275
14.000427 532 16 16
14.000427 548 175 175
15.000458 51 84 84
15.000458 81 90 90
15.000458 110 162 162
15.000458 114 213 213
15.000458 141 408 408
15.000458 144 179 179
15.000458 171 585 585
15.000458 185 415 415
15.000458 187 10 10
15.000458 212 338 338
15.000458 232 133 133
15.000458 250 490 490
15.000458 268 78 78
15.000458 269 160 160
15.000458 300 64 64
15.000458 334 228 228
15.000458 343 296 296
15.000458 350 149 149
15.000458 358 6 6
15.000458 366 151 151
15.000458 402 435 435
15.000458 480 201 201
15.000458 498 282 282
15.000458 501 274 274
15.000458 526 293 293
15.000458 548 128 128
16.000488 51 19 19
16.000488 81 86 86
16.000488 110 158 158
16.000488 114 176 176
16.000488 141 367 367
16.000488 144 200 200
16.000488 171 673 673
16.000488 185 375 375
16.000488 212 401 401
16.000488 232 106 106
16.000488 250 503 503
16.000488 268 84 84
16.000488 269 109 109
16.000488 300 43 43
16.000488 334 261 261
16.000488 343 418 418
16.000488 350 147 147
16.000488 366 166 166
16.000488 402 452 452
16.000488 480 150 150
16.000488 498 363 363
16.000488 501 264 264
16.000488 526 317 317
16.000488 548 75 75
17.000519 81 59 59
17.000519 110 77 77
17.000519 114 148 148
17.000519 141 291 291
17.000519 144 219 219
17.000519 171 732 732
17.000519 185 318 318
17.000519 212 505 505
17.000519 232 93 93
17.000519 250 523 523
17.000519 268 72 72
17.000519 269 71 71
17.000519 300 14 14
17.000519 334 223 223
17.000519 343 547 547
17.000519 350 112 112
17.000519 366 124 124
17.000519 402 535 535
17.000519 480 55 55
17.000519 498 431 431
17.000519 501 339 339
17.000519 526 341 341
17.000519 548 40 40
18.000549 81 9 9
18.000549 110 64 64
18.000549 114 82 82
18.000549 141 226 226
18.000549 144 173 173
18.000549 171 793 793
18.000549 185 304 304
18.000549 212 553 553
18.000549 232 82 82
18.000549 250 549 549
18.000549 268 89 89
18.000549 269 68 68
18.000549 334 203 203
18.000549 343 616 616
18.000549 350 102 102
18.000549 366 108 108
18.000549 402 611 611
18.000549 498 445 445
18.000549 501 420 420
18.000549 526 334 334
18.000549 548 36 36
19.000580 110 52 52
19.000580 114 30 30
19.000580 141 149 149
19.000580 144 148 148
19.000580 171 887 887
19.000580 185 279 279
19.000580 212 671 671
19.000580 232 50 50
19.000580 250 552 552
19.000580 268 100 100
19.000580 269 89 89
19.000580 334 183 183
19.000580 343 595 595
19.000580 350 75 75
19.000580 366 112 112
19.000580 402 682 682
19.000580 498 462 462
19.000580 501 462 462
19.000580 526 308 308
19.000580 548 18 18
20.000610 110 38 38
20.000610 114 34 34
20.000610 141 173 173
20.000610 144 65 65
20.000610 171 935 935
20.000610 185 272 272
20.000610 212 752 752
20.000610 232 65 65
20.000610 250 601 601
20.000610 268 56 56
20.000610 269 64 64
20.000610 334 150 150
20.000610 343 589 589
20.000610 350 59 59
20.000610 366 123 123
20.000610 402 689 689
20.000610 498 446 446
20.000610 501 507 507
20.000610 526 285 285
21.000641 110 65 65
21.000641 114 48 48
21.000641 141 197 197
21.000641 144 31 31
21.000641 171 903 903
21.000641 185 324 324
21.000641 212 758 758
21.000641 232 74 74
21.000641 250 617 617
21.000641 268 63 63
21.000641 269 22 22
21.000641 334 158 158
21.000641 343 554 554
21.000641 350 86 86
21.000641 366 137 137
21.000641 402 583 583
21.000641 498 371 371
21.000641 501 619 619
21.000641 526 281 281
22.000671 110 19 19
22.000671 114 24 24
22.000671 141 187 187
22.000671 171 860 860
22.000671 185 333 333
22.000671 212 836 836
22.000671 232 66 66
22.000671 250 639 639
22.000671 268 40 40
22.000671 269 29 29
22.000671 334 191 191
22.000671 343 534 534
22.000671 350 117 117
22.000671 366 135 135
22.000671 402 596 596
22.000671 498 379 379
22.000671 501 672 672
22.000671 526 249 249
23.000702 114 7 7
23.000702 141 156 156
23.000702 171 822 822
23.000702 185 378 378
23.000702 212 946 946
23.000702 232 65 65
23.000702 250 643 643
23.000702 269 38 38
23.000702 334 164 164
23.000702 343 492 492
23.000702 350 84 84
23.000702 366 112 112
23.000702 402 634 634
23.000702 498 455 455
23.000702 501 663 663
23.000702 526 225 225
24.000732 141 124 124
24.000732 171 820 820
24.000732 185 444 444
24.000732 212 1072 1072
24.000732 232 6 6
24.000732 250 617 617
24.000732 269 27 27
24.000732 334 191 191
24.000732 343 339 339
24.000732 350 98 98
24.000732 366 96 96
24.000732 402 714 714
24.000732 498 533 533
24.000732 501 622 622
24.000732 526 182 182
25.000763 141 142 142
25.000763 171 772 772
25.000763 185 480 480
25.000763 212 1193 1193
25.000763 250 626 626
25.000763 269 12 12
25.000763 334 170 170
25.000763 343 276 276
25.000763 350 81 81
25.000763 366 85 85
25.000763 402 768 768
25.000763 498 603 603
25.000763 501 496 496
25.000763 526 187 187
26.000793 141 123 123
26.000793 171 701 701
26.000793 185 620 620
26.000793 212 1296 1296
26.000793 250 650 650
26.000793 334 140 140
26.000793 343 218 218
26.000793 350 57 57
26.000793 366 91 91
26.000793 402 711 711
26.000793 498 684 684
26.000793 501 441 441
26.000793 526 175 175
27.000824 141 74 74
27.000824 171 657 657
27.000824 185 676 676
27.000824 212 1410 1410
27.000824 250 692 692
27.000824 334 104 104
27.000824 343 91 91
27.000824 350 48 48
27.000824 366 82 82
27.000824 402 624 624
27.000824 498 741 741
27.000824 501 448 448
27.000824 526 199 199
28.000854 141 26 26
28.000854 171 596 596
28.000854 185 678 678
28.000854 212 1438 1438
28.000854 250 747 747
28.000854 334 80 80
28.000854 343 67 67
28.000854 350 48 48
28.000854 366 98 98
28.000854 402 580 580
28.000854 498 784 784
28.000854 501 510 510
28.000854 526 262 262
29.000885 141 17 17
29.000885 171 555 555
29.000885 185 718 718
29.000885 212 1506 1506
29.000885 250 764 764
29.000885 334 49 49
29.000885 343 79 79
29.000885 350 7 7
29.000885 366 89 89
29.000885 402 533 533
29.000885 498 778 778
29.000885 501 563 563
29.000885 526 257 257
30.000916 171 618 618
30.000916 185 652 652
30.000916 212 1527 1527
30.000916 250 694 694
30.000916 334 47 47
30.000916 343 132 132
30.000916 366 91 91
30.000916 402 569 569
30.000916 498 708 708
30.000916 501 580 580
30.000916 526 246 246
31.000946 171 642 642
31.000946 185 583 583
31.000946 212 1586 1586
31.000946 250 669 669
31.000946 334 47 47
31.000946 343 170 170
31.000946 366 96 96
31.000946 402 513 513
31.000946 498 662 662
31.000946 501 634 634
31.000946 526 263 263
32.000977 171 634 634
32.000977 185 589 589
32.000977 212 1595 1595
32.000977 250 618 618
32.000977 334 33 33
32.000977 343 188 188
32.000977 366 93 93
32.000977 402 538 538
32.000977 498 645 645
32.000977 501 667 667
32.000977 526 264 264
33.001007 171 623 623
33.001007 185 604 604
33.001007 212 1572 1572
33.001007 250 603 603
33.001007 334 57 57
33.001007 343 164 164
33.001007 366 76 76
33.001007 402 551 551
33.001007 498 709 709
33.001007 501 662 662
33.001007 526 247 247
34.001038 171 587 587
34.001038 185 525 525
34.001038 212 1627 1627
34.001038 250 630 630
34.001038 334 81 81
34.001038 343 170 170
34.001038 366 83 83
34.001038 402 487 487
34.001038 498 735 735
34.001038 501 636 636
34.001038 526 253 253
35.001068 171 627 627
35.001068 185 509 509
35.001068 212 1675 1675
35.001068 250 613 613
35.001068 334 133 133
35.001068 343 129 129
35.001068 366 80 80
35.001068 402 433 433
35.001068 498 713 713
35.001068 501 745 745
35.001068 526 247 247
35.951782 171 635 635
35.951782 185 516 516
35.951782 212 1598 1598
35.951782 250 583 583
35.951782 334 209 209
35.951782 343 122 122
35.951782 366 84 84
35.951782 402 408 408
35.951782 498 750 750
35.951782 501 893 893
35.951782 526 231 231
36.951797 171 700 700
36.951797 185 451 451
36.951797 212 1602 1602
36.951797 250 592 592
36.951797 334 250 250
36.951797 343 131 131
36.951797 366 82 82
36.951797 402 450 450
36.951797 498 720 720
36.951797 501 896 896
36.951797 526 231 231
37.951813 171 772 772
37.951813 185 337 337
37.951813 212 1704 1704
37.951813 250 606 606
37.951813 334 173 173
37.951813 343 143 143
37.951813 366 85 85
37.951813 402 520 520
37.951813 498 721 721
37.951813 501 808 808
37.951813 526 233 233
38.951828 171 808 808
38.951828 185 348 348
38.951828 212 1760 1760
38.951828 250 572 572
38.951828 334 136 136
38.951828 343 137 137
38.951828 366 76 76
38.951828 402 546 546
38.951828 498 691 691
38.951828 501 842 842
38.951828 526 236 236
39.951843 171 933 933
39.951843 185 338 338
39.951843 212 1727 1727
39.951843 250 558 558
39.951843 334 155 155
39.951843 343 140 140
39.951843 366 72 72
39.951843 402 512 512
39.951843 498 701 701
39.951843 501 819 819
39.951843 526 212 212
40.951859 171 1002 1002
40.951859 185 292 292
40.951859 212 1707 1707
40.951859 250 596 596
40.951859 334 148 148
40.951859 343 157 157
40.951859 366 81 81
40.951859 402 511 511
40.951859 498 767 767
40.951859 501 665 665
40.951859 526 196 196
41.951874 171 1018 1018
41.951874 185 362 362
41.951874 212 1598 1598
41.951874 250 595 595
41.951874 334 164 164
41.951874 343 180 180
41.951874 366 67 67
41.951874 402 526 526
41.951874 498 768 768
41.951874 501 667 667
41.951874 526 206 206
42.951889 171 947 947
42.951889 185 440 440
42.951889 212 1431 1431
42.951889 250 623 623
42.951889 334 243 243
42.951889 343 199 199
42.951889 366 65 65
42.951889 402 483 483
42.951889 498 792 792
42.951889 501 709 709
42.951889 526 216 216
43.951904 171 916 916
43.951904 185 504 504
43.951904 212 1260 1260
43.951904 250 650 650
43.951904 334 365 365
43.951904 343 217 217
43.951904 366 84 84
43.951904 402 479 479
43.951904 498 881 881
43.951904 501 621 621
43.951904 526 159 159
44.951920 171 912 912
44.951920 185 482 482
44.951920 212 1127 1127
44.951920 250 659 659
44.951920 334 504 504
44.951920 343 251 251
44.951920 366 89 89
44.951920 402 447 447
44.951920 498 890 890
44.951920 501 624 624
44.951920 526 140 140
45.951935 171 952 952
45.951935 185 503 503
45.951935 212 1028 1028
45.951935 250 663 663
45.951935 334 592 592
45.951935 343 256 256
45.951935 366 80 80
45.951935 402 435 435
45.951935 498 865 865
45.951935 501 682 682
45.951935 526 141 141
46.951950 171 944 944
46.951950 185 480 480
46.951950 212 930 930
46.951950 250 648 648
46.951950 334 639 639
46.951950 343 268 268
46.951950 366 77 77
46.951950 402 463 463
46.951950 498 912 912
46.951950 501 656 656
46.951950 526 144 144
47.951965 171 899 899
47.951965 185 540 540
47.951965 212 828 828
47.951965 250 683 683
47.951965 334 675 675
47.951965 343 271 271
47.951965 366 72 72
47.951965 402 466 466
47.951965 498 973 973
47.951965 501 606 606
47.951965 526 136 136
48.951981 171 924 924
48.951981 185 508 508
48.951981 212 836 836
48.951981 250 718 718
48.951981 334 615 615
48.951981 343 225 225
48.951981 366 58 58
48.951981 402 462 462
48.951981 498 1059 1059
48.951981 501 610 610
48.951981 526 140 140
49.951996 171 1024 1024
49.951996 185 413 413
49.951996 212 848 848
49.951996 250 809 809
49.951996 334 619 619
49.951996 343 148 148
49.951996 366 56 56
49.951996 402 452 452
49.951996 498 1163 1163
49.951996 501 529 529
49.951996 526 132 132
50.952011 171 1052 1052
50.952011 185 470 470
50.952011 212 677 677
50.952011 250 848 848
50.952011 334 610 610
50.952011 343 137 137
50.952011 366 71 71
50.952011 402 431 431
50.952011 498 1286 1286
50.952011 501 407 407
50.952011 526 131 131
51.952026 171 1003 1003
51.952026 185 526 526
51.952026 212 624 624
51.952026 250 865 865
51.952026 334 675 675
51.952026 343 45 45
51.952026 366 71 71
51.952026 402 450 450
51.952026 498 1408 1408
51.952026 501 317 317
51.952026 526 157 157
52.952042 171 984 984
52.952042 185 569 569
52.952042 212 519 519
52.952042 250 812 812
52.952042 334 696 696
52.952042 343 45 45
52.952042 366 68 68
52.952042 402 538 538
52.952042 498 1497 1497
52.952042 501 282 282
52.952042 526 159 159
53.952057 171 961 961
53.952057 185 631 631
53.952057 212 449 449
53.952057 250 753 753
53.952057 334 715 715
53.952057 343 54 54
53.952057 366 61 61
53.952057 402 591 591
53.952057 498 1436 1436
53.952057 501 305 305
53.952057 526 150 150
54.952072 171 960 960
54.952072 185 579 579
54.952072 212 465 465
54.952072 250 692 692
54.952072 334 784 784
54.952072 343 65 65
54.952072 366 48 48
54.952072 402 603 603
54.952072 498 1401 1401
54.952072 501 400 400
54.952072 526 160 160
55.952087 171 997 997
55.952087 185 556 556
55.952087 212 478 478
55.952087 250 645 645
55.952087 334 712 712
55.952087 343 90 90
55.952087 366 56 56
55.952087 402 651 651
55.952087 498 1272 1272
55.952087 501 519 519
55.952087 526 155 155
56.952103 171 982 982
56.952103 185 528 528
56.952103 212 542 542
56.952103 250 620 620
56.952103 334 724 724
56.952103 343 62 62
56.952103 366 61 61
56.952103 402 658 658
56.952103 498 1163 1163
56.952103 501 643 643
56.952103 526 150 150
57.952118 171 934 934
57.952118 185 516 516
57.952118 212 605 605
57.952118 250 620 620
57.952118 334 621 621
57.952118 343 45 45
57.952118 366 74 74
57.952118 402 639 639
57.952118 498 1154 1154
57.952118 501 779 779
57.952118 526 151 151
58.952133 171 956 956
58.952133 185 477 477
58.952133 212 613 613
58.952133 250 689 689
58.952133 334 573 573
58.952133 343 8 8
58.952133 366 90 90
58.952133 402 555 555
58.952133 498 1249 1249
58.952133 501 766 766
58.952133 526 139 139
59.952148 171 891 891
59.952148 185 496 496
59.952148 212 611 611
59.952148 250 673 673
59.952148 334 616 616
59.952148 366 91 91
59.952148 402 552 552
59.952148 498 1310 1310
59.952148 501 756 756
59.952148 526 154 154
60.952164 171 829 829
60.952164 185 529 529
60.952164 212 599 599
60.952164 250 660 660
60.952164 334 611 611
60.952164 366 75 75
60.952164 402 549 549
60.952164 498 1287 1287
60.952164 501 816 816
60.952164 526 179 179
61.952179 171 733 733
61.952179 185 603 603
61.952179 212 638 638
61.952179 250 619 619
61.952179 334 622 622
61.952179 366 84 84
61.952179 402 579 579
61.952179 498 1124 1124
61.952179 501 875 875
61.952179 526 226 226
62.952194 171 639 639
62.952194 185 682 682
62.952194 212 685 685
62.952194 250 572 572
62.952194 334 722 722
62.952194 366 94 94
62.952194 402 636 636
62.952194 498 1033 1033
62.952194 501 836 836
62.952194 526 274 274
63.952209 171 583 583
63.952209 185 718 718
63.952209 212 693 693
63.952209 250 637 637
63.952209 334 712 712
63.952209 366 87 87
63.952209 402 687 687
63.952209 498 1027 1027
63.952209 501 723 723
63.952209 526 307 307
64.952225 171 561 561
64.952225 185 670 670
64.952225 212 690 690
64.952225 250 715 715
64.952225 334 742 742
64.952225 366 79 79
64.952225 402 664 664
64.952225 498 1057 1057
64.952225 501 607 607
64.952225 526 366 366
65.952240 171 567 567
65.952240 185 605 605
65.952240 212 751 751
65.952240 250 731 731
65.952240 334 730 730
65.952240 366 74 74
65.952240 402 644 644
65.952240 498 1068 1068
65.952240 501 571 571
65.952240 526 434 434
66.952255 171 680 680
66.952255 185 580 580
66.952255 212 703 703
66.952255 250 696 696
66.952255 334 719 719
66.952255 366 82 82
66.952255 402 618 618
66.952255 498 1132 1132
66.952255 501 584 584
66.952255 526 378 378
67.952271 171 679 679
67.952271 185 649 649
67.952271 212 638 638
67.952271 250 620 620
67.952271 334 719 719
67.952271 366 74 74
67.952271 402 703 703
67.952271 498 1160 1160
67.952271 501 531 531
67.952271 526 369 369
68.952286 171 696 696
68.952286 185 622 622
68.952286 212 603 603
68.952286 250 603 603
68.952286 334 677 677
68.952286 366 79 79
68.952286 402 705 705
68.952286 498 1240 1240
68.952286 501 523 523
68.952286 526 382 382
69.952301 171 751 751
69.952301 185 715 715
69.952301 212 439 439
69.952301 250 564 564
69.952301 334 589 589
69.952301 366 90 90
69.952301 402 743 743
69.952301 498 1328 1328
69.952301 501 557 557
69.952301 526 392 392
70.952316 171 766 766
70.952316 185 693 693
70.952316 212 429 429
70.952316 250 532 532
70.952316 334 548 548
70.952316 366 87 87
70.952316 402 792 792
70.952316 498 1322 1322
70.952316 501 630 630
70.952316 526 373 373
71.952332 171 709 709
71.952332 185 635 635
71.952332 212 485 485
71.952332 250 524 524
71.952332 334 502 502
71.952332 366 81 81
71.952332 402 829 829
71.952332 498 1330 1330
71.952332 501 662 662
71.952332 526 351 351
