0.000000 0 1 1
0.000000 1 1 1
0.000000 2 1 1
0.000000 3 1 1
0.000000 4 1 1
0.000000 5 1 1
0.000000 6 1 1
0.000000 7 1 1
0.000000 8 1 1
0.000000 9 1 1
0.000000 10 1 1
0.000000 11 1 1
0.000000 12 1 1
0.000000 13 1 1
0.000000 14 1 1
0.000000 15 1 1
0.000000 18 1 1
0.000000 19 1 1
0.000000 21 1 1
0.000000 23 1 1
0.000000 24 1 1
0.000000 25 1 1
0.000000 26 1 1
0.000000 28 1 1
0.000000 29 1 1
0.000000 30 1 1
0.000000 31 1 1
0.000000 32 1 1
0.000000 33 1 1
0.000000 34 1 1
0.000000 35 1 1
0.000000 37 1 1
0.000000 38 1 1
0.000000 40 1 1
0.000000 41 1 1
0.000000 42 1 1
0.000000 44 1 1
0.000000 46 1 1
0.000000 47 1 1
0.000000 48 1 1
0.000000 49 1 1
0.000000 50 1 1
0.000000 51 1 1
0.000000 52 1 1
0.000000 53 1 1
0.000000 54 1 1
0.000000 55 1 1
0.000000 56 1 1
0.000000 57 1 1
0.000000 58 1 1
0.000000 59 1 1
0.000000 60 1 1
0.000000 62 1 1
0.000000 63 1 1
0.000000 64 1 1
0.000000 65 1 1
0.000000 68 1 1
0.000000 69 1 1
0.000000 71 1 1
0.000000 72 1 1
0.000000 73 1 1
0.000000 74 1 1
0.000000 75 1 1
0.000000 76 1 1
0.000000 77 1 1
0.000000 78 1 1
0.000000 79 1 1
0.000000 80 1 1
0.000000 81 1 1
0.000000 82 1 1
0.000000 83 1 1
0.000000 84 1 1
0.000000 85 1 1
0.000000 86 1 1
0.000000 87 1 1
0.000000 88 1 1
0.000000 89 1 1
0.000000 90 1 1
0.000000 91 1 1
0.000000 92 1 1
0.000000 93 1 1
0.000000 94 1 1
0.000000 95 1 1
0.000000 96 1 1
0.000000 97 1 1
0.000000 98 1 1
0.000000 99 1 1
0.000000 100 1 1
0.000000 101 1 1
0.000000 102 1 1
0.000000 103 1 1
0.000000 104 1 1
0.000000 106 1 1
0.000000 107 1 1
0.000000 108 1 1
0.000000 109 1 1
0.000000 110 1 1
0.000000 111 1 1
0.000000 112 1 1
0.000000 113 1 1
0.000000 114 1 1
0.000000 115 1 1
0.000000 116 1 1
0.000000 117 1 1
0.000000 118 1 1
0.000000 119 1 1
0.000000 120 1 1
0.000000 121 1 1
0.000000 122 1 1
0.000000 123 1 1
0.000000 124 1 1
0.000000 125 1 1
0.000000 126 1 1
0.000000 127 1 1
0.000000 128 1 1
0.000000 129 1 1
0.000000 130 1 1
0.000000 131 1 1
0.000000 132 1 1
0.000000 134 1 1
0.000000 135 1 1
0.000000 136 1 1
0.000000 137 1 1
0.000000 139 1 1
0.000000 141 1 1
0.000000 142 1 1
0.000000 143 1 1
0.000000 144 1 1
0.000000 145 1 1
0.000000 146 1 1
0.000000 147 1 1
0.000000 148 1 1
0.000000 149 1 1
0.000000 150 1 1
0.000000 151 1 1
0.000000 152 1 1
0.000000 153 1 1
0.000000 154 1 1
0.000000 155 1 1
0.000000 156 1 1
0.000000 157 1 1
0.000000 158 1 1
0.000000 159 1 1
0.000000 160 1 1
0.000000 161 1 1
0.000000 162 1 1
0.000000 163 1 1
0.000000 164 1 1
0.000000 165 1 1
0.000000 166 1 1
0.000000 167 1 1
0.000000 168 1 1
0.000000 169 1 1
0.000000 171 1 1
0.000000 172 1 1
0.000000 173 1 1
0.000000 174 1 1
0.000000 175 1 1
0.000000 176 1 1
0.000000 177 1 1
0.000000 178 1 1
0.000000 179 1 1
0.000000 180 1 1
0.000000 181 1 1
0.000000 182 1 1
0.000000 183 1 1
0.000000 184 1 1
0.000000 185 1 1
0.000000 186 1 1
0.000000 187 1 1
0.000000 190 1 1
0.000000 191 1 1
0.000000 192 1 1
0.000000 193 1 1
0.000000 194 1 1
0.000000 195 1 1
0.000000 196 1 1
0.000000 197 1 1
0.000000 199 1 1
0.000000 200 1 1
0.000000 201 1 1
0.000000 202 1 1
0.000000 203 1 1
0.000000 204 1 1
0.000000 205 1 1
0.000000 206 1 1
0.000000 207 1 1
0.000000 208 1 1
0.000000 209 1 1
0.000000 210 1 1
0.000000 211 1 1
0.000000 212 1 1
0.000000 213 1 1
0.000000 214 1 1
0.000000 215 1 1
0.000000 216 1 1
0.000000 217 1 1
0.000000 218 1 1
0.000000 219 1 1
0.000000 220 1 1
0.000000 221 1 1
0.000000 222 1 1
0.000000 223 1 1
0.000000 224 1 1
0.000000 225 1 1
0.000000 226 1 1
0.000000 227 1 1
0.000000 228 1 1
0.000000 229 1 1
0.000000 230 1 1
0.000000 231 1 1
0.000000 232 1 1
0.000000 233 1 1
0.000000 234 1 1
0.000000 235 1 1
0.000000 236 1 1
0.000000 237 1 1
0.000000 238 1 1
0.000000 239 1 1
0.000000 240 1 1
0.000000 241 1 1
0.000000 242 1 1
0.000000 243 1 1
0.000000 244 1 1
0.000000 245 1 1
0.000000 246 1 1
0.000000 247 1 1
0.000000 249 1 1
0.000000 250 1 1
0.000000 251 1 1
0.000000 252 1 1
0.000000 253 1 1
0.000000 254 1 1
0.000000 255 1 1
0.000000 256 1 1
0.000000 257 1 1
0.000000 258 1 1
0.000000 259 1 1
0.000000 260 1 1
0.000000 262 1 1
0.000000 263 1 1
0.000000 264 1 1
0.000000 265 1 1
0.000000 266 1 1
0.000000 267 1 1
0.000000 268 1 1
0.000000 269 1 1
0.000000 270 1 1
0.000000 271 1 1
0.000000 272 1 1
0.000000 273 1 1
0.000000 274 1 1
0.000000 275 1 1
0.000000 276 1 1
0.000000 277 1 1
0.000000 278 1 1
0.000000 279 1 1
0.000000 280 1 1
0.000000 281 1 1
0.000000 282 1 1
0.000000 283 1 1
0.000000 285 1 1
0.000000 286 1 1
0.000000 287 1 1
0.000000 288 1 1
0.000000 289 1 1
0.000000 290 1 1
0.000000 291 1 1
0.000000 292 1 1
0.000000 293 1 1
0.000000 294 1 1
0.000000 295 1 1
0.000000 296 1 1
0.000000 297 1 1
0.000000 298 1 1
0.000000 299 1 1
0.000000 300 1 1
0.000000 301 1 1
0.000000 302 1 1
0.000000 303 1 1
0.000000 304 1 1
0.000000 305 1 1
0.000000 306 1 1
0.000000 307 1 1
0.000000 308 1 1
0.000000 309 1 1
0.000000 310 1 1
0.000000 311 1 1
0.000000 313 1 1
0.000000 314 1 1
0.000000 315 1 1
0.000000 316 1 1
0.000000 317 1 1
0.000000 319 1 1
0.000000 320 1 1
0.000000 321 1 1
0.000000 322 1 1
0.000000 323 1 1
0.000000 324 1 1
0.000000 325 1 1
0.000000 326 1 1
0.000000 327 1 1
0.000000 328 1 1
0.000000 329 1 1
0.000000 330 1 1
0.000000 331 1 1
0.000000 332 1 1
0.000000 333 1 1
0.000000 334 1 1
0.000000 335 1 1
0.000000 336 1 1
0.000000 337 1 1
0.000000 338 1 1
0.000000 339 1 1
0.000000 340 1 1
0.000000 341 1 1
0.000000 342 1 1
0.000000 343 1 1
0.000000 344 1 1
0.000000 345 1 1
0.000000 346 1 1
0.000000 347 1 1
0.000000 348 1 1
0.000000 349 1 1
0.000000 350 1 1
0.000000 351 1 1
0.000000 352 1 1
0.000000 353 1 1
0.000000 354 1 1
0.000000 356 1 1
0.000000 357 1 1
0.000000 358 1 1
0.000000 359 1 1
0.000000 361 1 1
0.000000 362 1 1
0.000000 363 1 1
0.000000 364 1 1
0.000000 365 1 1
0.000000 366 1 1
0.000000 367 1 1
0.000000 368 1 1
0.000000 369 1 1
0.000000 370 1 1
0.000000 371 1 1
0.000000 372 1 1
0.000000 373 1 1
0.000000 374 1 1
0.000000 375 1 1
0.000000 376 1 1
0.000000 377 1 1
0.000000 378 1 1
0.000000 379 1 1
0.000000 380 1 1
0.000000 381 1 1
0.000000 382 1 1
0.000000 383 1 1
0.000000 384 1 1
0.000000 385 1 1
0.000000 387 1 1
0.000000 389 1 1
0.000000 390 1 1
0.000000 391 1 1
0.000000 393 1 1
0.000000 394 1 1
0.000000 395 1 1
0.000000 396 1 1
0.000000 397 1 1
0.000000 398 1 1
0.000000 399 1 1
0.000000 400 1 1
0.000000 402 1 1
0.000000 403 1 1
0.000000 404 1 1
0.000000 405 1 1
0.000000 406 1 1
0.000000 407 1 1
0.000000 410 1 1
0.000000 411 1 1
0.000000 412 1 1
0.000000 413 1 1
0.000000 414 1 1
0.000000 415 1 1
0.000000 416 1 1
0.000000 417 1 1
0.000000 418 1 1
0.000000 419 1 1
0.000000 421 1 1
0.000000 423 1 1
0.000000 424 1 1
0.000000 425 1 1
0.000000 426 1 1
0.000000 428 1 1
0.000000 429 1 1
0.000000 430 1 1
0.000000 431 1 1
0.000000 432 1 1
0.000000 433 1 1
0.000000 434 1 1
0.000000 435 1 1
0.000000 436 1 1
0.000000 437 1 1
0.000000 438 1 1
0.000000 439 1 1
0.000000 440 1 1
0.000000 441 1 1
0.000000 442 1 1
0.000000 443 1 1
0.000000 444 1 1
0.000000 445 1 1
0.000000 446 1 1
0.000000 447 1 1
0.000000 448 1 1
0.000000 449 1 1
0.000000 450 1 1
0.000000 451 1 1
0.000000 452 1 1
0.000000 453 1 1
0.000000 454 1 1
0.000000 455 1 1
0.000000 456 1 1
0.000000 457 1 1
0.000000 458 1 1
0.000000 459 1 1
0.000000 460 1 1
0.000000 461 1 1
0.000000 462 1 1
0.000000 463 1 1
0.000000 464 1 1
0.000000 465 1 1
0.000000 466 1 1
0.000000 467 1 1
0.000000 468 1 1
0.000000 469 1 1
0.000000 470 1 1
0.000000 471 1 1
0.000000 472 1 1
0.000000 473 1 1
0.000000 474 1 1
0.000000 475 1 1
0.000000 476 1 1
0.000000 477 1 1
0.000000 478 1 1
0.000000 479 1 1
0.000000 480 1 1
0.000000 481 1 1
0.000000 482 1 1
0.000000 483 1 1
0.000000 484 1 1
0.000000 486 1 1
0.000000 487 1 1
0.000000 488 1 1
0.000000 489 1 1
0.000000 490 1 1
0.000000 491 1 1
0.000000 492 1 1
0.000000 493 1 1
0.000000 494 1 1
0.000000 495 1 1
0.000000 496 1 1
0.000000 497 1 1
0.000000 498 1 1
0.000000 499 1 1
0.000000 500 1 1
0.000000 501 1 1
0.000000 502 1 1
0.000000 503 1 1
0.000000 504 1 1
0.000000 505 1 1
0.000000 506 1 1
0.000000 507 1 1
0.000000 508 1 1
0.000000 509 1 1
0.000000 510 1 1
0.000000 511 1 1
0.000000 512 1 1
0.000000 513 1 1
0.000000 514 1 1
0.000000 515 1 1
0.000000 516 1 1
0.000000 517 1 1
0.000000 518 1 1
0.000000 519 1 1
0.000000 520 1 1
0.000000 521 1 1
0.000000 522 1 1
0.000000 523 1 1
0.000000 524 1 1
0.000000 525 1 1
0.000000 526 1 1
0.000000 527 1 1
0.000000 528 1 1
0.000000 529 1 1
0.000000 530 1 1
0.000000 531 1 1
0.000000 532 1 1
0.000000 533 1 1
0.000000 534 1 1
0.000000 535 1 1
0.000000 536 1 1
0.000000 537 1 1
0.000000 538 1 1
0.000000 539 1 1
0.000000 540 1 1
0.000000 541 1 1
0.000000 542 1 1
0.000000 543 1 1
0.000000 544 1 1
0.000000 545 1 1
0.000000 546 1 1
0.000000 547 1 1
0.000000 548 1 1
0.000000 549 1 1
1.000031 0 1 1
1.000031 1 1 1
1.000031 2 2 2
1.000031 3 2 2
1.000031 4 2 2
1.000031 5 2 2
1.000031 6 2 2
1.000031 7 2 2
1.000031 8 2 2
1.000031 9 2 2
1.000031 10 2 2
1.000031 11 1 1
1.000031 12 1 1
1.000031 13 1 1
1.000031 14 1 1
1.000031 15 1 1
1.000031 18 2 2
1.000031 19 2 2
1.000031 21 1 1
1.000031 23 2 2
1.000031 24 2 2
1.000031 25 2 2
1.000031 26 2 2
1.000031 28 2 2
1.000031 29 1 1
1.000031 30 2 2
1.000031 31 1 1
1.000031 32 1 1
1.000031 33 2 2
1.000031 34 1 1
1.000031 35 1 1
1.000031 37 2 2
1.000031 38 1 1
1.000031 40 2 2
1.000031 41 1 1
1.000031 42 1 1
1.000031 44 2 2
1.000031 46 1 1
1.000031 47 2 2
1.000031 48 1 1
1.000031 49 1 1
1.000031 50 1 1
1.000031 51 1 1
1.000031 52 2 2
1.000031 53 2 2
1.000031 54 1 1
1.000031 55 1 1
1.000031 56 2 2
1.000031 57 2 2
1.000031 58 1 1
1.000031 59 2 2
1.000031 60 1 1
1.000031 62 2 2
1.000031 63 2 2
1.000031 64 2 2
1.000031 65 2 2
1.000031 68 2 2
1.000031 69 1 1
1.000031 71 1 1
1.000031 72 2 2
1.000031 73 2 2
1.000031 74 1 1
1.000031 75 2 2
1.000031 76 2 2
1.000031 77 2 2
1.000031 78 1 1
1.000031 79 1 1
1.000031 80 2 2
1.000031 81 1 1
1.000031 82 1 1
1.000031 83 1 1
1.000031 84 1 1
1.000031 85 2 2
1.000031 86 2 2
1.000031 87 2 2
1.000031 88 2 2
1.000031 89 1 1
1.000031 90 1 1
1.000031 91 2 2
1.000031 92 2 2
1.000031 93 2 2
1.000031 94 2 2
1.000031 95 2 2
1.000031 96 2 2
1.000031 97 1 1
1.000031 98 1 1
1.000031 99 1 1
1.000031 100 1 1
1.000031 101 1 1
1.000031 102 1 1
1.000031 103 1 1
1.000031 104 2 2
1.000031 106 1 1
1.000031 107 2 2
1.000031 108 2 2
1.000031 109 1 1
1.000031 110 2 2
1.000031 111 2 2
1.000031 112 2 2
1.000031 113 1 1
1.000031 114 2 2
1.000031 115 2 2
1.000031 116 2 2
1.000031 117 1 1
1.000031 118 1 1
1.000031 119 1 1
1.000031 120 2 2
1.000031 121 2 2
1.000031 122 1 1
1.000031 123 2 2
1.000031 124 1 1
1.000031 125 2 2
1.000031 126 2 2
1.000031 127 2 2
1.000031 128 2 2
1.000031 129 2 2
1.000031 130 2 2
1.000031 131 2 2
1.000031 132 2 2
1.000031 134 1 1
1.000031 135 2 2
1.000031 136 2 2
1.000031 137 1 1
1.000031 139 1 1
1.000031 141 1 1
1.000031 142 1 1
1.000031 143 1 1
1.000031 144 1 1
1.000031 145 2 2
1.000031 146 2 2
1.000031 147 2 2
1.000031 148 1 1
1.000031 149 2 2
1.000031 150 2 2
1.000031 151 2 2
1.000031 152 1 1
1.000031 153 1 1
1.000031 154 1 1
1.000031 155 1 1
1.000031 156 1 1
1.000031 157 2 2
1.000031 158 2 2
1.000031 159 1 1
1.000031 160 1 1
1.000031 161 1 1
1.000031 162 1 1
1.000031 163 2 2
1.000031 164 2 2
1.000031 165 1 1
1.000031 166 2 2
1.000031 167 1 1
1.000031 168 2 2
1.000031 169 1 1
1.000031 171 1 1
1.000031 172 2 2
1.000031 173 2 2
1.000031 174 2 2
1.000031 175 2 2
1.000031 176 2 2
1.000031 177 1 1
1.000031 178 2 2
1.000031 179 1 1
1.000031 180 2 2
1.000031 181 1 1
1.000031 182 1 1
1.000031 183 2 2
1.000031 184 1 1
1.000031 185 1 1
1.000031 186 1 1
1.000031 187 2 2
1.000031 190 2 2
1.000031 191 2 2
1.000031 192 2 2
1.000031 193 1 1
1.000031 194 2 2
1.000031 195 2 2
1.000031 196 2 2
1.000031 197 2 2
1.000031 199 2 2
1.000031 200 2 2
1.000031 201 1 1
1.000031 202 1 1
1.000031 203 2 2
1.000031 204 1 1
1.000031 205 1 1
1.000031 206 2 2
1.000031 207 1 1
1.000031 208 2 2
1.000031 209 2 2
1.000031 210 2 2
1.000031 211 2 2
1.000031 212 1 1
1.000031 213 1 1
1.000031 214 2 2
1.000031 215 1 1
1.000031 216 1 1
1.000031 217 2 2
1.000031 218 2 2
1.000031 219 2 2
1.000031 220 2 2
1.000031 221 1 1
1.000031 222 2 2
1.000031 223 1 1
1.000031 224 2 2
1.000031 225 2 2
1.000031 226 1 1
1.000031 227 2 2
1.000031 228 2 2
1.000031 229 2 2
1.000031 230 1 1
1.000031 231 1 1
1.000031 232 1 1
1.000031 233 2 2
1.000031 234 1 1
1.000031 235 2 2
1.000031 236 2 2
1.000031 237 1 1
1.000031 238 1 1
1.000031 239 2 2
1.000031 240 1 1
1.000031 241 2 2
1.000031 242 1 1
1.000031 243 1 1
1.000031 244 1 1
1.000031 245 1 1
1.000031 246 1 1
1.000031 247 2 2
1.000031 249 2 2
1.000031 250 1 1
1.000031 251 2 2
1.000031 252 2 2
1.000031 253 1 1
1.000031 254 2 2
1.000031 255 1 1
1.000031 256 1 1
1.000031 257 2 2
1.000031 258 2 2
1.000031 259 1 1
1.000031 260 1 1
1.000031 262 2 2
1.000031 263 1 1
1.000031 264 1 1
1.000031 265 2 2
1.000031 266 2 2
1.000031 267 1 1
1.000031 268 2 2
1.000031 269 1 1
1.000031 270 1 1
1.000031 271 2 2
1.000031 272 1 1
1.000031 273 1 1
1.000031 274 2 2
1.000031 275 2 2
1.000031 276 2 2
1.000031 277 2 2
1.000031 278 2 2
1.000031 279 2 2
1.000031 280 1 1
1.000031 281 2 2
1.000031 282 1 1
1.000031 283 1 1
1.000031 285 1 1
1.000031 286 2 2
1.000031 287 2 2
1.000031 288 2 2
1.000031 289 2 2
1.000031 290 2 2
1.000031 291 2 2
1.000031 292 1 1
1.000031 293 2 2
1.000031 294 2 2
1.000031 295 1 1
1.000031 296 1 1
1.000031 297 1 1
1.000031 298 2 2
1.000031 299 1 1
1.000031 300 1 1
1.000031 301 1 1
1.000031 302 1 1
1.000031 303 2 2
1.000031 304 2 2
1.000031 305 2 2
1.000031 306 1 1
1.000031 307 2 2
1.000031 308 2 2
1.000031 309 1 1
1.000031 310 2 2
1.000031 311 2 2
1.000031 313 2 2
1.000031 314 1 1
1.000031 315 1 1
1.000031 316 1 1
1.000031 317 2 2
1.000031 319 2 2
1.000031 320 2 2
1.000031 321 2 2
1.000031 322 2 2
1.000031 323 1 1
1.000031 324 2 2
1.000031 325 1 1
1.000031 326 1 1
1.000031 327 2 2
1.000031 328 2 2
1.000031 329 1 1
1.000031 330 2 2
1.000031 331 2 2
1.000031 332 1 1
1.000031 333 1 1
1.000031 334 2 2
1.000031 335 1 1
1.000031 336 1 1
1.000031 337 1 1
1.000031 338 2 2
1.000031 339 1 1
1.000031 340 1 1
1.000031 341 2 2
1.000031 342 2 2
1.000031 343 1 1
1.000031 344 2 2
1.000031 345 1 1
1.000031 346 2 2
1.000031 347 2 2
1.000031 348 2 2
1.000031 349 2 2
1.000031 350 1 1
1.000031 351 2 2
1.000031 352 2 2
1.000031 353 1 1
1.000031 354 2 2
1.000031 356 1 1
1.000031 357 2 2
1.000031 358 1 1
1.000031 359 1 1
1.000031 361 1 1
1.000031 362 2 2
1.000031 363 1 1
1.000031 364 1 1
1.000031 365 1 1
1.000031 366 2 2
1.000031 367 1 1
1.000031 368 1 1
1.000031 369 1 1
1.000031 370 1 1
1.000031 371 1 1
1.000031 372 2 2
1.000031 373 2 2
1.000031 374 2 2
1.000031 375 2 2
1.000031 376 1 1
1.000031 377 2 2
1.000031 378 1 1
1.000031 379 2 2
1.000031 380 1 1
1.000031 381 1 1
1.000031 382 1 1
1.000031 383 1 1
1.000031 384 1 1
1.000031 385 1 1
1.000031 387 1 1
1.000031 389 2 2
1.000031 390 2 2
1.000031 391 2 2
1.000031 393 1 1
1.000031 394 1 1
1.000031 395 2 2
1.000031 396 2 2
1.000031 397 1 1
1.000031 398 2 2
1.000031 399 2 2
1.000031 400 1 1
1.000031 402 2 2
1.000031 403 1 1
1.000031 404 2 2
1.000031 405 1 1
1.000031 406 1 1
1.000031 407 1 1
1.000031 410 2 2
1.000031 411 1 1
1.000031 412 1 1
1.000031 413 1 1
1.000031 414 2 2
1.000031 415 1 1
1.000031 416 1 1
1.000031 417 2 2
1.000031 418 2 2
1.000031 419 2 2
1.000031 421 1 1
1.000031 423 2 2
1.000031 424 1 1
1.000031 425 2 2
1.000031 426 1 1
1.000031 428 2 2
1.000031 429 1 1
1.000031 430 1 1
1.000031 431 2 2
1.000031 432 1 1
1.000031 433 1 1
1.000031 434 2 2
1.000031 435 1 1
1.000031 436 1 1
1.000031 437 1 1
1.000031 438 2 2
1.000031 439 2 2
1.000031 440 2 2
1.000031 441 1 1
1.000031 442 1 1
1.000031 443 2 2
1.000031 444 1 1
1.000031 445 2 2
1.000031 446 1 1
1.000031 447 2 2
1.000031 448 2 2
1.000031 449 2 2
1.000031 450 1 1
1.000031 451 1 1
1.000031 452 2 2
1.000031 453 1 1
1.000031 454 2 2
1.000031 455 1 1
1.000031 456 1 1
1.000031 457 2 2
1.000031 458 2 2
1.000031 459 2 2
1.000031 460 1 1
1.000031 461 1 1
1.000031 462 2 2
1.000031 463 2 2
1.000031 464 1 1
1.000031 465 2 2
1.000031 466 2 2
1.000031 467 2 2
1.000031 468 1 1
1.000031 469 2 2
1.000031 470 2 2
1.000031 471 1 1
1.000031 472 2 2
1.000031 473 1 1
1.000031 474 1 1
1.000031 475 1 1
1.000031 476 2 2
1.000031 477 2 2
1.000031 478 2 2
1.000031 479 2 2
1.000031 480 2 2
1.000031 481 2 2
1.000031 482 2 2
1.000031 483 2 2
1.000031 484 2 2
1.000031 486 2 2
1.000031 487 2 2
1.000031 488 1 1
1.000031 489 2 2
1.000031 490 1 1
1.000031 491 2 2
1.000031 492 1 1
1.000031 493 1 1
1.000031 494 2 2
1.000031 495 2 2
1.000031 496 1 1
1.000031 497 1 1
1.000031 498 2 2
1.000031 499 2 2
1.000031 500 2 2
1.000031 501 2 2
1.000031 502 1 1
1.000031 503 2 2
1.000031 504 1 1
1.000031 505 2 2
1.000031 506 1 1
1.000031 507 2 2
1.000031 508 2 2
1.000031 509 2 2
1.000031 510 1 1
1.000031 511 1 1
1.000031 512 1 1
1.000031 513 2 2
1.000031 514 1 1
1.000031 515 1 1
1.000031 516 1 1
1.000031 517 2 2
1.000031 518 1 1
1.000031 519 2 2
1.000031 520 1 1
1.000031 521 2 2
1.000031 522 2 2
1.000031 523 1 1
1.000031 524 1 1
1.000031 525 1 1
1.000031 526 2 2
1.000031 527 1 1
1.000031 528 2 2
1.000031 529 1 1
1.000031 530 2 2
1.000031 531 1 1
1.000031 532 2 2
1.000031 533 2 2
1.000031 534 1 1
1.000031 535 1 1
1.000031 536 1 1
1.000031 537 1 1
1.000031 538 2 2
1.000031 539 1 1
1.000031 540 1 1
1.000031 541 2 2
1.000031 542 1 1
1.000031 543 2 2
1.000031 544 1 1
1.000031 545 2 2
1.000031 546 1 1
1.000031 547 2 2
1.000031 548 2 2
1.000031 549 1 1
2.000061 0 2 2
2.000061 1 2 2
2.000061 2 2 2
2.000061 3 2 2
2.000061 4 2 2
2.000061 5 2 2
2.000061 6 2 2
2.000061 7 2 2
2.000061 8 2 2
2.000061 9 2 2
2.000061 10 2 2
2.000061 11 2 2
2.000061 12 2 2
2.000061 13 2 2
2.000061 14 2 2
2.000061 15 2 2
2.000061 18 2 2
2.000061 19 2 2
2.000061 21 2 2
2.000061 23 2 2
2.000061 24 2 2
2.000061 25 2 2
2.000061 26 2 2
2.000061 28 2 2
2.000061 29 2 2
2.000061 30 2 2
2.000061 31 2 2
2.000061 32 2 2
2.000061 33 2 2
2.000061 34 2 2
2.000061 35 2 2
2.000061 37 2 2
2.000061 38 2 2
2.000061 40 2 2
2.000061 41 2 2
2.000061 42 2 2
2.000061 44 2 2
2.000061 46 2 2
2.000061 47 2 2
2.000061 48 2 2
2.000061 49 2 2
2.000061 50 2 2
2.000061 51 2 2
2.000061 52 3 3
2.000061 53 3 3
2.000061 54 1 1
2.000061 55 3 3
2.000061 56 2 2
2.000061 57 2 2
2.000061 58 2 2
2.000061 59 2 2
2.000061 60 2 2
2.000061 62 2 2
2.000061 63 2 2
2.000061 64 2 2
2.000061 65 2 2
2.000061 68 2 2
2.000061 69 2 2
2.000061 71 2 2
2.000061 72 2 2
2.000061 73 2 2
2.000061 74 2 2
2.000061 75 2 2
2.000061 76 2 2
2.000061 77 3 3
2.000061 78 3 3
2.000061 79 2 2
2.000061 80 3 3
2.000061 81 2 2
2.000061 82 2 2
2.000061 83 2 2
2.000061 84 2 2
2.000061 85 2 2
2.000061 86 3 3
2.000061 87 3 3
2.000061 88 2 2
2.000061 89 2 2
2.000061 90 2 2
2.000061 91 2 2
2.000061 92 3 3
2.000061 93 2 2
2.000061 94 3 3
2.000061 95 2 2
2.000061 96 2 2
2.000061 97 2 2
2.000061 98 2 2
2.000061 99 2 2
2.000061 100 3 3
2.000061 101 2 2
2.000061 102 2 2
2.000061 103 2 2
2.000061 104 2 2
2.000061 106 2 2
2.000061 107 3 3
2.000061 108 3 3
2.000061 109 2 2
2.000061 110 2 2
2.000061 111 2 2
2.000061 112 2 2
2.000061 113 2 2
2.000061 114 2 2
2.000061 115 2 2
2.000061 116 2 2
2.000061 117 2 2
2.000061 118 2 2
2.000061 119 2 2
2.000061 120 2 2
2.000061 121 2 2
2.000061 122 2 2
2.000061 123 2 2
2.000061 124 2 2
2.000061 125 2 2
2.000061 126 2 2
2.000061 127 2 2
2.000061 128 3 3
2.000061 129 3 3
2.000061 130 2 2
2.000061 131 2 2
2.000061 132 2 2
2.000061 134 2 2
2.000061 135 3 3
2.000061 136 3 3
2.000061 137 2 2
2.000061 139 2 2
2.000061 141 2 2
2.000061 142 2 2
2.000061 143 2 2
2.000061 144 2 2
2.000061 145 2 2
2.000061 146 2 2
2.000061 147 2 2
2.000061 148 2 2
2.000061 149 2 2
2.000061 150 3 3
2.000061 151 2 2
2.000061 152 2 2
2.000061 153 2 2
2.000061 154 2 2
2.000061 155 2 2
2.000061 156 2 2
2.000061 157 2 2
2.000061 158 2 2
2.000061 159 2 2
2.000061 160 2 2
2.000061 161 2 2
2.000061 162 2 2
2.000061 163 2 2
2.000061 164 3 3
2.000061 165 2 2
2.000061 166 2 2
2.000061 167 2 2
2.000061 168 2 2
2.000061 169 2 2
2.000061 171 3 3
2.000061 172 2 2
2.000061 173 2 2
2.000061 174 2 2
2.000061 175 2 2
2.000061 176 2 2
2.000061 177 2 2
2.000061 178 2 2
2.000061 179 2 2
2.000061 180 2 2
2.000061 181 2 2
2.000061 182 2 2
2.000061 183 2 2
2.000061 184 2 2
2.000061 185 2 2
2.000061 186 2 2
2.000061 187 2 2
2.000061 190 2 2
2.000061 191 2 2
2.000061 192 3 3
2.000061 193 2 2
2.000061 194 2 2
2.000061 195 2 2
2.000061 196 2 2
2.000061 197 2 2
2.000061 199 2 2
2.000061 200 2 2
2.000061 201 2 2
2.000061 202 2 2
2.000061 203 2 2
2.000061 204 2 2
2.000061 205 2 2
2.000061 206 2 2
2.000061 207 2 2
2.000061 208 2 2
2.000061 209 2 2
2.000061 210 2 2
2.000061 211 3 3
2.000061 212 2 2
2.000061 213 2 2
2.000061 214 2 2
2.000061 215 2 2
2.000061 216 2 2
2.000061 217 2 2
2.000061 218 2 2
2.000061 219 2 2
2.000061 220 2 2
2.000061 221 2 2
2.000061 222 2 2
2.000061 223 3 3
2.000061 224 2 2
2.000061 225 2 2
2.000061 226 3 3
2.000061 227 2 2
2.000061 228 3 3
2.000061 229 3 3
2.000061 230 2 2
2.000061 231 2 2
2.000061 232 2 2
2.000061 233 2 2
2.000061 234 2 2
2.000061 235 2 2
2.000061 236 2 2
2.000061 237 2 2
2.000061 238 2 2
2.000061 239 3 3
2.000061 240 2 2
2.000061 241 2 2
2.000061 242 2 2
2.000061 243 2 2
2.000061 244 2 2
2.000061 245 2 2
2.000061 246 2 2
2.000061 247 2 2
2.000061 249 2 2
2.000061 250 2 2
2.000061 251 2 2
2.000061 252 2 2
2.000061 253 2 2
2.000061 254 2 2
2.000061 255 3 3
2.000061 256 2 2
2.000061 257 2 2
2.000061 258 2 2
2.000061 259 2 2
2.000061 260 2 2
2.000061 262 2 2
2.000061 263 2 2
2.000061 264 2 2
2.000061 265 2 2
2.000061 266 2 2
2.000061 267 2 2
2.000061 268 2 2
2.000061 269 2 2
2.000061 270 2 2
2.000061 271 2 2
2.000061 272 2 2
2.000061 273 2 2
2.000061 274 3 3
2.000061 275 3 3
2.000061 276 3 3
2.000061 277 3 3
2.000061 278 2 2
2.000061 279 3 3
2.000061 280 2 2
2.000061 281 2 2
2.000061 282 2 2
2.000061 283 2 2
2.000061 285 2 2
2.000061 286 2 2
2.000061 287 2 2
2.000061 288 3 3
2.000061 289 2 2
2.000061 290 2 2
2.000061 291 2 2
2.000061 292 2 2
2.000061 293 2 2
2.000061 294 2 2
2.000061 295 2 2
2.000061 296 2 2
2.000061 297 2 2
2.000061 298 2 2
2.000061 299 2 2
2.000061 300 2 2
2.000061 301 2 2
2.000061 302 2 2
2.000061 303 2 2
2.000061 304 2 2
2.000061 305 2 2
2.000061 306 2 2
2.000061 307 2 2
2.000061 308 3 3
2.000061 309 2 2
2.000061 310 3 3
2.000061 311 2 2
2.000061 313 2 2
2.000061 314 2 2
2.000061 315 2 2
2.000061 316 2 2
2.000061 317 2 2
2.000061 319 2 2
2.000061 320 2 2
2.000061 321 2 2
2.000061 322 2 2
2.000061 323 2 2
2.000061 324 2 2
2.000061 325 2 2
2.000061 326 2 2
2.000061 327 2 2
2.000061 328 3 3
2.000061 329 2 2
2.000061 330 2 2
2.000061 331 2 2
2.000061 332 2 2
2.000061 333 2 2
2.000061 334 2 2
2.000061 335 2 2
2.000061 336 2 2
2.000061 337 2 2
2.000061 338 3 3
2.000061 339 2 2
2.000061 340 2 2
2.000061 341 2 2
2.000061 342 2 2
2.000061 343 2 2
2.000061 344 2 2
2.000061 345 2 2
2.000061 346 2 2
2.000061 347 2 2
2.000061 348 2 2
2.000061 349 3 3
2.000061 350 2 2
2.000061 351 2 2
2.000061 352 2 2
2.000061 353 2 2
2.000061 354 2 2
2.000061 356 2 2
2.000061 357 3 3
2.000061 358 2 2
2.000061 359 2 2
2.000061 361 2 2
2.000061 362 2 2
2.000061 363 2 2
2.000061 364 2 2
2.000061 365 2 2
2.000061 366 2 2
2.000061 367 2 2
2.000061 368 2 2
2.000061 369 2 2
2.000061 370 2 2
2.000061 371 2 2
2.000061 372 2 2
2.000061 373 2 2
2.000061 374 2 2
2.000061 375 2 2
2.000061 376 2 2
2.000061 377 2 2
2.000061 378 2 2
2.000061 379 2 2
2.000061 380 2 2
2.000061 381 2 2
2.000061 382 2 2
2.000061 383 2 2
2.000061 384 2 2
2.000061 385 2 2
2.000061 387 2 2
2.000061 389 2 2
2.000061 390 2 2
2.000061 391 2 2
2.000061 393 2 2
2.000061 394 3 3
2.000061 395 2 2
2.000061 396 2 2
2.000061 397 2 2
2.000061 398 2 2
2.000061 399 2 2
2.000061 400 2 2
2.000061 402 3 3
2.000061 403 2 2
2.000061 404 2 2
2.000061 405 2 2
2.000061 406 2 2
2.000061 407 2 2
2.000061 410 2 2
2.000061 411 2 2
2.000061 412 2 2
2.000061 413 2 2
2.000061 414 3 3
2.000061 415 2 2
2.000061 416 2 2
2.000061 417 2 2
2.000061 418 2 2
2.000061 419 2 2
2.000061 421 2 2
2.000061 423 2 2
2.000061 424 2 2
2.000061 425 2 2
2.000061 426 2 2
2.000061 428 4 4
2.000061 429 2 2
2.000061 430 3 3
2.000061 431 2 2
2.000061 432 2 2
2.000061 433 2 2
2.000061 434 2 2
2.000061 435 2 2
2.000061 436 2 2
2.000061 437 3 3
2.000061 438 2 2
2.000061 439 2 2
2.000061 440 2 2
2.000061 441 2 2
2.000061 442 2 2
2.000061 443 2 2
2.000061 444 2 2
2.000061 445 3 3
2.000061 446 2 2
2.000061 447 2 2
2.000061 448 2 2
2.000061 449 3 3
2.000061 450 2 2
2.000061 451 2 2
2.000061 452 2 2
2.000061 453 2 2
2.000061 454 2 2
2.000061 455 2 2
2.000061 456 2 2
2.000061 457 2 2
2.000061 458 2 2
2.000061 459 2 2
2.000061 460 2 2
2.000061 461 2 2
2.000061 462 2 2
2.000061 463 2 2
2.000061 464 2 2
2.000061 465 3 3
2.000061 466 2 2
2.000061 467 2 2
2.000061 468 2 2
2.000061 469 2 2
2.000061 470 2 2
2.000061 471 2 2
2.000061 472 2 2
2.000061 473 2 2
2.000061 474 2 2
2.000061 475 2 2
2.000061 476 2 2
2.000061 477 2 2
2.000061 478 2 2
2.000061 479 3 3
2.000061 480 2 2
2.000061 481 2 2
2.000061 482 3 3
2.000061 483 2 2
2.000061 484 3 3
2.000061 486 2 2
2.000061 487 2 2
2.000061 488 2 2
2.000061 489 2 2
2.000061 490 2 2
2.000061 491 2 2
2.000061 492 1 1
2.000061 493 2 2
2.000061 494 2 2
2.000061 495 2 2
2.000061 496 2 2
2.000061 497 2 2
2.000061 498 2 2
2.000061 499 2 2
2.000061 500 2 2
2.000061 501 2 2
2.000061 502 2 2
2.000061 503 2 2
2.000061 504 2 2
2.000061 505 2 2
2.000061 506 2 2
2.000061 507 2 2
2.000061 508 2 2
2.000061 509 2 2
2.000061 510 2 2
2.000061 511 2 2
2.000061 512 2 2
2.000061 513 2 2
2.000061 514 2 2
2.000061 515 2 2
2.000061 516 2 2
2.000061 517 3 3
2.000061 518 2 2
2.000061 519 2 2
2.000061 520 2 2
2.000061 521 2 2
2.000061 522 2 2
2.000061 523 2 2
2.000061 524 2 2
2.000061 525 2 2
2.000061 526 2 2
2.000061 527 2 2
2.000061 528 3 3
2.000061 529 2 2
2.000061 530 2 2
2.000061 531 2 2
2.000061 532 2 2
2.000061 533 2 2
2.000061 534 2 2
2.000061 535 2 2
2.000061 536 2 2
2.000061 537 2 2
2.000061 538 3 3
2.000061 539 2 2
2.000061 540 2 2
2.000061 541 2 2
2.000061 542 2 2
2.000061 543 2 2
2.000061 544 2 2
2.000061 545 2 2
2.000061 546 2 2
2.000061 547 2 2
2.000061 548 2 2
2.000061 549 2 2
3.000092 0 4 4
3.000092 1 4 4
3.000092 2 4 4
3.000092 3 4 4
3.000092 4 4 4
3.000092 5 4 4
3.000092 6 4 4
3.000092 7 4 4
3.000092 8 4 4
3.000092 9 4 4
3.000092 10 4 4
3.000092 11 4 4
3.000092 12 4 4
3.000092 13 4 4
3.000092 14 4 4
3.000092 15 4 4
3.000092 18 4 4
3.000092 19 4 4
3.000092 21 4 4
3.000092 23 4 4
3.000092 24 4 4
3.000092 25 4 4
3.000092 26 4 4
3.000092 28 4 4
3.000092 29 4 4
3.000092 30 4 4
3.000092 31 4 4
3.000092 32 3 3
3.000092 33 4 4
3.000092 34 4 4
3.000092 35 4 4
3.000092 37 4 4
3.000092 38 3 3
3.000092 40 4 4
3.000092 41 3 3
3.000092 42 3 3
3.000092 44 4 4
3.000092 46 3 3
3.000092 47 4 4
3.000092 48 4 4
3.000092 49 4 4
3.000092 50 3 3
3.000092 51 3 3
3.000092 52 4 4
3.000092 53 4 4
3.000092 54 2 2
3.000092 55 4 4
3.000092 56 4 4
3.000092 57 4 4
3.000092 58 4 4
3.000092 59 4 4
3.000092 60 4 4
3.000092 62 4 4
3.000092 63 4 4
3.000092 64 4 4
3.000092 65 3 3
3.000092 68 4 4
3.000092 69 4 4
3.000092 71 4 4
3.000092 72 4 4
3.000092 73 4 4
3.000092 74 4 4
3.000092 75 4 4
3.000092 76 4 4
3.000092 77 4 4
3.000092 78 3 3
3.000092 79 3 3
3.000092 80 4 4
3.000092 81 4 4
3.000092 82 3 3
3.000092 83 4 4
3.000092 84 4 4
3.000092 85 4 4
3.000092 86 4 4
3.000092 87 4 4
3.000092 88 4 4
3.000092 89 4 4
3.000092 90 3 3
3.000092 91 4 4
3.000092 92 5 5
3.000092 93 4 4
3.000092 94 4 4
3.000092 95 4 4
3.000092 96 4 4
3.000092 97 3 3
3.000092 98 4 4
3.000092 99 4 4
3.000092 100 4 4
3.000092 101 4 4
3.000092 102 4 4
3.000092 103 3 3
3.000092 104 4 4
3.000092 106 4 4
3.000092 107 4 4
3.000092 108 4 4
3.000092 109 4 4
3.000092 110 4 4
3.000092 111 4 4
3.000092 112 4 4
3.000092 113 4 4
3.000092 114 4 4
3.000092 115 4 4
3.000092 116 4 4
3.000092 117 4 4
3.000092 118 3 3
3.000092 119 4 4
3.000092 120 4 4
3.000092 121 4 4
3.000092 122 3 3
3.000092 123 4 4
3.000092 124 4 4
3.000092 125 3 3
3.000092 126 4 4
3.000092 127 4 4
3.000092 128 4 4
3.000092 129 4 4
3.000092 130 4 4
3.000092 131 4 4
3.000092 132 4 4
3.000092 134 4 4
3.000092 135 4 4
3.000092 136 4 4
3.000092 137 3 3
3.000092 139 4 4
3.000092 141 4 4
3.000092 142 4 4
3.000092 143 4 4
3.000092 144 4 4
3.000092 145 4 4
3.000092 146 4 4
3.000092 147 4 4
3.000092 148 4 4
3.000092 149 4 4
3.000092 150 3 3
3.000092 151 4 4
3.000092 152 4 4
3.000092 153 4 4
3.000092 154 3 3
3.000092 155 4 4
3.000092 156 3 3
3.000092 157 4 4
3.000092 158 4 4
3.000092 159 4 4
3.000092 160 3 3
3.000092 161 4 4
3.000092 162 4 4
3.000092 163 4 4
3.000092 164 4 4
3.000092 165 4 4
3.000092 166 4 4
3.000092 167 4 4
3.000092 168 4 4
3.000092 169 3 3
3.000092 171 5 5
3.000092 172 4 4
3.000092 173 4 4
3.000092 174 4 4
3.000092 175 4 4
3.000092 176 4 4
3.000092 177 4 4
3.000092 178 4 4
3.000092 179 4 4
3.000092 180 4 4
3.000092 181 3 3
3.000092 182 4 4
3.000092 183 3 3
3.000092 184 4 4
3.000092 185 4 4
3.000092 186 4 4
3.000092 187 4 4
3.000092 190 4 4
3.000092 191 4 4
3.000092 192 4 4
3.000092 193 3 3
3.000092 194 4 4
3.000092 195 4 4
3.000092 196 4 4
3.000092 197 4 4
3.000092 199 4 4
3.000092 200 4 4
3.000092 201 3 3
3.000092 202 4 4
3.000092 203 4 4
3.000092 204 4 4
3.000092 205 3 3
3.000092 206 4 4
3.000092 207 4 4
3.000092 208 4 4
3.000092 209 4 4
3.000092 210 4 4
3.000092 211 4 4
3.000092 212 4 4
3.000092 213 4 4
3.000092 214 4 4
3.000092 215 4 4
3.000092 216 4 4
3.000092 217 4 4
3.000092 218 4 4
3.000092 219 4 4
3.000092 220 4 4
3.000092 221 4 4
3.000092 222 4 4
3.000092 223 4 4
3.000092 224 4 4
3.000092 225 4 4
3.000092 226 4 4
3.000092 227 4 4
3.000092 228 4 4
3.000092 229 4 4
3.000092 230 3 3
3.000092 231 4 4
3.000092 232 3 3
3.000092 233 4 4
3.000092 234 4 4
3.000092 235 4 4
3.000092 236 4 4
3.000092 237 3 3
3.000092 238 2 2
3.000092 239 4 4
3.000092 240 4 4
3.000092 241 4 4
3.000092 242 4 4
3.000092 243 3 3
3.000092 244 4 4
3.000092 245 4 4
3.000092 246 4 4
3.000092 247 4 4
3.000092 249 4 4
3.000092 250 4 4
3.000092 251 4 4
3.000092 252 4 4
3.000092 253 4 4
3.000092 254 4 4
3.000092 255 4 4
3.000092 256 4 4
3.000092 257 4 4
3.000092 258 4 4
3.000092 259 4 4
3.000092 260 3 3
3.000092 262 4 4
3.000092 263 4 4
3.000092 264 4 4
3.000092 265 4 4
3.000092 266 4 4
3.000092 267 3 3
3.000092 268 4 4
3.000092 269 2 2
3.000092 270 4 4
3.000092 271 4 4
3.000092 272 4 4
3.000092 273 4 4
3.000092 274 4 4
3.000092 275 5 5
3.000092 276 5 5
3.000092 277 5 5
3.000092 278 4 4
3.000092 279 4 4
3.000092 280 4 4
3.000092 281 4 4
3.000092 282 4 4
3.000092 283 4 4
3.000092 285 3 3
3.000092 286 4 4
3.000092 287 4 4
3.000092 288 4 4
3.000092 289 4 4
3.000092 290 4 4
3.000092 291 4 4
3.000092 292 4 4
3.000092 293 4 4
3.000092 294 4 4
3.000092 295 3 3
3.000092 296 4 4
3.000092 297 4 4
3.000092 298 4 4
3.000092 299 4 4
3.000092 300 3 3
3.000092 301 4 4
3.000092 302 4 4
3.000092 303 4 4
3.000092 304 4 4
3.000092 305 4 4
3.000092 306 4 4
3.000092 307 4 4
3.000092 308 4 4
3.000092 309 4 4
3.000092 310 4 4
3.000092 311 4 4
3.000092 313 4 4
3.000092 314 3 3
3.000092 315 4 4
3.000092 316 4 4
3.000092 317 4 4
3.000092 319 4 4
3.000092 320 4 4
3.000092 321 4 4
3.000092 322 4 4
3.000092 323 4 4
3.000092 324 4 4
3.000092 325 4 4
3.000092 326 4 4
3.000092 327 3 3
3.000092 328 4 4
3.000092 329 4 4
3.000092 330 4 4
3.000092 331 4 4
3.000092 332 4 4
3.000092 333 4 4
3.000092 334 4 4
3.000092 335 4 4
3.000092 336 4 4
3.000092 337 4 4
3.000092 338 5 5
3.000092 339 4 4
3.000092 340 4 4
3.000092 341 4 4
3.000092 342 4 4
3.000092 343 4 4
3.000092 344 4 4
3.000092 345 4 4
3.000092 346 4 4
3.000092 347 4 4
3.000092 348 4 4
3.000092 349 4 4
3.000092 350 4 4
3.000092 351 4 4
3.000092 352 4 4
3.000092 353 3 3
3.000092 354 4 4
3.000092 356 4 4
3.000092 357 3 3
3.000092 358 3 3
3.000092 359 4 4
3.000092 361 4 4
3.000092 362 4 4
3.000092 363 4 4
3.000092 364 4 4
3.000092 365 4 4
3.000092 366 4 4
3.000092 367 4 4
3.000092 368 3 3
3.000092 369 4 4
3.000092 370 4 4
3.000092 371 2 2
3.000092 372 4 4
3.000092 373 4 4
3.000092 374 3 3
3.000092 375 4 4
3.000092 376 4 4
3.000092 377 4 4
3.000092 378 4 4
3.000092 379 4 4
3.000092 380 4 4
3.000092 381 4 4
3.000092 382 3 3
3.000092 383 3 3
3.000092 384 4 4
3.000092 385 4 4
3.000092 387 4 4
3.000092 389 4 4
3.000092 390 4 4
3.000092 391 4 4
3.000092 393 4 4
3.000092 394 5 5
3.000092 395 4 4
3.000092 396 4 4
3.000092 397 3 3
3.000092 398 4 4
3.000092 399 4 4
3.000092 400 4 4
3.000092 402 4 4
3.000092 403 3 3
3.000092 404 4 4
3.000092 405 4 4
3.000092 406 4 4
3.000092 407 3 3
3.000092 410 4 4
3.000092 411 4 4
3.000092 412 4 4
3.000092 413 4 4
3.000092 414 2 2
3.000092 415 4 4
3.000092 416 3 3
3.000092 417 4 4
3.000092 418 4 4
3.000092 419 4 4
3.000092 421 4 4
3.000092 423 4 4
3.000092 424 4 4
3.000092 425 4 4
3.000092 426 4 4
3.000092 428 5 5
3.000092 429 4 4
3.000092 430 4 4
3.000092 431 4 4
3.000092 432 3 3
3.000092 433 4 4
3.000092 434 4 4
3.000092 435 4 4
3.000092 436 3 3
3.000092 437 4 4
3.000092 438 4 4
3.000092 439 4 4
3.000092 440 4 4
3.000092 441 3 3
3.000092 442 3 3
3.000092 443 4 4
3.000092 444 4 4
3.000092 445 5 5
3.000092 446 4 4
3.000092 447 4 4
3.000092 448 4 4
3.000092 449 4 4
3.000092 450 4 4
3.000092 451 4 4
3.000092 452 4 4
3.000092 453 4 4
3.000092 454 4 4
3.000092 455 4 4
3.000092 456 4 4
3.000092 457 4 4
3.000092 458 4 4
3.000092 459 4 4
3.000092 460 4 4
3.000092 461 4 4
3.000092 462 4 4
3.000092 463 4 4
3.000092 464 4 4
3.000092 465 5 5
3.000092 466 4 4
3.000092 467 3 3
3.000092 468 3 3
3.000092 469 3 3
3.000092 470 4 4
3.000092 471 4 4
3.000092 472 4 4
3.000092 473 4 4
3.000092 474 4 4
3.000092 475 4 4
3.000092 476 4 4
3.000092 477 4 4
3.000092 478 4 4
3.000092 479 4 4
3.000092 480 4 4
3.000092 481 4 4
3.000092 482 4 4
3.000092 483 4 4
3.000092 484 4 4
3.000092 486 4 4
3.000092 487 4 4
3.000092 488 4 4
3.000092 489 4 4
3.000092 490 2 2
3.000092 491 4 4
3.000092 492 1 1
3.000092 493 4 4
3.000092 494 4 4
3.000092 495 4 4
3.000092 496 4 4
3.000092 497 3 3
3.000092 498 4 4
3.000092 499 4 4
3.000092 500 4 4
3.000092 501 4 4
3.000092 502 4 4
3.000092 503 4 4
3.000092 504 4 4
3.000092 505 4 4
3.000092 506 4 4
3.000092 507 4 4
3.000092 508 4 4
3.000092 509 4 4
3.000092 510 4 4
3.000092 511 3 3
3.000092 512 4 4
3.000092 513 4 4
3.000092 514 4 4
3.000092 515 4 4
3.000092 516 4 4
3.000092 517 4 4
3.000092 518 4 4
3.000092 519 4 4
3.000092 520 4 4
3.000092 521 4 4
3.000092 522 4 4
3.000092 523 3 3
3.000092 524 3 3
3.000092 525 4 4
3.000092 526 4 4
3.000092 527 4 4
3.000092 528 4 4
3.000092 529 3 3
3.000092 530 4 4
3.000092 531 4 4
3.000092 532 4 4
3.000092 533 4 4
3.000092 534 4 4
3.000092 535 4 4
3.000092 536 4 4
3.000092 537 4 4
3.000092 538 4 4
3.000092 539 4 4
3.000092 540 4 4
3.000092 541 4 4
3.000092 542 4 4
3.000092 543 4 4
3.000092 544 4 4
3.000092 545 4 4
3.000092 546 4 4
3.000092 547 4 4
3.000092 548 4 4
3.000092 549 3 3
4.000122 0 7 7
4.000122 1 5 5
4.000122 2 7 7
4.000122 3 6 6
4.000122 4 7 7
4.000122 5 8 8
4.000122 6 6 6
4.000122 7 7 7
4.000122 8 7 7
4.000122 9 6 6
4.000122 10 7 7
4.000122 11 5 5
4.000122 12 8 8
4.000122 13 4 4
4.000122 14 4 4
4.000122 15 4 4
4.000122 18 6 6
4.000122 19 6 6
4.000122 21 6 6
4.000122 23 7 7
4.000122 24 8 8
4.000122 25 7 7
4.000122 26 6 6
4.000122 28 8 8
4.000122 29 6 6
4.000122 30 7 7
4.000122 31 7 7
4.000122 32 5 5
4.000122 33 6 6
4.000122 34 7 7
4.000122 35 4 4
4.000122 37 8 8
4.000122 38 4 4
4.000122 40 7 7
4.000122 41 5 5
4.000122 42 4 4
4.000122 44 7 7
4.000122 46 6 6
4.000122 47 6 6
4.000122 48 5 5
4.000122 49 5 5
4.000122 50 4 4
4.000122 51 4 4
4.000122 52 8 8
4.000122 53 7 7
4.000122 54 2 2
4.000122 55 7 7
4.000122 56 7 7
4.000122 57 6 6
4.000122 58 5 5
4.000122 59 7 7
4.000122 60 6 6
4.000122 62 7 7
4.000122 63 6 6
4.000122 64 6 6
4.000122 65 5 5
4.000122 68 6 6
4.000122 69 5 5
4.000122 71 5 5
4.000122 72 6 6
4.000122 73 7 7
4.000122 74 5 5
4.000122 75 6 6
4.000122 76 5 5
4.000122 77 6 6
4.000122 78 5 5
4.000122 79 7 7
4.000122 80 6 6
4.000122 81 4 4
4.000122 82 4 4
4.000122 83 5 5
4.000122 84 6 6
4.000122 85 8 8
4.000122 86 8 8
4.000122 87 8 8
4.000122 88 5 5
4.000122 89 5 5
4.000122 90 4 4
4.000122 91 7 7
4.000122 92 8 8
4.000122 93 7 7
4.000122 94 7 7
4.000122 95 5 5
4.000122 96 6 6
4.000122 97 6 6
4.000122 98 4 4
4.000122 99 6 6
4.000122 100 7 7
4.000122 101 6 6
4.000122 102 4 4
4.000122 103 6 6
4.000122 104 7 7
4.000122 106 4 4
4.000122 107 7 7
4.000122 108 8 8
4.000122 109 6 6
4.000122 110 8 8
4.000122 111 8 8
4.000122 112 6 6
4.000122 113 6 6
4.000122 114 7 7
4.000122 115 8 8
4.000122 116 6 6
4.000122 117 7 7
4.000122 118 5 5
4.000122 119 7 7
4.000122 120 8 8
4.000122 121 7 7
4.000122 122 4 4
4.000122 123 7 7
4.000122 124 5 5
4.000122 125 6 6
4.000122 126 8 8
4.000122 127 8 8
4.000122 128 6 6
4.000122 129 7 7
4.000122 130 6 6
4.000122 131 7 7
4.000122 132 4 4
4.000122 134 7 7
4.000122 135 6 6
4.000122 136 7 7
4.000122 137 6 6
4.000122 139 5 5
4.000122 141 5 5
4.000122 142 6 6
4.000122 143 5 5
4.000122 144 5 5
4.000122 145 6 6
4.000122 146 7 7
4.000122 147 6 6
4.000122 148 5 5
4.000122 149 7 7
4.000122 150 4 4
4.000122 151 8 8
4.000122 152 6 6
4.000122 153 5 5
4.000122 154 6 6
4.000122 155 5 5
4.000122 156 4 4
4.000122 157 6 6
4.000122 158 7 7
4.000122 159 4 4
4.000122 160 5 5
4.000122 161 6 6
4.000122 162 4 4
4.000122 163 5 5
4.000122 164 6 6
4.000122 165 5 5
4.000122 166 6 6
4.000122 167 5 5
4.000122 168 7 7
4.000122 169 5 5
4.000122 171 6 6
4.000122 172 5 5
4.000122 173 7 7
4.000122 174 6 6
4.000122 175 5 5
4.000122 176 7 7
4.000122 177 5 5
4.000122 178 7 7
4.000122 179 7 7
4.000122 180 8 8
4.000122 181 5 5
4.000122 182 5 5
4.000122 183 6 6
4.000122 184 4 4
4.000122 185 5 5
4.000122 186 7 7
4.000122 187 6 6
4.000122 190 7 7
4.000122 191 7 7
4.000122 192 7 7
4.000122 193 5 5
4.000122 194 6 6
4.000122 195 4 4
4.000122 196 7 7
4.000122 197 8 8
4.000122 199 7 7
4.000122 200 7 7
4.000122 201 3 3
4.000122 202 5 5
4.000122 203 8 8
4.000122 204 5 5
4.000122 205 5 5
4.000122 206 6 6
4.000122 207 5 5
4.000122 208 7 7
4.000122 209 8 8
4.000122 210 5 5
4.000122 211 7 7
4.000122 212 6 6
4.000122 213 5 5
4.000122 214 8 8
4.000122 215 7 7
4.000122 216 4 4
4.000122 217 5 5
4.000122 218 6 6
4.000122 219 6 6
4.000122 220 5 5
4.000122 221 5 5
4.000122 222 8 8
4.000122 223 6 6
4.000122 224 7 7
4.000122 225 6 6
4.000122 226 6 6
4.000122 227 6 6
4.000122 228 7 7
4.000122 229 8 8
4.000122 230 5 5
4.000122 231 4 4
4.000122 232 6 6
4.000122 233 7 7
4.000122 234 5 5
4.000122 235 7 7
4.000122 236 8 8
4.000122 237 6 6
4.000122 239 8 8
4.000122 240 4 4
4.000122 241 5 5
4.000122 242 5 5
4.000122 243 4 4
4.000122 244 5 5
4.000122 245 4 4
4.000122 246 7 7
4.000122 247 5 5
4.000122 249 5 5
4.000122 250 5 5
4.000122 251 8 8
4.000122 252 5 5
4.000122 253 5 5
4.000122 254 6 6
4.000122 255 7 7
4.000122 256 7 7
4.000122 257 7 7
4.000122 258 6 6
4.000122 259 7 7
4.000122 260 5 5
4.000122 262 6 6
4.000122 263 6 6
4.000122 264 5 5
4.000122 265 6 6
4.000122 266 7 7
4.000122 267 4 4
4.000122 268 8 8
4.000122 269 4 4
4.000122 270 5 5
4.000122 271 7 7
4.000122 272 6 6
4.000122 273 5 5
4.000122 274 5 5
4.000122 275 7 7
4.000122 276 8 8
4.000122 277 8 8
4.000122 278 8 8
4.000122 279 5 5
4.000122 280 4 4
4.000122 281 5 5
4.000122 282 6 6
4.000122 283 5 5
4.000122 285 4 4
4.000122 286 7 7
4.000122 287 6 6
4.000122 288 7 7
4.000122 289 6 6
4.000122 290 7 7
4.000122 291 6 6
4.000122 292 4 4
4.000122 293 6 6
4.000122 294 7 7
4.000122 295 4 4
4.000122 296 6 6
4.000122 297 4 4
4.000122 298 6 6
4.000122 299 4 4
4.000122 300 4 4
4.000122 301 6 6
4.000122 302 5 5
4.000122 303 5 5
4.000122 304 7 7
4.000122 305 5 5
4.000122 306 6 6
4.000122 307 5 5
4.000122 308 8 8
4.000122 309 6 6
4.000122 310 8 8
4.000122 311 8 8
4.000122 313 7 7
4.000122 314 6 6
4.000122 315 5 5
4.000122 316 6 6
4.000122 317 4 4
4.000122 319 7 7
4.000122 320 6 6
4.000122 321 6 6
4.000122 322 7 7
4.000122 323 6 6
4.000122 324 6 6
4.000122 325 5 5
4.000122 326 5 5
4.000122 327 6 6
4.000122 328 7 7
4.000122 329 4 4
4.000122 330 7 7
4.000122 331 5 5
4.000122 332 5 5
4.000122 333 6 6
4.000122 334 8 8
4.000122 335 4 4
4.000122 336 5 5
4.000122 337 6 6
4.000122 338 6 6
4.000122 339 6 6
4.000122 340 4 4
4.000122 341 8 8
4.000122 342 5 5
4.000122 343 6 6
4.000122 344 6 6
4.000122 345 7 7
4.000122 346 7 7
4.000122 347 7 7
4.000122 348 5 5
4.000122 349 7 7
4.000122 350 6 6
4.000122 351 8 8
4.000122 352 6 6
4.000122 353 6 6
4.000122 354 6 6
4.000122 356 4 4
4.000122 357 6 6
4.000122 358 6 6
4.000122 359 4 4
4.000122 361 4 4
4.000122 362 6 6
4.000122 363 5 5
4.000122 364 6 6
4.000122 365 6 6
4.000122 366 6 6
4.000122 367 6 6
4.000122 368 6 6
4.000122 369 7 7
4.000122 370 5 5
4.000122 371 4 4
4.000122 372 6 6
4.000122 373 7 7
4.000122 374 6 6
4.000122 375 6 6
4.000122 376 6 6
4.000122 377 6 6
4.000122 378 6 6
4.000122 379 6 6
4.000122 380 6 6
4.000122 381 5 5
4.000122 382 6 6
4.000122 383 4 4
4.000122 384 7 7
4.000122 385 6 6
4.000122 387 4 4
4.000122 389 8 8
4.000122 390 7 7
4.000122 391 5 5
4.000122 393 6 6
4.000122 394 7 7
4.000122 395 5 5
4.000122 396 7 7
4.000122 397 7 7
4.000122 398 7 7
4.000122 399 7 7
4.000122 400 6 6
4.000122 402 8 8
4.000122 403 4 4
4.000122 404 7 7
4.000122 405 5 5
4.000122 406 5 5
4.000122 407 5 5
4.000122 410 8 8
4.000122 411 5 5
4.000122 412 6 6
4.000122 413 5 5
4.000122 414 3 3
4.000122 415 6 6
4.000122 416 6 6
4.000122 417 7 7
4.000122 418 5 5
4.000122 419 8 8
4.000122 421 5 5
4.000122 423 8 8
4.000122 424 7 7
4.000122 425 5 5
4.000122 426 6 6
4.000122 428 8 8
4.000122 429 4 4
4.000122 430 7 7
4.000122 431 6 6
4.000122 432 5 5
4.000122 433 7 7
4.000122 434 7 7
4.000122 435 6 6
4.000122 436 6 6
4.000122 437 7 7
4.000122 438 6 6
4.000122 439 6 6
4.000122 440 6 6
4.000122 441 5 5
4.000122 442 6 6
4.000122 443 5 5
4.000122 444 6 6
4.000122 445 8 8
4.000122 446 6 6
4.000122 447 7 7
4.000122 448 7 7
4.000122 449 7 7
4.000122 450 7 7
4.000122 451 4 4
4.000122 452 6 6
4.000122 453 5 5
4.000122 454 8 8
4.000122 455 4 4
4.000122 456 5 5
4.000122 457 6 6
4.000122 458 6 6
4.000122 459 6 6
4.000122 460 7 7
4.000122 461 6 6
4.000122 462 7 7
4.000122 463 5 5
4.000122 464 7 7
4.000122 465 7 7
4.000122 466 7 7
4.000122 467 5 5
4.000122 468 6 6
4.000122 469 5 5
4.000122 470 6 6
4.000122 471 5 5
4.000122 472 5 5
4.000122 473 6 6
4.000122 474 6 6
4.000122 475 7 7
4.000122 476 8 8
4.000122 477 8 8
4.000122 478 6 6
4.000122 479 8 8
4.000122 480 7 7
4.000122 481 7 7
4.000122 482 7 7
4.000122 483 8 8
4.000122 484 7 7
4.000122 486 6 6
4.000122 487 8 8
4.000122 488 4 4
4.000122 489 6 6
4.000122 490 2 2
4.000122 491 8 8
4.000122 492 1 1
4.000122 493 5 5
4.000122 494 8 8
4.000122 495 7 7
4.000122 496 5 5
4.000122 497 5 5
4.000122 498 7 7
4.000122 499 7 7
4.000122 500 8 8
4.000122 501 7 7
4.000122 502 5 5
4.000122 503 7 7
4.000122 504 5 5
4.000122 505 6 6
4.000122 506 6 6
4.000122 507 8 8
4.000122 508 6 6
4.000122 509 7 7
4.000122 510 6 6
4.000122 511 6 6
4.000122 512 7 7
4.000122 513 5 5
4.000122 514 6 6
4.000122 515 6 6
4.000122 516 6 6
4.000122 517 7 7
4.000122 518 5 5
4.000122 519 7 7
4.000122 520 4 4
4.000122 521 5 5
4.000122 522 7 7
4.000122 523 6 6
4.000122 524 4 4
4.000122 525 4 4
4.000122 526 5 5
4.000122 527 4 4
4.000122 528 7 7
4.000122 529 6 6
4.000122 530 7 7
4.000122 531 5 5
4.000122 532 5 5
4.000122 533 8 8
4.000122 534 6 6
4.000122 535 7 7
4.000122 536 6 6
4.000122 537 6 6
4.000122 538 7 7
4.000122 539 5 5
4.000122 540 5 5
4.000122 541 8 8
4.000122 542 5 5
4.000122 543 6 6
4.000122 544 6 6
4.000122 545 6 6
4.000122 546 6 6
4.000122 547 6 6
4.000122 548 7 7
4.000122 549 4 4
5.000153 0 8 8
5.000153 1 8 8
5.000153 2 10 10
5.000153 3 8 8
5.000153 4 10 10
5.000153 5 9 9
5.000153 6 10 10
5.000153 7 8 8
5.000153 8 10 10
5.000153 9 8 8
5.000153 10 8 8
5.000153 11 8 8
5.000153 12 9 9
5.000153 13 8 8
5.000153 14 8 8
5.000153 15 8 8
5.000153 18 9 9
5.000153 19 8 8
5.000153 21 9 9
5.000153 23 9 9
5.000153 24 11 11
5.000153 25 11 11
5.000153 26 8 8
5.000153 28 11 11
5.000153 29 8 8
5.000153 30 8 8
5.000153 31 9 9
5.000153 32 8 8
5.000153 33 10 10
5.000153 34 7 7
5.000153 35 8 8
5.000153 37 11 11
5.000153 38 8 8
5.000153 40 7 7
5.000153 41 7 7
5.000153 42 8 8
5.000153 44 9 9
5.000153 46 7 7
5.000153 47 9 9
5.000153 48 8 8
5.000153 49 9 9
5.000153 50 8 8
5.000153 51 8 8
5.000153 52 13 13
5.000153 53 14 14
5.000153 54 2 2
5.000153 55 12 12
5.000153 56 10 10
5.000153 57 9 9
5.000153 58 9 9
5.000153 59 8 8
5.000153 60 8 8
5.000153 62 9 9
5.000153 63 12 12
5.000153 64 10 10
5.000153 65 8 8
5.000153 68 10 10
5.000153 69 8 8
5.000153 71 9 9
5.000153 72 9 9
5.000153 73 8 8
5.000153 74 8 8
5.000153 75 8 8
5.000153 76 9 9
5.000153 77 9 9
5.000153 78 10 10
5.000153 79 11 11
5.000153 80 12 12
5.000153 81 8 8
5.000153 82 8 8
5.000153 83 9 9
5.000153 84 8 8
5.000153 85 10 10
5.000153 86 11 11
5.000153 87 12 12
5.000153 88 8 8
5.000153 89 8 8
5.000153 90 8 8
5.000153 91 11 11
5.000153 92 11 11
5.000153 93 8 8
5.000153 94 11 11
5.000153 95 8 8
5.000153 96 10 10
5.000153 97 10 10
5.000153 98 8 8
5.000153 99 8 8
5.000153 100 10 10
5.000153 101 8 8
5.000153 102 8 8
5.000153 103 9 9
5.000153 104 8 8
5.000153 106 4 4
5.000153 107 10 10
5.000153 108 11 11
5.000153 109 8 8
5.000153 110 11 11
5.000153 111 11 11
5.000153 112 8 8
5.000153 113 8 8
5.000153 114 8 8
5.000153 115 12 12
5.000153 116 8 8
5.000153 117 9 9
5.000153 118 10 10
5.000153 119 9 9
5.000153 120 9 9
5.000153 121 11 11
5.000153 122 8 8
5.000153 123 10 10
5.000153 124 9 9
5.000153 125 3 3
5.000153 126 10 10
5.000153 127 10 10
5.000153 128 10 10
5.000153 129 9 9
5.000153 130 9 9
5.000153 131 8 8
5.000153 132 8 8
5.000153 134 10 10
5.000153 135 10 10
5.000153 136 10 10
5.000153 137 8 8
5.000153 139 10 10
5.000153 141 8 8
5.000153 142 9 9
5.000153 143 10 10
5.000153 144 8 8
5.000153 145 8 8
5.000153 146 8 8
5.000153 147 10 10
5.000153 148 9 9
5.000153 149 10 10
5.000153 151 10 10
5.000153 152 8 8
5.000153 153 8 8
5.000153 154 7 7
5.000153 155 10 10
5.000153 156 8 8
5.000153 157 9 9
5.000153 158 9 9
5.000153 159 8 8
5.000153 160 9 9
5.000153 161 8 8
5.000153 162 8 8
5.000153 163 8 8
5.000153 164 11 11
5.000153 165 8 8
5.000153 166 9 9
5.000153 167 9 9
5.000153 168 9 9
5.000153 169 8 8
5.000153 171 10 10
5.000153 172 8 8
5.000153 173 8 8
5.000153 174 10 10
5.000153 175 8 8
5.000153 176 10 10
5.000153 177 8 8
5.000153 178 9 9
5.000153 179 8 8
5.000153 180 13 13
5.000153 181 7 7
5.000153 182 9 9
5.000153 183 9 9
5.000153 184 8 8
5.000153 185 8 8
5.000153 186 9 9
5.000153 187 11 11
5.000153 190 8 8
5.000153 191 9 9
5.000153 192 10 10
5.000153 193 7 7
5.000153 194 8 8
5.000153 195 8 8
5.000153 196 12 12
5.000153 197 12 12
5.000153 199 9 9
5.000153 200 10 10
5.000153 201 4 4
5.000153 202 8 8
5.000153 203 11 11
5.000153 204 9 9
5.000153 205 8 8
5.000153 206 8 8
5.000153 207 7 7
5.000153 208 9 9
5.000153 209 10 10
5.000153 210 8 8
5.000153 211 10 10
5.000153 212 9 9
5.000153 213 8 8
5.000153 214 10 10
5.000153 215 9 9
5.000153 216 8 8
5.000153 217 10 10
5.000153 218 8 8
5.000153 219 9 9
5.000153 220 9 9
5.000153 221 9 9
5.000153 222 8 8
5.000153 223 11 11
5.000153 224 9 9
5.000153 225 10 10
5.000153 226 11 11
5.000153 227 9 9
5.000153 228 13 13
5.000153 229 10 10
5.000153 230 8 8
5.000153 231 8 8
5.000153 232 10 10
5.000153 233 8 8
5.000153 234 8 8
5.000153 235 8 8
5.000153 236 9 9
5.000153 237 7 7
5.000153 239 10 10
5.000153 240 8 8
5.000153 241 9 9
5.000153 242 8 8
5.000153 243 8 8
5.000153 244 9 9
5.000153 245 8 8
5.000153 246 11 11
5.000153 247 9 9
5.000153 249 8 8
5.000153 250 8 8
5.000153 251 8 8
5.000153 252 8 8
5.000153 253 8 8
5.000153 254 8 8
5.000153 255 11 11
5.000153 256 9 9
5.000153 257 9 9
5.000153 258 8 8
5.000153 259 8 8
5.000153 260 7 7
5.000153 262 10 10
5.000153 263 9 9
5.000153 264 8 8
5.000153 265 10 10
5.000153 266 12 12
5.000153 267 8 8
5.000153 268 9 9
5.000153 269 7 7
5.000153 270 3 3
5.000153 271 10 10
5.000153 272 8 8
5.000153 273 8 8
5.000153 274 10 10
5.000153 275 11 11
5.000153 276 13 13
5.000153 277 12 12
5.000153 278 11 11
5.000153 279 5 5
5.000153 280 8 8
5.000153 281 8 8
5.000153 282 8 8
5.000153 283 8 8
5.000153 285 8 8
5.000153 286 10 10
5.000153 287 8 8
5.000153 288 10 10
5.000153 289 11 11
5.000153 290 10 10
5.000153 291 9 9
5.000153 292 8 8
5.000153 293 8 8
5.000153 294 8 8
5.000153 295 7 7
5.000153 296 8 8
5.000153 297 8 8
5.000153 298 10 10
5.000153 299 8 8
5.000153 300 8 8
5.000153 301 9 9
5.000153 302 8 8
5.000153 303 10 10
5.000153 304 9 9
5.000153 305 8 8
5.000153 306 9 9
5.000153 307 8 8
5.000153 308 10 10
5.000153 309 9 9
5.000153 310 6 6
5.000153 311 8 8
5.000153 313 8 8
5.000153 314 8 8
5.000153 315 8 8
5.000153 316 10 10
5.000153 317 8 8
5.000153 319 9 9
5.000153 320 9 9
5.000153 321 9 9
5.000153 322 9 9
5.000153 323 8 8
5.000153 324 8 8
5.000153 325 9 9
5.000153 326 8 8
5.000153 327 8 8
5.000153 328 11 11
5.000153 329 8 8
5.000153 330 9 9
5.000153 332 9 9
5.000153 333 9 9
5.000153 334 10 10
5.000153 335 8 8
5.000153 336 8 8
5.000153 337 9 9
5.000153 338 10 10
5.000153 339 8 8
5.000153 340 8 8
5.000153 341 11 11
5.000153 342 8 8
5.000153 343 8 8
5.000153 344 8 8
5.000153 345 8 8
5.000153 346 9 9
5.000153 347 10 10
5.000153 348 8 8
5.000153 349 12 12
5.000153 350 11 11
5.000153 351 11 11
5.000153 352 9 9
5.000153 353 7 7
5.000153 354 8 8
5.000153 356 8 8
5.000153 357 10 10
5.000153 358 10 10
5.000153 359 8 8
5.000153 361 8 8
5.000153 362 8 8
5.000153 363 8 8
5.000153 364 9 9
5.000153 365 12 12
5.000153 366 8 8
5.000153 367 9 9
5.000153 368 7 7
5.000153 369 8 8
5.000153 370 9 9
5.000153 371 8 8
5.000153 372 8 8
5.000153 373 12 12
5.000153 374 11 11
5.000153 375 10 10
5.000153 376 8 8
5.000153 377 8 8
5.000153 378 8 8
5.000153 379 11 11
5.000153 380 8 8
5.000153 381 8 8
5.000153 382 10 10
5.000153 383 8 8
5.000153 384 8 8
5.000153 385 10 10
5.000153 387 3 3
5.000153 389 11 11
5.000153 390 9 9
5.000153 391 9 9
5.000153 393 9 9
5.000153 394 10 10
5.000153 395 10 10
5.000153 396 8 8
5.000153 397 8 8
5.000153 398 12 12
5.000153 399 11 11
5.000153 400 11 11
5.000153 402 11 11
5.000153 403 8 8
5.000153 404 10 10
5.000153 405 8 8
5.000153 406 8 8
5.000153 407 8 8
5.000153 410 11 11
5.000153 411 8 8
5.000153 412 10 10
5.000153 413 8 8
5.000153 414 3 3
5.000153 415 8 8
5.000153 417 9 9
5.000153 418 8 8
5.000153 419 12 12
5.000153 421 9 9
5.000153 423 9 9
5.000153 424 11 11
5.000153 425 8 8
5.000153 426 8 8
5.000153 428 14 14
5.000153 429 8 8
5.000153 430 10 10
5.000153 431 9 9
5.000153 432 7 7
5.000153 433 9 9
5.000153 434 8 8
5.000153 435 9 9
5.000153 436 9 9
5.000153 437 10 10
5.000153 438 10 10
5.000153 439 8 8
5.000153 440 9 9
5.000153 441 8 8
5.000153 442 8 8
5.000153 443 9 9
5.000153 444 9 9
5.000153 445 10 10
5.000153 446 9 9
5.000153 447 9 9
5.000153 448 8 8
5.000153 449 10 10
5.000153 450 8 8
5.000153 451 8 8
5.000153 452 11 11
5.000153 453 8 8
5.000153 454 12 12
5.000153 455 8 8
5.000153 456 9 9
5.000153 457 11 11
5.000153 458 8 8
5.000153 459 8 8
5.000153 460 10 10
5.000153 461 9 9
5.000153 462 11 11
5.000153 463 8 8
5.000153 464 8 8
5.000153 465 12 12
5.000153 466 9 9
5.000153 467 11 11
5.000153 468 8 8
5.000153 469 9 9
5.000153 470 8 8
5.000153 471 7 7
5.000153 472 9 9
5.000153 473 12 12
5.000153 474 8 8
5.000153 475 8 8
5.000153 476 10 10
5.000153 477 9 9
5.000153 478 9 9
5.000153 479 11 11
5.000153 480 11 11
5.000153 481 10 10
5.000153 482 11 11
5.000153 483 10 10
5.000153 484 10 10
5.000153 486 9 9
5.000153 487 9 9
5.000153 488 8 8
5.000153 489 9 9
5.000153 490 4 4
5.000153 491 12 12
5.000153 492 1 1
5.000153 493 9 9
5.000153 494 8 8
5.000153 495 11 11
5.000153 496 8 8
5.000153 497 8 8
5.000153 498 9 9
5.000153 499 8 8
5.000153 500 9 9
5.000153 501 10 10
5.000153 502 8 8
5.000153 503 11 11
5.000153 504 8 8
5.000153 505 8 8
5.000153 506 9 9
5.000153 507 8 8
5.000153 508 8 8
5.000153 509 11 11
5.000153 510 11 11
5.000153 511 8 8
5.000153 512 10 10
5.000153 513 8 8
5.000153 514 8 8
5.000153 515 9 9
5.000153 516 8 8
5.000153 517 10 10
5.000153 518 8 8
5.000153 519 8 8
5.000153 520 8 8
5.000153 521 9 9
5.000153 522 10 10
5.000153 523 9 9
5.000153 524 8 8
5.000153 525 8 8
5.000153 526 9 9
5.000153 527 8 8
5.000153 528 10 10
5.000153 529 9 9
5.000153 530 10 10
5.000153 531 8 8
5.000153 532 9 9
5.000153 533 12 12
5.000153 534 10 10
5.000153 535 10 10
5.000153 536 8 8
5.000153 537 8 8
5.000153 538 10 10
5.000153 539 8 8
5.000153 540 9 9
5.000153 541 11 11
5.000153 542 8 8
5.000153 543 8 8
5.000153 544 8 8
5.000153 545 8 8
5.000153 546 11 11
5.000153 547 6 6
5.000153 548 10 10
5.000153 549 8 8
6.000183 0 16 16
6.000183 1 15 15
6.000183 2 18 18
6.000183 3 14 14
6.000183 5 16 16
6.000183 7 16 16
6.000183 8 16 16
6.000183 10 16 16
6.000183 11 15 15
6.000183 12 15 15
6.000183 13 9 9
6.000183 14 15 15
6.000183 15 15 15
6.000183 21 15 15
6.000183 24 16 16
6.000183 25 15 15
6.000183 28 17 17
6.000183 29 16 16
6.000183 30 16 16
6.000183 32 12 12
6.000183 33 16 16
6.000183 35 14 14
6.000183 37 18 18
6.000183 38 12 12
6.000183 42 12 12
6.000183 47 17 17
6.000183 48 13 13
6.000183 49 11 11
6.000183 50 12 12
6.000183 51 12 12
6.000183 52 19 19
6.000183 55 19 19
6.000183 56 16 16
6.000183 58 14 14
6.000183 59 16 16
6.000183 62 15 15
6.000183 64 16 16
6.000183 65 15 15
6.000183 68 17 17
6.000183 69 14 14
6.000183 71 15 15
6.000183 72 16 16
6.000183 73 16 16
6.000183 74 14 14
6.000183 75 14 14
6.000183 76 15 15
6.000183 77 15 15
6.000183 78 3 3
6.000183 79 16 16
6.000183 80 16 16
6.000183 81 15 15
6.000183 82 12 12
6.000183 83 15 15
6.000183 84 16 16
6.000183 85 18 18
6.000183 86 18 18
6.000183 87 19 19
6.000183 88 14 14
6.000183 90 15 15
6.000183 93 16 16
6.000183 95 13 13
6.000183 97 15 15
6.000183 99 15 15
6.000183 100 16 16
6.000183 102 16 16
6.000183 103 13 13
6.000183 107 17 17
6.000183 108 20 20
6.000183 109 15 15
6.000183 110 1 1
6.000183 111 17 17
6.000183 112 16 16
6.000183 114 14 14
6.000183 115 17 17
6.000183 116 15 15
6.000183 117 16 16
6.000183 118 3 3
6.000183 120 16 16
6.000183 122 14 14
6.000183 123 17 17
6.000183 124 15 15
6.000183 127 17 17
6.000183 128 16 16
6.000183 129 16 16
6.000183 130 14 14
6.000183 134 15 15
6.000183 135 17 17
6.000183 136 17 17
6.000183 139 14 14
6.000183 142 15 15
6.000183 143 13 13
6.000183 144 13 13
6.000183 145 16 16
6.000183 147 17 17
6.000183 148 13 13
6.000183 149 18 18
6.000183 152 15 15
6.000183 153 14 14
6.000183 154 14 14
6.000183 155 16 16
6.000183 156 14 14
6.000183 157 16 16
6.000183 158 17 17
6.000183 159 12 12
6.000183 160 15 15
6.000183 161 15 15
6.000183 162 16 16
6.000183 163 15 15
6.000183 164 17 17
6.000183 165 13 13
6.000183 166 14 14
6.000183 167 15 15
6.000183 168 16 16
6.000183 169 12 12
6.000183 171 17 17
6.000183 172 16 16
6.000183 173 16 16
6.000183 174 16 16
6.000183 175 16 16
6.000183 176 15 15
6.000183 177 14 14
6.000183 178 16 16
6.000183 179 15 15
6.000183 180 18 18
6.000183 181 14 14
6.000183 182 14 14
6.000183 183 12 12
6.000183 184 14 14
6.000183 185 16 16
6.000183 186 15 15
6.000183 187 18 18
6.000183 191 14 14
6.000183 192 18 18
6.000183 194 1 1
6.000183 195 14 14
6.000183 197 18 18
6.000183 200 15 15
6.000183 202 14 14
6.000183 204 17 17
6.000183 205 14 14
6.000183 206 15 15
6.000183 208 16 16
6.000183 211 16 16
6.000183 212 5 5
6.000183 213 6 6
6.000183 214 16 16
6.000183 215 14 14
6.000183 216 14 14
6.000183 217 14 14
6.000183 218 13 13
6.000183 219 14 14
6.000183 220 15 15
6.000183 222 16 16
6.000183 223 19 19
6.000183 225 16 16
6.000183 226 17 17
6.000183 227 16 16
6.000183 228 18 18
6.000183 229 17 17
6.000183 230 13 13
6.000183 231 14 14
6.000183 232 15 15
6.000183 233 16 16
6.000183 234 13 13
6.000183 235 2 2
6.000183 236 17 17
6.000183 239 17 17
6.000183 240 15 15
6.000183 241 8 8
6.000183 243 11 11
6.000183 244 15 15
6.000183 245 11 11
6.000183 246 17 17
6.000183 247 11 11
6.000183 249 16 16
6.000183 250 14 14
6.000183 251 16 16
6.000183 252 14 14
6.000183 253 13 13
6.000183 254 16 16
6.000183 256 16 16
6.000183 257 17 17
6.000183 258 15 15
6.000183 259 16 16
6.000183 260 13 13
6.000183 262 16 16
6.000183 263 16 16
6.000183 264 16 16
6.000183 265 17 17
6.000183 266 17 17
6.000183 267 12 12
6.000183 268 16 16
6.000183 274 17 17
6.000183 275 17 17
6.000183 278 16 16
6.000183 280 13 13
6.000183 282 16 16
6.000183 283 16 16
6.000183 285 12 12
6.000183 287 15 15
6.000183 288 16 16
6.000183 289 10 10
6.000183 291 15 15
6.000183 292 15 15
6.000183 293 15 15
6.000183 294 16 16
6.000183 295 12 12
6.000183 296 12 12
6.000183 297 15 15
6.000183 299 12 12
6.000183 300 7 7
6.000183 301 15 15
6.000183 302 13 13
6.000183 303 16 16
6.000183 304 15 15
6.000183 305 16 16
6.000183 307 16 16
6.000183 309 16 16
6.000183 313 15 15
6.000183 314 14 14
6.000183 315 16 16
6.000183 316 16 16
6.000183 319 13 13
6.000183 321 16 16
6.000183 322 17 17
6.000183 324 16 16
6.000183 325 10 10
6.000183 326 14 14
6.000183 327 14 14
6.000183 328 18 18
6.000183 329 14 14
6.000183 332 16 16
6.000183 333 16 16
6.000183 335 12 12
6.000183 336 13 13
6.000183 337 16 16
6.000183 338 21 21
6.000183 339 16 16
6.000183 340 14 14
6.000183 341 16 16
6.000183 343 11 11
6.000183 344 7 7
6.000183 345 15 15
6.000183 347 16 16
6.000183 349 17 17
6.000183 350 17 17
6.000183 351 18 18
6.000183 352 15 15
6.000183 353 14 14
6.000183 356 15 15
6.000183 357 15 15
6.000183 358 14 14
6.000183 361 15 15
6.000183 362 16 16
6.000183 363 14 14
6.000183 364 15 15
6.000183 365 18 18
6.000183 367 13 13
6.000183 368 7 7
6.000183 369 15 15
6.000183 370 16 16
6.000183 371 10 10
6.000183 372 16 16
6.000183 373 16 16
6.000183 374 15 15
6.000183 375 17 17
6.000183 376 14 14
6.000183 378 14 14
6.000183 381 14 14
6.000183 382 13 13
6.000183 383 13 13
6.000183 384 16 16
6.000183 385 15 15
6.000183 389 16 16
6.000183 390 17 17
6.000183 391 15 15
6.000183 396 16 16
6.000183 397 14 14
6.000183 399 16 16
6.000183 400 14 14
6.000183 403 14 14
6.000183 404 15 15
6.000183 405 12 12
6.000183 406 15 15
6.000183 410 17 17
6.000183 411 15 15
6.000183 415 16 16
6.000183 417 15 15
6.000183 419 18 18
6.000183 421 15 15
6.000183 423 17 17
6.000183 424 17 17
6.000183 425 13 13
6.000183 426 15 15
6.000183 429 15 15
6.000183 430 19 19
6.000183 431 16 16
6.000183 432 11 11
6.000183 433 16 16
6.000183 434 16 16
6.000183 435 16 16
6.000183 436 9 9
6.000183 437 17 17
6.000183 438 15 15
6.000183 439 15 15
6.000183 440 1 1
6.000183 441 13 13
6.000183 442 12 12
6.000183 443 4 4
6.000183 444 14 14
6.000183 445 17 17
6.000183 446 12 12
6.000183 447 16 16
6.000183 449 17 17
6.000183 450 15 15
6.000183 451 16 16
6.000183 452 18 18
6.000183 454 18 18
6.000183 455 15 15
6.000183 456 15 15
6.000183 457 16 16
6.000183 458 16 16
6.000183 459 14 14
6.000183 460 17 17
6.000183 462 16 16
6.000183 463 15 15
6.000183 466 15 15
6.000183 467 14 14
6.000183 468 14 14
6.000183 472 15 15
6.000183 473 15 15
6.000183 475 16 16
6.000183 476 16 16
6.000183 477 16 16
6.000183 478 15 15
6.000183 479 18 18
6.000183 480 19 19
6.000183 481 16 16
6.000183 482 18 18
6.000183 483 16 16
6.000183 484 17 17
6.000183 486 16 16
6.000183 487 16 16
6.000183 488 2 2
6.000183 491 16 16
6.000183 494 2 2
6.000183 496 16 16
6.000183 497 7 7
6.000183 498 15 15
6.000183 499 16 16
6.000183 501 17 17
6.000183 502 16 16
6.000183 503 16 16
6.000183 504 16 16
6.000183 505 15 15
6.000183 506 15 15
6.000183 507 16 16
6.000183 508 15 15
6.000183 509 18 18
6.000183 510 15 15
6.000183 511 15 15
6.000183 512 17 17
6.000183 513 14 14
6.000183 514 14 14
6.000183 515 16 16
6.000183 517 18 18
6.000183 518 15 15
6.000183 519 15 15
6.000183 521 16 16
6.000183 522 16 16
6.000183 523 15 15
6.000183 524 13 13
6.000183 527 12 12
6.000183 529 14 14
6.000183 530 16 16
6.000183 531 15 15
6.000183 532 16 16
6.000183 533 18 18
6.000183 534 16 16
6.000183 536 14 14
6.000183 538 17 17
6.000183 539 12 12
6.000183 540 16 16
6.000183 541 15 15
6.000183 542 14 14
6.000183 544 1 1
6.000183 545 15 15
6.000183 546 17 17
6.000183 548 17 17
6.000183 549 14 14
7.000214 0 24 24
7.000214 1 24 24
7.000214 3 23 23
7.000214 5 28 28
7.000214 10 28 28
7.000214 11 21 21
7.000214 12 11 11
7.000214 14 19 19
7.000214 21 23 23
7.000214 24 27 27
7.000214 30 25 25
7.000214 32 19 19
7.000214 33 24 24
7.000214 37 28 28
7.000214 38 16 16
7.000214 47 26 26
7.000214 49 21 21
7.000214 51 17 17
7.000214 52 27 27
7.000214 55 32 32
7.000214 56 27 27
7.000214 58 17 17
7.000214 59 29 29
7.000214 62 27 27
7.000214 65 6 6
7.000214 68 24 24
7.000214 69 2 2
7.000214 72 26 26
7.000214 73 26 26
7.000214 74 23 23
7.000214 76 25 25
7.000214 80 24 24
7.000214 86 32 32
7.000214 87 32 32
7.000214 90 24 24
7.000214 95 21 21
7.000214 97 26 26
7.000214 99 22 22
7.000214 102 19 19
7.000214 108 32 32
7.000214 109 24 24
7.000214 111 6 6
7.000214 112 24 24
7.000214 114 23 23
7.000214 115 28 28
7.000214 116 27 27
7.000214 117 25 25
7.000214 120 3 3
7.000214 122 17 17
7.000214 124 1 1
7.000214 127 29 29
7.000214 128 24 24
7.000214 129 31 31
7.000214 130 22 22
7.000214 134 26 26
7.000214 135 29 29
7.000214 136 29 29
7.000214 142 22 22
7.000214 143 20 20
7.000214 145 24 24
7.000214 147 22 22
7.000214 148 20 20
7.000214 149 27 27
7.000214 153 23 23
7.000214 154 18 18
7.000214 155 21 21
7.000214 156 22 22
7.000214 157 23 23
7.000214 158 27 27
7.000214 160 22 22
7.000214 162 17 17
7.000214 165 22 22
7.000214 166 24 24
7.000214 167 21 21
7.000214 168 26 26
7.000214 169 16 16
7.000214 171 25 25
7.000214 172 24 24
7.000214 173 7 7
7.000214 174 26 26
7.000214 176 28 28
7.000214 177 20 20
7.000214 178 26 26
7.000214 180 10 10
7.000214 181 10 10
7.000214 182 21 21
7.000214 183 23 23
7.000214 185 23 23
7.000214 186 25 25
7.000214 187 29 29
7.000214 191 25 25
7.000214 192 29 29
7.000214 195 21 21
7.000214 197 32 32
7.000214 202 22 22
7.000214 205 23 23
7.000214 206 20 20
7.000214 215 22 22
7.000214 217 23 23
7.000214 218 22 22
7.000214 219 23 23
7.000214 223 30 30
7.000214 225 23 23
7.000214 226 25 25
7.000214 227 26 26
7.000214 228 30 30
7.000214 229 29 29
7.000214 231 19 19
7.000214 232 23 23
7.000214 233 23 23
7.000214 234 19 19
7.000214 236 28 28
7.000214 244 17 17
7.000214 246 28 28
7.000214 249 21 21
7.000214 250 21 21
7.000214 251 26 26
7.000214 253 18 18
7.000214 254 26 26
7.000214 257 28 28
7.000214 258 24 24
7.000214 259 26 26
7.000214 262 26 26
7.000214 264 20 20
7.000214 265 26 26
7.000214 266 8 8
7.000214 268 30 30
7.000214 274 24 24
7.000214 275 29 29
7.000214 278 29 29
7.000214 280 5 5
7.000214 282 24 24
7.000214 285 18 18
7.000214 288 26 26
7.000214 291 10 10
7.000214 292 18 18
7.000214 294 27 27
7.000214 295 18 18
7.000214 296 23 23
7.000214 299 17 17
7.000214 302 23 23
7.000214 303 26 26
7.000214 304 23 23
7.000214 307 25 25
7.000214 309 2 2
7.000214 314 2 2
7.000214 315 22 22
7.000214 316 24 24
7.000214 319 20 20
7.000214 321 23 23
7.000214 322 29 29
7.000214 324 22 22
7.000214 326 12 12
7.000214 327 1 1
7.000214 332 24 24
7.000214 336 20 20
7.000214 337 22 22
7.000214 338 29 29
7.000214 339 22 22
7.000214 340 20 20
7.000214 345 24 24
7.000214 349 7 7
7.000214 350 26 26
7.000214 351 30 30
7.000214 352 21 21
7.000214 356 19 19
7.000214 357 26 26
7.000214 358 23 23
7.000214 361 19 19
7.000214 363 20 20
7.000214 365 25 25
7.000214 367 6 6
7.000214 369 26 26
7.000214 372 28 28
7.000214 374 21 21
7.000214 376 24 24
7.000214 378 26 26
7.000214 381 24 24
7.000214 383 20 20
7.000214 384 27 27
7.000214 385 9 9
7.000214 389 28 28
7.000214 391 24 24
7.000214 396 23 23
7.000214 397 23 23
7.000214 400 24 24
7.000214 403 22 22
7.000214 404 23 23
7.000214 405 19 19
7.000214 406 11 11
7.000214 411 21 21
7.000214 415 21 21
7.000214 419 28 28
7.000214 421 18 18
7.000214 424 29 29
7.000214 425 19 19
7.000214 430 21 21
7.000214 431 28 28
7.000214 432 19 19
7.000214 433 26 26
7.000214 435 25 25
7.000214 437 27 27
7.000214 438 21 21
7.000214 439 23 23
7.000214 441 22 22
7.000214 442 2 2
7.000214 444 21 21
7.000214 445 29 29
7.000214 446 23 23
7.000214 447 26 26
7.000214 450 2 2
7.000214 452 25 25
7.000214 454 29 29
7.000214 455 22 22
7.000214 456 22 22
7.000214 458 22 22
7.000214 460 26 26
7.000214 462 26 26
7.000214 463 20 20
7.000214 466 27 27
7.000214 468 24 24
7.000214 472 22 22
7.000214 473 24 24
7.000214 475 25 25
7.000214 479 32 32
7.000214 480 28 28
7.000214 481 26 26
7.000214 484 19 19
7.000214 486 28 28
7.000214 487 28 28
7.000214 496 22 22
7.000214 499 27 27
7.000214 501 28 28
7.000214 502 26 26
7.000214 503 29 29
7.000214 504 20 20
7.000214 505 22 22
7.000214 506 24 24
7.000214 507 27 27
7.000214 509 28 28
7.000214 511 25 25
7.000214 513 20 20
7.000214 514 21 21
7.000214 515 24 24
7.000214 517 12 12
7.000214 519 28 28
7.000214 521 23 23
7.000214 522 26 26
7.000214 523 23 23
7.000214 524 16 16
7.000214 527 18 18
7.000214 529 22 22
7.000214 532 21 21
7.000214 534 23 23
7.000214 536 24 24
7.000214 538 27 27
7.000214 540 23 23
7.000214 542 22 22
7.000214 545 22 22
7.000214 546 28 28
7.000214 548 11 11
7.000214 549 19 19
8.000244 0 9 9
8.000244 1 34 34
8.000244 3 28 28
8.000244 5 37 37
8.000244 10 38 38
8.000244 24 39 39
8.000244 33 34 34
8.000244 47 35 35
8.000244 49 30 30
8.000244 51 30 30
8.000244 55 48 48
8.000244 62 33 33
8.000244 68 11 11
8.000244 72 40 40
8.000244 74 35 35
8.000244 80 37 37
8.000244 86 46 46
8.000244 87 58 58
8.000244 90 8 8
8.000244 95 32 32
8.000244 97 42 42
8.000244 99 32 32
8.000244 102 34 34
8.000244 108 47 47
8.000244 109 32 32
8.000244 112 30 30
8.000244 114 33 33
8.000244 115 43 43
8.000244 116 35 35
8.000244 117 38 38
8.000244 127 43 43
8.000244 128 15 15
8.000244 129 5 5
8.000244 130 39 39
8.000244 135 16 16
8.000244 136 47 47
8.000244 142 35 35
8.000244 143 34 34
8.000244 148 32 32
8.000244 149 46 46
8.000244 153 33 33
8.000244 154 32 32
8.000244 155 39 39
8.000244 156 34 34
8.000244 157 38 38
8.000244 158 34 34
8.000244 160 35 35
8.000244 166 37 37
8.000244 168 43 43
8.000244 171 42 42
8.000244 172 26 26
8.000244 174 41 41
8.000244 176 43 43
8.000244 177 22 22
8.000244 182 35 35
8.000244 183 32 32
8.000244 185 40 40
8.000244 186 36 36
8.000244 191 40 40
8.000244 192 29 29
8.000244 195 21 21
8.000244 197 47 47
8.000244 202 19 19
8.000244 206 34 34
8.000244 215 32 32
8.000244 217 39 39
8.000244 218 33 33
8.000244 219 33 33
8.000244 223 7 7
8.000244 225 22 22
8.000244 226 41 41
8.000244 227 36 36
8.000244 228 49 49
8.000244 229 43 43
8.000244 231 1 1
8.000244 232 36 36
8.000244 234 32 32
8.000244 236 42 42
8.000244 249 33 33
8.000244 250 4 4
8.000244 251 38 38
8.000244 254 7 7
8.000244 257 12 12
8.000244 258 33 33
8.000244 259 42 42
8.000244 262 43 43
8.000244 264 32 32
8.000244 265 41 41
8.000244 268 39 39
8.000244 274 42 42
8.000244 275 22 22
8.000244 278 43 43
8.000244 288 5 5
8.000244 292 32 32
8.000244 295 30 30
8.000244 296 29 29
8.000244 299 31 31
8.000244 302 32 32
8.000244 303 41 41
8.000244 315 36 36
8.000244 316 41 41
8.000244 321 36 36
8.000244 324 36 36
8.000244 332 31 31
8.000244 337 35 35
8.000244 338 49 49
8.000244 339 36 36
8.000244 345 36 36
8.000244 350 43 43
8.000244 351 25 25
8.000244 352 33 33
8.000244 356 32 32
8.000244 357 42 42
8.000244 361 32 32
8.000244 363 33 33
8.000244 372 38 38
8.000244 378 40 40
8.000244 381 35 35
8.000244 383 29 29
8.000244 384 38 38
8.000244 396 35 35
8.000244 397 36 36
8.000244 403 34 34
8.000244 404 6 6
8.000244 411 32 32
8.000244 415 33 33
8.000244 419 8 8
8.000244 424 44 44
8.000244 425 30 30
8.000244 431 34 34
8.000244 432 30 30
8.000244 433 39 39
8.000244 435 34 34
8.000244 437 43 43
8.000244 438 1 1
8.000244 441 33 33
8.000244 444 35 35
8.000244 445 37 37
8.000244 446 40 40
8.000244 447 39 39
8.000244 452 41 41
8.000244 454 46 46
8.000244 455 34 34
8.000244 458 36 36
8.000244 460 42 42
8.000244 466 27 27
8.000244 468 4 4
8.000244 472 35 35
8.000244 473 4 4
8.000244 479 43 43
8.000244 480 41 41
8.000244 486 41 41
8.000244 496 34 34
8.000244 499 27 27
8.000244 501 3 3
8.000244 502 40 40
8.000244 504 4 4
8.000244 505 36 36
8.000244 506 36 36
8.000244 507 28 28
8.000244 509 40 40
8.000244 511 33 33
8.000244 513 30 30
8.000244 519 40 40
8.000244 522 40 40
8.000244 523 37 37
8.000244 524 32 32
8.000244 529 31 31
8.000244 532 36 36
8.000244 534 39 39
8.000244 538 34 34
8.000244 540 39 39
8.000244 542 5 5
8.000244 545 36 36
8.000244 549 33 33
9.000275 1 59 59
9.000275 5 62 62
9.000275 10 2 2
9.000275 24 42 42
9.000275 49 50 50
9.000275 51 50 50
9.000275 55 77 77
9.000275 72 62 62
9.000275 74 58 58
9.000275 86 37 37
9.000275 87 54 54
9.000275 95 11 11
9.000275 97 62 62
9.000275 99 56 56
9.000275 102 56 56
9.000275 109 54 54
9.000275 114 60 60
9.000275 116 58 58
9.000275 127 64 64
9.000275 130 61 61
9.000275 136 38 38
9.000275 142 58 58
9.000275 143 51 51
9.000275 148 15 15
9.000275 153 2 2
9.000275 154 50 50
9.000275 155 62 62
9.000275 156 56 56
9.000275 157 61 61
9.000275 160 61 61
9.000275 166 60 60
9.000275 168 14 14
9.000275 171 59 59
9.000275 176 5 5
9.000275 182 38 38
9.000275 183 48 48
9.000275 185 60 60
9.000275 186 63 63
9.000275 191 31 31
9.000275 197 76 76
9.000275 206 56 56
9.000275 215 52 52
9.000275 218 55 55
9.000275 219 57 57
9.000275 226 63 63
9.000275 227 62 62
9.000275 228 74 74
9.000275 229 72 72
9.000275 232 54 54
9.000275 234 53 53
9.000275 236 71 71
9.000275 249 57 57
9.000275 251 64 64
9.000275 258 57 57
9.000275 259 66 66
9.000275 262 64 64
9.000275 265 70 70
9.000275 268 68 68
9.000275 274 63 63
9.000275 278 68 68
9.000275 292 17 17
9.000275 295 15 15
9.000275 299 47 47
9.000275 302 54 54
9.000275 315 62 62
9.000275 316 63 63
9.000275 321 41 41
9.000275 324 54 54
9.000275 338 79 79
9.000275 339 59 59
9.000275 345 1 1
9.000275 352 61 61
9.000275 356 13 13
9.000275 357 42 42
9.000275 361 59 59
9.000275 363 56 56
9.000275 372 66 66
9.000275 378 45 45
9.000275 381 56 56
9.000275 383 22 22
9.000275 384 65 65
9.000275 396 59 59
9.000275 397 39 39
9.000275 403 59 59
9.000275 415 60 60
9.000275 424 11 11
9.000275 425 45 45
9.000275 431 29 29
9.000275 432 46 46
9.000275 433 48 48
9.000275 435 66 66
9.000275 437 66 66
9.000275 444 45 45
9.000275 446 57 57
9.000275 447 4 4
9.000275 452 66 66
9.000275 454 27 27
9.000275 455 56 56
9.000275 458 59 59
9.000275 460 67 67
9.000275 472 61 61
9.000275 479 55 55
9.000275 480 61 61
9.000275 486 66 66
9.000275 502 63 63
9.000275 505 60 60
9.000275 506 56 56
9.000275 509 26 26
9.000275 511 62 62
9.000275 519 57 57
9.000275 524 47 47
9.000275 532 62 62
9.000275 534 16 16
9.000275 540 61 61
9.000275 545 58 58
9.000275 549 6 6
10.000305 1 25 25
10.000305 5 38 38
10.000305 49 79 79
10.000305 51 66 66
10.000305 55 116 116
10.000305 72 103 103
10.000305 74 97 97
10.000305 87 4 4
10.000305 97 8 8
10.000305 99 4 4
10.000305 102 85 85
10.000305 109 87 87
10.000305 114 72 72
10.000305 116 29 29
10.000305 130 56 56
10.000305 142 91 91
10.000305 143 84 84
10.000305 154 14 14
10.000305 155 87 87
10.000305 156 43 43
10.000305 157 100 100
10.000305 160 83 83
10.000305 171 5 5
10.000305 182 17 17
10.000305 185 102 102
10.000305 186 95 95
10.000305 197 124 124
10.000305 206 83 83
10.000305 215 40 40
10.000305 219 90 90
10.000305 226 106 106
10.000305 227 90 90
10.000305 228 107 107
10.000305 229 113 113
10.000305 232 93 93
10.000305 234 85 85
10.000305 236 114 114
10.000305 249 71 71
10.000305 251 64 64
10.000305 258 97 97
10.000305 259 60 60
10.000305 262 89 89
10.000305 265 105 105
10.000305 268 103 103
10.000305 274 1 1
10.000305 278 113 113
10.000305 299 45 45
10.000305 302 90 90
10.000305 315 8 8
10.000305 316 22 22
10.000305 321 5 5
10.000305 324 21 21
10.000305 338 122 122
10.000305 339 87 87
10.000305 352 94 94
10.000305 361 89 89
10.000305 363 82 82
10.000305 372 60 60
10.000305 378 3 3
10.000305 381 97 97
10.000305 384 104 104
10.000305 396 93 93
10.000305 403 15 15
10.000305 415 81 81
10.000305 425 75 75
10.000305 432 32 32
10.000305 435 97 97
10.000305 437 111 111
10.000305 446 92 92
10.000305 452 104 104
10.000305 455 45 45
10.000305 458 94 94
10.000305 460 37 37
10.000305 472 97 97
10.000305 486 23 23
10.000305 502 69 69
10.000305 505 98 98
10.000305 506 92 92
10.000305 511 86 86
10.000305 524 42 42
10.000305 532 91 91
10.000305 540 73 73
10.000305 545 93 93
11.000336 49 118 118
11.000336 51 48 48
11.000336 55 111 111
11.000336 72 162 162
11.000336 74 130 130
11.000336 102 122 122
11.000336 109 100 100
11.000336 114 6 6
11.000336 116 6 6
11.000336 130 32 32
11.000336 142 24 24
11.000336 143 136 136
11.000336 155 98 98
11.000336 156 5 5
11.000336 157 21 21
11.000336 160 26 26
11.000336 185 161 161
11.000336 186 142 142
11.000336 197 156 156
11.000336 206 129 129
11.000336 215 20 20
11.000336 219 143 143
11.000336 226 164 164
11.000336 227 42 42
11.000336 228 85 85
11.000336 229 134 134
11.000336 232 63 63
11.000336 234 98 98
11.000336 236 150 150
11.000336 249 15 15
11.000336 258 41 41
11.000336 259 8 8
11.000336 262 26 26
11.000336 265 65 65
11.000336 268 78 78
11.000336 278 178 178
11.000336 299 3 3
11.000336 302 142 142
11.000336 338 160 160
11.000336 339 147 147
11.000336 352 142 142
11.000336 361 92 92
11.000336 363 128 128
11.000336 372 6 6
11.000336 381 146 146
11.000336 384 117 117
11.000336 396 104 104
11.000336 415 63 63
11.000336 425 114 114
11.000336 432 7 7
11.000336 435 112 112
11.000336 437 171 171
11.000336 446 73 73
11.000336 452 149 149
11.000336 455 4 4
11.000336 458 140 140
11.000336 472 35 35
11.000336 502 43 43
11.000336 505 146 146
11.000336 506 144 144
11.000336 511 73 73
11.000336 524 8 8
11.000336 532 146 146
11.000336 545 146 146
12.000366 49 136 136
12.000366 51 5 5
12.000366 55 119 119
12.000366 72 192 192
12.000366 74 110 110
12.000366 102 169 169
12.000366 109 86 86
12.000366 142 13 13
12.000366 143 206 206
12.000366 185 247 247
12.000366 186 249 249
12.000366 197 69 69
12.000366 206 85 85
12.000366 219 219 219
12.000366 226 136 136
12.000366 227 21 21
12.000366 228 87 87
12.000366 229 109 109
12.000366 232 67 67
12.000366 234 55 55
12.000366 236 129 129
12.000366 249 9 9
12.000366 258 8 8
12.000366 262 1 1
12.000366 265 48 48
12.000366 268 26 26
12.000366 278 240 240
12.000366 302 220 220
12.000366 338 112 112
12.000366 339 239 239
12.000366 352 123 123
12.000366 361 67 67
12.000366 363 220 220
12.000366 381 190 190
12.000366 384 109 109
12.000366 396 32 32
12.000366 425 126 126
12.000366 435 85 85
12.000366 437 259 259
12.000366 446 67 67
12.000366 452 180 180
12.000366 458 181 181
12.000366 505 199 199
12.000366 506 231 231
12.000366 511 29 29
12.000366 532 196 196
12.000366 545 178 178
13.000397 49 88 88
13.000397 55 55 55
13.000397 72 235 235
13.000397 74 50 50
13.000397 102 171 171
13.000397 109 17 17
13.000397 143 273 273
13.000397 185 364 364
13.000397 186 394 394
13.000397 206 19 19
13.000397 219 282 282
13.000397 226 145 145
13.000397 228 32 32
13.000397 229 75 75
13.000397 232 47 47
13.000397 234 63 63
13.000397 236 139 139
13.000397 278 255 255
13.000397 302 296 296
13.000397 338 122 122
13.000397 339 300 300
13.000397 352 22 22
13.000397 361 46 46
13.000397 363 312 312
13.000397 381 211 211
13.000397 384 134 134
13.000397 425 130 130
13.000397 435 28 28
13.000397 437 359 359
13.000397 446 19 19
13.000397 452 187 187
13.000397 458 157 157
13.000397 505 242 242
13.000397 506 272 272
13.000397 532 174 174
13.000397 545 186 186
14.000427 49 46 46
14.000427 55 28 28
14.000427 72 290 290
14.000427 74 15 15
14.000427 102 103 103
14.000427 143 344 344
14.000427 185 446 446
14.000427 186 558 558
14.000427 206 1 1
14.000427 219 302 302
14.000427 226 150 150
14.000427 228 3 3
14.000427 229 36 36
14.000427 232 46 46
14.000427 234 75 75
14.000427 236 113 113
14.000427 278 238 238
14.000427 302 378 378
14.000427 338 57 57
14.000427 339 361 361
14.000427 352 4 4
14.000427 361 27 27
14.000427 363 462 462
14.000427 381 216 216
14.000427 384 93 93
14.000427 425 117 117
14.000427 437 399 399
14.000427 446 6 6
14.000427 452 165 165
14.000427 458 126 126
14.000427 505 194 194
14.000427 506 192 192
14.000427 532 74 74
14.000427 545 173 173
15.000458 49 6 6
15.000458 55 12 12
15.000458 72 314 314
15.000458 102 62 62
15.000458 143 469 469
15.000458 185 521 521
15.000458 186 675 675
15.000458 219 321 321
15.000458 226 72 72
15.000458 229 25 25
15.000458 232 24 24
15.000458 234 55 55
15.000458 236 87 87
15.000458 278 260 260
15.000458 302 404 404
15.000458 338 17 17
15.000458 339 445 445
15.000458 361 20 20
15.000458 363 591 591
15.000458 381 237 237
15.000458 384 48 48
15.000458 425 99 99
15.000458 437 427 427
15.000458 452 148 148
15.000458 458 59 59
15.000458 505 141 141
15.000458 506 136 136
15.000458 532 26 26
15.000458 545 152 152
16.000488 72 375 375
16.000488 102 10 10
16.000488 143 522 522
16.000488 185 529 529
16.000488 186 766 766
16.000488 219 259 259
16.000488 226 12 12
16.000488 229 11 11
16.000488 234 68 68
16.000488 236 63 63
16.000488 278 240 240
16.000488 302 449 449
16.000488 338 15 15
16.000488 339 513 513
16.000488 361 3 3
16.000488 363 613 613
16.000488 381 269 269
16.000488 384 46 46
16.000488 425 81 81
16.000488 437 472 472
16.000488 452 125 125
16.000488 458 42 42
16.000488 505 118 118
16.000488 506 124 124
16.000488 532 8 8
16.000488 545 142 142
17.000519 72 350 350
17.000519 143 596 596
17.000519 185 500 500
17.000519 186 819 819
17.000519 219 251 251
17.000519 234 93 93
17.000519 236 36 36
17.000519 278 192 192
17.000519 302 429 429
17.000519 339 575 575
17.000519 363 589 589
17.000519 381 280 280
17.000519 384 18 18
17.000519 425 82 82
17.000519 437 549 549
17.000519 452 124 124
17.000519 458 36 36
17.000519 505 124 124
17.000519 506 119 119
17.000519 532 8 8
17.000519 545 145 145
18.000549 72 332 332
18.000549 143 723 723
18.000549 185 434 434
18.000549 186 811 811
18.000549 219 224 224
18.000549 234 64 64
18.000549 236 32 32
18.000549 278 249 249
18.000549 302 381 381
18.000549 339 556 556
18.000549 363 641 641
18.000549 381 261 261
18.000549 425 47 47
18.000549 437 688 688
18.000549 452 152 152
18.000549 458 4 4
18.000549 505 54 54
18.000549 506 91 91
18.000549 545 137 137
19.000580 72 328 328
19.000580 143 754 754
19.000580 185 416 416
19.000580 186 783 783
19.000580 219 253 253
19.000580 234 37 37
19.000580 236 28 28
19.000580 278 275 275
19.000580 302 406 406
19.000580 339 533 533
19.000580 363 639 639
19.000580 381 262 262
19.000580 425 10 10
19.000580 437 712 712
19.000580 452 161 161
19.000580 505 35 35
19.000580 506 60 60
19.000580 545 125 125
20.000610 72 373 373
20.000610 143 817 817
20.000610 185 363 363
20.000610 186 660 660
20.000610 219 260 260
20.000610 234 23 23
20.000610 236 19 19
20.000610 278 319 319
20.000610 302 423 423
20.000610 339 561 561
20.000610 363 675 675
20.000610 381 281 281
20.000610 437 781 781
20.000610 452 173 173
20.000610 505 28 28
20.000610 506 30 30
20.000610 545 136 136
21.000641 72 262 262
21.000641 143 859 859
21.000641 185 331 331
21.000641 186 566 566
21.000641 219 296 296
21.000641 278 343 343
21.000641 302 459 459
21.000641 339 559 559
21.000641 363 734 734
21.000641 381 261 261
21.000641 437 859 859
21.000641 452 202 202
21.000641 505 14 14
21.000641 545 137 137
22.000671 72 185 185
22.000671 143 801 801
22.000671 185 306 306
22.000671 186 583 583
22.000671 219 331 331
22.000671 278 373 373
22.000671 302 508 508
22.000671 339 622 622
22.000671 363 676 676
22.000671 381 238 238
22.000671 437 882 882
22.000671 452 218 218
22.000671 545 133 133
23.000702 72 163 163
23.000702 143 752 752
23.000702 185 397 397
23.000702 186 572 572
23.000702 219 319 319
23.000702 278 383 383
23.000702 302 586 586
23.000702 339 646 646
23.000702 363 711 711
23.000702 381 241 241
23.000702 437 765 765
23.000702 452 242 242
23.000702 545 116 116
24.000732 72 191 191
24.000732 143 783 783
24.000732 185 377 377
24.000732 186 593 593
24.000732 219 217 217
24.000732 278 379 379
24.000732 302 622 622
24.000732 339 689 689
24.000732 363 674 674
24.000732 381 255 255
24.000732 437 728 728
24.000732 452 276 276
24.000732 545 96 96
25.000763 72 217 217
25.000763 143 817 817
25.000763 185 341 341
25.000763 186 564 564
25.000763 219 100 100
25.000763 278 400 400
25.000763 302 647 647
25.000763 339 779 779
25.000763 363 642 642
25.000763 381 275 275
25.000763 437 757 757
25.000763 452 265 265
25.000763 545 83 83
26.000793 72 270 270
26.000793 143 785 785
26.000793 185 285 285
26.000793 186 465 465
26.000793 219 71 71
26.000793 278 450 450
26.000793 302 698 698
26.000793 339 835 835
26.000793 363 590 590
26.000793 381 283 283
26.000793 437 767 767
26.000793 452 298 298
26.000793 545 63 63
27.000824 72 352 352
27.000824 143 843 843
27.000824 185 240 240
27.000824 186 394 394
27.000824 219 29 29
27.000824 278 448 448
27.000824 302 745 745
27.000824 339 852 852
27.000824 363 596 596
27.000824 381 239 239
27.000824 437 760 760
27.000824 452 336 336
27.000824 545 50 50
28.000854 72 467 467
28.000854 143 948 948
28.000854 185 268 268
28.000854 186 308 308
28.000854 219 30 30
28.000854 278 497 497
28.000854 302 650 650
28.000854 339 777 777
28.000854 363 606 606
28.000854 381 245 245
28.000854 437 656 656
28.000854 452 354 354
28.000854 545 56 56
29.000885 72 550 550
29.000885 143 957 957
29.000885 185 309 309
29.000885 186 294 294
29.000885 219 28 28
29.000885 278 477 477
29.000885 302 672 672
29.000885 339 630 630
29.000885 363 699 699
29.000885 381 253 253
29.000885 437 611 611
29.000885 452 340 340
29.000885 545 46 46
30.000916 72 614 614
30.000916 143 1082 1082
30.000916 185 252 252
30.000916 186 239 239
30.000916 219 16 16
30.000916 278 453 453
30.000916 302 636 636
30.000916 339 609 609
30.000916 363 677 677
30.000916 381 319 319
30.000916 437 620 620
30.000916 452 340 340
30.000916 545 35 35
31.000946 72 626 626
31.000946 143 1179 1179
31.000946 185 208 208
31.000946 186 114 114
31.000946 278 473 473
31.000946 302 617 617
31.000946 339 601 601
31.000946 363 611 611
31.000946 381 343 343
31.000946 437 720 720
31.000946 452 328 328
31.000946 545 53 53
32.000977 72 608 608
32.000977 143 1188 1188
32.000977 185 250 250
32.000977 186 55 55
32.000977 278 476 476
32.000977 302 570 570
32.000977 339 638 638
32.000977 363 623 623
32.000977 381 305 305
32.000977 437 719 719
32.000977 452 353 353
32.000977 545 69 69
33.001007 72 597 597
33.001007 143 1267 1267
33.001007 185 243 243
33.001007 186 41 41
33.001007 278 537 537
33.001007 302 505 505
33.001007 339 713 713
33.001007 363 626 626
33.001007 381 281 281
33.001007 437 693 693
33.001007 452 288 288
33.001007 545 83 83
34.001038 72 602 602
34.001038 143 1270 1270
34.001038 185 273 273
34.001038 186 34 34
34.001038 278 588 588
34.001038 302 468 468
34.001038 339 693 693
34.001038 363 619 619
34.001038 381 310 310
34.001038 437 666 666
34.001038 452 258 258
34.001038 545 77 77
35.001068 72 657 657
35.001068 143 1316 1316
35.001068 185 253 253
35.001068 278 558 558
35.001068 302 475 475
35.001068 339 643 643
35.001068 363 635 635
35.001068 381 340 340
35.001068 437 564 564
35.001068 452 307 307
35.001068 545 92 92
36.001099 72 631 631
36.001099 143 1359 1359
36.001099 185 284 284
36.001099 278 509 509
36.001099 302 467 467
36.001099 339 675 675
36.001099 363 613 613
36.001099 381 400 400
36.001099 437 521 521
36.001099 452 317 317
36.001099 545 101 101
37.001129 72 716 716
37.001129 143 1372 1372
37.001129 185 244 244
37.001129 278 498 498
37.001129 302 504 504
37.001129 339 609 609
37.001129 363 613 613
37.001129 381 389 389
37.001129 437 511 511
37.001129 452 305 305
37.001129 545 99 99
38.001160 72 740 740
38.001160 143 1398 1398
38.001160 185 235 235
38.001160 278 518 518
38.001160 302 574 574
38.001160 339 588 588
38.001160 363 629 629
38.001160 381 375 375
38.001160 437 464 464
38.001160 452 272 272
38.001160 545 91 91
39.001190 72 769 769
39.001190 143 1419 1419
39.001190 185 208 208
39.001190 278 549 549
39.001190 302 484 484
39.001190 339 542 542
39.001190 363 644 644
39.001190 381 369 369
39.001190 437 425 425
39.001190 452 369 369
39.001190 545 111 111
40.001221 72 831 831
40.001221 143 1464 1464
40.001221 185 223 223
40.001221 278 543 543
40.001221 302 391 391
40.001221 339 615 615
40.001221 363 574 574
40.001221 381 353 353
40.001221 437 430 430
40.001221 452 320 320
40.001221 545 109 109
41.001251 72 914 914
41.001251 143 1528 1528
41.001251 185 309 309
41.001251 278 551 551
41.001251 302 336 336
41.001251 339 606 606
41.001251 363 526 526
41.001251 381 378 378
41.001251 437 346 346
41.001251 452 275 275
41.001251 545 126 126
42.001282 72 934 934
42.001282 143 1484 1484
42.001282 185 251 251
42.001282 278 556 556
42.001282 302 289 289
42.001282 339 600 600
42.001282 363 582 582
42.001282 381 342 342
42.001282 437 397 397
42.001282 452 299 299
42.001282 545 139 139
43.001312 72 938 938
43.001312 143 1489 1489
43.001312 185 198 198
43.001312 278 570 570
43.001312 302 261 261
43.001312 339 616 616
43.001312 363 602 602
43.001312 381 275 275
43.001312 437 436 436
43.001312 452 356 356
43.001312 545 144 144
44.001343 72 859 859
44.001343 143 1501 1501
44.001343 185 207 207
44.001343 278 603 603
44.001343 302 244 244
44.001343 339 680 680
44.001343 363 597 597
44.001343 381 233 233
44.001343 437 468 468
44.001343 452 416 416
44.001343 545 116 116
45.001373 72 866 866
45.001373 143 1507 1507
45.001373 185 205 205
45.001373 278 611 611
45.001373 302 226 226
45.001373 339 641 641
45.001373 363 521 521
45.001373 381 234 234
45.001373 437 462 462
45.001373 452 483 483
45.001373 545 127 127
46.001404 72 810 810
46.001404 143 1530 1530
46.001404 185 172 172
46.001404 278 597 597
46.001404 302 232 232
46.001404 339 622 622
46.001404 363 508 508
46.001404 381 233 233
46.001404 437 528 528
46.001404 452 494 494
46.001404 545 126 126
47.001434 72 772 772
47.001434 143 1477 1477
47.001434 185 141 141
47.001434 278 625 625
47.001434 302 280 280
47.001434 339 619 619
47.001434 363 511 511
47.001434 381 252 252
47.001434 437 593 593
47.001434 452 513 513
47.001434 545 116 116
48.001465 72 754 754
48.001465 143 1387 1387
48.001465 185 103 103
48.001465 278 665 665
48.001465 302 268 268
48.001465 339 569 569
48.001465 363 602 602
48.001465 381 264 264
48.001465 437 663 663
48.001465 452 470 470
48.001465 545 111 111
49.001495 72 812 812
49.001495 143 1273 1273
49.001495 185 57 57
49.001495 278 730 730
49.001495 302 269 269
49.001495 339 521 521
49.001495 363 687 687
49.001495 381 226 226
49.001495 437 722 722
49.001495 452 475 475
49.001495 545 111 111
50.001526 72 735 735
50.001526 143 1117 1117
50.001526 185 18 18
50.001526 278 846 846
50.001526 302 320 320
50.001526 339 500 500
50.001526 363 780 780
50.001526 381 184 184
50.001526 437 744 744
50.001526 452 526 526
50.001526 545 102 102
51.001556 72 709 709
51.001556 143 1072 1072
51.001556 278 860 860
51.001556 302 385 385
51.001556 339 503 503
51.001556 363 809 809
51.001556 381 157 157
51.001556 437 782 782
51.001556 452 503 503
51.001556 545 94 94
52.001587 72 783 783
52.001587 143 1143 1143
52.001587 278 897 897
52.001587 302 355 355
52.001587 339 532 532
52.001587 363 793 793
52.001587 381 134 134
52.001587 437 728 728
52.001587 452 440 440
52.001587 545 74 74
53.001617 72 729 729
53.001617 143 1125 1125
53.001617 278 958 958
53.001617 302 275 275
53.001617 339 562 562
53.001617 363 862 862
53.001617 381 105 105
53.001617 437 743 743
53.001617 452 445 445
53.001617 545 73 73
54.001648 72 604 604
54.001648 143 1234 1234
54.001648 278 956 956
54.001648 302 216 216
54.001648 339 624 624
54.001648 363 946 946
54.001648 381 89 89
54.001648 437 736 736
54.001648 452 458 458
54.001648 545 59 59
55.001678 72 492 492
55.001678 143 1264 1264
55.001678 278 1015 1015
55.001678 302 256 256
55.001678 339 632 632
55.001678 363 931 931
55.001678 381 101 101
55.001678 437 742 742
55.001678 452 436 436
55.001678 545 50 50
56.001709 72 516 516
56.001709 143 1245 1245
56.001709 278 1011 1011
56.001709 302 322 322
56.001709 339 637 637
56.001709 363 844 844
56.001709 381 120 120
56.001709 437 781 781
56.001709 452 355 355
56.001709 545 49 49
57.001740 72 555 555
57.001740 143 1308 1308
57.001740 278 1030 1030
57.001740 302 265 265
57.001740 339 687 687
57.001740 363 780 780
57.001740 381 151 151
57.001740 437 804 804
57.001740 452 257 257
57.001740 545 53 53
58.001770 72 617 617
58.001770 143 1294 1294
58.001770 278 1038 1038
58.001770 302 256 256
58.001770 339 590 590
58.001770 363 772 772
58.001770 381 139 139
58.001770 437 924 924
58.001770 452 196 196
58.001770 545 57 57
59.001801 72 596 596
59.001801 143 1302 1302
59.001801 278 959 959
59.001801 302 272 272
59.001801 339 568 568
59.001801 363 743 743
59.001801 381 133 133
59.001801 437 1068 1068
59.001801 452 193 193
59.001801 545 39 39
60.001831 72 599 599
60.001831 143 1292 1292
60.001831 278 988 988
60.001831 302 227 227
60.001831 339 536 536
60.001831 363 764 764
60.001831 381 115 115
60.001831 437 1127 1127
60.001831 452 231 231
60.001831 545 40 40
61.001862 72 602 602
61.001862 143 1245 1245
61.001862 278 980 980
61.001862 302 178 178
61.001862 339 520 520
61.001862 363 807 807
61.001862 381 108 108
61.001862 437 1119 1119
61.001862 452 263 263
61.001862 545 39 39
62.001892 72 562 562
62.001892 143 1108 1108
62.001892 278 1063 1063
62.001892 302 189 189
62.001892 339 552 552
62.001892 363 873 873
62.001892 381 67 67
62.001892 437 1055 1055
62.001892 452 350 350
62.001892 545 48 48
63.001923 72 558 558
63.001923 143 1077 1077
63.001923 278 1085 1085
63.001923 302 178 178
63.001923 339 594 594
63.001923 363 933 933
63.001923 381 67 67
63.001923 437 955 955
63.001923 452 393 393
63.001923 545 38 38
64.001953 72 587 587
64.001953 143 1135 1135
64.001953 278 1106 1106
64.001953 302 150 150
64.001953 339 546 546
64.001953 363 999 999
64.001953 381 84 84
64.001953 437 862 862
64.001953 452 367 367
64.001953 545 36 36
65.001984 72 538 538
65.001984 143 1271 1271
65.001984 278 1122 1122
65.001984 302 79 79
65.001984 339 573 573
65.001984 363 926 926
65.001984 381 108 108
65.001984 437 912 912
65.001984 452 270 270
65.001984 545 46 46
66.002014 72 607 607
66.002014 143 1313 1313
66.002014 278 1048 1048
66.002014 302 50 50
66.002014 339 602 602
66.002014 363 887 887
66.002014 381 121 121
66.002014 437 883 883
66.002014 452 279 279
66.002014 545 63 63
67.002045 72 674 674
67.002045 143 1352 1352
67.002045 278 1022 1022
67.002045 302 9 9
67.002045 339 704 704
67.002045 363 751 751
67.002045 381 154 154
67.002045 437 815 815
67.002045 452 342 342
67.002045 545 75 75
68.002075 72 674 674
68.002075 143 1313 1313
68.002075 278 998 998
68.002075 339 645 645
68.002075 363 715 715
68.002075 381 212 212
68.002075 437 831 831
68.002075 452 376 376
68.002075 545 90 90
69.002106 72 685 685
69.002106 143 1364 1364
69.002106 278 982 982
69.002106 339 595 595
69.002106 363 760 760
69.002106 381 157 157
69.002106 437 839 839
69.002106 452 372 372
69.002106 545 116 116
70.002136 72 793 793
70.002136 143 1384 1384
70.002136 278 990 990
70.002136 339 512 512
70.002136 363 813 813
70.002136 381 122 122
70.002136 437 830 830
70.002136 452 361 361
70.002136 545 109 109
71.002167 72 746 746
71.002167 143 1347 1347
71.002167 278 951 951
71.002167 339 513 513
71.002167 363 883 883
71.002167 381 97 97
71.002167 437 930 930
71.002167 452 262 262
71.002167 545 102 102
