25.2
       0.248,        0.241,        0.241,        0.246,        0.24 ,        0.258,        0.247,        0.274,        0.258,        0.265,        0.279,        0.258
       0.255,        0.262,        0.255,        0.27 ,        0.258,        0.27 ,        0.267,        0.278,        0.303,        0.305,        0.28 ,        0.257
       0.246,        0.235,        0.226,        0.231,        0.229,        0.23 ,        0.228,        0.237,        0.245,        0.227,        0.246,        0.232
       0.266,        0.261,        0.267,        0.281,        0.271,        0.282,        0.291,        0.284,        0.307,        0.319,        0.299,        0.253
       0.256,        0.233,        0.226,        0.222,        0.212,        0.211,        0.22 ,        0.22 ,        0.208,        0.209,        0.223,        0.245
       0.274,        0.271,        0.251,        0.28 ,        0.242,        0.27 ,        0.277,        0.279,        0.278,        0.281,        0.297,        0.32 
       0.269,        0.242,        0.238,        0.258,        0.222,        0.235,        0.223,        0.241,        0.232,        0.245,        0.225,        0.263
       0.272,        0.257,        0.261,        0.259,        0.251,        0.248,        0.269,        0.286,        0.271,        0.243,        0.254,        0.254

