25.1
       0.281,        1.391,        0.3  ,        1.366,        0.855,        1.327,        1.069,        1.282,        1.3  ,        1.276,        1.36 ,        1.233
       0.291,        1.328,        0.27 ,        1.356,        0.854,        1.312,        0.84 ,        1.247,        1.287,        1.201,        1.33 ,        1.213
       0.287,        1.356,        0.244,        1.356,        0.244,        1.302,        1.041,        1.234,        1.282,        1.187,        1.32 ,        1.236
       0.291,        1.357,        0.273,        1.355,        0.261,        1.324,        1.026,        1.266,        1.282,        1.241,        1.347,        1.251
       0.289,        1.322,        0.242,        1.291,        0.24 ,        1.267,        0.24 ,        1.229,        1.256,        1.201,        1.341,        1.228
       0.297,        1.341,        0.271,        1.312,        0.256,        1.301,        0.273,        1.228,        1.298,        1.211,        1.372,        1.321
       0.299,        1.337,        0.26 ,        1.307,        0.25 ,        1.292,        0.993,        1.228,        1.3  ,        1.209,        1.355,        1.306
       0.282,        1.376,        0.292,        1.422,        0.281,        1.354,        1.245,        1.311,        1.365,        1.261,        1.41 ,        1.245

