25.0
       0.281,        1.286,        0.292,        1.272,        0.501,        1.262,        1.041,        1.234,        1.278,        1.244,        1.314,        1.193
       0.29 ,        1.246,        0.26 ,        1.257,        0.396,        1.249,        0.618,        1.189,        1.259,        1.147,        1.304,        1.163
       0.285,        1.234,        0.237,        1.251,        0.241,        1.226,        1.06 ,        1.185,        1.275,        1.134,        1.297,        1.174
       0.294,        1.224,        0.268,        1.252,        0.275,        1.239,        1.091,        1.211,        1.28 ,        1.17 ,        1.33 ,        1.195
       0.292,        1.164,        0.231,        1.16 ,        0.228,        1.154,        0.238,        1.124,        1.242,        1.111,        1.31 ,        1.141
       0.294,        1.184,        0.27 ,        1.162,        0.252,        1.173,        0.273,        1.123,        1.284,        1.117,        1.335,        1.286
       0.294,        1.168,        0.247,        1.157,        0.25 ,        1.145,        1.02 ,        1.136,        1.279,        1.126,        1.321,        1.249
       0.283,        1.244,        0.282,        1.268,        0.282,        1.218,        1.051,        1.226,        1.351,        1.18 ,        1.375,        1.172

