25.1
       0.275,        1.258,        0.283,        1.258,        0.451,        1.25 ,        1.028,        1.223,        1.288,        1.23 ,        1.306,        1.183
       0.285,        1.237,        0.259,        1.237,        0.377,        1.232,        0.583,        1.195,        1.252,        1.129,        1.3  ,        1.147
       0.278,        1.214,        0.227,        1.229,        0.237,        1.214,        1.051,        1.169,        1.271,        1.12 ,        1.29 ,        1.163
       0.294,        1.215,        0.272,        1.243,        0.277,        1.227,        1.088,        1.205,        1.279,        1.149,        1.323,        1.187
       0.283,        1.151,        0.229,        1.144,        0.222,        1.133,        0.23 ,        1.108,        1.233,        1.088,        1.297,        1.119
       0.29 ,        1.171,        0.262,        1.149,        0.248,        1.159,        0.273,        1.11 ,        1.277,        1.108,        1.333,        1.283
       0.296,        1.158,        0.261,        1.14 ,        0.263,        1.132,        1.01 ,        1.118,        1.267,        1.115,        1.317,        1.229
       0.28 ,        1.224,        0.281,        1.26 ,        0.27 ,        1.206,        1.015,        1.197,        1.348,        1.167,        1.375,        1.158

