25.2
       0.278,        0.909,        0.265,        0.893,        0.262,        0.897,        0.264,        0.912,        0.825,        0.875,        0.883,        0.867
       0.265,        0.915,        0.26 ,        0.9  ,        0.263,        0.91 ,        0.277,        0.909,        0.836,        0.884,        0.881,        0.838
       0.271,        0.901,        0.235,        0.9  ,        0.236,        0.882,        0.245,        0.882,        0.834,        0.85 ,        0.851,        0.85 
       0.27 ,        0.93 ,        0.267,        0.916,        0.279,        0.917,        0.309,        0.912,        0.854,        0.898,        0.899,        0.854
       0.278,        0.817,        0.223,        0.816,        0.216,        0.807,        0.232,        0.819,        0.754,        0.783,        0.823,        0.795
       0.266,        0.846,        0.262,        0.83 ,        0.244,        0.831,        0.278,        0.826,        0.776,        0.811,        0.842,        0.824
       0.279,        0.838,        0.247,        0.863,        0.237,        0.816,        0.231,        0.82 ,        0.764,        0.794,        0.827,        0.824
       0.284,        0.833,        0.266,        0.845,        0.266,        0.837,        0.267,        0.832,        0.783,        0.808,        0.83 ,        0.788

