24.8
       0.257,        0.853,        0.256,        0.841,        0.26 ,        0.854,        0.264,        0.87 ,        0.765,        0.827,        0.833,        0.818
       0.255,        0.86 ,        0.258,        0.852,        0.265,        0.873,        0.274,        0.862,        0.777,        0.845,        0.845,        0.8  
       0.264,        0.835,        0.229,        0.84 ,        0.232,        0.834,        0.241,        0.835,        0.789,        0.807,        0.803,        0.801
       0.263,        0.868,        0.266,        0.863,        0.27 ,        0.863,        0.297,        0.858,        0.787,        0.852,        0.842,        0.807
       0.271,        0.689,        0.224,        0.701,        0.214,        0.689,        0.222,        0.716,        0.704,        0.699,        0.786,        0.71 
       0.267,        0.728,        0.26 ,        0.71 ,        0.245,        0.719,        0.276,        0.718,        0.725,        0.724,        0.794,        0.733
       0.273,        0.705,        0.237,        0.711,        0.225,        0.69 ,        0.223,        0.704,        0.703,        0.702,        0.776,        0.703
       0.269,        0.702,        0.261,        0.706,        0.254,        0.712,        0.262,        0.723,        0.725,        0.711,        0.777,        0.706

