25.1
       0.27 ,        1.456,        0.937,        1.39 ,        1.13 ,        1.377,        1.296,        1.384,        1.395,        1.391,        1.397,        1.434
       0.286,        1.285,        0.893,        1.252,        0.987,        1.216,        1.032,        1.205,        1.242,        1.161,        1.24 ,        1.364
       0.279,        1.305,        0.246,        1.254,        0.454,        1.213,        1.088,        1.163,        1.238,        1.137,        1.229,        1.34 
       0.282,        1.337,        0.267,        1.283,        0.937,        1.231,        1.07 ,        1.183,        1.228,        1.177,        1.24 ,        1.347
       0.281,        1.338,        0.244,        1.243,        0.244,        1.192,        1.104,        1.15 ,        1.212,        1.18 ,        1.242,        1.342
       0.29 ,        1.377,        0.27 ,        1.294,        0.255,        1.232,        1.043,        1.162,        1.263,        1.205,        1.271,        1.366
       0.284,        1.393,        1.005,        1.36 ,        0.267,        1.275,        1.085,        1.219,        1.289,        1.246,        1.254,        1.384
       0.278,        1.503,        0.279,        1.46 ,        0.273,        1.424,        1.254,        1.406,        1.428,        1.419,        1.328,        1.456

