25.4
       0.265,        1.478,        1.013,        1.411,        1.128,        1.403,        1.325,        1.417,        1.403,        1.419,        1.413,        1.474
       0.27 ,        1.257,        0.967,        1.233,        1.061,        1.211,        1.078,        1.203,        1.232,        1.169,        1.209,        1.397
       0.269,        1.28 ,        0.246,        1.232,        0.618,        1.193,        1.113,        1.163,        1.222,        1.141,        1.2  ,        1.375
       0.278,        1.309,        0.524,        1.25 ,        1.008,        1.206,        1.089,        1.174,        1.233,        1.169,        1.205,        1.377
       0.277,        1.309,        0.243,        1.216,        0.238,        1.164,        1.134,        1.149,        1.188,        1.17 ,        1.2  ,        1.357
       0.284,        1.342,        0.262,        1.266,        0.245,        1.209,        1.091,        1.143,        1.242,        1.204,        1.226,        1.368
       0.28 ,        1.362,        1.056,        1.334,        0.263,        1.256,        1.135,        1.213,        1.267,        1.249,        1.214,        1.377
       0.276,        1.502,        0.272,        1.468,        0.265,        1.434,        1.3  ,        1.428,        1.429,        1.453,        1.317,        1.459

