24.9
       0.271,        1.452,        0.903,        1.378,        1.135,        1.355,        1.253,        1.36 ,        1.381,        1.373,        1.381,        1.401
       0.277,        1.306,        0.825,        1.264,        0.934,        1.223,        0.991,        1.197,        1.251,        1.151,        1.253,        1.348
       0.276,        1.331,        0.248,        1.274,        0.365,        1.221,        1.046,        1.168,        1.247,        1.13 ,        1.25 ,        1.325
       0.284,        1.358,        0.262,        1.299,        0.891,        1.242,        1.038,        1.189,        1.258,        1.178,        1.259,        1.331
       0.28 ,        1.358,        0.242,        1.269,        0.24 ,        1.212,        1.073,        1.169,        1.234,        1.171,        1.28 ,        1.34 
       0.287,        1.391,        0.268,        1.325,        0.254,        1.253,        1.012,        1.172,        1.282,        1.204,        1.288,        1.368
       0.288,        1.406,        0.879,        1.379,        0.255,        1.278,        1.055,        1.217,        1.301,        1.239,        1.281,        1.379
       0.278,        1.499,        0.277,        1.458,        0.27 ,        1.415,        1.216,        1.377,        1.411,        1.404,        1.338,        1.44 

