25.0
       0.278,        1.315,        0.28 ,        1.301,        0.669,        1.289,        1.049,        1.25 ,        1.283,        1.255,        1.325,        1.209
       0.294,        1.282,        0.26 ,        1.283,        0.484,        1.272,        0.719,        1.225,        1.269,        1.158,        1.314,        1.178
       0.285,        1.271,        0.237,        1.285,        0.242,        1.251,        1.063,        1.214,        1.275,        1.149,        1.307,        1.194
       0.29 ,        1.271,        0.27 ,        1.281,        0.268,        1.272,        1.075,        1.236,        1.284,        1.199,        1.34 ,        1.219
       0.284,        1.202,        0.227,        1.197,        0.226,        1.189,        0.223,        1.156,        1.249,        1.141,        1.319,        1.166
       0.292,        1.233,        0.265,        1.202,        0.251,        1.213,        0.278,        1.161,        1.29 ,        1.153,        1.334,        1.304
       0.293,        1.208,        0.25 ,        1.203,        0.256,        1.184,        1.033,        1.164,        1.277,        1.158,        1.32 ,        1.259
       0.285,        1.28 ,        0.283,        1.314,        0.279,        1.266,        1.138,        1.248,        1.37 ,        1.201,        1.377,        1.186

