25.1
       0.267,        1.465,        0.985,        1.405,        1.134,        1.4  ,        1.321,        1.404,        1.406,        1.408,        1.403,        1.468
       0.276,        1.263,        0.945,        1.237,        1.037,        1.21 ,        1.071,        1.201,        1.231,        1.166,        1.217,        1.378
       0.282,        1.288,        0.244,        1.246,        0.549,        1.194,        1.105,        1.166,        1.218,        1.137,        1.21 ,        1.362
       0.283,        1.324,        0.367,        1.267,        0.992,        1.227,        1.089,        1.179,        1.227,        1.184,        1.22 ,        1.37 
       0.278,        1.317,        0.241,        1.22 ,        0.238,        1.179,        1.12 ,        1.148,        1.197,        1.173,        1.216,        1.343
       0.29 ,        1.354,        0.273,        1.284,        0.259,        1.215,        1.081,        1.159,        1.256,        1.212,        1.24 ,        1.37 
       0.283,        1.372,        1.038,        1.343,        0.263,        1.26 ,        1.123,        1.215,        1.28 ,        1.251,        1.223,        1.38 
       0.271,        1.499,        0.275,        1.467,        0.266,        1.431,        1.29 ,        1.424,        1.423,        1.439,        1.319,        1.458

