25.0
       0.27 ,        1.453,        0.798,        1.372,        1.037,        1.327,        1.116,        1.301,        1.345,        1.305,        1.376,        1.315
       0.277,        1.356,        0.653,        1.311,        0.913,        1.246,        0.905,        1.194,        1.256,        1.137,        1.304,        1.252
       0.282,        1.382,        0.252,        1.316,        0.242,        1.223,        0.998,        1.168,        1.253,        1.119,        1.293,        1.255
       0.287,        1.407,        0.262,        1.346,        0.68 ,        1.26 ,        0.98 ,        1.202,        1.279,        1.177,        1.309,        1.274
       0.289,        1.402,        0.248,        1.305,        0.231,        1.246,        0.994,        1.187,        1.244,        1.169,        1.32 ,        1.296
       0.295,        1.443,        0.266,        1.367,        0.255,        1.288,        0.93 ,        1.194,        1.294,        1.192,        1.349,        1.355
       0.289,        1.445,        0.261,        1.415,        0.256,        1.344,        0.938,        1.225,        1.297,        1.222,        1.325,        1.349
       0.277,        1.509,        0.289,        1.487,        0.275,        1.418,        1.143,        1.355,        1.417,        1.358,        1.393,        1.354

