24.9
       0.269,        1.443,        0.877,        1.362,        1.119,        1.348,        1.218,        1.341,        1.375,        1.359,        1.379,        1.379
       0.281,        1.321,        0.778,        1.272,        0.915,        1.226,        0.958,        1.188,        1.248,        1.137,        1.266,        1.323
       0.275,        1.341,        0.243,        1.278,        0.275,        1.223,        1.037,        1.178,        1.243,        1.126,        1.261,        1.312
       0.281,        1.366,        0.265,        1.306,        0.849,        1.247,        1.013,        1.191,        1.263,        1.174,        1.27 ,        1.316
       0.285,        1.364,        0.235,        1.273,        0.234,        1.208,        1.038,        1.165,        1.235,        1.169,        1.278,        1.334
       0.284,        1.41 ,        0.264,        1.328,        0.247,        1.256,        0.99 ,        1.169,        1.277,        1.193,        1.298,        1.371
       0.292,        1.413,        0.803,        1.384,        0.251,        1.292,        1.028,        1.213,        1.299,        1.238,        1.29 ,        1.371
       0.272,        1.498,        0.277,        1.46 ,        0.27 ,        1.411,        1.196,        1.367,        1.416,        1.387,        1.342,        1.422

