24.9
       0.274,        0.91 ,        0.262,        0.896,        0.266,        0.901,        0.272,        0.916,        0.831,        0.88 ,        0.895,        0.873
       0.265,        0.924,        0.26 ,        0.905,        0.266,        0.925,        0.279,        0.915,        0.854,        0.897,        0.898,        0.848
       0.263,        0.918,        0.232,        0.906,        0.236,        0.892,        0.25 ,        0.892,        0.842,        0.862,        0.869,        0.848
       0.27 ,        0.937,        0.269,        0.927,        0.278,        0.911,        0.298,        0.915,        0.869,        0.904,        0.9  ,        0.853
       0.278,        0.836,        0.235,        0.833,        0.226,        0.829,        0.233,        0.828,        0.765,        0.806,        0.833,        0.796
       0.273,        0.86 ,        0.266,        0.845,        0.246,        0.849,        0.272,        0.837,        0.793,        0.824,        0.838,        0.829
       0.282,        0.849,        0.245,        0.85 ,        0.24 ,        0.829,        0.237,        0.824,        0.774,        0.797,        0.841,        0.81 
       0.276,        0.841,        0.267,        0.853,        0.256,        0.844,        0.26 ,        0.84 ,        0.78 ,        0.815,        0.839,        0.8  

