25.0
       0.286,        1.125,        0.281,        1.133,        0.288,        1.12 ,        0.85 ,        1.098,        1.178,        1.122,        1.255,        1.073
       0.29 ,        1.128,        0.265,        1.1  ,        0.262,        1.115,        0.303,        1.055,        1.18 ,        1.006,        1.257,        0.996
       0.28 ,        1.111,        0.245,        1.087,        0.241,        1.073,        0.892,        1.033,        1.183,        0.977,        1.246,        1.01 
       0.291,        1.106,        0.272,        1.088,        0.276,        1.085,        0.932,        1.061,        1.189,        1.005,        1.276,        1.022
       0.284,        1.049,        0.231,        1.029,        0.228,        1.005,        0.234,        0.974,        1.146,        0.964,        1.229,        0.988
       0.291,        1.068,        0.266,        1.033,        0.249,        1.037,        0.278,        0.984,        1.184,        0.982,        1.26 ,        1.166
       0.29 ,        1.061,        0.254,        1.026,        0.246,        0.999,        0.542,        0.995,        1.169,        0.967,        1.242,        1.098
       0.293,        1.091,        0.278,        1.099,        0.276,        1.063,        0.308,        1.057,        1.224,        1.052,        1.264,        1.029

