25.2
       0.265,        1.448,        0.907,        1.381,        1.135,        1.363,        1.267,        1.369,        1.386,        1.376,        1.395,        1.412
       0.275,        1.295,        0.847,        1.253,        0.959,        1.218,        0.993,        1.189,        1.242,        1.148,        1.244,        1.345
       0.273,        1.317,        0.249,        1.258,        0.401,        1.205,        1.063,        1.169,        1.24 ,        1.132,        1.24 ,        1.333
       0.274,        1.347,        0.257,        1.294,        0.901,        1.227,        1.042,        1.183,        1.239,        1.168,        1.245,        1.327
       0.289,        1.344,        0.247,        1.262,        0.235,        1.196,        1.085,        1.161,        1.225,        1.174,        1.25 ,        1.337
       0.296,        1.407,        0.288,        1.323,        0.259,        1.238,        1.026,        1.166,        1.269,        1.199,        1.278,        1.363
       0.298,        1.417,        0.902,        1.376,        0.262,        1.287,        1.081,        1.226,        1.292,        1.237,        1.278,        1.386
       0.288,        1.51 ,        0.288,        1.464,        0.284,        1.424,        1.227,        1.393,        1.428,        1.413,        1.346,        1.451

