25.0
       0.268,        1.442,        0.88 ,        1.37 ,        1.119,        1.354,        1.214,        1.34 ,        1.375,        1.351,        1.377,        1.38 
       0.278,        1.336,        0.775,        1.276,        0.918,        1.232,        0.959,        1.196,        1.257,        1.154,        1.27 ,        1.321
       0.283,        1.342,        0.245,        1.291,        0.281,        1.216,        1.03 ,        1.171,        1.25 ,        1.129,        1.266,        1.311
       0.286,        1.371,        0.252,        1.314,        0.846,        1.252,        1.022,        1.189,        1.268,        1.172,        1.273,        1.321
       0.29 ,        1.377,        0.243,        1.275,        0.24 ,        1.222,        1.043,        1.179,        1.236,        1.167,        1.284,        1.337
       0.291,        1.409,        0.265,        1.33 ,        0.25 ,        1.258,        0.993,        1.175,        1.284,        1.192,        1.304,        1.366
       0.283,        1.418,        0.784,        1.388,        0.267,        1.298,        1.018,        1.216,        1.305,        1.233,        1.295,        1.371
       0.281,        1.499,        0.274,        1.463,        0.265,        1.421,        1.196,        1.371,        1.413,        1.401,        1.346,        1.418

