24.9
       0.28 ,        1.445,        0.838,        1.37 ,        1.07 ,        1.33 ,        1.153,        1.316,        1.353,        1.332,        1.376,        1.337
       0.285,        1.359,        0.708,        1.298,        0.899,        1.235,        0.915,        1.191,        1.254,        1.143,        1.29 ,        1.286
       0.28 ,        1.366,        0.246,        1.294,        0.246,        1.226,        1.001,        1.175,        1.254,        1.116,        1.287,        1.284
       0.287,        1.395,        0.262,        1.332,        0.825,        1.258,        0.984,        1.194,        1.269,        1.17 ,        1.297,        1.299
       0.282,        1.392,        0.244,        1.296,        0.244,        1.232,        1.004,        1.183,        1.239,        1.174,        1.306,        1.322
       0.287,        1.427,        0.266,        1.358,        0.25 ,        1.281,        0.95 ,        1.191,        1.285,        1.191,        1.333,        1.367
       0.282,        1.444,        0.273,        1.413,        0.253,        1.324,        0.963,        1.225,        1.309,        1.222,        1.321,        1.368
       0.277,        1.508,        0.284,        1.473,        0.279,        1.415,        1.154,        1.358,        1.42 ,        1.363,        1.38 ,        1.383

