25.0
       0.244,        0.242,        0.24 ,        0.248,        0.24 ,        0.254,        0.237,        0.276,        0.265,        0.265,        0.277,        0.261
       0.251,        0.269,        0.249,        0.266,        0.256,        0.27 ,        0.275,        0.282,        0.297,        0.289,        0.283,        0.261
       0.249,        0.233,        0.223,        0.227,        0.228,        0.235,        0.229,        0.237,        0.245,        0.224,        0.247,        0.234
       0.274,        0.266,        0.262,        0.275,        0.267,        0.283,        0.289,        0.29 ,        0.308,        0.312,        0.296,        0.251
       0.261,        0.227,        0.218,        0.217,        0.217,        0.212,        0.218,        0.218,        0.214,        0.214,        0.227,        0.218
       0.266,        0.269,        0.249,        0.28 ,        0.235,        0.263,        0.276,        0.277,        0.278,        0.275,        0.292,        0.321
       0.25 ,        0.244,        0.246,        0.255,        0.223,        0.224,        0.232,        0.235,        0.225,        0.237,        0.227,        0.262
       0.264,        0.263,        0.248,        0.252,        0.236,        0.249,        0.262,        0.269,        0.265,        0.236,        0.244,        0.258

