24.9
       0.235,        0.233,        0.225,        0.236,        0.225,        0.242,        0.243,        0.261,        0.24 ,        0.299,        0.246,        0.244
       0.245,        0.244,        0.249,        0.259,        0.256,        0.259,        0.267,        0.27 ,        0.291,        0.28 ,        0.275,        0.253
       0.242,        0.224,        0.21 ,        0.216,        0.215,        0.215,        0.222,        0.213,        0.271,        0.205,        0.229,        0.213
       0.265,        0.256,        0.266,        0.269,        0.266,        0.27 ,        0.292,        0.289,        0.291,        0.302,        0.282,        0.25 
       0.242,        0.222,        0.216,        0.222,        0.216,        0.214,        0.212,        0.278,        0.209,        0.216,        0.22 ,        0.215
       0.265,        0.275,        0.256,        0.278,        0.242,        0.268,        0.277,        0.286,        0.285,        0.284,        0.293,        0.33 
       0.262,        0.232,        0.234,        0.24 ,        0.224,        0.237,        0.228,        0.248,        0.257,        0.238,        0.236,        0.265
       0.252,        0.25 ,        0.243,        0.245,        0.24 ,        0.242,        0.257,        0.267,        0.263,        0.233,        0.252,        0.251

