24.9
       0.262,        1.457,        0.958,        1.39 ,        1.133,        1.388,        1.306,        1.394,        1.394,        1.406,        1.403,        1.458
       0.282,        1.271,        0.922,        1.237,        1.009,        1.215,        1.051,        1.198,        1.232,        1.166,        1.23 ,        1.37 
       0.277,        1.295,        0.248,        1.244,        0.487,        1.199,        1.098,        1.168,        1.23 ,        1.136,        1.229,        1.362
       0.285,        1.327,        0.291,        1.258,        0.972,        1.222,        1.084,        1.175,        1.239,        1.173,        1.233,        1.359
       0.281,        1.328,        0.243,        1.233,        0.233,        1.178,        1.099,        1.148,        1.202,        1.167,        1.233,        1.347
       0.283,        1.365,        0.268,        1.288,        0.254,        1.227,        1.06 ,        1.151,        1.259,        1.205,        1.259,        1.368
       0.281,        1.382,        1.053,        1.348,        0.258,        1.262,        1.114,        1.219,        1.276,        1.249,        1.235,        1.388
       0.272,        1.495,        0.274,        1.453,        0.263,        1.422,        1.276,        1.407,        1.423,        1.435,        1.323,        1.457

