25.1
       0.28 ,        1.434,        0.697,        1.373,        0.941,        1.326,        1.076,        1.273,        1.307,        1.257,        1.37 ,        1.236
       0.286,        1.334,        0.273,        1.336,        0.93 ,        1.276,        0.857,        1.211,        1.27 ,        1.158,        1.315,        1.2  
       0.285,        1.363,        0.254,        1.336,        0.237,        1.262,        1.002,        1.198,        1.271,        1.128,        1.32 ,        1.218
       0.294,        1.381,        0.261,        1.354,        0.285,        1.294,        0.979,        1.229,        1.284,        1.195,        1.339,        1.248
       0.288,        1.361,        0.236,        1.312,        0.237,        1.259,        0.265,        1.214,        1.254,        1.18 ,        1.341,        1.238
       0.293,        1.396,        0.265,        1.351,        0.252,        1.291,        0.514,        1.211,        1.289,        1.2  ,        1.365,        1.339
       0.294,        1.393,        0.268,        1.373,        0.258,        1.329,        0.943,        1.231,        1.309,        1.202,        1.351,        1.34 
       0.28 ,        1.455,        0.283,        1.461,        0.277,        1.405,        1.212,        1.324,        1.379,        1.293,        1.417,        1.275

