25.1
       0.273,        1.444,        0.879,        1.367,        1.114,        1.345,        1.21 ,        1.336,        1.375,        1.347,        1.375,        1.374
       0.276,        1.33 ,        0.773,        1.272,        0.906,        1.235,        0.958,        1.197,        1.244,        1.148,        1.26 ,        1.319
       0.276,        1.34 ,        0.248,        1.28 ,        0.259,        1.216,        1.031,        1.18 ,        1.248,        1.127,        1.266,        1.31 
       0.286,        1.371,        0.259,        1.305,        0.846,        1.251,        1.013,        1.185,        1.258,        1.171,        1.275,        1.316
       0.277,        1.376,        0.244,        1.273,        0.237,        1.217,        1.033,        1.173,        1.234,        1.168,        1.284,        1.337
       0.287,        1.411,        0.279,        1.333,        0.254,        1.265,        0.985,        1.173,        1.279,        1.194,        1.304,        1.364
       0.285,        1.423,        0.771,        1.386,        0.253,        1.294,        1.02 ,        1.218,        1.297,        1.232,        1.289,        1.371
       0.276,        1.499,        0.279,        1.463,        0.272,        1.407,        1.197,        1.367,        1.413,        1.389,        1.35 ,        1.423

