25.2
       0.247,        0.312,        0.244,        0.321,        0.247,        0.333,        0.258,        0.347,        0.375,        0.327,        0.428,        0.327
       0.253,        0.334,        0.261,        0.329,        0.267,        0.334,        0.285,        0.338,        0.406,        0.364,        0.419,        0.325
       0.259,        0.301,        0.229,        0.305,        0.231,        0.306,        0.238,        0.297,        0.357,        0.3  ,        0.398,        0.312
       0.266,        0.335,        0.273,        0.333,        0.267,        0.34 ,        0.303,        0.347,        0.404,        0.38 ,        0.438,        0.334
       0.271,        0.245,        0.224,        0.232,        0.216,        0.23 ,        0.226,        0.231,        0.245,        0.227,        0.268,        0.242
       0.265,        0.281,        0.261,        0.288,        0.243,        0.281,        0.29 ,        0.289,        0.303,        0.289,        0.316,        0.321
       0.265,        0.25 ,        0.242,        0.26 ,        0.233,        0.241,        0.235,        0.257,        0.255,        0.26 ,        0.258,        0.279
       0.274,        0.27 ,        0.261,        0.276,        0.249,        0.264,        0.267,        0.297,        0.289,        0.261,        0.286,        0.279

