25.3
       0.236,        0.25 ,        0.235,        0.257,        0.277,        0.271,        0.253,        0.29 ,        0.272,        0.27 ,        0.308,        0.27 
       0.255,        0.269,        0.262,        0.281,        0.266,        0.272,        0.277,        0.286,        0.318,        0.296,        0.302,        0.272
       0.254,        0.243,        0.218,        0.236,        0.23 ,        0.243,        0.233,        0.242,        0.264,        0.23 ,        0.275,        0.249
       0.267,        0.274,        0.267,        0.295,        0.282,        0.284,        0.294,        0.297,        0.332,        0.32 ,        0.317,        0.265
       0.264,        0.234,        0.227,        0.226,        0.209,        0.224,        0.226,        0.219,        0.213,        0.211,        0.219,        0.225
       0.268,        0.272,        0.257,        0.278,        0.242,        0.269,        0.281,        0.279,        0.282,        0.281,        0.294,        0.326
       0.268,        0.243,        0.239,        0.254,        0.237,        0.228,        0.232,        0.242,        0.232,        0.252,        0.229,        0.266
       0.275,        0.266,        0.259,        0.26 ,        0.246,        0.265,        0.273,        0.246,        0.272,        0.254,        0.261,        0.266

