24.9
       0.258,        0.797,        0.253,        0.798,        0.251,        0.815,        0.294,        0.831,        0.734,        0.801,        0.814,        0.786
       0.259,        0.805,        0.246,        0.805,        0.264,        0.82 ,        0.278,        0.828,        0.758,        0.81 ,        0.808,        0.775
       0.258,        0.787,        0.229,        0.792,        0.234,        0.787,        0.235,        0.795,        0.738,        0.772,        0.779,        0.776
       0.271,        0.811,        0.274,        0.822,        0.271,        0.823,        0.308,        0.824,        0.763,        0.819,        0.81 ,        0.779
       0.264,        0.557,        0.223,        0.56 ,        0.215,        0.554,        0.226,        0.583,        0.641,        0.564,        0.738,        0.592
       0.268,        0.601,        0.254,        0.581,        0.241,        0.595,        0.277,        0.601,        0.671,        0.598,        0.759,        0.615
       0.28 ,        0.574,        0.244,        0.578,        0.236,        0.562,        0.24 ,        0.584,        0.636,        0.581,        0.743,        0.594
       0.284,        0.579,        0.265,        0.574,        0.251,        0.575,        0.272,        0.596,        0.652,        0.589,        0.736,        0.605

