25.2
       0.286,        1.447,        0.839,        1.37 ,        1.086,        1.34 ,        1.167,        1.324,        1.371,        1.334,        1.375,        1.352
       0.288,        1.355,        0.715,        1.298,        0.905,        1.245,        0.925,        1.196,        1.263,        1.143,        1.291,        1.295
       0.282,        1.369,        0.248,        1.3  ,        0.245,        1.231,        1.008,        1.176,        1.255,        1.128,        1.292,        1.29 
       0.289,        1.398,        0.263,        1.325,        0.832,        1.255,        0.993,        1.2  ,        1.267,        1.175,        1.299,        1.311
       0.283,        1.401,        0.249,        1.289,        0.235,        1.238,        1.01 ,        1.19 ,        1.248,        1.181,        1.305,        1.331
       0.291,        1.43 ,        0.269,        1.35 ,        0.255,        1.274,        0.964,        1.188,        1.287,        1.194,        1.332,        1.366
       0.296,        1.438,        0.305,        1.411,        0.268,        1.321,        0.98 ,        1.231,        1.309,        1.228,        1.319,        1.375
       0.284,        1.514,        0.288,        1.484,        0.273,        1.423,        1.175,        1.361,        1.425,        1.37 ,        1.367,        1.393

