25.0
       0.294,        0.336,        0.242,        0.337,        0.244,        0.35 ,        0.252,        0.384,        0.411,        0.348,        0.476,        0.356
       0.256,        0.349,        0.266,        0.351,        0.266,        0.354,        0.284,        0.369,        0.448,        0.381,        0.463,        0.345
       0.255,        0.32 ,        0.231,        0.327,        0.234,        0.315,        0.237,        0.329,        0.383,        0.313,        0.449,        0.334
       0.275,        0.357,        0.274,        0.366,        0.269,        0.369,        0.303,        0.377,        0.439,        0.398,        0.489,        0.352
       0.272,        0.248,        0.221,        0.243,        0.216,        0.233,        0.228,        0.234,        0.239,        0.231,        0.289,        0.242
       0.269,        0.29 ,        0.245,        0.289,        0.241,        0.282,        0.276,        0.291,        0.317,        0.296,        0.34 ,        0.323
       0.27 ,        0.26 ,        0.246,        0.26 ,        0.23 ,        0.281,        0.238,        0.251,        0.252,        0.257,        0.292,        0.28 
       0.276,        0.274,        0.261,        0.275,        0.254,        0.274,        0.264,        0.298,        0.291,        0.259,        0.304,        0.277

