24.9
       0.278,        0.979,        0.271,        0.959,        0.271,        0.958,        0.286,        0.975,        0.961,        0.947,        1.021,        0.937
       0.274,        0.986,        0.262,        0.966,        0.266,        0.978,        0.275,        0.963,        0.978,        0.934,        1.029,        0.902
       0.272,        0.976,        0.229,        0.958,        0.238,        0.945,        0.258,        0.935,        0.98 ,        0.908,        1.001,        0.903
       0.27 ,        0.988,        0.269,        0.982,        0.276,        0.964,        0.311,        0.959,        0.996,        0.943,        1.039,        0.911
       0.277,        0.928,        0.227,        0.908,        0.218,        0.89 ,        0.231,        0.894,        0.908,        0.88 ,        0.936,        0.867
       0.281,        0.954,        0.258,        0.926,        0.24 ,        0.924,        0.279,        0.912,        0.928,        0.91 ,        0.965,        0.937
       0.281,        0.945,        0.254,        0.937,        0.232,        0.9  ,        0.238,        0.908,        0.91 ,        0.882,        0.95 ,        0.91 
       0.278,        0.937,        0.269,        0.936,        0.265,        0.92 ,        0.267,        0.92 ,        0.921,        0.898,        0.959,        0.879

