25.2
       0.263,        1.444,        0.904,        1.367,        1.136,        1.365,        1.252,        1.364,        1.383,        1.366,        1.385,        1.405
       0.278,        1.296,        0.829,        1.259,        0.944,        1.226,        0.993,        1.191,        1.247,        1.149,        1.25 ,        1.341
       0.272,        1.327,        0.246,        1.264,        0.376,        1.214,        1.066,        1.171,        1.244,        1.125,        1.249,        1.33 
       0.285,        1.353,        0.261,        1.296,        0.89 ,        1.237,        1.035,        1.196,        1.252,        1.177,        1.246,        1.326
       0.278,        1.355,        0.247,        1.26 ,        0.238,        1.2  ,        1.076,        1.166,        1.225,        1.172,        1.256,        1.335
       0.282,        1.387,        0.264,        1.316,        0.25 ,        1.253,        1.019,        1.166,        1.276,        1.202,        1.291,        1.365
       0.281,        1.401,        0.868,        1.375,        0.262,        1.29 ,        1.055,        1.219,        1.292,        1.234,        1.268,        1.374
       0.272,        1.499,        0.275,        1.46 ,        0.272,        1.407,        1.214,        1.379,        1.419,        1.398,        1.336,        1.441

