25.1
       0.248,        0.342,        0.246,        0.344,        0.248,        0.352,        0.255,        0.382,        0.411,        0.352,        0.484,        0.359
       0.264,        0.356,        0.26 ,        0.359,        0.276,        0.363,        0.286,        0.377,        0.445,        0.386,        0.478,        0.36 
       0.251,        0.326,        0.233,        0.328,        0.228,        0.334,        0.239,        0.332,        0.4  ,        0.315,        0.453,        0.338
       0.269,        0.358,        0.27 ,        0.368,        0.278,        0.377,        0.298,        0.378,        0.445,        0.357,        0.504,        0.364
       0.268,        0.242,        0.225,        0.242,        0.211,        0.232,        0.226,        0.233,        0.25 ,        0.222,        0.283,        0.242
       0.261,        0.286,        0.252,        0.281,        0.237,        0.271,        0.27 ,        0.285,        0.316,        0.302,        0.339,        0.32 
       0.28 ,        0.26 ,        0.24 ,        0.262,        0.235,        0.247,        0.235,        0.259,        0.269,        0.265,        0.3  ,        0.278
       0.279,        0.282,        0.257,        0.276,        0.246,        0.27 ,        0.272,        0.293,        0.299,        0.258,        0.3  ,        0.282

