25.0
       0.265,        0.875,        0.261,        0.867,        0.261,        0.873,        0.266,        0.891,        0.783,        0.856,        0.857,        0.839
       0.261,        0.883,        0.262,        0.877,        0.272,        0.889,        0.273,        0.877,        0.799,        0.861,        0.857,        0.82 
       0.258,        0.865,        0.222,        0.862,        0.231,        0.854,        0.236,        0.854,        0.784,        0.826,        0.823,        0.823
       0.262,        0.884,        0.254,        0.889,        0.274,        0.888,        0.294,        0.882,        0.815,        0.871,        0.854,        0.822
       0.265,        0.751,        0.22 ,        0.755,        0.218,        0.74 ,        0.225,        0.767,        0.723,        0.744,        0.801,        0.747
       0.268,        0.789,        0.261,        0.772,        0.242,        0.782,        0.274,        0.775,        0.76 ,        0.762,        0.818,        0.781
       0.274,        0.766,        0.246,        0.778,        0.228,        0.751,        0.228,        0.769,        0.735,        0.743,        0.799,        0.755
       0.276,        0.766,        0.263,        0.776,        0.257,        0.779,        0.261,        0.788,        0.743,        0.769,        0.798,        0.75 

