24.9
       0.282,        1.178,        0.286,        1.184,        0.285,        1.168,        1.024,        1.155,        1.242,        1.182,        1.298,        1.134
       0.283,        1.165,        0.256,        1.146,        0.294,        1.156,        0.435,        1.116,        1.23 ,        1.07 ,        1.286,        1.077
       0.283,        1.154,        0.24 ,        1.152,        0.239,        1.135,        1.044,        1.095,        1.243,        1.054,        1.276,        1.105
       0.293,        1.143,        0.272,        1.155,        0.274,        1.141,        1.089,        1.129,        1.245,        1.09 ,        1.31 ,        1.114
       0.29 ,        1.087,        0.236,        1.072,        0.231,        1.063,        0.233,        1.037,        1.188,        1.033,        1.292,        1.05 
       0.291,        1.11 ,        0.272,        1.086,        0.25 ,        1.09 ,        0.276,        1.042,        1.226,        1.043,        1.317,        1.228
       0.298,        1.099,        0.252,        1.076,        0.245,        1.053,        0.885,        1.039,        1.218,        1.04 ,        1.3  ,        1.167
       0.287,        1.169,        0.282,        1.171,        0.275,        1.138,        0.72 ,        1.124,        1.29 ,        1.106,        1.361,        1.097

