24.9
       0.294,        1.386,        0.291,        1.37 ,        0.834,        1.328,        1.072,        1.294,        1.304,        1.278,        1.358,        1.24 
       0.292,        1.33 ,        0.264,        1.355,        0.819,        1.311,        0.849,        1.25 ,        1.28 ,        1.196,        1.326,        1.223
       0.288,        1.341,        0.239,        1.352,        0.243,        1.301,        1.041,        1.239,        1.277,        1.185,        1.328,        1.239
       0.3  ,        1.351,        0.28 ,        1.351,        0.278,        1.316,        1.028,        1.271,        1.288,        1.236,        1.352,        1.262
       0.294,        1.308,        0.239,        1.29 ,        0.243,        1.269,        0.293,        1.224,        1.26 ,        1.196,        1.347,        1.229
       0.303,        1.326,        0.271,        1.302,        0.262,        1.288,        0.273,        1.229,        1.299,        1.218,        1.36 ,        1.32 
       0.293,        1.316,        0.259,        1.303,        0.259,        1.288,        1.01 ,        1.231,        1.302,        1.206,        1.356,        1.3  
       0.288,        1.371,        0.284,        1.419,        0.283,        1.351,        1.238,        1.307,        1.37 ,        1.265,        1.412,        1.247

