24.9
       0.271,        1.449,        0.885,        1.371,        1.114,        1.356,        1.22 ,        1.348,        1.378,        1.358,        1.376,        1.384
       0.279,        1.32 ,        0.791,        1.273,        0.919,        1.233,        0.966,        1.191,        1.251,        1.145,        1.26 ,        1.334
       0.284,        1.335,        0.249,        1.282,        0.301,        1.218,        1.039,        1.181,        1.248,        1.123,        1.268,        1.316
       0.285,        1.364,        0.262,        1.302,        0.857,        1.246,        1.027,        1.192,        1.262,        1.176,        1.267,        1.314
       0.284,        1.365,        0.241,        1.271,        0.237,        1.22 ,        1.045,        1.177,        1.229,        1.17 ,        1.276,        1.331
       0.293,        1.409,        0.26 ,        1.334,        0.245,        1.26 ,        0.996,        1.182,        1.276,        1.194,        1.299,        1.369
       0.289,        1.414,        0.818,        1.388,        0.251,        1.292,        1.029,        1.215,        1.292,        1.235,        1.288,        1.378
       0.274,        1.499,        0.278,        1.465,        0.27 ,        1.42 ,        1.2  ,        1.361,        1.416,        1.391,        1.345,        1.427

