25.4
       0.282,        1.412,        0.481,        1.362,        0.903,        1.328,        1.069,        1.269,        1.3  ,        1.265,        1.374,        1.223
       0.286,        1.328,        0.261,        1.352,        0.913,        1.291,        0.846,        1.23 ,        1.274,        1.182,        1.326,        1.2  
       0.28 ,        1.361,        0.244,        1.347,        0.245,        1.286,        1.011,        1.223,        1.277,        1.168,        1.326,        1.215
       0.296,        1.365,        0.265,        1.355,        0.269,        1.316,        0.991,        1.248,        1.286,        1.218,        1.344,        1.244
       0.284,        1.344,        0.243,        1.314,        0.234,        1.274,        0.228,        1.228,        1.254,        1.193,        1.345,        1.225
       0.295,        1.369,        0.265,        1.345,        0.252,        1.301,        0.282,        1.224,        1.298,        1.214,        1.363,        1.328
       0.293,        1.367,        0.264,        1.353,        0.253,        1.329,        0.966,        1.23 ,        1.302,        1.214,        1.357,        1.325
       0.284,        1.417,        0.285,        1.433,        0.276,        1.372,        1.251,        1.308,        1.365,        1.27 ,        1.412,        1.253

