24.9
       0.278,        1.311,        0.29 ,        1.3  ,        0.664,        1.292,        1.06 ,        1.253,        1.286,        1.261,        1.331,        1.208
       0.29 ,        1.277,        0.257,        1.286,        0.48 ,        1.276,        0.715,        1.225,        1.268,        1.169,        1.313,        1.183
       0.288,        1.27 ,        0.243,        1.284,        0.241,        1.249,        1.058,        1.209,        1.271,        1.156,        1.308,        1.196
       0.294,        1.267,        0.27 ,        1.288,        0.272,        1.268,        1.079,        1.235,        1.284,        1.196,        1.332,        1.216
       0.286,        1.202,        0.237,        1.196,        0.23 ,        1.198,        0.24 ,        1.16 ,        1.252,        1.138,        1.322,        1.161
       0.291,        1.224,        0.268,        1.202,        0.263,        1.215,        0.27 ,        1.16 ,        1.285,        1.152,        1.337,        1.296
       0.296,        1.214,        0.253,        1.189,        0.26 ,        1.193,        1.027,        1.161,        1.284,        1.153,        1.326,        1.264
       0.288,        1.288,        0.286,        1.322,        0.283,        1.27 ,        1.136,        1.254,        1.37 ,        1.202,        1.373,        1.187

