25.1
       0.279,        1.45 ,        0.754,        1.375,        0.956,        1.328,        1.084,        1.291,        1.32 ,        1.275,        1.374,        1.259
       0.283,        1.34 ,        0.294,        1.339,        0.946,        1.266,        0.86 ,        1.205,        1.27 ,        1.148,        1.314,        1.218
       0.287,        1.367,        0.251,        1.338,        0.247,        1.256,        0.998,        1.185,        1.275,        1.124,        1.314,        1.222
       0.29 ,        1.385,        0.263,        1.351,        0.33 ,        1.291,        0.983,        1.218,        1.275,        1.183,        1.336,        1.254
       0.286,        1.374,        0.241,        1.31 ,        0.237,        1.253,        0.463,        1.2  ,        1.248,        1.182,        1.33 ,        1.246
       0.295,        1.399,        0.267,        1.355,        0.254,        1.301,        0.73 ,        1.204,        1.291,        1.199,        1.362,        1.348
       0.289,        1.408,        0.262,        1.395,        0.246,        1.333,        0.933,        1.231,        1.309,        1.206,        1.347,        1.352
       0.283,        1.479,        0.288,        1.47 ,        0.279,        1.419,        1.171,        1.327,        1.395,        1.311,        1.427,        1.295

