25.1
       0.272,        1.453,        0.92 ,        1.374,        1.135,        1.37 ,        1.266,        1.367,        1.387,        1.376,        1.388,        1.417
       0.276,        1.295,        0.851,        1.256,        0.955,        1.224,        1.001,        1.197,        1.24 ,        1.15 ,        1.242,        1.349
       0.277,        1.326,        0.254,        1.266,        0.409,        1.206,        1.067,        1.166,        1.246,        1.146,        1.248,        1.33 
       0.289,        1.351,        0.264,        1.29 ,        0.904,        1.23 ,        1.054,        1.187,        1.253,        1.181,        1.25 ,        1.338
       0.278,        1.349,        0.251,        1.256,        0.243,        1.198,        1.094,        1.164,        1.224,        1.176,        1.252,        1.334
       0.287,        1.383,        0.271,        1.312,        0.255,        1.239,        1.028,        1.17 ,        1.273,        1.212,        1.287,        1.372
       0.28 ,        1.402,        0.906,        1.368,        0.267,        1.275,        1.074,        1.217,        1.293,        1.25 ,        1.273,        1.373
       0.28 ,        1.497,        0.282,        1.46 ,        0.271,        1.414,        1.231,        1.388,        1.413,        1.404,        1.338,        1.444

