25.0
       0.282,        1.038,        0.273,        1.041,        0.276,        1.055,        0.447,        1.046,        1.11 ,        1.048,        1.162,        1.012
       0.277,        1.049,        0.262,        1.031,        0.266,        1.055,        0.281,        1.018,        1.115,        0.98 ,        1.181,        0.963
       0.274,        1.033,        0.227,        1.017,        0.24 ,        1.01 ,        0.499,        0.985,        1.112,        0.952,        1.152,        0.962
       0.28 ,        1.044,        0.267,        1.028,        0.275,        1.019,        0.553,        1.016,        1.124,        0.986,        1.185,        0.983
       0.283,        0.986,        0.221,        0.965,        0.221,        0.952,        0.225,        0.942,        1.058,        0.94 ,        1.105,        0.954
       0.282,        1.014,        0.253,        0.971,        0.246,        0.974,        0.272,        0.96 ,        1.087,        0.956,        1.14 ,        1.053
       0.29 ,        0.994,        0.251,        0.98 ,        0.244,        0.968,        0.265,        0.96 ,        1.069,        0.948,        1.134,        1.012
       0.287,        1.005,        0.272,        1.011,        0.27 ,        0.981,        0.272,        0.993,        1.102,        0.998,        1.138,        0.982

