25.2
       0.284,        1.129,        0.283,        1.137,        0.29 ,        1.127,        0.88 ,        1.103,        1.185,        1.122,        1.263,        1.078
       0.28 ,        1.126,        0.264,        1.103,        0.273,        1.115,        0.293,        1.06 ,        1.186,        1.013,        1.268,        0.999
       0.277,        1.109,        0.239,        1.087,        0.231,        1.077,        0.914,        1.028,        1.195,        0.978,        1.247,        1.019
       0.288,        1.106,        0.275,        1.096,        0.281,        1.089,        0.946,        1.06 ,        1.198,        1.017,        1.281,        1.018
       0.288,        1.054,        0.229,        1.028,        0.22 ,        1.005,        0.233,        0.968,        1.145,        0.961,        1.23 ,        0.984
       0.283,        1.084,        0.264,        1.038,        0.246,        1.04 ,        0.278,        0.986,        1.186,        0.977,        1.27 ,        1.165
       0.295,        1.069,        0.257,        1.043,        0.248,        0.999,        0.594,        0.993,        1.171,        0.972,        1.252,        1.107
       0.287,        1.103,        0.283,        1.104,        0.278,        1.074,        0.33 ,        1.07 ,        1.23 ,        1.061,        1.281,        1.026

