25.0
       0.285,        1.351,        0.288,        1.338,        0.767,        1.31 ,        1.067,        1.272,        1.294,        1.272,        1.334,        1.225
       0.294,        1.303,        0.267,        1.316,        0.586,        1.292,        0.791,        1.242,        1.277,        1.182,        1.319,        1.206
       0.289,        1.307,        0.24 ,        1.312,        0.245,        1.284,        1.06 ,        1.224,        1.281,        1.173,        1.317,        1.213
       0.302,        1.305,        0.276,        1.322,        0.285,        1.3  ,        1.064,        1.262,        1.292,        1.215,        1.349,        1.239
       0.3  ,        1.252,        0.237,        1.235,        0.235,        1.228,        0.228,        1.194,        1.251,        1.164,        1.321,        1.187
       0.305,        1.264,        0.263,        1.25 ,        0.252,        1.25 ,        0.275,        1.192,        1.295,        1.175,        1.347,        1.306
       0.295,        1.256,        0.254,        1.242,        0.244,        1.232,        1.038,        1.192,        1.293,        1.177,        1.338,        1.28 
       0.283,        1.326,        0.289,        1.36 ,        0.291,        1.308,        1.197,        1.283,        1.366,        1.23 ,        1.384,        1.219

