25.3
       0.263,        1.46 ,        0.941,        1.385,        1.131,        1.377,        1.296,        1.385,        1.39 ,        1.388,        1.396,        1.44 
       0.277,        1.271,        0.897,        1.247,        0.995,        1.221,        1.035,        1.197,        1.231,        1.153,        1.23 ,        1.368
       0.275,        1.305,        0.246,        1.253,        0.494,        1.202,        1.089,        1.172,        1.233,        1.129,        1.223,        1.351
       0.279,        1.331,        0.261,        1.269,        0.951,        1.23 ,        1.069,        1.179,        1.244,        1.171,        1.23 ,        1.354
       0.282,        1.333,        0.245,        1.24 ,        0.238,        1.186,        1.099,        1.16 ,        1.209,        1.169,        1.234,        1.339
       0.279,        1.372,        0.259,        1.298,        0.248,        1.23 ,        1.038,        1.16 ,        1.26 ,        1.205,        1.261,        1.362
       0.287,        1.384,        1.034,        1.354,        0.26 ,        1.263,        1.101,        1.218,        1.29 ,        1.238,        1.25 ,        1.373
       0.27 ,        1.493,        0.276,        1.459,        0.263,        1.42 ,        1.268,        1.401,        1.418,        1.431,        1.327,        1.449

