24.9
       0.253,        0.573,        0.246,        0.554,        0.244,        0.571,        0.26 ,        0.587,        0.602,        0.58 ,        0.701,        0.582
       0.256,        0.554,        0.262,        0.56 ,        0.269,        0.567,        0.274,        0.575,        0.623,        0.592,        0.697,        0.575
       0.267,        0.533,        0.226,        0.528,        0.231,        0.539,        0.236,        0.539,        0.584,        0.535,        0.657,        0.546
       0.271,        0.551,        0.272,        0.571,        0.277,        0.573,        0.304,        0.585,        0.631,        0.605,        0.703,        0.568
       0.264,        0.312,        0.226,        0.301,        0.215,        0.297,        0.227,        0.306,        0.374,        0.293,        0.476,        0.308
       0.272,        0.343,        0.259,        0.337,        0.243,        0.333,        0.273,        0.345,        0.421,        0.348,        0.5  ,        0.372
       0.277,        0.322,        0.239,        0.326,        0.237,        0.31 ,        0.232,        0.315,        0.376,        0.319,        0.474,        0.332
       0.276,        0.335,        0.259,        0.332,        0.248,        0.325,        0.264,        0.346,        0.41 ,        0.323,        0.459,        0.322

