25.0
       0.268,        1.449,        0.932,        1.382,        1.142,        1.377,        1.29 ,        1.377,        1.392,        1.384,        1.389,        1.44 
       0.273,        1.281,        0.888,        1.245,        0.985,        1.217,        1.024,        1.204,        1.233,        1.165,        1.231,        1.362
       0.278,        1.311,        0.252,        1.258,        0.448,        1.205,        1.077,        1.165,        1.232,        1.134,        1.235,        1.342
       0.285,        1.336,        0.261,        1.276,        0.934,        1.23 ,        1.065,        1.176,        1.247,        1.176,        1.236,        1.343
       0.28 ,        1.336,        0.246,        1.248,        0.236,        1.192,        1.097,        1.149,        1.212,        1.171,        1.239,        1.336
       0.283,        1.373,        0.264,        1.301,        0.246,        1.238,        1.038,        1.158,        1.268,        1.206,        1.264,        1.364
       0.285,        1.392,        0.997,        1.353,        0.257,        1.274,        1.09 ,        1.212,        1.29 ,        1.243,        1.254,        1.376
       0.274,        1.501,        0.272,        1.451,        0.266,        1.412,        1.257,        1.4  ,        1.41 ,        1.424,        1.328,        1.447

