25.3
       0.294,        1.321,        0.286,        1.308,        0.681,        1.291,        1.057,        1.265,        1.288,        1.256,        1.323,        1.212
       0.283,        1.286,        0.257,        1.293,        0.494,        1.272,        0.724,        1.225,        1.278,        1.169,        1.316,        1.177
       0.282,        1.279,        0.234,        1.284,        0.241,        1.258,        1.059,        1.218,        1.275,        1.158,        1.312,        1.193
       0.29 ,        1.272,        0.275,        1.29 ,        0.27 ,        1.274,        1.074,        1.242,        1.29 ,        1.195,        1.339,        1.219
       0.288,        1.21 ,        0.226,        1.207,        0.227,        1.193,        0.228,        1.159,        1.243,        1.14 ,        1.311,        1.162
       0.295,        1.228,        0.267,        1.213,        0.246,        1.221,        0.272,        1.167,        1.294,        1.157,        1.341,        1.3  
       0.292,        1.223,        0.256,        1.208,        0.252,        1.204,        1.04 ,        1.166,        1.283,        1.151,        1.327,        1.266
       0.282,        1.293,        0.281,        1.319,        0.278,        1.269,        1.147,        1.255,        1.37 ,        1.211,        1.375,        1.202

