24.9
       0.273,        1.457,        0.783,        1.375,        1.034,        1.334,        1.109,        1.295,        1.338,        1.296,        1.367,        1.311
       0.289,        1.36 ,        0.599,        1.322,        0.919,        1.246,        0.891,        1.19 ,        1.258,        1.133,        1.3  ,        1.251
       0.28 ,        1.373,        0.241,        1.317,        0.248,        1.234,        0.996,        1.166,        1.254,        1.108,        1.294,        1.257
       0.285,        1.403,        0.267,        1.354,        0.62 ,        1.259,        0.976,        1.2  ,        1.27 ,        1.179,        1.313,        1.276
       0.286,        1.398,        0.231,        1.304,        0.239,        1.242,        0.991,        1.191,        1.24 ,        1.174,        1.323,        1.286
       0.288,        1.435,        0.272,        1.366,        0.253,        1.291,        0.933,        1.193,        1.292,        1.188,        1.344,        1.364
       0.3  ,        1.447,        0.268,        1.417,        0.266,        1.339,        0.933,        1.226,        1.309,        1.22 ,        1.336,        1.345
       0.284,        1.516,        0.279,        1.492,        0.274,        1.425,        1.144,        1.356,        1.426,        1.349,        1.391,        1.352

