25.1
       0.274,        1.456,        0.896,        1.372,        1.129,        1.357,        1.245,        1.356,        1.381,        1.368,        1.38 ,        1.397
       0.283,        1.313,        0.81 ,        1.273,        0.934,        1.231,        0.983,        1.199,        1.251,        1.147,        1.258,        1.338
       0.275,        1.34 ,        0.244,        1.27 ,        0.343,        1.216,        1.055,        1.17 ,        1.25 ,        1.129,        1.255,        1.321
       0.287,        1.361,        0.271,        1.299,        0.878,        1.249,        1.037,        1.195,        1.261,        1.18 ,        1.266,        1.327
       0.287,        1.369,        0.246,        1.266,        0.246,        1.203,        1.066,        1.167,        1.23 ,        1.172,        1.272,        1.338
       0.291,        1.407,        0.265,        1.332,        0.257,        1.246,        1.012,        1.17 ,        1.284,        1.203,        1.299,        1.369
       0.291,        1.416,        0.843,        1.376,        0.255,        1.287,        1.052,        1.221,        1.296,        1.244,        1.284,        1.381
       0.279,        1.504,        0.286,        1.468,        0.27 ,        1.418,        1.209,        1.373,        1.413,        1.4  ,        1.344,        1.442

