25.1
       0.268,        1.474,        1.01 ,        1.413,        1.142,        1.402,        1.324,        1.409,        1.403,        1.416,        1.406,        1.476
       0.276,        1.265,        0.959,        1.241,        1.056,        1.212,        1.084,        1.207,        1.229,        1.175,        1.203,        1.397
       0.266,        1.282,        0.252,        1.245,        0.619,        1.197,        1.119,        1.164,        1.224,        1.142,        1.209,        1.385
       0.283,        1.305,        0.524,        1.25 ,        1.008,        1.214,        1.094,        1.177,        1.228,        1.178,        1.201,        1.376
       0.278,        1.316,        0.256,        1.218,        0.24 ,        1.169,        1.136,        1.151,        1.185,        1.166,        1.208,        1.349
       0.283,        1.345,        0.264,        1.267,        0.248,        1.218,        1.088,        1.162,        1.255,        1.206,        1.237,        1.362
       0.287,        1.369,        1.065,        1.331,        0.261,        1.263,        1.142,        1.211,        1.266,        1.244,        1.219,        1.387
       0.277,        1.496,        0.28 ,        1.47 ,        0.263,        1.434,        1.302,        1.427,        1.434,        1.457,        1.326,        1.469

