25.0
       0.276,        1.478,        1.005,        1.408,        1.136,        1.4  ,        1.324,        1.415,        1.401,        1.421,        1.405,        1.473
       0.269,        1.258,        0.956,        1.237,        1.044,        1.212,        1.079,        1.205,        1.225,        1.166,        1.204,        1.385
       0.267,        1.272,        0.246,        1.234,        0.61 ,        1.192,        1.11 ,        1.161,        1.22 ,        1.147,        1.196,        1.366
       0.287,        1.305,        0.506,        1.255,        1.002,        1.214,        1.091,        1.177,        1.223,        1.176,        1.212,        1.373
       0.279,        1.309,        0.24 ,        1.217,        0.231,        1.173,        1.123,        1.145,        1.192,        1.166,        1.206,        1.348
       0.281,        1.348,        0.257,        1.268,        0.247,        1.208,        1.086,        1.149,        1.249,        1.209,        1.233,        1.368
       0.276,        1.357,        1.053,        1.335,        0.255,        1.256,        1.133,        1.211,        1.268,        1.247,        1.216,        1.38 
       0.271,        1.496,        0.274,        1.465,        0.268,        1.435,        1.29 ,        1.423,        1.427,        1.453,        1.321,        1.461

