25.1
       0.283,        1.132,        0.285,        1.133,        0.287,        1.12 ,        0.848,        1.098,        1.173,        1.125,        1.249,        1.064
       0.285,        1.125,        0.258,        1.094,        0.269,        1.111,        0.294,        1.055,        1.176,        0.998,        1.252,        0.994
       0.276,        1.103,        0.241,        1.081,        0.235,        1.073,        0.883,        1.02 ,        1.179,        0.978,        1.238,        1.005
       0.294,        1.097,        0.275,        1.087,        0.274,        1.081,        0.921,        1.049,        1.194,        1.006,        1.267,        1.02 
       0.288,        1.051,        0.228,        1.026,        0.223,        1.002,        0.236,        0.967,        1.141,        0.954,        1.223,        0.988
       0.286,        1.072,        0.265,        1.028,        0.246,        1.031,        0.279,        0.985,        1.181,        0.975,        1.248,        1.163
       0.291,        1.064,        0.264,        1.038,        0.249,        0.997,        0.537,        1.01 ,        1.169,        0.962,        1.241,        1.104
       0.294,        1.093,        0.287,        1.095,        0.274,        1.061,        0.321,        1.068,        1.224,        1.052,        1.264,        1.03 

