25.3
       0.291,        1.459,        0.75 ,        1.38 ,        0.96 ,        1.332,        1.092,        1.286,        1.325,        1.268,        1.374,        1.258
       0.293,        1.345,        0.295,        1.34 ,        0.944,        1.266,        0.867,        1.211,        1.268,        1.145,        1.313,        1.216
       0.28 ,        1.366,        0.248,        1.332,        0.246,        1.253,          1  ,        1.185,        1.277,        1.124,        1.32 ,        1.23 
       0.298,        1.393,        0.277,        1.364,        0.34 ,        1.288,        0.981,        1.217,        1.277,        1.191,        1.336,        1.26 
       0.298,        1.383,        0.245,        1.315,        0.242,        1.261,        0.424,        1.208,        1.254,        1.18 ,        1.335,        1.254
       0.296,        1.406,        0.276,        1.366,        0.261,        1.309,        0.764,        1.219,        1.291,        1.201,        1.371,        1.344
       0.294,        1.419,        0.274,        1.395,        0.259,        1.334,        0.94 ,        1.236,        1.303,        1.213,        1.355,        1.351
       0.288,        1.486,        0.289,        1.481,        0.282,        1.421,        1.177,        1.34 ,        1.402,        1.31 ,        1.43 ,        1.31 

