25.0
       0.274,        1.458,        0.832,        1.367,        1.071,        1.34 ,        1.145,        1.315,        1.361,        1.331,        1.371,        1.334
       0.279,        1.349,        0.706,        1.297,        0.909,        1.25 ,        0.914,        1.198,        1.26 ,        1.137,        1.29 ,        1.279
       0.279,        1.367,        0.239,        1.304,        0.245,        1.224,        1.002,        1.175,        1.253,        1.111,        1.287,        1.28 
       0.293,        1.395,        0.26 ,        1.33 ,        0.819,        1.26 ,        0.987,        1.198,        1.258,        1.184,        1.301,        1.297
       0.283,        1.396,        0.247,        1.293,        0.237,        1.234,        1.001,        1.181,        1.242,        1.171,        1.311,        1.311
       0.296,        1.434,        0.267,        1.351,        0.258,        1.282,        0.948,        1.192,        1.284,        1.196,        1.326,        1.36 
       0.285,        1.44 ,        0.275,        1.416,        0.258,        1.321,        0.957,        1.225,        1.308,        1.221,        1.322,        1.366
       0.276,        1.509,        0.281,        1.486,        0.276,        1.419,        1.163,        1.361,        1.415,        1.36 ,        1.38 ,        1.384

