25.3
       0.282,        1.126,        0.28 ,        1.116,        0.286,        1.105,        0.813,        1.095,        1.17 ,        1.11 ,        1.242,        1.058
       0.276,        1.113,        0.259,        1.087,        0.26 ,        1.101,        0.293,        1.051,        1.164,        0.997,        1.245,        0.986
       0.285,        1.095,        0.242,        1.076,        0.243,        1.06 ,        0.862,        1.021,        1.167,        0.97 ,        1.226,        0.999
       0.286,        1.095,        0.269,        1.083,        0.273,        1.072,        0.891,        1.04 ,        1.176,        0.995,        1.258,        1.011
       0.28 ,        1.03 ,        0.238,        1.023,        0.23 ,        0.998,        0.232,        0.974,        1.138,        0.959,        1.209,        0.98 
       0.278,        1.052,        0.26 ,        1.023,        0.247,        1.03 ,        0.271,        0.979,        1.169,        0.968,        1.234,        1.148
       0.291,        1.042,        0.253,        1.017,        0.246,        0.988,        0.47 ,        0.983,        1.155,        0.957,        1.225,        1.087
       0.285,        1.086,        0.282,        1.077,        0.274,        1.048,        0.294,        1.051,        1.215,        1.054,        1.251,        1.012

