25.1
       0.275,        0.979,        0.267,        0.965,        0.277,        0.976,        0.29 ,        0.978,        0.98 ,        0.962,        1.039,        0.934
       0.267,        0.992,        0.259,        0.966,        0.261,        0.982,        0.278,        0.973,        1.005,        0.939,        1.059,        0.905
       0.267,        0.978,        0.232,        0.961,        0.237,        0.954,        0.26 ,        0.934,        0.994,        0.911,        1.015,        0.906
       0.276,        0.992,        0.268,        0.993,        0.272,        0.975,        0.319,        0.963,        1.014,        0.952,        1.057,        0.919
       0.272,        0.935,        0.227,        0.92 ,        0.218,        0.906,        0.223,        0.912,        0.929,        0.896,        0.956,        0.87 
       0.272,        0.959,        0.254,        0.93 ,        0.233,        0.934,        0.269,        0.921,        0.95 ,        0.912,        0.993,        0.946
       0.279,        0.955,        0.241,        0.934,        0.239,        0.915,        0.237,        0.91 ,        0.94 ,        0.892,        0.972,        0.918
       0.277,        0.951,        0.265,        0.95 ,        0.258,        0.93 ,        0.262,        0.921,        0.93 ,        0.912,        0.98 ,        0.892

