25.0
       0.272,        1.441,        0.89 ,        1.374,        1.123,        1.358,        1.238,        1.353,        1.379,        1.36 ,        1.377,        1.392
       0.273,        1.308,        0.815,        1.263,        0.934,        1.223,        0.984,        1.192,        1.247,        1.151,        1.249,        1.334
       0.278,        1.325,        0.244,        1.266,        0.345,        1.21 ,        1.054,        1.167,        1.246,        1.126,        1.256,        1.318
       0.276,        1.353,        0.254,        1.293,        0.868,        1.239,        1.03 ,        1.183,        1.255,        1.166,        1.258,        1.32 
       0.283,        1.358,        0.246,        1.268,        0.238,        1.205,        1.072,        1.163,        1.228,        1.171,        1.269,        1.331
       0.281,        1.397,        0.257,        1.321,        0.246,        1.246,        1.011,        1.167,        1.275,        1.197,        1.287,        1.362
       0.289,        1.403,        0.847,        1.374,        0.251,        1.283,        1.04 ,        1.215,        1.3  ,        1.242,        1.278,        1.37 
       0.271,        1.503,        0.276,        1.456,        0.261,        1.412,        1.209,        1.37 ,        1.41 ,        1.396,        1.339,        1.427

