24.9
       0.271,        1.447,        0.878,        1.359,        1.112,        1.356,        1.216,        1.338,        1.38 ,        1.357,        1.377,        1.383
       0.282,        1.325,        0.781,        1.27 ,        0.921,        1.233,        0.961,        1.199,        1.254,        1.145,        1.263,        1.324
       0.278,        1.349,        0.254,        1.289,        0.287,        1.214,        1.033,        1.176,        1.253,        1.121,        1.267,        1.322
       0.277,        1.38 ,        0.27 ,        1.306,        0.859,        1.249,        1.024,        1.187,        1.261,        1.173,        1.269,        1.32 
       0.279,        1.375,        0.251,        1.279,        0.239,        1.213,        1.042,        1.17 ,        1.239,        1.176,        1.282,        1.331
       0.288,        1.415,        0.273,        1.336,        0.257,        1.261,        0.998,        1.179,        1.277,        1.198,        1.313,        1.37 
       0.292,        1.418,        0.798,        1.387,        0.259,        1.294,        1.029,        1.218,        1.3  ,        1.233,        1.291,        1.378
       0.287,        1.506,        0.282,        1.476,        0.269,        1.414,        1.196,        1.371,        1.413,        1.391,        1.35 ,        1.42 

