24.9
       0.277,        1.455,        0.814,        1.361,        1.053,        1.338,        1.126,        1.3  ,        1.351,        1.317,        1.369,        1.326
       0.283,        1.364,        0.693,        1.305,        0.912,        1.243,        0.902,        1.197,        1.264,        1.135,        1.295,        1.269
       0.275,        1.379,        0.243,        1.304,        0.246,        1.226,          1  ,        1.174,        1.258,        1.118,        1.294,        1.266
       0.296,        1.405,        0.261,        1.347,        0.753,        1.263,        0.982,        1.201,        1.274,        1.179,        1.314,        1.293
       0.293,        1.402,        0.241,        1.297,        0.233,        1.229,        0.989,        1.178,        1.264,        1.169,        1.321,        1.303
       0.294,        1.438,        0.267,        1.367,        0.257,        1.29 ,        0.931,        1.184,        1.293,        1.195,        1.342,        1.359
       0.29 ,        1.446,        0.273,        1.416,        0.257,        1.327,        0.954,        1.238,        1.304,        1.222,        1.332,        1.359
       0.282,        1.511,        0.282,        1.48 ,        0.279,        1.419,        1.15 ,        1.358,        1.419,        1.355,        1.382,        1.372

