25.4
       0.277,        1.401,        0.348,        1.362,        0.869,        1.319,        1.064,        1.271,        1.293,        1.266,        1.36 ,        1.223
       0.288,        1.322,        0.265,        1.359,        0.889,        1.311,        0.846,        1.24 ,        1.274,        1.192,        1.319,        1.215
       0.279,        1.359,        0.241,        1.349,        0.239,        1.298,        1.029,        1.224,        1.273,        1.173,        1.318,        1.216
       0.293,        1.369,        0.264,        1.364,        0.273,        1.322,        1.003,        1.254,        1.285,        1.228,        1.347,        1.253
       0.289,        1.336,        0.231,        1.294,        0.231,        1.271,        0.227,        1.23 ,        1.254,        1.201,        1.348,        1.229
       0.295,        1.35 ,        0.265,        1.325,        0.258,        1.299,        0.269,        1.232,        1.296,        1.213,        1.371,        1.327
       0.298,        1.344,        0.259,        1.339,        0.251,        1.302,        0.977,        1.239,        1.307,        1.21 ,        1.352,        1.313
       0.283,        1.385,        0.291,        1.423,        0.277,        1.356,        1.247,        1.305,        1.356,        1.269,        1.403,        1.241

