25.1
       0.287,        1.449,        0.734,        1.376,        0.947,        1.326,        1.076,        1.279,        1.309,        1.26 ,        1.374,        1.24 
       0.283,        1.343,        0.27 ,        1.34 ,        0.932,        1.272,        0.861,        1.208,        1.267,        1.15 ,        1.317,        1.205
       0.289,        1.354,        0.236,        1.331,        0.238,        1.254,        0.997,        1.19 ,        1.262,        1.128,        1.318,        1.224
       0.289,        1.384,        0.266,        1.358,        0.304,        1.291,        0.986,        1.217,        1.279,        1.194,        1.339,        1.245
       0.282,        1.363,        0.233,        1.314,        0.234,        1.263,        0.308,        1.201,        1.248,        1.178,        1.335,        1.239
       0.292,        1.393,        0.271,        1.355,        0.253,        1.291,        0.616,        1.209,        1.289,        1.202,        1.359,        1.34 
       0.282,        1.399,        0.272,        1.383,        0.244,        1.339,        0.94 ,        1.236,        1.302,        1.204,        1.346,        1.341
       0.284,        1.468,        0.279,        1.462,        0.279,        1.403,        1.186,        1.327,        1.385,        1.3  ,        1.42 ,        1.29 

