25.0
       0.28 ,        1.449,        0.835,        1.366,        1.076,        1.339,        1.144,        1.314,        1.356,        1.328,        1.371,        1.336
       0.284,        1.35 ,        0.707,        1.298,        0.901,        1.242,        0.922,        1.202,        1.26 ,        1.136,        1.29 ,        1.285
       0.289,        1.373,        0.244,        1.3  ,        0.245,        1.226,        1.006,        1.181,        1.255,        1.119,        1.289,        1.28 
       0.293,        1.394,        0.271,        1.328,        0.824,        1.263,        0.989,        1.198,        1.257,        1.176,        1.308,        1.295
       0.28 ,        1.396,        0.246,        1.305,        0.24 ,        1.237,        0.998,        1.18 ,        1.242,        1.178,        1.305,        1.315
       0.284,        1.43 ,        0.265,        1.357,        0.253,        1.285,        0.948,        1.188,        1.289,        1.194,        1.337,        1.365
       0.292,        1.441,        0.274,        1.413,        0.251,        1.323,        0.967,        1.224,        1.305,        1.22 ,        1.315,        1.363
       0.282,        1.512,        0.289,        1.476,        0.275,        1.428,        1.161,        1.355,        1.419,        1.367,        1.376,        1.391

