24.9
       0.272,        1.455,        0.949,        1.392,        1.138,        1.376,        1.296,        1.389,        1.397,        1.393,        1.395,        1.448
       0.275,        1.285,        0.901,        1.248,        0.999,        1.22 ,        1.039,        1.202,        1.234,        1.159,        1.237,        1.371
       0.277,        1.305,        0.248,        1.248,        0.471,        1.21 ,        1.093,        1.168,        1.233,        1.132,        1.227,        1.355
       0.285,        1.333,        0.268,        1.274,        0.954,        1.225,        1.077,        1.173,        1.239,        1.181,        1.235,        1.356
       0.281,        1.336,        0.243,        1.24 ,        0.238,        1.183,        1.103,        1.157,        1.2  ,        1.174,        1.231,        1.346
       0.28 ,        1.369,        0.264,        1.304,        0.25 ,        1.23 ,        1.047,        1.167,        1.254,        1.21 ,        1.267,        1.365
       0.284,        1.383,        1.033,        1.357,        0.256,        1.263,        1.102,        1.226,        1.281,        1.248,        1.248,        1.383
       0.274,        1.492,        0.281,        1.46 ,        0.269,        1.425,        1.257,        1.398,        1.421,        1.427,        1.319,        1.455

