25.1
       0.298,        1.217,        0.282,        1.214,        0.315,        1.214,        1.023,        1.193,        1.266,        1.21 ,        1.3  ,        1.17 
       0.281,        1.188,        0.261,        1.193,        0.324,        1.197,        0.502,        1.151,        1.251,        1.101,        1.287,        1.119
       0.286,        1.175,        0.238,        1.186,        0.237,        1.171,        1.052,        1.139,        1.256,        1.093,        1.286,        1.141
       0.294,        1.167,        0.272,        1.19 ,        0.277,        1.19 ,        1.09 ,        1.164,        1.268,        1.125,        1.314,        1.153
       0.286,        1.113,        0.231,        1.106,        0.227,        1.1  ,        0.226,        1.066,        1.214,        1.064,        1.292,        1.093
       0.305,        1.136,        0.264,        1.113,        0.251,        1.117,        0.273,        1.081,        1.264,        1.081,        1.331,        1.266
       0.287,        1.126,        0.262,        1.106,        0.249,        1.093,        0.974,        1.079,        1.243,        1.078,        1.315,        1.202
       0.288,        1.196,        0.285,        1.207,        0.277,        1.174,        0.9  ,        1.159,        1.317,        1.138,        1.37 ,        1.122

