25.1
       0.278,        1.45 ,        0.815,        1.364,        1.049,        1.334,        1.125,        1.309,        1.344,        1.31 ,        1.371,        1.332
       0.281,        1.358,        0.686,        1.306,        0.903,        1.247,        0.897,        1.205,        1.259,        1.139,        1.302,        1.262
       0.277,        1.368,        0.249,        1.31 ,        0.25 ,        1.222,        0.998,        1.171,        1.252,        1.115,        1.295,        1.263
       0.288,        1.404,        0.269,        1.329,        0.742,        1.259,        0.977,        1.2  ,        1.27 ,        1.174,        1.308,        1.289
       0.29 ,        1.397,        0.246,        1.305,        0.239,        1.232,        0.995,        1.187,        1.24 ,        1.17 ,        1.314,        1.314
       0.284,        1.449,        0.269,        1.357,        0.262,        1.289,        0.932,        1.191,        1.29 ,        1.2  ,        1.348,        1.365
       0.292,        1.439,        0.266,        1.421,        0.256,        1.332,        0.947,        1.226,        1.312,        1.221,        1.332,        1.359
       0.278,        1.512,        0.286,        1.486,        0.271,        1.425,        1.146,        1.348,        1.417,        1.354,        1.387,        1.366

