25.2
       0.281,        1.458,        0.72 ,        1.381,        0.979,        1.335,        1.083,        1.287,        1.32 ,        1.278,        1.368,        1.263
       0.278,        1.35 ,        0.364,        1.325,        0.941,        1.261,        0.872,        1.196,        1.264,        1.139,        1.317,        1.222
       0.285,        1.375,        0.242,        1.331,        0.242,        1.246,        0.995,        1.177,        1.26 ,        1.111,        1.319,        1.234
       0.291,        1.397,        0.265,        1.355,        0.412,        1.278,        0.976,        1.205,        1.276,        1.181,        1.337,        1.265
       0.29 ,        1.382,        0.235,        1.308,        0.237,        1.247,        0.694,        1.19 ,        1.245,        1.18 ,        1.329,        1.254
       0.294,        1.413,        0.264,        1.364,        0.255,        1.301,        0.874,        1.208,        1.295,        1.193,        1.358,        1.34 
       0.293,        1.426,        0.272,        1.401,        0.253,        1.346,        0.935,        1.234,        1.303,        1.207,        1.351,        1.355
       0.283,        1.5  ,        0.288,        1.483,        0.28 ,        1.428,        1.163,        1.34 ,        1.408,        1.317,        1.416,        1.314

