24.9
       0.285,        1.415,        0.527,        1.369,        0.903,        1.32 ,        1.067,        1.275,        1.311,        1.269,        1.374,        1.223
       0.288,        1.327,        0.266,        1.353,        0.917,        1.293,        0.848,        1.23 ,        1.272,        1.171,        1.325,        1.215
       0.287,        1.355,        0.241,        1.346,        0.244,        1.284,        1.017,        1.216,        1.278,        1.177,        1.32 ,        1.213
       0.291,        1.376,        0.272,        1.359,        0.269,        1.314,        0.992,        1.244,        1.282,        1.211,        1.349,        1.249
       0.287,        1.349,        0.234,        1.313,        0.243,        1.268,        0.234,        1.22 ,        1.258,        1.191,        1.343,        1.226
       0.3  ,        1.38 ,        0.273,        1.349,        0.253,        1.304,        0.31 ,        1.221,        1.295,        1.212,        1.361,        1.335
       0.3  ,        1.378,        0.278,        1.359,        0.253,        1.317,        0.963,        1.235,        1.312,        1.199,        1.354,        1.328
       0.287,        1.429,        0.284,        1.446,        0.285,        1.383,        1.243,        1.306,        1.365,        1.273,        1.421,        1.267

