25.0
       0.266,        1.443,        0.857,        1.367,        1.096,        1.343,        1.179,        1.327,        1.361,        1.337,        1.369,        1.359
       0.279,        1.328,        0.742,        1.28 ,        0.904,        1.239,        0.933,        1.19 ,        1.244,        1.141,        1.274,        1.31 
       0.28 ,        1.349,        0.242,        1.288,        0.24 ,        1.222,        1.02 ,        1.173,        1.241,        1.117,        1.267,        1.302
       0.28 ,        1.381,        0.264,        1.315,        0.835,        1.256,        1.003,        1.194,        1.262,        1.174,        1.283,        1.301
       0.284,        1.374,        0.239,        1.282,        0.231,        1.216,        1.016,        1.198,        1.234,        1.165,        1.283,        1.324
       0.283,        1.423,        0.259,        1.346,        0.243,        1.274,        0.967,        1.18 ,        1.277,        1.199,        1.308,        1.365
       0.286,        1.423,        0.501,        1.391,        0.257,        1.303,        1.001,        1.213,        1.296,        1.228,        1.303,        1.366
       0.274,        1.496,        0.277,        1.472,        0.271,        1.415,        1.185,        1.361,        1.419,        1.376,        1.363,        1.407

