24.9
       0.271,        1.455,        0.75 ,        1.374,        1.007,        1.332,        1.09 ,        1.296,        1.326,        1.279,        1.381,        1.29 
       0.28 ,        1.361,        0.504,        1.318,        0.921,        1.238,        0.886,        1.184,        1.262,        1.131,        1.305,        1.242
       0.276,        1.378,        0.24 ,        1.322,        0.24 ,        1.229,        1.002,        1.163,        1.264,        1.111,        1.308,        1.241
       0.289,        1.405,        0.261,        1.351,        0.557,        1.272,        0.976,        1.206,        1.27 ,        1.175,        1.317,        1.265
       0.289,        1.389,        0.236,        1.301,        0.242,        1.241,        0.957,        1.188,        1.243,        1.171,        1.325,        1.28 
       0.294,        1.424,        0.268,        1.362,        0.252,        1.292,        0.921,        1.196,        1.284,        1.189,        1.359,        1.349
       0.288,        1.443,        0.269,        1.412,        0.25 ,        1.339,        0.93 ,        1.233,        1.314,        1.209,        1.341,        1.362
       0.285,        1.5  ,        0.29 ,        1.479,        0.276,        1.424,        1.144,        1.341,        1.421,        1.339,        1.403,        1.345

