25.0
       0.287,        1.448,        0.814,        1.363,        1.046,        1.33 ,        1.128,        1.301,        1.341,        1.306,        1.368,        1.318
       0.287,        1.358,        0.677,        1.3  ,        0.912,        1.24 ,        0.901,        1.195,        1.256,        1.14 ,        1.298,        1.259
       0.279,        1.375,        0.246,        1.31 ,        0.244,        1.225,        0.992,        1.172,        1.254,        1.114,        1.299,        1.262
       0.286,        1.4  ,        0.262,        1.335,        0.729,        1.254,        0.984,        1.198,        1.27 ,        1.174,        1.304,        1.288
       0.29 ,        1.4  ,        0.246,        1.3  ,        0.242,        1.235,        0.988,        1.182,        1.239,        1.168,        1.318,        1.308
       0.289,        1.435,        0.259,        1.362,        0.25 ,        1.287,        0.925,        1.189,        1.29 ,        1.193,        1.339,        1.359
       0.291,        1.447,        0.27 ,        1.417,        0.256,        1.33 ,        0.94 ,        1.229,        1.303,        1.214,        1.323,        1.359
       0.283,        1.502,        0.286,        1.484,        0.275,        1.427,        1.138,        1.355,        1.417,        1.351,        1.382,        1.363

