24.9
       0.281,        1.267,        0.284,        1.258,        0.461,        1.256,        1.036,        1.225,        1.281,        1.237,        1.311,        1.184
       0.287,        1.234,        0.262,        1.243,        0.38 ,        1.234,        0.582,        1.19 ,        1.264,        1.139,        1.302,        1.151
       0.276,        1.222,        0.295,        1.236,        0.243,        1.213,        1.057,        1.171,        1.27 ,        1.131,        1.293,        1.165
       0.293,        1.214,        0.266,        1.247,        0.27 ,        1.231,        1.083,        1.209,        1.275,        1.153,        1.325,        1.178
       0.293,        1.154,        0.227,        1.153,        0.24 ,        1.143,        0.23 ,        1.12 ,        1.251,        1.097,        1.301,        1.128
       0.289,        1.178,        0.268,        1.149,        0.247,        1.164,        0.272,        1.113,        1.28 ,        1.119,        1.333,        1.282
       0.291,        1.16 ,        0.258,        1.149,        0.247,        1.129,        1.013,        1.126,        1.275,        1.117,        1.32 ,        1.233
       0.292,        1.23 ,        0.284,        1.252,        0.279,        1.213,        1.029,        1.205,        1.348,        1.168,        1.37 ,        1.164

