24.9
       0.28 ,        1.305,        0.285,        1.299,        0.617,        1.273,        1.046,        1.244,        1.285,        1.252,        1.325,        1.205
       0.288,        1.273,        0.258,        1.275,        0.447,        1.269,        0.678,        1.22 ,        1.266,        1.161,        1.301,        1.179
       0.281,        1.26 ,        0.239,        1.269,        0.246,        1.245,        1.06 ,        1.205,        1.277,        1.146,        1.296,        1.193
       0.291,        1.256,        0.27 ,        1.276,        0.269,        1.26 ,        1.084,        1.232,        1.279,        1.192,        1.332,        1.21 
       0.295,        1.192,        0.227,        1.184,        0.228,        1.178,        0.229,        1.141,        1.249,        1.121,        1.304,        1.155
       0.294,        1.204,        0.264,        1.185,        0.246,        1.198,        0.27 ,        1.151,        1.292,        1.148,        1.334,        1.3  
       0.295,        1.198,        0.271,        1.18 ,        0.248,        1.177,        1.029,        1.159,        1.281,        1.141,        1.325,        1.258
       0.288,        1.274,        0.288,        1.298,        0.273,        1.25 ,        1.106,        1.243,        1.364,        1.195,        1.38 ,        1.182

