24.9
       0.271,        1.464,        0.979,        1.409,        1.129,        1.394,        1.321,        1.404,        1.397,        1.405,        1.401,        1.465
       0.279,        1.265,        0.934,        1.236,        1.026,        1.21 ,        1.067,        1.2  ,        1.23 ,        1.166,        1.215,        1.383
       0.269,        1.291,        0.249,        1.239,        0.543,        1.201,        1.108,        1.165,        1.224,        1.144,        1.206,        1.359
       0.283,        1.313,        0.366,        1.254,        0.987,        1.222,        1.092,        1.177,        1.214,        1.176,        1.224,        1.361
       0.28 ,        1.325,        0.245,        1.226,        0.243,        1.177,        1.116,        1.154,        1.198,        1.165,        1.214,        1.348
       0.284,        1.352,        0.26 ,        1.276,        0.246,        1.214,        1.075,        1.15 ,        1.25 ,        1.208,        1.241,        1.365
       0.292,        1.369,        1.036,        1.344,        0.256,        1.265,        1.129,        1.216,        1.267,        1.244,        1.236,        1.381
       0.27 ,        1.495,        0.27 ,        1.464,        0.264,        1.425,        1.295,        1.425,        1.422,        1.44 ,        1.324,        1.456

