25.1
       0.266,        1.448,        0.918,        1.376,        1.13 ,        1.372,        1.274,        1.372,        1.386,        1.372,        1.388,        1.416
       0.276,        1.295,        0.858,        1.261,        0.955,        1.23 ,        1.004,        1.201,        1.248,        1.155,        1.248,        1.349
       0.278,        1.309,        0.242,        1.259,        0.415,        1.204,        1.071,        1.175,        1.241,        1.128,        1.244,        1.339
       0.28 ,        1.339,        0.266,        1.285,        0.908,        1.228,        1.056,        1.184,        1.253,        1.178,        1.249,        1.339
       0.281,        1.34 ,        0.243,        1.256,        0.236,        1.194,        1.115,        1.157,        1.217,        1.174,        1.248,        1.344
       0.286,        1.383,        0.264,        1.304,        0.253,        1.244,        1.03 ,        1.169,        1.267,        1.202,        1.273,        1.361
       0.284,        1.397,        0.917,        1.364,        0.269,        1.277,        1.076,        1.22 ,        1.285,        1.253,        1.271,        1.379
       0.28 ,        1.498,        0.279,        1.464,        0.272,        1.408,        1.226,        1.383,        1.413,        1.411,        1.342,        1.446

