25.3
       0.28 ,        1.097,        0.281,        1.11 ,        0.276,        1.105,        0.758,        1.086,        1.167,        1.096,        1.226,        1.059
       0.276,        1.111,        0.26 ,        1.078,        0.259,        1.093,        0.288,        1.048,        1.155,        0.995,        1.232,        0.98 
       0.282,        1.088,        0.234,        1.068,        0.231,        1.05 ,        0.819,        1.009,        1.157,        0.967,        1.218,        0.989
       0.286,        1.087,        0.273,        1.072,        0.27 ,        1.067,        0.855,        1.037,        1.166,        0.992,        1.249,        1.009
       0.284,        1.023,        0.231,        1.001,        0.223,        0.995,        0.23 ,        0.958,        1.132,        0.947,        1.196,        0.983
       0.281,        1.042,        0.265,        1.009,        0.247,        1.014,        0.268,        0.972,        1.157,        0.963,        1.219,        1.133
       0.287,        1.036,        0.247,        1.006,        0.25 ,        0.982,        0.407,        0.985,        1.145,        0.964,        1.21 ,        1.073
       0.284,        1.056,        0.275,        1.063,        0.272,        1.038,        0.285,        1.044,        1.201,        1.04 ,        1.23 ,        1.01 

