25.0
       0.283,        1.449,        0.914,        1.377,        1.133,        1.363,        1.275,        1.375,        1.387,        1.376,        1.391,        1.42 
       0.274,        1.293,        0.865,        1.25 ,        0.968,        1.221,        1.003,        1.199,        1.239,        1.155,        1.24 ,        1.354
       0.276,        1.316,        0.244,        1.26 ,        0.42 ,        1.203,        1.073,        1.163,        1.244,        1.131,        1.237,        1.335
       0.282,        1.35 ,        0.259,        1.288,        0.911,        1.226,        1.054,        1.184,        1.246,        1.175,        1.24 ,        1.34 
       0.278,        1.343,        0.247,        1.257,        0.236,        1.188,        1.097,        1.152,        1.216,        1.179,        1.246,        1.336
       0.289,        1.379,        0.269,        1.306,        0.249,        1.246,        1.029,        1.156,        1.262,        1.207,        1.274,        1.368
       0.287,        1.405,        0.93 ,        1.362,        0.259,        1.276,        1.077,        1.218,        1.284,        1.251,        1.268,        1.375
       0.275,        1.497,        0.283,        1.46 ,        0.261,        1.413,        1.233,        1.386,        1.415,        1.41 ,        1.336,        1.445

