25.0
       0.278,        1.449,        0.875,        1.37 ,        1.12 ,        1.346,        1.208,        1.345,        1.377,        1.355,        1.373,        1.379
       0.277,        1.322,        0.769,        1.276,        0.912,        1.232,        0.962,        1.198,        1.253,        1.15 ,        1.268,        1.323
       0.274,        1.343,        0.244,        1.281,        0.268,        1.221,        1.035,        1.172,        1.24 ,        1.122,        1.266,        1.31 
       0.285,        1.372,        0.267,        1.306,        0.854,        1.249,        1.019,        1.19 ,        1.264,        1.179,        1.278,        1.317
       0.287,        1.38 ,        0.242,        1.271,        0.245,        1.216,        1.042,        1.182,        1.237,        1.171,        1.278,        1.329
       0.285,        1.411,        0.271,        1.337,        0.249,        1.261,        0.995,        1.18 ,        1.278,        1.191,        1.303,        1.372
       0.292,        1.417,        0.773,        1.386,        0.256,        1.295,        1.021,        1.218,        1.298,        1.23 ,        1.296,        1.371
       0.275,        1.506,        0.28 ,        1.472,        0.266,        1.411,        1.193,        1.372,        1.417,        1.386,        1.352,        1.418

