25.3
       0.283,        1.124,        0.282,        1.147,        0.28 ,        1.115,        0.872,        1.102,        1.182,        1.122,        1.26 ,        1.068
       0.28 ,        1.126,        0.259,        1.095,        0.26 ,        1.105,        0.302,        1.055,        1.18 ,        1.003,        1.259,        0.99 
       0.286,        1.101,        0.24 ,        1.082,        0.245,        1.069,        0.895,        1.022,        1.184,        0.98 ,        1.242,        1.006
       0.284,        1.094,        0.273,        1.097,        0.268,        1.081,        0.937,        1.054,        1.193,        1.01 ,        1.274,        1.015
       0.286,        1.052,        0.227,        1.024,        0.224,        1.004,        0.229,        0.973,        1.145,        0.952,        1.229,        0.983
       0.288,        1.067,        0.261,        1.033,        0.244,        1.035,        0.271,        0.982,        1.172,        0.975,        1.261,        1.168
       0.293,        1.069,        0.244,        1.021,        0.244,        0.992,        0.576,        0.989,        1.162,        0.959,        1.242,        1.103
       0.283,        1.095,        0.279,        1.103,        0.274,        1.056,        0.323,        1.064,        1.229,        1.05 ,        1.266,        1.034

