25.3
       0.283,        1.379,        0.297,        1.363,        0.837,        1.33 ,        1.066,        1.286,        1.308,        1.27 ,        1.361,        1.229
       0.293,        1.322,        0.265,        1.347,        0.814,        1.304,        0.835,        1.255,        1.274,        1.197,        1.336,        1.22 
       0.286,        1.341,        0.238,        1.343,        0.241,        1.302,        1.046,        1.234,        1.286,        1.19 ,        1.318,        1.227
       0.296,        1.35 ,        0.269,        1.354,        0.274,        1.317,        1.028,        1.263,        1.295,        1.232,        1.361,        1.256
       0.293,        1.306,        0.245,        1.291,        0.232,        1.265,        0.235,        1.237,        1.256,        1.189,        1.337,        1.228
       0.298,        1.324,        0.273,        1.299,        0.256,        1.289,        0.265,        1.226,        1.301,        1.208,        1.362,        1.311
       0.298,        1.32 ,        0.26 ,        1.306,        0.251,        1.275,        1.005,        1.219,        1.296,        1.211,        1.351,        1.309
       0.286,        1.363,        0.294,        1.416,        0.277,        1.345,        1.239,        1.311,        1.368,        1.26 ,        1.403,        1.236

