25.1
       0.272,        1.455,        0.793,        1.374,        1.038,        1.337,        1.119,        1.302,        1.343,        1.305,        1.373,        1.32 
       0.288,        1.36 ,        0.636,        1.313,        0.918,        1.248,        0.905,        1.191,        1.263,        1.139,        1.302,        1.248
       0.281,        1.382,        0.248,        1.322,        0.247,        1.233,        0.993,        1.183,        1.252,        1.114,        1.304,        1.255
       0.291,        1.407,        0.258,        1.344,        0.66 ,        1.263,        0.986,        1.205,        1.27 ,        1.176,        1.313,        1.282
       0.282,        1.403,        0.253,        1.308,        0.243,        1.241,        1.003,        1.187,        1.243,        1.173,        1.322,        1.304
       0.294,        1.439,        0.261,        1.377,        0.248,        1.292,        0.926,        1.194,        1.285,        1.192,        1.343,        1.357
       0.294,        1.45 ,        0.279,        1.423,        0.252,        1.34 ,        0.944,        1.23 ,        1.308,        1.224,        1.346,        1.363
       0.285,        1.506,        0.284,        1.494,        0.279,        1.439,        1.148,        1.354,        1.422,        1.347,        1.399,        1.358

