25.2
       0.3  ,        1.188,        0.29 ,        1.192,        0.293,        1.181,        1.024,        1.162,        1.251,        1.195,        1.293,        1.135
       0.292,        1.17 ,        0.265,        1.16 ,        0.295,        1.165,        0.442,        1.122,        1.238,        1.074,        1.289,        1.086
       0.291,        1.148,        0.242,        1.149,        0.238,        1.132,        1.05 ,        1.098,        1.246,        1.067,        1.286,        1.1  
       0.289,        1.145,        0.266,        1.162,        0.281,        1.15 ,        1.092,        1.132,        1.248,        1.103,        1.308,        1.127
       0.287,        1.092,        0.239,        1.078,        0.233,        1.075,        0.238,        1.036,        1.196,        1.043,        1.302,        1.059
       0.294,        1.113,        0.268,        1.085,        0.255,        1.093,        0.271,        1.051,        1.241,        1.048,        1.316,        1.233
       0.297,        1.117,        0.258,        1.086,        0.248,        1.063,        0.894,        1.057,        1.233,        1.048,        1.306,        1.174
       0.292,        1.172,        0.282,        1.176,        0.282,        1.148,        0.745,        1.133,        1.302,        1.119,        1.358,        1.102

