24.8
       0.283,        1.186,        0.288,        1.189,        0.292,        1.177,        1.025,        1.167,        1.253,        1.198,        1.298,        1.144
       0.286,        1.173,        0.265,        1.161,        0.3  ,        1.164,        0.452,        1.126,        1.233,        1.085,        1.291,        1.095
       0.29 ,        1.154,        0.238,        1.151,        0.243,        1.136,        1.047,        1.105,        1.244,        1.064,        1.28 ,        1.111
       0.295,        1.143,        0.27 ,        1.161,        0.272,        1.165,        1.088,        1.136,        1.259,        1.097,        1.307,        1.131
       0.293,        1.1  ,        0.229,        1.083,        0.228,        1.077,        0.235,        1.05 ,        1.198,        1.038,        1.291,        1.065
       0.291,        1.12 ,        0.264,        1.087,        0.246,        1.099,        0.278,        1.065,        1.245,        1.055,        1.322,        1.244
       0.3  ,        1.109,        0.249,        1.093,        0.248,        1.068,        0.911,        1.055,        1.228,        1.052,        1.307,        1.176
       0.285,        1.183,        0.283,        1.189,        0.273,        1.15 ,        0.782,        1.141,        1.301,        1.122,        1.369,        1.107

