25.1
       0.269,        1.45 ,        0.911,        1.377,        1.129,        1.371,        1.272,        1.365,        1.386,        1.367,        1.386,        1.419
       0.275,        1.3  ,        0.848,        1.257,        0.949,        1.227,        0.989,        1.193,        1.24 ,        1.151,        1.242,        1.347
       0.274,        1.317,        0.247,        1.264,        0.405,        1.204,        1.063,        1.17 ,        1.237,        1.132,        1.243,        1.333
       0.288,        1.346,        0.26 ,        1.293,        0.901,        1.239,        1.045,        1.183,        1.251,        1.179,        1.247,        1.334
       0.284,        1.346,        0.249,        1.255,        0.239,        1.205,        1.089,        1.159,        1.225,        1.172,        1.251,        1.337
       0.297,        1.381,        0.259,        1.311,        0.255,        1.238,        1.029,        1.163,        1.266,        1.205,        1.28 ,        1.365
       0.29 ,        1.394,        0.888,        1.367,        0.261,        1.281,        1.066,        1.213,        1.29 ,        1.244,        1.282,        1.387
       0.274,        1.496,        0.279,        1.456,        0.261,        1.413,        1.22 ,        1.377,        1.411,        1.403,        1.33 ,        1.445

