25.3
       0.263,        0.837,        0.25 ,        0.833,        0.256,        0.845,        0.258,        0.859,        0.751,        0.826,        0.837,        0.818
       0.261,        0.851,        0.262,        0.847,        0.262,        0.856,        0.268,        0.855,        0.777,        0.831,        0.834,        0.802
       0.26 ,        0.831,        0.224,        0.83 ,        0.235,        0.835,        0.234,        0.825,        0.757,        0.804,        0.796,        0.795
       0.273,        0.855,        0.267,        0.863,        0.273,        0.855,        0.296,        0.859,        0.787,        0.847,        0.834,        0.805
       0.272,        0.673,        0.229,        0.677,        0.211,        0.668,        0.224,        0.686,        0.679,        0.682,        0.773,        0.693
       0.259,        0.714,        0.254,        0.687,        0.237,        0.706,        0.266,        0.704,        0.721,        0.707,        0.792,        0.719
       0.276,        0.69 ,        0.257,        0.701,        0.228,        0.679,        0.239,        0.694,        0.7  ,        0.684,        0.774,        0.691
       0.281,        0.687,        0.267,        0.686,        0.255,        0.692,        0.266,        0.704,        0.707,        0.701,        0.773,        0.696

