24.9
       0.291,        0.966,        0.262,        0.948,        0.268,        0.947,        0.279,        0.957,        0.933,        0.932,        1.001,        0.918
       0.263,        0.985,        0.264,        0.957,        0.268,        0.971,        0.276,        0.954,        0.967,        0.935,        1.008,        0.889
       0.274,        0.97 ,        0.231,        0.947,        0.234,        0.938,        0.251,        0.926,        0.959,        0.892,        0.977,        0.897
       0.279,        0.985,        0.274,        0.974,        0.273,        0.959,        0.312,        0.956,        0.98 ,        0.911,        1.011,        0.899
       0.278,        0.918,        0.225,        0.9  ,        0.22 ,        0.888,        0.23 ,        0.886,        0.871,        0.867,        0.907,        0.849
       0.278,        0.945,        0.268,        0.917,        0.248,        0.916,        0.269,        0.904,        0.901,        0.895,        0.943,        0.916
       0.276,        0.935,        0.247,        0.925,        0.24 ,        0.898,        0.238,        0.904,        0.89 ,        0.869,        0.928,        0.893
       0.293,        0.928,        0.279,        0.929,        0.271,        0.915,        0.277,        0.919,        0.891,        0.892,        0.937,        0.865

