25.0
       0.265,        1.454,        0.968,        1.392,        1.137,        1.392,        1.316,        1.404,        1.398,        1.399,        1.403,        1.455
       0.272,        1.267,        0.929,        1.239,        1.025,        1.22 ,        1.057,        1.204,        1.242,        1.165,        1.213,        1.38 
       0.277,        1.293,        0.244,        1.234,        0.514,        1.198,        1.096,        1.162,        1.229,        1.14 ,        1.222,        1.362
       0.28 ,        1.322,        0.327,        1.263,        0.986,        1.218,        1.086,        1.173,        1.232,        1.179,        1.214,        1.365
       0.274,        1.321,        0.243,        1.226,        0.264,        1.173,        1.112,        1.148,        1.2  ,        1.17 ,        1.221,        1.342
       0.29 ,        1.351,        0.267,        1.29 ,        0.255,        1.213,        1.068,        1.147,        1.245,        1.208,        1.244,        1.363
       0.286,        1.373,        1.046,        1.347,        0.255,        1.264,        1.119,        1.216,        1.278,        1.246,        1.238,        1.388
       0.266,        1.496,        0.271,        1.461,        0.263,        1.427,        1.286,        1.41 ,        1.425,        1.439,        1.328,        1.456

