25.3
       0.267,        0.86 ,        0.258,        0.846,        0.253,        0.86 ,        0.264,        0.872,        0.779,        0.831,        0.842,        0.828
       0.264,        0.867,        0.264,        0.862,        0.266,        0.874,        0.281,        0.866,        0.792,        0.851,        0.848,        0.811
       0.265,        0.846,        0.23 ,        0.848,        0.228,        0.841,        0.237,        0.848,        0.765,        0.813,        0.819,        0.803
       0.275,        0.869,        0.268,        0.879,        0.282,        0.867,        0.306,        0.871,        0.802,        0.857,        0.848,        0.812
       0.27 ,        0.711,        0.223,        0.708,        0.213,        0.704,        0.231,        0.772,        0.707,        0.709,        0.784,        0.716
       0.273,        0.748,        0.267,        0.723,        0.248,        0.734,        0.273,        0.743,        0.738,        0.733,        0.806,        0.753
       0.282,        0.725,        0.247,        0.729,        0.242,        0.714,        0.236,        0.718,        0.709,        0.715,        0.791,        0.715
       0.274,        0.717,        0.259,        0.724,        0.253,        0.727,        0.261,        0.737,        0.729,        0.728,        0.782,        0.723

