24.9
       0.276,        1.425,        0.568,        1.363,        0.92 ,        1.321,        1.071,        1.274,        1.302,        1.26 ,        1.362,        1.223
       0.287,        1.315,        0.265,        1.35 ,        0.922,        1.28 ,        0.849,        1.227,        1.274,        1.17 ,        1.321,        1.204
       0.287,        1.357,        0.238,        1.34 ,        0.238,        1.275,        1.004,        1.209,        1.274,        1.155,        1.315,        1.221
       0.293,        1.373,        0.259,        1.353,        0.261,        1.307,        0.977,        1.24 ,        1.28 ,        1.206,        1.341,        1.243
       0.287,        1.362,        0.236,        1.304,        0.239,        1.268,        0.237,        1.222,        1.256,        1.18 ,        1.343,        1.223
       0.299,        1.377,        0.262,        1.343,        0.251,        1.3  ,        0.328,        1.222,        1.297,        1.212,        1.361,        1.328
       0.299,        1.383,        0.267,        1.365,        0.252,        1.322,        0.96 ,        1.233,        1.307,        1.212,        1.352,        1.332
       0.281,        1.431,        0.286,        1.445,        0.279,        1.377,        1.234,        1.311,        1.364,        1.276,        1.425,        1.266

