24.9
       0.271,        1.444,        0.868,        1.361,        1.109,        1.345,        1.201,        1.341,        1.367,        1.351,        1.37 ,        1.367
       0.276,        1.323,        0.75 ,        1.27 ,        0.917,        1.232,        0.949,        1.198,        1.25 ,        1.142,        1.267,        1.32 
       0.276,        1.349,        0.25 ,        1.283,        0.252,        1.221,        1.031,        1.172,        1.256,        1.118,        1.275,        1.307
       0.283,        1.376,        0.259,        1.308,        0.839,        1.252,        1.015,        1.193,        1.259,        1.175,        1.274,        1.304
       0.284,        1.376,        0.245,        1.281,        0.237,        1.219,        1.026,        1.175,        1.237,        1.168,        1.279,        1.331
       0.288,        1.41 ,        0.266,        1.338,        0.255,        1.265,        0.982,        1.182,        1.278,        1.193,        1.31 ,        1.372
       0.286,        1.418,        0.667,        1.393,        0.262,        1.297,        1.005,        1.221,        1.306,        1.231,        1.296,        1.375
       0.28 ,        1.5  ,        0.277,        1.477,        0.272,        1.417,        1.191,        1.367,        1.418,        1.385,        1.354,        1.419

