24.9
       0.278,        1.395,        0.31 ,        1.362,        0.859,        1.325,        1.062,        1.275,        1.298,        1.271,        1.36 ,        1.23 
       0.287,        1.327,        0.271,        1.353,        0.862,        1.307,        0.842,        1.249,        1.276,        1.19 ,        1.324,        1.21 
       0.285,        1.361,        0.243,        1.349,        0.239,        1.298,        1.036,        1.23 ,        1.289,        1.19 ,        1.315,        1.222
       0.284,        1.362,        0.267,        1.358,        0.272,        1.325,        1.018,        1.261,        1.291,        1.234,        1.353,        1.252
       0.286,        1.321,        0.237,        1.294,        0.237,        1.263,        0.236,        1.227,        1.252,        1.204,        1.345,        1.227
       0.295,        1.338,        0.271,        1.315,        0.242,        1.295,        0.271,        1.229,        1.292,        1.214,        1.365,        1.313
       0.289,        1.331,        0.268,        1.314,        0.25 ,        1.293,        0.991,        1.232,        1.298,        1.211,        1.354,        1.31 
       0.285,        1.377,        0.282,        1.427,        0.281,        1.35 ,        1.246,        1.307,        1.363,        1.267,        1.408,        1.241

