25.0
       0.25 ,        0.464,        0.251,        0.47 ,        0.239,        0.483,        0.253,        0.508,        0.538,        0.489,        0.64 ,        0.497
       0.255,        0.478,        0.265,        0.478,        0.264,        0.487,        0.282,        0.474,        0.579,        0.516,        0.645,        0.492
       0.261,        0.45 ,        0.232,        0.453,        0.23 ,        0.447,        0.236,        0.452,        0.531,        0.449,        0.608,        0.469
       0.274,        0.481,        0.271,        0.483,        0.266,        0.497,        0.305,        0.505,        0.575,        0.519,        0.657,        0.492
       0.268,        0.288,        0.227,        0.277,        0.207,        0.266,        0.223,        0.268,        0.317,        0.256,        0.394,        0.289
       0.272,        0.32 ,        0.258,        0.323,        0.24 ,        0.318,        0.272,        0.319,        0.386,        0.331,        0.437,        0.343
       0.28 ,        0.293,        0.254,        0.299,        0.229,        0.282,        0.244,        0.296,        0.332,        0.293,        0.399,        0.309
       0.281,        0.305,        0.265,        0.308,        0.249,        0.303,        0.271,        0.329,        0.364,        0.296,        0.395,        0.314

