24.9
       0.277,        1.451,        0.763,        1.367,        1.016,        1.325,        1.095,        1.294,        1.333,        1.283,        1.37 ,        1.288
       0.28 ,        1.36 ,        0.531,        1.316,        0.921,        1.246,        0.888,        1.192,        1.254,        1.13 ,        1.307,        1.236
       0.283,        1.375,        0.241,        1.313,        0.243,        1.228,        0.99 ,        1.163,        1.259,        1.11 ,        1.304,        1.241
       0.285,        1.402,        0.261,        1.348,        0.573,        1.261,        0.975,        1.185,        1.269,        1.175,        1.32 ,        1.272
       0.281,        1.39 ,        0.243,        1.305,        0.235,        1.239,        0.963,        1.181,        1.243,        1.169,        1.323,        1.29 
       0.293,        1.428,        0.263,        1.362,        0.254,        1.286,        0.924,        1.196,        1.282,        1.188,        1.349,        1.352
       0.29 ,        1.442,        0.266,        1.418,        0.251,        1.339,        0.929,        1.228,        1.303,        1.217,        1.331,        1.358
       0.278,        1.498,        0.287,        1.487,        0.277,        1.43 ,        1.146,        1.354,        1.42 ,        1.329,        1.401,        1.33 

