24.9
       0.281,        1.015,        0.269,        1.014,        0.274,        1.03 ,        0.361,        1.028,        1.075,        1.018,        1.123,        0.987
       0.273,        1.027,        0.267,        1.008,        0.266,        1.03 ,        0.284,        1.003,        1.08 ,        0.977,        1.139,        0.941
       0.282,        1.011,        0.234,        1.005,        0.236,        0.989,        0.36 ,        0.968,        1.077,        0.931,        1.118,        0.95 
       0.28 ,        1.023,        0.271,        1.016,        0.273,        0.999,        0.419,        0.991,        1.093,        0.973,        1.146,        0.969
       0.283,        0.976,        0.227,        0.951,        0.225,        0.929,        0.292,        0.937,        1.019,        0.929,        1.054,        0.918
       0.274,        0.99 ,        0.255,        0.965,        0.256,        0.962,        0.277,        0.955,        1.035,        0.95 ,        1.088,        1.011
       0.288,        0.981,        0.249,        0.963,        0.234,        0.942,        0.241,        0.941,        1.01 ,        0.926,        1.069,        0.979
       0.289,        0.983,        0.274,        0.985,        0.266,        0.962,        0.27 ,        0.97 ,        1.044,        0.967,        1.076,        0.952

