25.1
       0.27 ,        1.448,        0.873,        1.365,        1.102,        1.343,        1.199,        1.334,        1.372,        1.346,        1.371,        1.365
       0.278,        1.337,        0.754,        1.284,        0.917,        1.24 ,        0.945,        1.195,        1.245,        1.14 ,        1.274,        1.316
       0.277,        1.351,        0.254,        1.284,        0.257,        1.219,        1.03 ,        1.181,        1.248,        1.123,        1.275,        1.301
       0.293,        1.386,        0.27 ,        1.316,        0.84 ,        1.254,        1.012,        1.2  ,        1.271,        1.175,        1.285,        1.313
       0.284,        1.383,        0.245,        1.286,        0.241,        1.221,        1.026,        1.176,        1.235,        1.172,        1.288,        1.332
       0.297,        1.416,        0.271,        1.341,        0.254,        1.269,        0.979,        1.178,        1.275,        1.195,        1.312,        1.37 
       0.287,        1.428,        0.623,        1.395,        0.255,        1.301,        1.01 ,        1.221,        1.313,        1.227,        1.301,        1.371
       0.277,        1.504,        0.282,        1.471,        0.273,        1.417,        1.188,        1.363,        1.413,        1.384,        1.357,        1.411

