25.0
       0.288,        1.139,        0.277,        1.147,        0.282,        1.13 ,        0.906,        1.108,        1.19 ,        1.126,        1.262,        1.079
       0.283,        1.131,        0.267,        1.108,        0.268,        1.118,        0.309,        1.066,        1.191,        1.01 ,        1.272,        1.01 
       0.279,        1.109,        0.238,        1.094,        0.235,        1.085,        0.924,        1.034,        1.191,        0.99 ,        1.244,        1.018
       0.288,        1.11 ,        0.264,        1.105,        0.268,        1.093,        0.962,        1.067,        1.198,        1.018,        1.275,        1.036
       0.291,        1.065,        0.228,        1.039,        0.225,        1.017,        0.229,        0.969,        1.153,        0.964,        1.246,        0.988
       0.296,        1.083,        0.267,        1.055,        0.253,        1.049,        0.276,        0.989,        1.194,        0.977,        1.275,        1.175
       0.289,        1.074,        0.261,        1.038,        0.247,        1.008,        0.633,        0.995,        1.18 ,        0.971,        1.261,        1.106
       0.288,        1.117,        0.285,        1.12 ,        0.273,        1.077,        0.341,        1.078,        1.243,        1.063,        1.298,        1.033

