24.9
       0.271,        1.472,        0.998,        1.406,        1.129,        1.404,        1.327,        1.41 ,        1.402,        1.413,        1.403,        1.469
       0.28 ,        1.261,        0.949,        1.238,        1.039,        1.217,        1.074,        1.21 ,        1.238,        1.166,        1.213,        1.389
       0.275,        1.285,        0.254,        1.238,        0.574,        1.194,        1.113,        1.166,        1.226,        1.146,        1.208,        1.372
       0.287,        1.32 ,        0.429,        1.251,        0.995,        1.215,        1.093,        1.18 ,        1.227,        1.179,        1.225,        1.374
       0.278,        1.319,        0.278,        1.219,        0.248,        1.167,        1.123,        1.146,        1.198,        1.163,        1.208,        1.357
       0.287,        1.348,        0.263,        1.273,        0.248,        1.217,        1.079,        1.161,        1.252,        1.212,        1.239,        1.367
       0.285,        1.37 ,        1.044,        1.339,        0.25 ,        1.271,        1.135,        1.218,        1.274,        1.244,        1.23 ,        1.38 
       0.276,        1.496,        0.275,        1.464,        0.266,        1.423,        1.306,        1.422,        1.43 ,        1.454,        1.329,        1.46 

