25.0
       0.273,        1.456,        0.826,        1.364,        1.057,        1.335,        1.134,        1.311,        1.343,        1.311,        1.362,        1.328
       0.283,        1.354,        0.698,        1.304,        0.901,        1.244,        0.905,        1.204,        1.268,        1.142,        1.302,        1.274
       0.276,        1.381,        0.252,        1.31 ,        0.251,        1.23 ,        1.002,        1.173,        1.259,        1.117,        1.294,        1.271
       0.295,        1.404,        0.256,        1.339,        0.77 ,        1.255,        0.974,        1.201,        1.274,        1.183,        1.299,        1.287
       0.287,        1.4  ,        0.243,        1.304,        0.239,        1.242,        1.013,        1.187,        1.243,        1.171,        1.322,        1.319
       0.287,        1.431,        0.269,        1.365,        0.255,        1.291,        0.939,        1.198,        1.291,        1.196,        1.339,        1.361
       0.285,        1.447,        0.273,        1.42 ,        0.252,        1.329,        0.955,        1.226,        1.303,        1.223,        1.326,        1.362
       0.283,        1.51 ,        0.281,        1.492,        0.28 ,        1.428,        1.151,        1.358,        1.425,        1.357,        1.391,        1.37 

