24.9
       0.266,        1.448,        0.891,        1.371,        1.119,        1.35 ,        1.233,        1.354,        1.383,        1.367,        1.381,        1.396
       0.278,        1.305,        0.804,        1.264,        0.93 ,        1.228,        0.981,        1.191,        1.248,        1.14 ,        1.253,        1.334
       0.272,        1.33 ,        0.244,        1.272,        0.33 ,        1.215,        1.052,        1.169,        1.244,        1.125,        1.258,        1.323
       0.284,        1.361,        0.257,        1.3  ,        0.872,        1.248,        1.032,        1.185,        1.263,        1.179,        1.266,        1.321
       0.278,        1.364,        0.248,        1.275,        0.242,        1.212,        1.062,        1.168,        1.22 ,        1.172,        1.265,        1.335
       0.283,        1.403,        0.268,        1.333,        0.252,        1.248,        1.008,        1.17 ,        1.276,        1.2  ,        1.293,        1.359
       0.284,        1.408,        0.854,        1.375,        0.252,        1.291,        1.043,        1.221,        1.296,        1.242,        1.281,        1.381
       0.27 ,        1.49 ,        0.276,        1.459,        0.266,        1.418,        1.206,        1.368,        1.407,        1.396,        1.337,        1.434

