25.0
       0.288,        1.304,        0.291,        1.289,        0.608,        1.277,        1.045,        1.249,        1.284,        1.256,        1.324,        1.204
       0.291,        1.261,        0.261,        1.267,        0.443,        1.259,        0.675,        1.214,        1.27 ,        1.156,        1.312,        1.17 
       0.28 ,        1.258,        0.234,        1.267,        0.252,        1.246,        1.059,        1.208,        1.272,        1.154,        1.302,        1.185
       0.296,        1.259,        0.269,        1.276,        0.276,        1.26 ,        1.084,        1.235,        1.287,        1.189,        1.331,        1.207
       0.293,        1.185,        0.234,        1.186,        0.235,        1.175,        0.231,        1.15 ,        1.25 ,        1.134,        1.311,        1.152
       0.296,        1.209,        0.265,        1.188,        0.253,        1.198,        0.276,        1.149,        1.288,        1.145,        1.341,        1.304
       0.292,        1.196,        0.265,        1.182,        0.245,        1.172,        1.029,        1.147,        1.282,        1.137,        1.323,        1.259
       0.293,        1.266,        0.287,        1.298,        0.279,        1.25 ,        1.101,        1.236,        1.357,        1.192,        1.373,        1.182

