25.2
       0.282,        1.24 ,        0.287,        1.241,        0.391,        1.234,        1.017,        1.207,        1.272,        1.233,        1.306,        1.173
       0.288,        1.214,        0.263,        1.223,        0.348,        1.223,        0.553,        1.18 ,        1.254,        1.121,        1.303,        1.133
       0.275,        1.204,        0.238,        1.216,        0.239,        1.198,        1.048,        1.165,        1.267,        1.116,        1.293,        1.163
       0.286,        1.195,        0.264,        1.223,        0.268,        1.208,        1.093,        1.189,        1.284,        1.154,        1.319,        1.172
       0.288,        1.135,        0.236,        1.133,        0.228,        1.13 ,        0.233,        1.103,        1.222,        1.087,        1.306,        1.109
       0.29 ,        1.16 ,        0.265,        1.139,        0.248,        1.137,        0.274,        1.1  ,        1.277,        1.103,        1.328,        1.272
       0.288,        1.136,        0.254,        1.128,        0.252,        1.119,          1  ,        1.098,        1.258,        1.094,        1.319,        1.226
       0.281,        1.218,        0.281,        1.24 ,        0.272,        1.203,        0.98 ,        1.195,        1.331,        1.16 ,        1.381,        1.145

