24.9
       0.277,        0.995,        0.266,        0.973,        0.27 ,        0.988,        0.306,        0.991,        1.001,        0.971,        1.063,        0.957
       0.27 ,        1.002,        0.26 ,        0.975,        0.264,        0.994,        0.275,        0.971,        1.024,        0.949,        1.071,        0.911
       0.27 ,        0.992,        0.233,        0.988,        0.235,        0.962,        0.28 ,        0.945,        1.018,        0.919,        1.04 ,        0.924
       0.28 ,          1  ,        0.268,        0.998,        0.267,        0.978,        0.335,        0.973,        1.036,        0.962,        1.079,        0.935
       0.28 ,        0.944,        0.228,        0.927,        0.217,        0.913,        0.229,        0.913,        0.951,        0.899,        0.991,        0.889
       0.271,        0.973,        0.263,        0.945,        0.242,        0.934,        0.272,        0.927,        0.98 ,        0.918,        1.015,        0.963
       0.283,        0.962,        0.247,        0.943,        0.239,        0.919,        0.231,        0.925,        0.959,        0.902,          1  ,        0.937
       0.285,        0.958,        0.264,        0.954,        0.263,        0.939,        0.268,        0.935,        0.963,        0.927,        1.01 ,        0.909

