25.3
       0.281,        1.186,        0.285,        1.188,        0.289,        1.181,        1.02 ,        1.168,        1.248,        1.198,        1.297,        1.141
       0.283,        1.164,        0.258,        1.165,        0.303,        1.169,        0.458,        1.131,        1.239,        1.085,        1.292,        1.099
       0.283,        1.151,        0.234,        1.161,        0.239,        1.143,        1.044,        1.11 ,        1.255,        1.065,        1.277,        1.106
       0.291,        1.145,        0.274,        1.166,        0.271,        1.16 ,        1.09 ,        1.138,        1.249,        1.101,        1.313,        1.126
       0.296,        1.098,        0.241,        1.085,        0.232,        1.071,        0.232,        1.041,        1.201,        1.041,        1.299,        1.063
       0.288,        1.12 ,        0.265,        1.088,        0.264,        1.104,        0.27 ,        1.056,        1.242,        1.058,        1.322,        1.238
       0.292,        1.109,        0.246,        1.086,        0.24 ,        1.071,        0.925,        1.056,        1.229,        1.054,        1.308,        1.177
       0.29 ,        1.174,        0.285,        1.191,        0.274,        1.144,        0.787,        1.147,        1.3  ,        1.111,        1.369,        1.111

