24.9
       0.282,        1.425,        0.652,        1.364,        0.925,        1.33 ,        1.072,        1.271,        1.31 ,        1.27 ,        1.372,        1.238
       0.288,        1.325,        0.266,        1.347,        0.935,        1.274,        0.857,        1.219,        1.268,        1.164,        1.321,        1.208
       0.282,        1.367,        0.242,        1.34 ,        0.245,        1.271,        1.011,        1.193,        1.272,        1.149,        1.319,        1.221
       0.301,        1.376,        0.265,        1.363,        0.284,        1.305,        0.985,        1.241,        1.28 ,        1.199,        1.343,        1.245
       0.289,        1.359,        0.235,        1.318,        0.237,        1.268,        0.251,        1.214,        1.251,        1.191,        1.341,        1.236
       0.304,        1.383,        0.275,        1.357,        0.254,        1.302,        0.427,        1.223,        1.292,        1.207,        1.366,        1.335
       0.295,        1.387,        0.271,        1.374,        0.246,        1.321,        0.952,        1.24 ,        1.308,        1.204,        1.356,        1.34 
       0.292,        1.446,        0.301,        1.446,        0.286,        1.405,        1.227,        1.313,        1.379,        1.283,        1.423,        1.283

