25.2
       0.28 ,        1.379,        0.294,        1.36 ,        0.842,        1.326,        1.07 ,        1.291,        1.298,        1.268,        1.357,        1.223
       0.285,        1.323,        0.26 ,        1.351,        0.81 ,        1.309,        0.841,        1.247,        1.282,        1.201,        1.331,        1.213
       0.283,        1.337,        0.24 ,        1.343,        0.246,        1.297,        1.037,        1.24 ,        1.283,        1.182,        1.317,        1.232
       0.295,        1.349,        0.268,        1.347,        0.273,        1.326,        1.031,        1.267,        1.283,        1.235,        1.344,        1.256
       0.285,        1.301,        0.233,        1.282,        0.239,        1.265,        0.231,        1.223,        1.255,        1.203,        1.335,        1.216
       0.303,        1.325,        0.268,        1.306,        0.257,        1.29 ,        0.275,        1.226,        1.301,        1.211,        1.364,        1.314
       0.298,        1.312,        0.269,        1.3  ,        0.258,        1.275,        1.003,        1.224,        1.309,        1.205,        1.346,        1.31 
       0.284,        1.36 ,        0.284,        1.413,        0.281,        1.337,        1.235,        1.306,        1.363,        1.262,        1.399,        1.242

