25.0
       0.276,        1.389,        0.302,        1.362,        0.856,        1.321,        1.069,        1.278,        1.295,        1.266,        1.36 ,        1.221
       0.282,        1.321,        0.263,        1.354,        0.866,        1.308,        0.836,        1.24 ,        1.269,        1.201,        1.322,        1.216
       0.278,        1.348,        0.236,        1.359,        0.237,        1.288,        1.029,        1.228,        1.278,        1.179,        1.316,        1.225
       0.291,        1.359,        0.258,        1.357,        0.268,        1.314,        1.016,        1.261,        1.274,        1.231,        1.347,        1.246
       0.287,        1.319,        0.231,        1.293,        0.229,        1.269,        0.229,        1.23 ,        1.249,        1.197,        1.338,        1.231
       0.288,        1.343,        0.268,        1.31 ,        0.252,        1.292,        0.275,        1.219,        1.293,        1.216,        1.368,        1.315
       0.29 ,        1.331,        0.262,        1.325,        0.241,        1.287,        0.991,        1.228,        1.299,        1.208,        1.35 ,        1.31 
       0.285,        1.374,        0.281,        1.421,        0.279,        1.349,        1.241,        1.3  ,        1.363,        1.258,        1.399,        1.236

