24.9
       0.277,        1.447,        0.819,        1.365,        1.049,        1.335,        1.125,        1.309,        1.339,        1.314,        1.367,        1.332
       0.285,        1.355,        0.687,        1.305,        0.906,        1.239,        0.904,        1.19 ,        1.256,        1.143,        1.297,        1.266
       0.278,        1.369,        0.241,        1.307,        0.246,        1.226,        0.999,        1.165,        1.253,        1.128,        1.29 ,        1.26 
       0.293,        1.398,        0.267,        1.341,        0.749,        1.261,        0.982,        1.199,        1.267,        1.179,        1.302,        1.283
       0.282,        1.391,        0.241,        1.304,        0.232,        1.233,        0.992,        1.184,        1.239,        1.169,        1.309,        1.308
       0.293,        1.44 ,        0.269,        1.362,        0.249,        1.292,        0.929,        1.189,        1.286,        1.193,        1.336,        1.357
       0.287,        1.451,        0.267,        1.43 ,        0.248,        1.33 ,        0.945,        1.222,        1.306,        1.221,        1.327,        1.36 
       0.276,        1.505,        0.282,        1.484,        0.281,        1.425,        1.147,        1.35 ,        1.418,        1.356,        1.381,        1.367

