24.9
       0.267,        1.44 ,        0.834,        1.363,        1.071,        1.341,        1.15 ,        1.312,        1.349,        1.324,        1.362,        1.335
       0.272,        1.341,        0.695,        1.286,        0.9  ,        1.228,        0.911,        1.188,        1.255,        1.131,        1.287,        1.286
       0.274,        1.356,        0.232,        1.29 ,        0.237,        1.22 ,        1.001,        1.169,        1.249,        1.113,        1.273,        1.278
       0.287,        1.396,        0.254,        1.323,        0.819,        1.252,        0.985,        1.198,        1.264,        1.171,        1.293,        1.291
       0.275,        1.382,        0.232,        1.286,        0.232,        1.227,        0.996,        1.175,        1.232,        1.171,        1.299,        1.311
       0.278,        1.424,        0.245,        1.341,        0.228,        1.271,        0.951,        1.179,        1.276,        1.187,        1.321,        1.371
       0.287,        1.439,        0.272,        1.407,        0.26 ,        1.314,        0.961,        1.214,        1.3  ,        1.214,        1.315,        1.361
       0.279,        1.5  ,        0.279,        1.466,        0.266,        1.419,        1.157,        1.353,        1.412,        1.362,        1.364,        1.38 

