25.1
       0.273,        1.445,        0.716,        1.368,        0.97 ,        1.327,        1.079,        1.285,        1.316,        1.262,        1.369,        1.257
       0.283,        1.341,        0.344,        1.316,        0.925,        1.247,        0.869,        1.192,        1.261,        1.129,        1.303,        1.212
       0.27 ,        1.358,        0.234,        1.32 ,        0.232,        1.234,        0.987,        1.163,        1.259,        1.108,        1.301,        1.225
       0.282,        1.388,        0.261,        1.35 ,        0.394,        1.272,        0.972,        1.201,        1.267,        1.173,        1.317,        1.249
       0.281,        1.377,        0.244,        1.3  ,        0.231,        1.248,        0.683,        1.193,        1.246,        1.17 ,        1.329,        1.251
       0.288,        1.411,        0.259,        1.348,        0.247,        1.283,        0.859,        1.194,        1.282,        1.19 ,        1.348,        1.336
       0.282,        1.415,        0.262,        1.385,        0.244,        1.331,        0.926,        1.221,        1.305,        1.204,        1.339,        1.35 
       0.269,        1.484,        0.276,        1.478,        0.271,        1.418,        1.141,        1.333,        1.401,        1.306,        1.409,        1.298

