25.1
       0.276,        0.987,        0.266,        0.975,        0.271,        0.982,        0.307,        0.981,        0.998,        0.978,        1.052,        0.947
       0.272,        1.002,        0.259,        0.98 ,        0.266,        0.992,        0.274,        0.975,        1.014,        0.952,        1.066,        0.909
       0.277,        0.987,        0.231,        0.976,        0.234,        0.959,        0.276,        0.941,        1.017,        0.923,        1.04 ,        0.92 
       0.275,        1.003,        0.27 ,        0.998,        0.275,        0.979,        0.338,        0.973,        1.026,        0.964,        1.08 ,        0.932
       0.283,        0.952,        0.23 ,        0.919,        0.218,        0.952,        0.231,        0.922,        0.953,        0.902,        0.983,        0.887
       0.274,        0.973,        0.265,        0.942,        0.254,        0.941,        0.272,        0.927,        0.97 ,        0.914,        1.022,        0.966
       0.286,        0.961,        0.25 ,        0.947,        0.241,        0.925,        0.236,        0.93 ,        0.951,        0.902,        1.002,        0.939
       0.291,        0.961,        0.27 ,        0.96 ,        0.269,        0.934,        0.268,        0.939,        0.957,        0.919,        1.003,        0.904

