25.1
       0.27 ,        1.446,        0.852,        1.37 ,        1.089,        1.333,        1.178,        1.321,        1.36 ,        1.344,        1.365,        1.352
       0.275,        1.332,        0.725,        1.286,        0.899,        1.229,        0.931,        1.193,        1.249,        1.135,        1.275,        1.306
       0.272,        1.353,        0.243,        1.29 ,        0.238,        1.223,        1.01 ,        1.182,        1.25 ,        1.117,        1.272,        1.293
       0.285,        1.383,        0.257,        1.322,        0.835,        1.25 ,        0.994,        1.195,        1.27 ,        1.175,        1.288,        1.306
       0.28 ,        1.379,        0.242,        1.28 ,        0.233,        1.215,        1.01 ,        1.172,        1.232,        1.173,        1.293,        1.331
       0.287,        1.426,        0.255,        1.345,        0.25 ,        1.268,        0.968,        1.187,        1.284,        1.192,        1.319,        1.362
       0.281,        1.42 ,        0.37 ,        1.39 ,        0.244,        1.313,        0.993,        1.225,        1.305,        1.225,        1.303,        1.372
       0.276,        1.501,        0.281,        1.476,        0.272,        1.409,        1.168,        1.351,        1.417,        1.374,        1.359,        1.395

