25.4
       0.275,        1.445,        0.869,        1.369,        1.103,        1.347,        1.191,        1.326,        1.374,        1.351,        1.372,        1.364
       0.287,        1.334,        0.761,        1.29 ,        0.909,        1.236,        0.947,        1.196,        1.25 ,        1.147,        1.274,        1.318
       0.287,        1.354,        0.246,        1.287,        0.253,        1.227,        1.03 ,        1.171,        1.252,        1.124,        1.277,        1.303
       0.289,        1.382,        0.259,        1.317,        0.841,        1.256,        1.009,        1.204,        1.264,        1.173,        1.28 ,        1.321
       0.288,        1.383,        0.245,        1.281,        0.238,        1.223,        1.027,        1.201,        1.239,        1.178,        1.287,        1.333
       0.297,        1.419,        0.261,        1.345,        0.255,        1.266,        0.983,        1.183,        1.29 ,        1.199,        1.316,        1.369
       0.287,        1.426,        0.594,        1.393,        0.259,        1.305,        1.011,        1.227,        1.304,        1.23 ,        1.304,        1.367
       0.279,        1.508,        0.282,        1.479,        0.273,        1.418,        1.187,        1.368,        1.422,        1.381,        1.357,        1.41 

