24.9
       0.295,        1.155,        0.293,        1.159,        0.293,        1.151,        0.964,        1.122,        1.21 ,        1.152,        1.291,        1.099
       0.298,        1.139,        0.266,        1.123,        0.274,        1.13 ,        0.345,        1.079,        1.207,        1.036,        1.273,        1.04 
       0.287,        1.122,        0.242,        1.115,        0.244,        1.097,        0.982,        1.055,        1.209,        1.012,        1.266,        1.049
       0.297,        1.117,        0.27 ,        1.118,        0.275,        1.119,        1.022,        1.087,        1.217,        1.044,        1.292,        1.067
       0.297,        1.08 ,        0.232,        1.059,        0.23 ,        1.034,        0.241,        0.992,        1.175,        0.985,        1.27 ,        1.009
       0.292,        1.108,        0.259,        1.06 ,        0.255,        1.062,        0.278,        1.005,        1.217,        1.005,        1.294,        1.189
       0.295,        1.087,        0.257,        1.05 ,        0.248,        1.023,        0.759,        1.01 ,        1.196,        0.993,        1.28 ,        1.129
       0.28 ,        1.147,        0.285,        1.142,        0.278,        1.107,        0.455,        1.1  ,        1.264,        1.075,        1.327,        1.055

