25.1
       0.272,        1.448,        0.902,        1.379,        1.133,        1.359,        1.244,        1.359,        1.385,        1.369,        1.385,        1.398
       0.282,        1.311,        0.81 ,        1.273,        0.934,        1.233,        0.986,        1.204,        1.252,        1.157,        1.257,        1.337
       0.285,        1.33 ,        0.253,        1.28 ,        0.346,        1.218,        1.059,        1.174,        1.251,        1.126,        1.265,        1.33 
       0.283,        1.36 ,        0.264,        1.302,        0.876,        1.238,        1.034,        1.2  ,        1.255,        1.182,        1.266,        1.332
       0.294,        1.362,        0.248,        1.273,        0.248,        1.215,        1.073,        1.173,        1.23 ,        1.175,        1.267,        1.334
       0.288,        1.403,        0.267,        1.331,        0.258,        1.251,        1.016,        1.175,        1.277,        1.2  ,        1.296,        1.372
       0.291,        1.414,        0.851,        1.383,        0.266,        1.289,        1.052,        1.22 ,        1.301,        1.252,        1.291,        1.388
       0.276,        1.498,        0.28 ,        1.468,        0.278,        1.419,        1.214,        1.387,        1.414,        1.408,        1.349,        1.438

