24.9
       0.236,        0.23 ,        0.229,        0.24 ,        0.219,        0.246,        0.242,        0.262,        0.26 ,        0.246,        0.245,        0.267
       0.245,        0.247,        0.261,        0.253,        0.262,        0.264,        0.268,        0.264,        0.289,        0.29 ,        0.274,        0.241
       0.252,        0.226,        0.214,        0.226,        0.231,        0.232,        0.224,        0.225,        0.231,        0.218,        0.226,        0.224
       0.267,        0.258,        0.263,        0.259,        0.268,        0.279,        0.281,        0.286,        0.29 ,        0.31 ,        0.295,        0.246
       0.256,        0.238,        0.215,        0.214,        0.201,        0.214,        0.216,        0.214,        0.214,        0.202,        0.214,        0.212
       0.282,        0.279,        0.252,        0.276,        0.244,        0.265,        0.283,        0.292,        0.228,        0.276,        0.292,        0.345
       0.251,        0.231,        0.247,        0.253,        0.214,        0.232,        0.24 ,        0.244,        0.24 ,        0.251,        0.227,        0.285
       0.252,        0.252,        0.24 ,        0.251,        0.235,        0.232,        0.253,        0.263,        0.261,        0.236,        0.241,        0.253

