25.2
       0.273,        0.954,        0.262,        0.932,        0.259,        0.941,        0.28 ,        0.944,        0.904,        0.919,        0.969,        0.909
       0.26 ,        0.969,        0.255,        0.944,        0.266,        0.962,        0.273,        0.947,        0.933,        0.913,        0.974,        0.872
       0.266,        0.967,        0.229,        0.941,        0.234,        0.922,        0.247,        0.918,        0.929,        0.891,        0.947,        0.885
       0.278,        0.987,        0.273,        0.965,        0.279,        0.954,        0.31 ,        0.942,        0.948,        0.929,        0.981,        0.885
       0.278,        0.893,        0.226,        0.886,        0.218,        0.869,        0.233,        0.876,        0.844,        0.854,        0.882,        0.851
       0.27 ,        0.926,        0.261,        0.899,        0.238,        0.9  ,        0.269,        0.893,        0.85 ,        0.875,        0.916,        0.897
       0.276,        0.909,        0.24 ,        0.904,        0.233,        0.873,        0.234,        0.884,        0.849,        0.851,        0.902,        0.871
       0.284,        0.899,        0.264,        0.912,        0.259,        0.897,        0.266,        0.883,        0.856,        0.868,        0.907,        0.856

