24.9
       0.279,        1.272,        0.295,        1.266,        0.461,        1.254,        1.031,        1.231,        1.282,        1.238,        1.313,        1.193
       0.289,        1.242,        0.264,        1.24 ,        0.379,        1.235,        0.592,        1.198,        1.266,        1.141,        1.303,        1.145
       0.286,        1.224,        0.238,        1.238,        0.245,        1.218,        1.062,        1.177,        1.274,        1.133,        1.293,        1.178
       0.304,        1.224,        0.271,        1.242,        0.268,        1.232,        1.102,        1.207,        1.268,        1.165,        1.325,        1.194
       0.289,        1.159,        0.236,        1.156,        0.229,        1.146,        0.235,        1.115,        1.245,        1.1  ,        1.308,        1.127
       0.297,        1.174,        0.264,        1.156,        0.254,        1.17 ,        0.277,        1.117,        1.273,        1.122,        1.335,        1.286
       0.302,        1.163,        0.258,        1.148,        0.248,        1.135,        1.015,        1.126,        1.268,        1.117,        1.323,        1.245
       0.287,        1.236,        0.285,        1.262,        0.282,        1.215,        1.035,        1.215,        1.349,        1.177,        1.373,        1.163

