25.1
       0.29 ,        1.258,        0.293,        1.252,        0.413,        1.245,        1.023,        1.223,        1.284,        1.24 ,        1.312,        1.185
       0.289,        1.225,        0.269,        1.232,        0.361,        1.237,        0.557,        1.185,        1.256,        1.124,        1.3  ,        1.147
       0.287,        1.218,        0.237,        1.22 ,        0.242,        1.204,        1.055,        1.173,        1.277,        1.116,        1.298,        1.163
       0.29 ,        1.203,        0.266,        1.233,        0.28 ,        1.223,        1.095,        1.199,        1.276,        1.158,        1.322,        1.187
       0.293,        1.142,        0.238,        1.142,        0.233,        1.137,        0.23 ,        1.106,        1.232,        1.091,        1.308,        1.122
       0.298,        1.165,        0.266,        1.141,        0.251,        1.158,        0.28 ,        1.113,        1.272,        1.119,        1.331,        1.282
       0.297,        1.15 ,        0.255,        1.13 ,        0.253,        1.129,        1.007,        1.108,        1.268,        1.111,        1.319,        1.232
       0.287,        1.221,        0.288,        1.249,        0.276,        1.209,        1.002,        1.196,        1.346,        1.164,        1.373,        1.154

