24.9
       0.263,        1.452,        0.947,        1.387,        1.13 ,        1.387,        1.304,        1.39 ,        1.398,        1.39 ,        1.394,        1.448
       0.273,        1.286,        0.908,        1.245,        1.004,        1.218,        1.032,        1.196,        1.234,        1.165,        1.223,        1.368
       0.277,        1.3  ,        0.249,        1.253,        0.476,        1.201,        1.098,        1.168,        1.232,        1.131,        1.225,        1.351
       0.286,        1.33 ,        0.257,        1.27 ,        0.961,        1.23 ,        1.082,        1.179,        1.237,        1.171,        1.229,        1.348
       0.278,        1.322,        0.243,        1.237,        0.239,        1.181,        1.101,        1.153,        1.204,        1.176,        1.234,        1.342
       0.287,        1.367,        0.263,        1.295,        0.253,        1.23 ,        1.041,        1.159,        1.257,        1.202,        1.258,        1.363
       0.283,        1.382,        1.04 ,        1.35 ,        0.263,        1.265,        1.098,        1.214,        1.284,        1.25 ,        1.251,        1.381
       0.275,        1.497,        0.273,        1.465,        0.268,        1.422,        1.26 ,        1.402,        1.418,        1.429,        1.325,        1.456

