25.2
       0.27 ,        0.903,        0.257,        0.884,        0.272,        0.895,        0.267,        0.901,        0.809,        0.873,        0.877,        0.866
       0.268,        0.914,        0.26 ,        0.898,        0.272,        0.913,        0.281,        0.907,        0.834,        0.88 ,        0.878,        0.836
       0.266,        0.897,        0.225,        0.884,        0.234,        0.874,        0.242,        0.872,        0.814,        0.845,        0.848,        0.842
       0.272,        0.92 ,        0.271,        0.914,        0.274,        0.912,        0.304,        0.905,        0.838,        0.885,        0.886,        0.851
       0.276,        0.806,        0.233,        0.807,        0.226,        0.799,        0.231,        0.819,        0.751,        0.787,        0.82 ,        0.781
       0.278,        0.831,        0.26 ,        0.815,        0.243,        0.822,        0.276,        0.816,        0.777,        0.802,        0.848,        0.813
       0.28 ,        0.817,        0.252,        0.821,        0.234,        0.799,        0.233,        0.81 ,        0.763,        0.778,        0.816,        0.79 
       0.281,        0.813,        0.261,        0.827,        0.263,        0.831,        0.27 ,        0.824,        0.774,        0.794,        0.827,        0.784

