25.1
       0.283,        1.448,        0.82 ,        1.369,        1.059,        1.335,        1.136,        1.307,        1.347,        1.318,        1.367,        1.33 
       0.277,        1.349,        0.694,        1.302,        0.896,        1.243,        0.903,        1.201,        1.258,        1.138,        1.291,        1.263
       0.282,        1.37 ,        0.247,        1.299,        0.248,        1.231,          1  ,        1.172,        1.265,        1.117,        1.294,        1.275
       0.29 ,        1.4  ,        0.266,        1.332,        0.784,        1.259,        0.976,        1.189,        1.267,        1.18 ,        1.302,        1.29 
       0.289,        1.397,        0.238,        1.297,        0.236,        1.236,        0.99 ,        1.18 ,        1.243,        1.173,        1.312,        1.315
       0.295,        1.441,        0.262,        1.357,        0.25 ,        1.28 ,        0.939,        1.191,        1.284,        1.187,        1.337,        1.361
       0.286,        1.442,        0.278,        1.417,        0.261,        1.323,        0.959,        1.227,        1.311,        1.22 ,        1.32 ,        1.356
       0.277,        1.506,        0.28 ,        1.493,        0.27 ,        1.428,        1.155,        1.358,        1.424,        1.359,        1.382,        1.377

