24.9
       0.291,        1.451,        0.837,        1.367,        1.08 ,        1.334,        1.149,        1.313,        1.352,        1.33 ,        1.369,        1.339
       0.29 ,        1.356,        0.702,        1.298,        0.91 ,        1.245,        0.91 ,        1.199,        1.255,        1.143,        1.293,        1.287
       0.286,        1.369,        0.243,        1.305,        0.255,        1.22 ,        1.009,        1.173,        1.254,        1.122,        1.298,        1.282
       0.285,        1.397,        0.266,        1.337,        0.827,        1.262,        0.98 ,        1.201,        1.269,        1.184,        1.302,        1.296
       0.284,        1.397,        0.242,        1.294,        0.238,        1.235,        0.992,        1.184,        1.24 ,        1.175,        1.302,        1.319
       0.29 ,        1.437,        0.264,        1.353,        0.254,        1.282,        0.948,        1.189,        1.29 ,        1.198,        1.342,        1.367
       0.292,        1.445,        0.283,        1.416,        0.255,        1.321,        0.966,        1.23 ,        1.3  ,        1.221,        1.318,        1.367
       0.28 ,        1.512,        0.283,        1.492,        0.276,        1.425,        1.163,        1.355,        1.415,        1.361,        1.379,        1.39 

