24.9
       0.29 ,        1.317,        0.291,        1.306,        0.669,        1.294,        1.056,        1.262,        1.294,        1.267,        1.327,        1.209
       0.295,        1.284,        0.268,        1.293,        0.485,        1.273,        0.716,        1.227,        1.265,        1.168,        1.312,        1.181
       0.282,        1.276,        0.242,        1.284,        0.244,        1.265,        1.056,        1.218,        1.282,        1.158,        1.313,        1.206
       0.298,        1.27 ,        0.272,        1.291,        0.275,        1.281,        1.087,        1.248,        1.287,        1.203,        1.34 ,        1.219
       0.297,        1.211,        0.25 ,        1.214,        0.245,        1.194,        0.239,        1.161,        1.25 ,        1.143,        1.309,        1.168
       0.305,        1.227,        0.268,        1.209,        0.26 ,        1.219,        0.275,        1.163,        1.294,        1.159,        1.346,        1.302
       0.3  ,        1.212,        0.262,        1.197,        0.244,        1.193,        1.022,        1.161,        1.284,        1.151,        1.329,        1.269
       0.286,        1.289,        0.288,        1.324,        0.281,        1.27 ,        1.137,        1.25 ,        1.37 ,        1.208,        1.384,        1.202

