25.0
       0.27 ,        1.453,        0.744,        1.381,        0.961,        1.323,        1.081,        1.274,        1.315,        1.267,        1.367,        1.251
       0.284,        1.34 ,        0.299,        1.326,        0.933,        1.255,        0.866,        1.198,        1.278,        1.142,        1.307,        1.211
       0.28 ,        1.363,        0.239,        1.329,        0.244,        1.254,        0.997,        1.179,        1.265,        1.118,        1.31 ,        1.224
       0.291,        1.393,        0.27 ,        1.352,        0.342,        1.277,        0.982,        1.205,        1.276,        1.187,        1.337,        1.25 
       0.285,        1.375,        0.236,        1.305,        0.234,        1.247,        0.441,        1.204,        1.251,        1.173,        1.337,        1.251
       0.293,        1.398,        0.27 ,        1.353,        0.251,        1.3  ,        0.772,        1.21 ,        1.288,        1.2  ,        1.361,        1.338
       0.286,        1.418,        0.259,        1.39 ,        0.258,        1.336,        0.934,        1.234,        1.3  ,        1.208,        1.351,        1.353
       0.283,        1.481,        0.283,        1.473,        0.279,        1.423,        1.171,        1.325,        1.396,        1.304,        1.423,        1.297

