25.0
       0.291,        1.386,        0.293,        1.364,        0.827,        1.319,        1.068,        1.281,        1.299,        1.274,        1.353,        1.233
       0.29 ,        1.32 ,        0.263,        1.349,        0.803,        1.303,        0.844,        1.252,        1.277,        1.193,        1.329,        1.22 
       0.285,        1.338,        0.238,        1.345,        0.233,        1.29 ,        1.038,        1.237,        1.277,        1.184,        1.323,        1.228
       0.294,        1.348,        0.274,        1.353,        0.268,        1.313,        1.029,        1.265,        1.284,        1.234,        1.343,        1.257
       0.286,        1.312,        0.238,        1.283,        0.235,        1.259,        0.233,        1.228,        1.258,        1.19 ,        1.336,        1.218
       0.291,        1.326,        0.272,        1.301,        0.251,        1.284,        0.269,        1.214,        1.293,        1.207,        1.365,        1.317
       0.292,        1.311,        0.25 ,        1.306,        0.253,        1.278,        1.002,        1.22 ,        1.297,        1.207,        1.349,        1.301
       0.286,        1.366,        0.29 ,        1.409,        0.274,        1.34 ,        1.227,        1.306,        1.371,        1.263,        1.398,        1.234

