25.2
       0.269,        1.45 ,        0.866,        1.367,        1.098,        1.351,        1.189,        1.335,        1.369,        1.347,        1.368,        1.369
       0.292,        1.34 ,        0.756,        1.286,        0.911,        1.235,        0.946,        1.194,        1.256,        1.149,        1.281,        1.308
       0.276,        1.355,        0.247,        1.29 ,        0.251,        1.222,        1.028,        1.174,        1.25 ,        1.121,        1.274,        1.305
       0.294,        1.379,        0.264,        1.327,        0.841,        1.25 ,        1.01 ,        1.198,        1.257,        1.183,        1.282,        1.31 
       0.293,        1.38 ,        0.242,        1.284,        0.243,        1.224,        1.028,        1.178,        1.24 ,        1.17 ,        1.292,        1.335
       0.29 ,        1.42 ,        0.265,        1.343,        0.254,        1.272,        0.978,        1.187,        1.281,        1.189,        1.309,        1.369
       0.286,        1.423,        0.563,        1.398,        0.251,        1.3  ,        1.003,        1.221,        1.303,        1.233,        1.307,        1.377
       0.279,        1.5  ,        0.281,        1.472,        0.27 ,        1.427,        1.19 ,        1.371,        1.421,        1.382,        1.361,        1.415

