25.1
       0.242,        0.284,        0.231,        0.24 ,        0.229,        0.247,        0.24 ,        0.261,        0.24 ,        0.26 ,        0.256,        0.249
       0.248,        0.247,        0.247,        0.259,        0.262,        0.261,        0.264,        0.271,        0.282,        0.286,        0.266,        0.24 
       0.241,        0.224,        0.216,        0.22 ,        0.221,        0.222,        0.218,        0.223,        0.233,        0.21 ,        0.233,        0.219
       0.27 ,        0.267,        0.269,        0.267,        0.267,        0.271,        0.29 ,        0.291,        0.234,        0.313,        0.284,        0.252
       0.251,        0.215,        0.216,        0.212,        0.197,        0.212,        0.221,        0.213,        0.211,        0.201,        0.217,        0.214
       0.267,        0.268,        0.242,        0.267,        0.239,        0.258,        0.274,        0.271,        0.275,        0.289,        0.294,        0.325
       0.259,        0.232,        0.232,        0.243,        0.219,        0.261,        0.221,        0.233,        0.21 ,        0.232,        0.226,        0.263
       0.26 ,        0.247,        0.242,        0.247,        0.234,        0.242,        0.253,        0.266,        0.257,        0.229,        0.243,        0.255

