24.9
       0.269,        1.452,        0.906,        1.379,        1.133,        1.367,        1.262,        1.365,        1.385,        1.37 ,        1.383,        1.413
       0.275,        1.305,        0.845,        1.258,        0.953,        1.226,        1.003,        1.196,        1.245,        1.155,        1.25 ,        1.343
       0.274,        1.321,        0.253,        1.273,        0.399,        1.216,        1.065,        1.173,        1.246,        1.135,        1.254,        1.331
       0.286,        1.347,        0.263,        1.29 ,        0.901,        1.241,        1.045,        1.194,        1.261,        1.181,        1.251,        1.33 
       0.291,        1.349,        0.243,        1.267,        0.247,        1.207,        1.09 ,        1.164,        1.224,        1.175,        1.26 ,        1.336
       0.283,        1.393,        0.266,        1.321,        0.249,        1.235,        1.027,        1.167,        1.269,        1.202,        1.285,        1.365
       0.288,        1.397,        0.886,        1.375,        0.252,        1.281,        1.066,        1.219,        1.296,        1.24 ,        1.273,        1.377
       0.279,        1.496,        0.282,        1.47 ,        0.271,        1.418,        1.222,        1.385,        1.411,        1.409,        1.337,        1.446

