24.9
       0.223,        0.22 ,        0.222,        0.235,        0.216,        0.236,        0.228,        0.249,        0.235,        0.233,        0.244,        0.255
       0.237,        0.233,        0.225,        0.245,        0.254,        0.251,        0.261,        0.274,        0.284,        0.274,        0.25 ,        0.236
       0.247,        0.219,        0.206,        0.216,        0.21 ,        0.22 ,        0.216,        0.207,        0.207,        0.198,        0.222,        0.204
       0.255,        0.25 ,        0.25 ,        0.255,        0.254,        0.257,        0.27 ,        0.269,        0.275,        0.295,        0.272,        0.228
       0.244,        0.223,        0.214,        0.209,        0.198,        0.211,        0.211,        0.209,        0.2  ,        0.194,        0.21 ,        0.199
       0.262,        0.273,        0.243,        0.273,        0.231,        0.259,        0.273,        0.269,        0.278,        0.271,        0.291,        0.333
       0.247,        0.231,        0.227,        0.239,        0.212,        0.224,        0.219,        0.228,        0.23 ,        0.24 ,        0.219,        0.258
       0.234,        0.244,        0.231,        0.235,        0.221,        0.23 ,        0.25 ,        0.257,        0.246,        0.221,        0.247,        0.24 

