25.3
       0.258,        1.46 ,        0.989,        1.399,        1.133,        1.399,        1.32 ,        1.411,        1.397,        1.406,        1.405,        1.462
       0.275,        1.261,        0.942,        1.239,        1.033,        1.218,        1.068,        1.199,        1.23 ,        1.165,        1.224,        1.382
       0.268,        1.283,        0.251,        1.245,        0.556,        1.203,        1.101,        1.163,        1.219,        1.139,        1.216,        1.37 
       0.292,        1.316,        0.377,        1.26 ,        0.989,        1.21 ,        1.085,        1.177,        1.227,        1.187,        1.219,        1.372
       0.278,        1.318,        0.249,        1.223,        0.236,        1.177,        1.119,        1.157,        1.191,        1.169,        1.209,        1.346
       0.279,        1.353,        0.259,        1.277,        0.247,        1.212,        1.078,        1.148,        1.249,        1.206,        1.242,        1.371
       0.279,        1.364,        1.032,        1.346,        0.255,        1.258,        1.128,        1.214,        1.28 ,        1.242,        1.224,        1.376
       0.274,        1.494,        0.269,        1.46 ,        0.263,        1.437,        1.291,        1.421,        1.427,        1.447,        1.323,        1.454

