25.0
       0.271,        1.445,        0.861,        1.361,        1.095,        1.348,        1.183,        1.329,        1.37 ,        1.341,        1.374,        1.359
       0.278,        1.345,        0.736,        1.287,        0.91 ,        1.242,        0.937,        1.196,        1.257,        1.141,        1.282,        1.307
       0.283,        1.358,        0.251,        1.295,        0.247,        1.226,        1.021,        1.175,        1.247,        1.121,        1.284,        1.298
       0.291,        1.388,        0.274,        1.316,        0.826,        1.255,        1.005,        1.196,        1.27 ,        1.175,        1.282,        1.305
       0.29 ,        1.381,        0.238,        1.284,        0.239,        1.22 ,        1.019,        1.199,        1.243,        1.183,        1.296,        1.326
       0.293,        1.421,        0.264,        1.349,        0.254,        1.272,        0.968,        1.188,        1.281,        1.196,        1.323,        1.375
       0.288,        1.43 ,        0.435,        1.403,        0.261,        1.308,        0.989,        1.225,        1.302,        1.227,        1.309,        1.368
       0.275,        1.509,        0.282,        1.482,        0.273,        1.418,        1.173,        1.364,        1.42 ,        1.379,        1.361,        1.407

