25.2
       0.231,        0.244,        0.224,        0.224,        0.222,        0.245,        0.252,        0.277,        0.285,        0.225,        0.263,        0.274
       0.224,        0.239,        0.251,        0.234,        0.249,        0.255,        0.264,        0.268,        0.271,        0.271,        0.264,        0.238
       0.246,        0.232,        0.215,        0.226,        0.223,        0.235,        0.239,        0.214,        0.233,        0.22 ,        0.239,        0.246
       0.258,        0.245,        0.249,        0.243,        0.251,        0.277,        0.279,        0.28 ,        0.274,        0.26 ,        0.278,        0.241
       0.25 ,        0.236,        0.225,        0.225,        0.205,        0.223,        0.234,        0.222,        0.228,        0.203,        0.224,        0.231
       0.262,        0.267,        0.234,        0.266,        0.223,        0.26 ,        0.273,        0.278,        0.278,        0.267,        0.264,        0.378
       0.242,        0.236,        0.238,        0.255,        0.222,        0.233,        0.247,        0.252,        0.243,        0.258,        0.241,        0.302
       0.24 ,        0.238,        0.225,        0.235,        0.228,        0.237,        0.246,        0.26 ,        0.249,        0.225,        0.241,        0.24 

