25.1
       0.273,        1.452,        0.867,        1.371,        1.106,        1.346,        1.184,        1.334,        1.371,        1.346,        1.375,        1.365
       0.281,        1.338,        0.745,        1.282,        0.907,        1.244,        0.943,        1.195,        1.256,        1.147,        1.277,        1.312
       0.276,        1.351,        0.246,        1.286,        0.247,        1.222,        1.023,        1.185,        1.254,        1.128,        1.282,        1.307
       0.29 ,        1.387,        0.26 ,        1.316,        0.839,        1.255,        1.007,        1.2  ,        1.271,        1.179,        1.287,        1.316
       0.281,        1.392,        0.241,        1.282,        0.242,        1.225,        1.026,        1.175,        1.243,        1.165,        1.294,        1.323
       0.291,        1.427,        0.272,        1.343,        0.253,        1.265,        0.971,        1.183,        1.281,        1.196,        1.314,        1.372
       0.293,        1.429,        0.531,        1.401,        0.251,        1.308,        1.008,        1.224,        1.307,        1.226,        1.308,        1.367
       0.28 ,        1.504,        0.279,        1.478,        0.272,        1.422,        1.186,        1.365,        1.417,        1.384,        1.366,        1.408

