24.9
       0.281,        1.197,        0.287,        1.203,        0.301,        1.191,        1.025,        1.18 ,        1.257,        1.211,        1.299,        1.153
       0.288,        1.18 ,        0.261,        1.176,        0.304,        1.185,        0.485,        1.139,        1.244,        1.097,        1.292,        1.105
       0.284,        1.165,        0.241,        1.175,        0.239,        1.156,        1.049,        1.123,        1.255,        1.091,        1.285,        1.124
       0.295,        1.157,        0.271,        1.177,        0.277,        1.173,        1.093,        1.153,        1.258,        1.12 ,        1.311,        1.145
       0.29 ,        1.106,        0.229,        1.095,        0.228,        1.093,        0.23 ,        1.059,        1.211,        1.05 ,        1.3  ,        1.081
       0.298,        1.124,        0.267,        1.1  ,        0.251,        1.11 ,        0.278,        1.068,        1.252,        1.07 ,        1.328,        1.256
       0.296,        1.111,        0.262,        1.093,        0.262,        1.087,        0.945,        1.072,        1.241,        1.069,        1.31 ,        1.189
       0.293,        1.187,        0.283,        1.201,        0.281,        1.164,        0.845,        1.155,        1.315,        1.127,        1.374,        1.121

