24.9
       0.289,        1.149,        0.284,        1.152,        0.288,        1.137,        0.951,        1.116,        1.208,        1.139,        1.279,        1.089
       0.288,        1.141,        0.26 ,        1.115,        0.268,        1.125,        0.338,        1.073,        1.202,        1.024,        1.268,        1.03 
       0.276,        1.115,        0.234,        1.107,        0.246,        1.09 ,        0.976,        1.051,        1.208,        1.01 ,        1.26 ,        1.048
       0.287,        1.119,        0.269,        1.114,        0.27 ,        1.105,        1.008,        1.077,        1.213,        1.044,        1.289,        1.06 
       0.285,        1.08 ,        0.235,        1.046,        0.231,        1.03 ,        0.23 ,        0.998,        1.162,        0.98 ,        1.272,        0.999
       0.287,        1.1  ,        0.268,        1.049,        0.244,        1.057,        0.271,        1.003,        1.204,        0.995,        1.287,        1.187
       0.294,        1.093,        0.253,        1.049,        0.247,        1.018,        0.751,        1.011,        1.196,        0.992,        1.283,        1.123
       0.29 ,        1.137,        0.286,        1.134,        0.274,        1.095,        0.433,        1.088,        1.26 ,        1.066,        1.322,        1.051

