25.0
       0.244,        0.233,        0.242,        0.238,        0.244,        0.258,        0.25 ,        0.275,        0.258,        0.269,        0.268,        0.265
       0.254,        0.259,        0.265,        0.274,        0.267,        0.265,        0.281,        0.275,        0.308,        0.294,        0.275,        0.261
       0.254,        0.231,        0.219,        0.228,        0.235,        0.233,        0.237,        0.223,        0.24 ,        0.221,        0.241,        0.236
       0.271,        0.264,        0.264,        0.276,        0.275,        0.274,        0.283,        0.278,        0.292,        0.312,        0.293,        0.257
       0.258,        0.234,        0.221,        0.222,        0.207,        0.222,        0.287,        0.223,        0.216,        0.218,        0.22 ,        0.224
       0.279,        0.252,        0.251,        0.277,        0.236,        0.271,        0.281,        0.286,        0.285,        0.244,        0.294,        0.326
       0.259,        0.246,        0.244,        0.247,        0.221,        0.222,        0.231,        0.234,        0.216,        0.236,        0.221,        0.264
       0.264,        0.253,        0.254,        0.251,        0.251,        0.254,        0.26 ,        0.278,        0.271,        0.238,        0.253,        0.261

