24.9
       0.279,        1.302,        0.29 ,        1.293,        0.624,        1.278,        1.048,        1.246,        1.275,        1.256,        1.325,        1.201
       0.283,        1.263,        0.259,        1.277,        0.449,        1.262,        0.677,        1.207,        1.269,        1.159,        1.304,        1.167
       0.284,        1.256,        0.24 ,        1.267,        0.24 ,        1.238,        1.051,        1.2  ,        1.267,        1.147,        1.302,        1.188
       0.29 ,        1.252,        0.266,        1.271,        0.27 ,        1.261,        1.075,        1.218,        1.28 ,        1.183,        1.33 ,        1.211
       0.281,        1.187,        0.229,        1.185,        0.227,        1.175,        0.23 ,        1.145,        1.246,        1.125,        1.317,        1.155
       0.287,        1.207,        0.261,        1.192,        0.249,        1.197,        0.274,        1.148,        1.288,        1.144,        1.334,        1.298
       0.293,        1.198,        0.255,        1.182,        0.247,        1.188,        1.029,        1.144,        1.282,        1.143,        1.318,        1.256
       0.287,        1.264,        0.284,        1.302,        0.271,        1.253,        1.106,        1.246,        1.363,        1.196,        1.372,        1.184

