25.1
       0.268,        1.454,        0.932,        1.388,        1.139,        1.375,        1.297,        1.376,        1.396,        1.379,        1.39 ,        1.435
       0.278,        1.278,        0.882,        1.247,        0.978,        1.226,        1.019,        1.194,        1.232,        1.16 ,        1.234,        1.358
       0.277,        1.309,        0.251,        1.253,        0.444,        1.206,        1.078,        1.166,        1.238,        1.141,        1.227,        1.343
       0.283,        1.332,        0.255,        1.274,        0.934,        1.223,        1.056,        1.179,        1.237,        1.172,        1.233,        1.35 
       0.284,        1.337,        0.248,        1.257,        0.237,        1.191,        1.093,        1.155,        1.212,        1.17 ,        1.241,        1.341
       0.282,        1.375,        0.26 ,        1.306,        0.247,        1.228,        1.033,        1.162,        1.26 ,        1.206,        1.268,        1.366
       0.284,        1.388,        0.986,        1.357,        0.253,        1.268,        1.096,        1.209,        1.281,        1.239,        1.257,        1.374
       0.278,        1.492,        0.275,        1.461,        0.261,        1.416,        1.246,        1.388,        1.419,        1.414,        1.329,        1.449

