25.0
       0.248,        0.366,        0.252,        0.369,        0.249,        0.383,        0.255,        0.41 ,        0.441,        0.382,        0.522,        0.38 
       0.251,        0.384,        0.254,        0.382,        0.269,        0.39 ,        0.286,        0.4  ,        0.482,        0.412,        0.521,        0.379
       0.258,        0.351,        0.235,        0.355,        0.234,        0.354,        0.232,        0.352,        0.429,        0.346,        0.506,        0.367
       0.27 ,        0.386,        0.272,        0.385,        0.279,        0.395,        0.309,        0.401,        0.472,        0.427,        0.536,        0.395
       0.267,        0.258,        0.228,        0.245,        0.211,        0.243,        0.225,        0.241,        0.265,        0.228,        0.302,        0.253
       0.272,        0.291,        0.255,        0.286,        0.243,        0.297,        0.275,        0.298,        0.328,        0.304,        0.356,        0.325
       0.273,        0.258,        0.251,        0.269,        0.228,        0.243,        0.229,        0.267,        0.278,        0.263,        0.307,        0.275
       0.288,        0.282,        0.263,        0.282,        0.26 ,        0.278,        0.268,        0.3  ,        0.312,        0.266,        0.319,        0.285

