25.2
       0.28 ,        0.997,        0.27 ,        0.984,        0.278,        0.994,        0.312,        0.995,        1.02 ,        0.98 ,        1.075,        0.953
       0.266,        1.009,        0.258,        0.984,        0.266,        0.997,        0.28 ,        0.97 ,        1.037,        0.952,        1.088,        0.917
       0.268,        0.989,        0.237,        0.981,        0.24 ,        0.964,        0.284,        0.949,        1.029,        0.924,        1.051,        0.925
       0.277,        1.008,        0.273,        0.996,        0.278,        0.983,        0.351,        0.977,        1.047,        0.962,        1.091,        0.939
       0.283,        0.952,        0.235,        0.933,        0.228,        0.919,        0.234,        0.921,        0.97 ,        0.911,        1.002,        0.9  
       0.276,        0.98 ,        0.259,        0.949,        0.248,        0.946,        0.279,        0.932,        0.99 ,        0.932,        1.032,        0.974
       0.282,        0.974,        0.254,        0.953,        0.241,        0.931,        0.295,        0.936,        0.969,        0.902,        1.016,        0.951
       0.289,        0.964,        0.266,        0.961,        0.261,        0.942,        0.268,        0.937,        0.981,        0.942,        1.03 ,        0.921

