24.9
       0.287,        1.14 ,        0.28 ,        1.147,        0.288,        1.131,        0.923,        1.113,        1.199,        1.132,        1.27 ,        1.084
       0.272,        1.134,        0.263,        1.107,        0.265,        1.121,        0.316,        1.06 ,        1.188,        1.018,        1.265,        1.019
       0.278,        1.119,        0.242,        1.097,        0.235,        1.081,        0.938,        1.034,        1.203,        0.989,        1.255,        1.028
       0.288,        1.111,        0.266,        1.104,        0.269,        1.094,        0.972,        1.071,        1.204,        1.017,        1.281,        1.044
       0.29 ,        1.066,        0.227,        1.049,        0.233,        1.014,        0.232,        0.978,        1.156,        0.969,        1.252,        0.995
       0.289,        1.089,        0.263,        1.043,        0.254,        1.055,        0.273,        1.001,        1.2  ,        0.984,        1.278,        1.175
       0.289,        1.079,        0.263,        1.043,        0.237,        1.009,        0.675,          1  ,        1.18 ,        0.978,        1.264,        1.121
       0.288,        1.119,        0.276,        1.122,        0.269,        1.086,        0.363,        1.074,        1.245,        1.066,        1.301,        1.04 

