25.1
       0.283,        1.382,        0.296,        1.358,        0.825,        1.328,        1.069,        1.286,        1.295,        1.271,        1.352,        1.224
       0.287,        1.323,        0.275,        1.343,        0.776,        1.304,        0.838,        1.248,        1.268,        1.195,        1.321,        1.215
       0.282,        1.339,        0.241,        1.339,        0.241,        1.295,        1.043,        1.238,        1.277,        1.182,        1.319,        1.231
       0.292,        1.334,        0.273,        1.343,        0.27 ,        1.309,        1.029,        1.269,        1.288,        1.228,        1.343,        1.254
       0.292,        1.3  ,        0.238,        1.285,        0.237,        1.254,        0.291,        1.213,        1.256,        1.188,        1.331,        1.225
       0.296,        1.311,        0.265,        1.29 ,        0.253,        1.274,        0.272,        1.217,        1.293,        1.204,        1.36 ,        1.308
       0.294,        1.307,        0.263,        1.302,        0.249,        1.266,        1.015,        1.227,        1.299,        1.196,        1.358,        1.294
       0.29 ,        1.36 ,        0.285,        1.399,        0.277,        1.341,        1.229,        1.303,        1.362,        1.253,        1.396,        1.238

