25.0
       0.274,        1.456,        0.858,        1.37 ,        1.09 ,        1.346,        1.18 ,        1.326,        1.372,        1.339,        1.369,        1.364
       0.283,        1.347,        0.725,        1.289,        0.904,        1.238,        0.933,        1.197,        1.254,        1.143,        1.284,        1.306
       0.287,        1.351,        0.248,        1.292,        0.25 ,        1.222,        1.018,        1.187,        1.252,        1.12 ,        1.28 ,        1.301
       0.287,        1.387,        0.258,        1.319,        0.824,        1.252,        1.007,        1.195,        1.261,        1.181,        1.293,        1.31 
       0.281,        1.384,        0.243,        1.286,        0.237,        1.226,        1.02 ,        1.181,        1.234,        1.178,        1.297,        1.331
       0.293,        1.421,        0.264,        1.35 ,        0.254,        1.279,        0.972,        1.184,        1.288,        1.193,        1.316,        1.366
       0.287,        1.43 ,        0.395,        1.406,        0.255,        1.313,        0.987,        1.225,        1.309,        1.224,        1.31 ,        1.374
       0.282,        1.505,        0.283,        1.479,        0.27 ,        1.414,        1.175,        1.367,        1.423,        1.372,        1.368,        1.403

