24.9
       0.283,        0.982,        0.267,        0.974,        0.277,        0.976,        0.291,        0.979,        0.987,        0.966,        1.037,        0.938
       0.267,        0.998,        0.264,        0.972,        0.262,        0.992,        0.279,        0.972,        1.008,        0.944,        1.053,        0.908
       0.274,        0.989,        0.235,        0.976,        0.271,        0.95 ,        0.271,        0.941,        1.001,        0.913,        1.021,        0.913
       0.275,        1.003,        0.267,        0.991,        0.269,        0.966,        0.316,        0.969,        1.01 ,        0.95 ,        1.057,        0.92 
       0.28 ,        0.936,        0.227,        0.925,        0.218,        0.91 ,        0.227,        0.907,        0.938,        0.894,        0.965,        0.88 
       0.279,        0.959,        0.259,        0.931,        0.243,        0.939,        0.274,        0.925,        0.956,        0.906,          1  ,        0.951
       0.292,        0.955,        0.249,        0.939,        0.237,        0.913,        0.24 ,        0.92 ,        0.934,        0.89 ,        0.987,        0.923
       0.282,        0.951,        0.27 ,        0.95 ,        0.263,        0.932,        0.267,        0.929,        0.94 ,        0.916,        0.984,        0.892

