24.9
       0.277,        1.389,        0.327,        1.361,        0.862,        1.321,        1.075,        1.28 ,        1.297,        1.268,        1.355,        1.225
       0.284,        1.33 ,        0.271,        1.36 ,        0.88 ,        1.305,        0.836,        1.24 ,        1.272,        1.195,        1.329,        1.209
       0.283,        1.353,        0.24 ,        1.36 ,        0.244,        1.295,        1.028,        1.226,        1.278,        1.181,        1.321,        1.223
       0.291,        1.368,        0.267,        1.361,        0.268,        1.316,        1.011,        1.259,        1.288,        1.232,        1.346,        1.255
       0.289,        1.333,        0.241,        1.299,        0.237,        1.272,        0.234,        1.226,        1.262,        1.19 ,        1.346,        1.23 
       0.295,        1.349,        0.269,        1.319,        0.254,        1.295,        0.264,        1.227,        1.295,        1.215,        1.367,        1.321
       0.293,        1.34 ,        0.256,        1.328,        0.252,        1.303,        0.987,        1.24 ,        1.298,        1.204,        1.347,        1.312
       0.282,        1.379,        0.289,        1.417,        0.28 ,        1.353,        1.245,        1.303,        1.365,        1.261,        1.406,        1.238

