25.1
       0.284,        1.349,        0.296,        1.333,        0.758,        1.306,        1.074,        1.28 ,        1.299,        1.269,        1.34 ,        1.227
       0.296,        1.304,        0.268,        1.319,        0.586,        1.304,        0.784,        1.245,        1.278,        1.183,        1.318,        1.202
       0.285,        1.311,        0.243,        1.317,        0.249,        1.28 ,        1.062,        1.227,        1.289,        1.179,        1.311,        1.213
       0.296,        1.304,        0.271,        1.316,        0.281,        1.297,        1.066,        1.262,        1.294,        1.22 ,        1.344,        1.228
       0.293,        1.245,        0.235,        1.238,        0.234,        1.226,        0.235,        1.194,        1.257,        1.16 ,        1.33 ,        1.192
       0.3  ,        1.261,        0.275,        1.245,        0.261,        1.249,        0.282,        1.191,        1.296,        1.188,        1.354,        1.31 
       0.294,        1.252,        0.266,        1.243,        0.26 ,        1.226,        1.042,        1.192,        1.29 ,        1.18 ,        1.339,        1.285
       0.294,        1.319,        0.278,        1.361,        0.282,        1.308,        1.193,        1.281,        1.366,        1.228,        1.389,        1.212

