24.9
       0.277,        1.456,        0.882,        1.366,        1.121,        1.351,        1.212,        1.344,        1.368,        1.358,        1.371,        1.364
       0.282,        1.33 ,        0.776,        1.282,        0.912,        1.232,        0.96 ,        1.201,        1.257,        1.148,        1.273,        1.319
       0.281,        1.343,        0.248,        1.284,        0.266,        1.225,        1.038,        1.177,        1.258,        1.126,        1.27 ,        1.314
       0.29 ,        1.375,        0.275,        1.311,        0.844,        1.248,        1.022,        1.193,        1.257,        1.18 ,        1.276,        1.315
       0.286,        1.372,        0.246,        1.276,        0.237,        1.222,        1.031,        1.17 ,        1.231,        1.169,        1.29 ,        1.33 
       0.292,        1.415,        0.272,        1.338,        0.255,        1.269,        0.987,        1.179,        1.283,        1.193,        1.309,        1.37 
       0.287,        1.417,        0.762,        1.394,        0.262,        1.303,        1.023,        1.219,        1.302,        1.235,        1.293,        1.378
       0.281,        1.505,        0.283,        1.47 ,        0.269,        1.416,        1.195,        1.37 ,        1.416,        1.388,        1.345,        1.424

