25.0
       0.267,        1.454,        0.91 ,        1.381,        1.124,        1.363,        1.272,        1.367,        1.382,        1.369,        1.389,        1.414
       0.274,        1.3  ,        0.849,        1.258,        0.957,        1.224,        1.001,        1.196,        1.246,        1.15 ,        1.243,        1.346
       0.276,        1.315,        0.244,        1.262,        0.407,        1.207,        1.067,        1.162,        1.234,        1.126,        1.247,        1.333
       0.281,        1.347,        0.255,        1.285,        0.909,        1.236,        1.052,        1.18 ,        1.232,        1.173,        1.249,        1.332
       0.281,        1.349,        0.244,        1.255,        0.239,        1.198,        1.095,        1.155,        1.218,        1.174,        1.249,        1.343
       0.286,        1.384,        0.26 ,        1.308,        0.249,        1.234,        1.028,        1.164,        1.27 ,        1.2  ,        1.27 ,        1.371
       0.281,        1.4  ,        0.912,        1.369,        0.255,        1.286,        1.077,        1.215,        1.289,        1.244,        1.266,        1.38 
       0.274,        1.497,        0.277,        1.455,        0.262,        1.417,        1.224,        1.383,        1.41 ,        1.408,        1.327,        1.445

