24.9
       0.266,        1.452,        0.888,        1.377,        1.125,        1.355,        1.24 ,        1.352,        1.388,        1.363,        1.377,        1.388
       0.277,        1.314,        0.806,        1.261,        0.932,        1.227,        0.976,        1.196,        1.254,        1.149,        1.257,        1.341
       0.275,        1.333,        0.24 ,        1.27 ,        0.34 ,        1.215,        1.052,        1.166,        1.252,        1.126,        1.252,        1.317
       0.286,        1.356,        0.26 ,        1.294,        0.874,        1.238,        1.03 ,        1.188,        1.26 ,        1.186,        1.264,        1.322
       0.279,        1.365,        0.246,        1.264,        0.237,        1.204,        1.062,        1.162,        1.227,        1.168,        1.272,        1.337
       0.288,        1.401,        0.266,        1.326,        0.246,        1.247,        1.004,        1.169,        1.272,        1.202,        1.3  ,        1.371
       0.285,        1.409,        0.842,        1.376,        0.254,        1.284,        1.045,        1.216,        1.293,        1.238,        1.286,        1.374
       0.277,        1.501,        0.274,        1.46 ,        0.268,        1.411,        1.207,        1.375,        1.414,        1.399,        1.333,        1.433

