25.0
       0.292,        0.962,        0.259,        0.946,        0.262,        0.948,        0.281,        0.956,        0.932,        0.931,        0.994,        0.911
       0.27 ,        0.978,        0.261,        0.957,        0.262,        0.967,        0.278,        0.952,        0.958,        0.935,        1.002,        0.892
       0.275,        0.967,        0.227,        0.956,        0.232,        0.938,        0.252,        0.927,        0.956,        0.892,        0.975,        0.893
       0.279,        0.982,        0.271,        0.97 ,        0.27 ,        0.962,        0.311,        0.956,        0.976,        0.935,        1.014,        0.901
       0.279,        0.918,        0.229,        0.895,        0.219,        0.89 ,        0.234,        0.892,        0.871,        0.867,        0.909,        0.851
       0.28 ,        0.936,        0.265,        0.92 ,        0.242,        0.91 ,        0.278,        0.9  ,        0.9  ,        0.886,        0.933,        0.915
       0.288,        0.933,        0.249,        0.913,        0.236,        0.901,        0.234,        0.898,        0.871,        0.871,        0.932,        0.896
       0.293,        0.923,        0.275,        0.927,        0.271,        0.91 ,        0.268,        0.908,        0.886,        0.888,        0.938,        0.874

