25.0
       0.272,        1.451,        0.931,        1.382,        1.129,        1.366,        1.288,        1.376,        1.394,        1.38 ,        1.387,        1.435
       0.28 ,        1.287,        0.884,        1.249,        0.98 ,        1.21 ,        1.018,        1.199,        1.236,        1.156,        1.24 ,        1.353
       0.27 ,        1.301,        0.249,        1.266,        0.446,        1.201,        1.085,        1.166,        1.234,        1.13 ,        1.234,        1.346
       0.281,        1.333,        0.258,        1.276,        0.936,        1.225,        1.061,        1.178,        1.244,        1.177,        1.233,        1.348
       0.283,        1.336,        0.242,        1.241,        0.236,        1.19 ,        1.101,        1.159,        1.214,        1.173,        1.24 ,        1.337
       0.279,        1.376,        0.262,        1.299,        0.243,        1.232,        1.024,        1.164,        1.257,        1.203,        1.273,        1.367
       0.282,        1.384,        0.991,        1.362,        0.258,        1.26 ,        1.089,        1.214,        1.281,        1.245,        1.254,        1.382
       0.273,        1.498,        0.276,        1.45 ,        0.26 ,        1.418,        1.246,        1.392,        1.417,        1.43 ,        1.329,        1.443

