24.9
       0.281,        1.401,        0.364,        1.366,        0.877,        1.324,        1.067,        1.277,        1.301,        1.264,        1.364,        1.229
       0.287,        1.332,        0.27 ,        1.357,        0.901,        1.304,        0.845,        1.241,        1.274,        1.194,        1.33 ,        1.204
       0.285,        1.359,        0.24 ,        1.364,        0.248,        1.302,        1.034,        1.229,        1.284,        1.182,        1.322,        1.225
       0.287,        1.371,        0.266,        1.362,        0.261,        1.321,        1.004,        1.258,        1.293,        1.227,        1.353,        1.247
       0.293,        1.343,        0.236,        1.295,        0.238,        1.273,        0.231,        1.238,        1.256,        1.2  ,        1.35 ,        1.239
       0.3  ,        1.361,        0.269,        1.336,        0.256,        1.306,        0.278,        1.238,        1.3  ,        1.214,        1.375,        1.324
       0.294,        1.353,        0.267,        1.338,        0.274,        1.307,        0.98 ,        1.239,        1.305,        1.21 ,        1.355,        1.323
       0.29 ,        1.397,        0.292,        1.434,        0.287,        1.361,        1.248,        1.302,        1.366,        1.27 ,        1.409,        1.246

