24.9
       0.266,        1.454,        0.941,        1.385,        1.132,        1.378,        1.296,        1.381,        1.385,        1.385,        1.393,        1.439
       0.272,        1.285,        0.894,        1.257,        0.984,        1.21 ,        1.03 ,        1.2  ,        1.239,        1.156,        1.236,        1.359
       0.277,        1.306,        0.25 ,        1.265,        0.455,        1.206,        1.082,        1.168,        1.239,        1.132,        1.226,        1.347
       0.279,        1.331,        0.264,        1.279,        0.943,        1.219,        1.063,        1.18 ,        1.238,        1.18 ,        1.238,        1.35 
       0.285,        1.335,        0.243,        1.246,        0.232,        1.187,        1.095,        1.152,        1.213,        1.169,        1.234,        1.34 
       0.285,        1.368,        0.265,        1.298,        0.253,        1.239,        1.036,        1.167,        1.265,        1.208,        1.267,        1.367
       0.292,        1.382,        1.012,        1.365,        0.259,        1.276,        1.099,        1.214,        1.28 ,        1.244,        1.255,        1.379
       0.271,        1.497,        0.275,        1.457,        0.269,        1.421,        1.254,        1.397,        1.42 ,        1.424,        1.329,        1.45 

