25.0
       0.276,        1.165,        0.276,        1.168,        0.285,        1.149,        1.008,        1.135,        1.225,        1.173,        1.289,        1.115
       0.28 ,        1.148,        0.259,        1.135,        0.275,        1.144,        0.395,        1.101,        1.217,        1.05 ,        1.282,        1.071
       0.277,        1.124,        0.228,        1.129,        0.235,        1.108,        1.032,        1.077,        1.232,        1.036,        1.264,        1.083
       0.288,        1.123,        0.265,        1.137,        0.265,        1.125,        1.072,        1.107,        1.233,        1.071,        1.295,        1.093
       0.285,        1.081,        0.227,        1.066,        0.221,        1.045,        0.23 ,        1.01 ,        1.179,        1.008,        1.283,        1.033
       0.291,        1.102,        0.26 ,        1.073,        0.245,        1.07 ,        0.277,        1.026,        1.22 ,        1.034,        1.305,        1.207
       0.288,        1.096,        0.255,        1.065,        0.247,        1.041,        0.849,        1.03 ,        1.209,        1.017,        1.287,        1.149
       0.284,        1.154,        0.28 ,        1.167,        0.274,        1.12 ,        0.615,        1.116,        1.281,        1.09 ,        1.345,        1.075

