25.0
       0.277,        1.419,        0.547,        1.363,        0.908,        1.33 ,        1.073,        1.272,        1.3  ,        1.252,        1.366,        1.218
       0.279,        1.322,        0.264,        1.348,        0.922,        1.287,        0.858,        1.227,        1.276,        1.173,        1.33 ,        1.204
       0.286,        1.354,        0.24 ,        1.346,        0.239,        1.29 ,        1.008,        1.211,        1.276,        1.154,        1.32 ,        1.222
       0.292,        1.369,        0.263,        1.363,        0.266,        1.315,        0.986,        1.238,        1.278,        1.211,        1.341,        1.241
       0.29 ,        1.359,        0.233,        1.317,        0.237,        1.266,        0.23 ,        1.225,        1.254,        1.19 ,        1.333,        1.227
       0.289,        1.382,        0.271,        1.341,        0.255,        1.302,        0.319,        1.231,        1.3  ,        1.207,        1.366,        1.323
       0.299,        1.382,        0.268,        1.36 ,        0.25 ,        1.324,        0.963,        1.231,        1.3  ,        1.217,        1.358,        1.328
       0.284,        1.426,        0.287,        1.444,        0.277,        1.38 ,        1.238,        1.31 ,        1.369,        1.277,        1.422,        1.264

