25.1
       0.272,        1.444,        0.894,        1.376,        1.121,        1.353,        1.225,        1.346,        1.381,        1.36 ,        1.376,        1.385
       0.276,        1.314,        0.8  ,        1.261,        0.922,        1.226,        0.975,        1.198,        1.255,        1.143,        1.265,        1.332
       0.28 ,        1.341,        0.245,        1.283,        0.307,        1.219,        1.044,        1.168,        1.25 ,        1.121,        1.256,        1.321
       0.278,        1.368,        0.262,        1.298,        0.862,        1.242,        1.022,        1.19 ,        1.257,        1.173,        1.26 ,        1.313
       0.284,        1.369,        0.247,        1.267,        0.245,        1.21 ,        1.052,        1.168,        1.226,        1.177,        1.273,        1.339
       0.286,        1.399,        0.265,        1.33 ,        0.248,        1.255,        0.998,        1.175,        1.273,        1.203,        1.303,        1.368
       0.284,        1.411,        0.833,        1.377,        0.252,        1.288,        1.034,        1.222,        1.297,        1.228,        1.279,        1.381
       0.273,        1.502,        0.272,        1.461,        0.265,        1.413,        1.202,        1.373,        1.419,        1.395,        1.343,        1.432

