25.1
       0.273,        1.448,        0.889,        1.368,        1.119,        1.346,        1.225,        1.343,        1.38 ,        1.358,        1.383,        1.386
       0.277,        1.321,        0.786,        1.275,        0.923,        1.235,        0.963,        1.2  ,        1.254,        1.148,        1.267,        1.325
       0.279,        1.346,        0.249,        1.283,        0.288,        1.218,        1.036,        1.174,        1.25 ,        1.127,        1.264,        1.321
       0.289,        1.366,        0.261,        1.315,        0.857,        1.248,        1.027,        1.189,        1.271,        1.173,        1.27 ,        1.315
       0.288,        1.372,        0.239,        1.274,        0.241,        1.22 ,        1.048,        1.167,        1.243,        1.182,        1.278,        1.336
       0.291,        1.405,        0.272,        1.338,        0.256,        1.259,        0.998,        1.178,        1.276,        1.204,        1.309,        1.369
       0.284,        1.418,        0.823,        1.382,        0.255,        1.308,        1.03 ,        1.224,        1.304,        1.24 ,        1.296,        1.373
       0.277,        1.506,        0.281,        1.467,        0.271,        1.41 ,        1.206,        1.375,        1.421,        1.39 ,        1.348,        1.432

