25.2
       0.283,        1.092,        0.282,        1.104,        0.276,        1.104,        0.74 ,        1.088,        1.158,        1.102,        1.228,        1.049
       0.28 ,        1.115,        0.261,        1.087,        0.266,        1.098,        0.277,        1.042,        1.157,        0.998,        1.243,        0.984
       0.281,        1.101,        0.234,        1.071,        0.244,        1.056,        0.82 ,        1.015,        1.157,        0.961,        1.221,        0.992
       0.287,        1.087,        0.265,        1.075,        0.27 ,        1.067,        0.855,        1.042,        1.179,        0.991,        1.246,        1.009
       0.291,        1.018,        0.231,        1.011,        0.226,        0.988,        0.232,        0.963,        1.121,        0.956,        1.189,        0.981
       0.287,        1.04 ,        0.264,        1.016,        0.246,        1.012,        0.277,        0.981,        1.163,        0.974,        1.224,        1.137
       0.289,        1.034,        0.25 ,        1.009,        0.243,        0.984,        0.409,        0.986,        1.15 ,        0.957,        1.202,        1.074
       0.287,        1.059,        0.275,        1.069,        0.27 ,        1.044,        0.289,        1.043,        1.196,        1.047,        1.227,        1.018

