25.0
       0.231,        0.221,        0.222,        0.23 ,        0.223,        0.241,        0.24 ,        0.264,        0.238,        0.246,        0.247,        0.255
       0.238,        0.248,        0.257,        0.261,        0.252,        0.264,        0.269,        0.267,        0.275,        0.279,        0.261,        0.25 
       0.243,        0.228,        0.21 ,        0.215,        0.217,        0.219,        0.214,        0.228,        0.23 ,        0.209,        0.228,        0.21 
       0.266,        0.253,        0.26 ,        0.264,        0.271,        0.27 ,        0.277,        0.277,        0.286,        0.314,        0.282,        0.24 
       0.249,        0.219,        0.213,        0.208,        0.205,        0.213,        0.211,        0.211,        0.204,        0.199,        0.214,        0.215
       0.269,        0.241,        0.243,        0.267,        0.235,        0.262,        0.268,        0.28 ,        0.278,        0.243,        0.29 ,        0.333
       0.258,        0.232,        0.232,        0.237,        0.229,        0.229,        0.231,        0.223,        0.226,        0.247,        0.221,        0.259
       0.257,        0.245,        0.236,        0.241,        0.236,        0.235,        0.246,        0.259,        0.248,        0.232,        0.238,        0.244

