25.0
       0.272,        1.45 ,        0.927,        1.39 ,        1.137,        1.375,        1.286,        1.378,        1.39 ,        1.378,        1.393,        1.43 
       0.28 ,        1.279,        0.877,        1.255,        0.976,        1.226,        1.024,        1.197,        1.238,        1.153,        1.24 ,        1.362
       0.276,        1.31 ,        0.255,        1.258,        0.439,        1.2  ,        1.081,        1.163,        1.233,        1.131,        1.231,        1.347
       0.285,        1.34 ,        0.264,        1.288,        0.936,        1.232,        1.055,        1.185,        1.248,        1.172,        1.238,        1.342
       0.281,        1.338,        0.245,        1.241,        0.24 ,        1.193,        1.094,        1.153,        1.209,        1.174,        1.24 ,        1.342
       0.288,        1.371,        0.271,        1.302,        0.253,        1.231,        1.038,        1.165,        1.266,        1.208,        1.269,        1.371
       0.286,        1.392,        0.969,        1.359,        0.264,        1.267,        1.09 ,        1.218,        1.289,        1.247,        1.26 ,        1.378
       0.277,        1.507,        0.279,        1.451,        0.268,        1.42 ,        1.247,        1.391,        1.421,        1.426,        1.333,        1.448

