25.1
       0.281,        1.431,        0.681,        1.373,        0.936,        1.334,        1.076,        1.276,        1.309,        1.263,        1.37 ,        1.242
       0.294,        1.329,        0.267,        1.341,        0.942,        1.279,        0.862,        1.214,        1.269,        1.158,        1.329,        1.214
       0.285,        1.358,        0.252,        1.34 ,        0.244,        1.275,        1.004,        1.203,        1.279,        1.142,        1.321,        1.217
       0.293,        1.381,        0.273,        1.357,        0.282,        1.302,        0.985,        1.238,        1.291,        1.199,        1.342,        1.244
       0.286,        1.368,        0.251,        1.316,        0.239,        1.265,        0.261,        1.218,        1.258,        1.187,        1.342,        1.235
       0.291,        1.397,        0.27 ,        1.352,        0.255,        1.306,        0.467,        1.215,        1.295,        1.212,        1.368,        1.34 
       0.296,        1.396,        0.271,        1.375,        0.259,        1.332,        0.95 ,        1.237,        1.303,        1.215,        1.354,        1.342
       0.281,        1.451,        0.283,        1.454,        0.284,        1.397,        1.22 ,        1.32 ,        1.379,        1.291,        1.422,        1.284

