25.1
       0.275,        1.44 ,        0.747,        1.367,        0.95 ,        1.328,        1.073,        1.279,        1.303,        1.252,        1.37 ,        1.256
       0.286,        1.345,        0.282,        1.331,        0.926,        1.252,        0.852,        1.197,        1.259,        1.139,        1.305,        1.208
       0.275,        1.36 ,        0.238,        1.329,        0.239,        1.255,        0.996,        1.176,        1.255,        1.113,        1.308,        1.211
       0.289,        1.383,        0.269,        1.351,        0.334,        1.283,        0.977,        1.212,        1.279,        1.177,        1.334,        1.242
       0.281,        1.37 ,        0.231,        1.307,        0.232,        1.249,        0.373,        1.195,        1.252,        1.177,        1.324,        1.242
       0.286,        1.401,        0.268,        1.348,        0.253,        1.298,        0.725,        1.207,        1.282,        1.188,        1.358,        1.335
       0.289,        1.407,        0.272,        1.389,        0.247,        1.328,        0.936,        1.224,        1.3  ,        1.2  ,        1.346,        1.345
       0.274,        1.474,        0.276,        1.469,        0.276,        1.412,        1.17 ,        1.324,        1.393,        1.296,        1.412,        1.291

