24.9
       0.283,        0.996,        0.275,        0.984,        0.278,        0.992,        0.311,          1  ,        1.02 ,        0.989,        1.074,        0.957
       0.274,        1.006,        0.26 ,        0.988,        0.266,        1.004,        0.28 ,        0.988,        1.03 ,        0.954,        1.087,        0.92 
       0.275,        0.989,        0.237,        0.977,        0.264,        0.964,        0.285,        0.958,        1.032,        0.929,        1.061,        0.93 
       0.277,        1.006,        0.27 ,        0.994,        0.274,        0.98 ,        0.351,        0.979,        1.048,        0.959,        1.092,        0.946
       0.279,        0.954,        0.229,        0.941,        0.227,        0.923,        0.235,        0.923,        0.965,        0.911,          1  ,        0.897
       0.278,        0.976,        0.264,        0.945,        0.249,        0.942,        0.278,        0.934,        0.986,        0.931,        1.023,        0.969
       0.283,        0.971,        0.255,        0.96 ,        0.246,        0.929,        0.239,        0.933,        0.967,        0.908,        1.014,        0.942
       0.287,        0.964,        0.272,        0.968,        0.262,        0.948,        0.271,        0.944,        0.971,        0.932,        1.019,        0.911

