25.1
       0.278,        1.458,        0.811,        1.377,        1.051,        1.335,        1.123,        1.303,        1.35 ,        1.31 ,        1.365,        1.323
       0.286,        1.366,        0.67 ,        1.31 ,        0.916,        1.246,        0.901,        1.194,        1.265,        1.145,        1.31 ,        1.26 
       0.289,        1.38 ,        0.247,        1.315,        0.25 ,        1.233,        1.002,        1.17 ,        1.258,        1.111,        1.297,        1.259
       0.292,        1.412,        0.269,        1.355,        0.709,        1.27 ,        0.987,        1.204,        1.275,        1.187,        1.313,        1.289
       0.285,        1.403,        0.248,        1.305,        0.24 ,        1.243,        0.994,        1.204,        1.25 ,        1.178,        1.323,        1.311
       0.297,        1.443,        0.269,        1.365,        0.259,        1.29 ,        0.94 ,        1.192,        1.287,        1.197,        1.346,        1.36 
       0.3  ,        1.456,        0.27 ,        1.426,        0.259,        1.338,        0.943,        1.234,        1.307,        1.223,        1.329,        1.364
       0.279,        1.515,        0.291,        1.492,        0.272,        1.435,        1.151,        1.357,        1.42 ,        1.36 ,        1.389,        1.363

