25.4
       0.276,        1.452,        0.747,        1.368,        1.012,        1.329,        1.093,        1.29 ,        1.331,        1.28 ,        1.372,        1.29 
       0.282,        1.361,        0.49 ,        1.318,        0.932,        1.249,        0.886,        1.201,        1.261,        1.129,        1.311,        1.234
       0.284,        1.371,        0.245,        1.309,        0.236,        1.233,          1  ,        1.17 ,        1.267,        1.104,        1.307,        1.241
       0.283,        1.404,        0.263,        1.349,        0.55 ,        1.268,        0.975,        1.194,        1.275,        1.178,        1.329,        1.268
       0.286,        1.391,        0.249,        1.302,        0.236,        1.24 ,        0.948,        1.189,        1.25 ,        1.166,        1.323,        1.284
       0.291,        1.433,        0.265,        1.37 ,        0.248,        1.294,        0.918,        1.19 ,        1.286,        1.186,        1.36 ,        1.349
       0.29 ,        1.445,        0.26 ,        1.412,        0.248,        1.343,        0.928,        1.218,        1.304,        1.208,        1.334,        1.353
       0.28 ,        1.497,        0.286,        1.488,        0.282,        1.427,        1.152,        1.347,        1.413,        1.335,        1.412,        1.33 

