24.9
       0.275,        1.45 ,        0.909,        1.377,        1.135,        1.365,        1.268,        1.371,        1.393,        1.376,        1.386,        1.412
       0.276,        1.295,        0.853,        1.256,        0.949,        1.217,        0.998,        1.194,        1.241,        1.147,        1.247,        1.347
       0.275,        1.321,        0.246,        1.258,        0.401,        1.206,        1.062,        1.171,        1.24 ,        1.147,        1.237,        1.329
       0.28 ,        1.346,        0.256,        1.289,        0.901,        1.235,        1.045,        1.18 ,        1.247,        1.174,        1.241,        1.333
       0.283,        1.344,        0.239,        1.262,        0.241,        1.2  ,        1.092,        1.154,        1.217,        1.173,        1.245,        1.329
       0.281,        1.385,        0.264,        1.311,        0.25 ,        1.24 ,        1.026,        1.161,        1.266,        1.203,        1.283,        1.362
       0.288,        1.398,        0.898,        1.365,        0.26 ,        1.278,        1.062,        1.216,        1.29 ,        1.234,        1.261,        1.376
       0.275,        1.495,        0.281,        1.45 ,        0.264,        1.42 ,        1.227,        1.386,        1.414,        1.405,        1.331,        1.447

