25.0
       0.302,        1.166,        0.281,        1.178,        0.296,        1.154,        1.011,        1.149,        1.225,        1.165,        1.288,        1.12 
       0.276,        1.145,        0.262,        1.138,        0.278,        1.145,        0.397,        1.106,        1.224,        1.06 ,        1.28 ,        1.061
       0.281,        1.131,        0.234,        1.134,        0.239,        1.118,        1.032,        1.081,        1.231,        1.034,        1.278,        1.078
       0.289,        1.131,        0.271,        1.134,        0.275,        1.129,        1.075,        1.113,        1.231,        1.075,        1.301,        1.097
       0.287,        1.084,        0.236,        1.068,        0.228,        1.041,        0.239,        1.014,        1.179,        1.015,        1.286,        1.035
       0.29 ,        1.108,        0.262,        1.072,        0.247,        1.08 ,        0.277,        1.029,        1.221,        1.03 ,        1.309,        1.209
       0.292,        1.098,        0.254,        1.068,        0.243,        1.043,        0.854,        1.03 ,        1.21 ,        1.016,        1.296,        1.147
       0.288,        1.157,        0.284,        1.159,        0.272,        1.128,        0.616,        1.114,        1.282,        1.091,        1.345,        1.082

