24.9
       0.245,        0.499,        0.247,        0.508,        0.246,        0.523,        0.256,        0.55 ,        0.568,        0.527,        0.665,        0.532
       0.266,        0.507,        0.264,        0.514,        0.268,        0.522,        0.277,        0.525,        0.602,        0.55 ,        0.674,        0.524
       0.261,        0.481,        0.223,        0.493,        0.233,        0.487,        0.239,        0.486,        0.561,        0.488,        0.642,        0.505
       0.269,        0.51 ,        0.269,        0.516,        0.278,        0.525,        0.299,        0.538,        0.6  ,        0.563,        0.671,        0.526
       0.265,        0.292,        0.229,        0.283,        0.217,        0.279,        0.224,        0.284,        0.339,        0.276,        0.43 ,        0.291
       0.27 ,        0.333,        0.252,        0.329,        0.241,        0.326,        0.272,        0.325,        0.397,        0.341,        0.466,        0.349
       0.272,        0.298,        0.241,        0.309,        0.232,        0.285,        0.227,        0.294,        0.347,        0.304,        0.429,        0.312
       0.28 ,        0.32 ,        0.259,        0.316,        0.249,        0.309,        0.265,        0.313,        0.377,        0.307,        0.418,        0.324

