25.3
       0.277,        1.28 ,        0.286,        1.266,        0.501,        1.256,        1.03 ,        1.229,        1.286,        1.247,        1.316,        1.192
       0.292,        1.245,        0.263,        1.249,        0.391,        1.25 ,        0.621,        1.198,        1.26 ,        1.14 ,        1.298,        1.167
       0.282,        1.236,        0.237,        1.244,        0.239,        1.222,        1.06 ,        1.184,        1.271,        1.133,        1.296,        1.172
       0.299,        1.233,        0.278,        1.249,        0.27 ,        1.237,        1.083,        1.218,        1.277,        1.179,        1.328,        1.2  
       0.298,        1.162,        0.236,        1.163,        0.235,        1.152,        0.23 ,        1.121,        1.239,        1.106,        1.309,        1.133
       0.288,        1.19 ,        0.266,        1.162,        0.244,        1.17 ,        0.28 ,        1.135,        1.288,        1.131,        1.33 ,        1.286
       0.295,        1.173,        0.258,        1.156,        0.25 ,        1.145,        1.017,        1.133,        1.29 ,        1.126,        1.317,        1.242
       0.284,        1.237,        0.285,        1.264,        0.276,        1.226,        1.05 ,        1.216,        1.347,        1.187,        1.377,        1.165

