25.0
       0.284,        1.163,        0.284,        1.165,        0.286,        1.151,        1.002,        1.132,        1.223,        1.164,        1.288,        1.11 
       0.28 ,        1.137,        0.252,        1.132,        0.276,        1.14 ,        0.387,        1.096,        1.222,        1.056,        1.278,        1.055
       0.279,        1.13 ,        0.233,        1.122,        0.245,        1.108,        1.026,        1.074,        1.224,        1.047,        1.266,        1.075
       0.288,        1.123,        0.275,        1.132,        0.268,        1.126,        1.068,        1.104,        1.237,        1.067,        1.296,        1.088
       0.287,        1.086,        0.229,        1.058,        0.228,        1.046,        0.233,        1.015,        1.174,        1.004,        1.284,        1.042
       0.292,        1.112,        0.264,        1.074,        0.249,        1.081,        0.277,        1.022,        1.22 ,        1.029,        1.31 ,        1.211
       0.297,        1.099,        0.253,        1.065,        0.242,        1.044,        0.844,        1.026,        1.21 ,        1.014,        1.295,        1.146
       0.277,        1.161,        0.285,        1.159,        0.279,        1.127,        0.588,        1.105,        1.27 ,        1.087,        1.346,        1.079

