25.1
       0.284,        1.311,        0.287,        1.298,        0.641,        1.284,        1.052,        1.255,        1.297,        1.258,        1.328,        1.211
       0.28 ,        1.282,        0.267,        1.284,        0.458,        1.269,        0.692,        1.221,        1.28 ,        1.162,        1.313,        1.174
       0.288,        1.267,        0.239,        1.274,        0.24 ,        1.25 ,        1.067,        1.21 ,        1.276,        1.153,        1.304,        1.187
       0.29 ,        1.26 ,        0.271,        1.278,        0.273,        1.27 ,        1.08 ,        1.231,        1.288,        1.185,        1.324,        1.216
       0.291,        1.191,        0.23 ,        1.191,        0.233,        1.177,        0.232,        1.145,        1.244,        1.129,        1.314,        1.16 
       0.304,        1.213,        0.265,        1.2  ,        0.253,        1.198,        0.28 ,        1.153,        1.29 ,        1.146,        1.342,        1.296
       0.294,        1.2  ,        0.27 ,        1.19 ,        0.265,        1.182,        1.029,        1.152,        1.28 ,        1.146,        1.33 ,        1.261
       0.285,        1.269,        0.287,        1.308,        0.286,        1.263,        1.121,        1.251,        1.366,        1.204,        1.378,        1.189

