24.9
       0.283,        1.364,        0.29 ,        1.349,        0.809,        1.318,        1.061,        1.284,        1.292,        1.271,        1.344,        1.231
       0.288,        1.311,        0.271,        1.333,        0.703,        1.302,        0.829,        1.243,        1.272,        1.193,        1.319,        1.21 
       0.287,        1.323,        0.237,        1.321,        0.24 ,        1.293,        1.049,        1.235,        1.28 ,        1.181,        1.315,        1.224
       0.293,        1.32 ,        0.278,        1.331,        0.275,        1.308,        1.045,        1.272,        1.285,        1.229,        1.336,        1.244
       0.289,        1.272,        0.24 ,        1.262,        0.233,        1.246,        0.229,        1.208,        1.255,        1.171,        1.322,        1.205
       0.286,        1.29 ,        0.262,        1.28 ,        0.245,        1.268,        0.263,        1.21 ,        1.3  ,        1.193,        1.347,        1.308
       0.291,        1.287,        0.262,        1.274,        0.243,        1.252,        1.022,        1.213,        1.297,        1.186,        1.345,        1.286
       0.288,        1.349,        0.284,        1.396,        0.278,        1.328,        1.23 ,        1.298,        1.363,        1.245,        1.389,        1.232

