25.0
       0.271,        1.452,        0.84 ,        1.367,        1.078,        1.333,        1.152,        1.313,        1.35 ,        1.327,        1.365,        1.35 
       0.279,        1.364,        0.709,        1.295,        0.904,        1.246,        0.916,        1.209,        1.265,        1.143,        1.297,        1.288
       0.283,        1.363,        0.251,        1.303,        0.244,        1.223,        1.008,        1.174,        1.258,        1.128,        1.286,        1.282
       0.293,        1.393,        0.266,        1.329,        0.821,        1.261,        0.985,        1.202,        1.269,        1.176,        1.297,        1.299
       0.288,        1.392,        0.24 ,        1.299,        0.236,        1.226,        0.997,        1.186,        1.239,        1.173,        1.306,        1.323
       0.294,        1.439,        0.267,        1.357,        0.252,        1.284,        0.957,        1.194,        1.283,        1.196,        1.332,        1.362
       0.291,        1.448,        0.281,        1.407,        0.253,        1.324,        0.963,        1.226,        1.304,        1.227,        1.326,        1.371
       0.282,        1.512,        0.281,        1.48 ,        0.274,        1.422,        1.156,        1.363,        1.429,        1.37 ,        1.378,        1.387

