24.9
       0.256,        0.681,        0.249,        0.674,        0.247,        0.693,        0.257,        0.721,        0.678,        0.706,        0.759,        0.706
       0.25 ,        0.684,        0.261,        0.687,        0.258,        0.705,        0.28 ,        0.706,        0.698,        0.726,        0.764,        0.695
       0.265,        0.667,        0.226,        0.667,        0.233,        0.678,        0.236,        0.668,        0.709,        0.679,        0.727,        0.674
       0.261,        0.684,        0.267,        0.699,        0.261,        0.699,        0.295,        0.71 ,        0.695,        0.729,        0.758,        0.688
       0.262,        0.38 ,        0.231,        0.385,        0.215,        0.373,        0.234,        0.394,        0.482,        0.377,        0.625,        0.4  
       0.264,        0.422,        0.262,        0.413,        0.246,        0.407,        0.27 ,        0.415,        0.525,        0.426,        0.637,        0.437
       0.276,        0.393,        0.245,        0.393,        0.235,        0.373,        0.223,        0.387,        0.481,        0.394,        0.609,        0.404
       0.282,        0.404,        0.268,        0.406,        0.25 ,        0.404,        0.268,        0.425,        0.51 ,        0.409,        0.602,        0.416

