25.0
       0.257,        0.732,        0.253,        0.727,        0.251,        0.739,        0.265,        0.768,        0.706,        0.75 ,        0.788,        0.738
       0.26 ,        0.737,        0.267,        0.741,        0.277,        0.749,        0.278,        0.757,        0.73 ,        0.76 ,        0.78 ,        0.724
       0.263,        0.711,        0.231,        0.719,        0.228,        0.719,        0.245,        0.728,        0.699,        0.714,        0.752,        0.719
       0.273,        0.731,        0.275,        0.747,        0.279,        0.751,        0.299,        0.759,        0.735,        0.771,        0.782,        0.73 
       0.273,        0.431,        0.232,        0.435,        0.22 ,        0.474,        0.232,        0.443,        0.539,        0.431,        0.68 ,        0.451
       0.272,        0.47 ,        0.251,        0.465,        0.248,        0.461,        0.275,        0.472,        0.577,        0.471,        0.683,        0.487
       0.288,        0.445,        0.245,        0.448,        0.245,        0.427,        0.231,        0.439,        0.544,        0.448,        0.671,        0.461
       0.275,        0.452,        0.268,        0.452,        0.26 ,        0.452,        0.277,        0.475,        0.565,        0.453,        0.661,        0.47 

