24.9
       0.251,        0.288,        0.246,        0.29 ,        0.247,        0.303,        0.249,        0.334,        0.355,        0.312,        0.393,        0.312
       0.256,        0.315,        0.257,        0.309,        0.268,        0.32 ,        0.284,        0.326,        0.381,        0.35 ,        0.398,        0.301
       0.258,        0.285,        0.222,        0.283,        0.231,        0.284,        0.234,        0.285,        0.329,        0.274,        0.365,        0.289
       0.277,        0.32 ,        0.273,        0.322,        0.275,        0.339,        0.316,        0.344,        0.382,        0.357,        0.415,        0.308
       0.265,        0.24 ,        0.233,        0.238,        0.214,        0.229,        0.225,        0.228,        0.233,        0.224,        0.253,        0.239
       0.274,        0.26 ,        0.257,        0.283,        0.24 ,        0.273,        0.283,        0.283,        0.297,        0.288,        0.305,        0.325
       0.269,        0.249,        0.235,        0.25 ,        0.229,        0.238,        0.24 ,        0.241,        0.235,        0.252,        0.263,        0.274
       0.281,        0.266,        0.256,        0.272,        0.25 ,        0.264,        0.274,        0.285,        0.285,        0.256,        0.267,        0.268

