25.1
       0.27 ,        1.452,        0.852,        1.366,        1.084,        1.339,        1.168,        1.315,        1.365,        1.343,        1.369,        1.355
       0.286,        1.346,        0.711,        1.296,        0.902,        1.23 ,        0.926,        1.195,        1.246,        1.141,        1.285,        1.293
       0.284,        1.357,        0.247,        1.295,        0.242,        1.222,        1.016,        1.17 ,        1.254,        1.116,        1.279,        1.29 
       0.291,        1.385,        0.261,        1.319,        0.833,        1.254,        1.001,        1.196,        1.258,        1.176,        1.291,        1.309
       0.28 ,        1.391,        0.246,        1.282,        0.236,        1.228,        1.015,        1.183,        1.235,        1.175,        1.299,        1.327
       0.288,        1.431,        0.265,        1.348,        0.25 ,        1.27 ,        0.97 ,        1.183,        1.281,        1.193,        1.325,        1.364
       0.281,        1.431,        0.346,        1.4  ,        0.253,        1.31 ,        0.986,        1.228,        1.304,        1.221,        1.313,        1.374
       0.279,        1.511,        0.277,        1.485,        0.268,        1.41 ,        1.174,        1.357,        1.423,        1.373,        1.36 ,        1.394

