25.0
       0.284,        1.459,        0.866,        1.373,        1.097,        1.347,        1.185,        1.334,        1.372,        1.339,        1.37 ,        1.363
       0.28 ,        1.34 ,        0.743,        1.286,        0.909,        1.237,        0.939,        1.201,        1.263,        1.145,        1.284,        1.309
       0.277,        1.35 ,        0.254,        1.296,        0.248,        1.226,        1.02 ,        1.172,        1.259,        1.121,        1.28 ,        1.31 
       0.286,        1.387,        0.26 ,        1.321,        0.832,        1.254,        1.003,        1.203,        1.262,        1.177,        1.285,        1.308
       0.29 ,        1.381,        0.246,        1.286,        0.236,        1.219,        1.026,        1.173,        1.241,        1.17 ,        1.292,        1.333
       0.296,        1.418,        0.266,        1.343,        0.257,        1.275,        0.971,        1.179,        1.282,        1.192,        1.318,        1.368
       0.287,        1.432,        0.497,        1.402,        0.253,        1.305,        0.999,        1.221,        1.298,        1.226,        1.306,        1.376
       0.279,        1.503,        0.282,        1.481,        0.269,        1.418,        1.184,        1.363,        1.426,        1.384,        1.357,        1.409

