25.4
       0.276,        1.45 ,        0.738,        1.381,        0.967,        1.334,        1.079,        1.283,        1.321,        1.275,        1.375,        1.258
       0.277,        1.339,        0.333,        1.338,        0.931,        1.262,        0.872,        1.196,        1.257,        1.131,        1.306,        1.219
       0.28 ,        1.363,        0.242,        1.33 ,        0.239,        1.25 ,        0.994,        1.183,        1.276,        1.113,        1.311,        1.225
       0.293,        1.388,        0.266,        1.365,        0.382,        1.275,        0.979,        1.207,        1.272,        1.176,        1.331,        1.254
       0.284,        1.368,        0.239,        1.306,        0.24 ,        1.254,        0.565,        1.191,        1.245,        1.17 ,        1.328,        1.243
       0.294,        1.4  ,        0.272,        1.362,        0.248,        1.3  ,        0.82 ,        1.2  ,        1.288,        1.194,        1.355,        1.339
       0.289,        1.423,        0.265,        1.402,        0.255,        1.336,        0.944,        1.229,        1.302,        1.201,        1.343,        1.348
       0.283,        1.481,        0.276,        1.482,        0.269,        1.422,        1.162,        1.344,        1.399,        1.31 ,        1.417,        1.3  

