24.9
       0.283,        1.361,        0.288,        1.352,        0.808,        1.325,        1.066,        1.283,        1.292,        1.276,        1.353,        1.232
       0.293,        1.321,        0.264,        1.327,        0.714,        1.303,        0.834,        1.25 ,        1.272,        1.193,        1.327,        1.211
       0.289,        1.331,        0.238,        1.337,        0.239,        1.293,        1.046,        1.242,        1.281,        1.181,        1.326,        1.218
       0.289,        1.323,        0.264,        1.333,        0.26 ,        1.306,        1.038,        1.262,        1.275,        1.222,        1.344,        1.246
       0.292,        1.277,        0.236,        1.265,        0.234,        1.247,        0.231,        1.217,        1.254,        1.176,        1.329,        1.209
       0.287,        1.296,        0.266,        1.27 ,        0.249,        1.268,        0.27 ,        1.212,        1.29 ,        1.197,        1.362,        1.307
       0.295,        1.29 ,        0.264,        1.274,        0.248,        1.255,        1.022,        1.212,        1.293,        1.188,        1.341,        1.295
       0.285,        1.35 ,        0.292,        1.393,        0.273,        1.331,        1.228,        1.297,        1.362,        1.248,        1.395,        1.241

