25.1
       0.246,        0.293,        0.244,        0.29 ,        0.252,        0.304,        0.252,        0.324,        0.339,        0.301,        0.391,        0.311
       0.253,        0.303,        0.268,        0.311,        0.267,        0.317,        0.237,        0.322,        0.384,        0.348,        0.385,        0.299
       0.255,        0.28 ,        0.228,        0.278,        0.231,        0.28 ,        0.236,        0.289,        0.327,        0.266,        0.365,        0.28 
       0.269,        0.313,        0.273,        0.32 ,        0.273,        0.326,        0.3  ,        0.29 ,        0.377,        0.351,        0.407,        0.307
       0.261,        0.236,        0.236,        0.234,        0.211,        0.226,        0.228,        0.226,        0.229,        0.215,        0.251,        0.232
       0.269,        0.28 ,        0.254,        0.284,        0.242,        0.271,        0.283,        0.244,        0.298,        0.29 ,        0.303,        0.322
       0.255,        0.256,        0.25 ,        0.261,        0.235,        0.245,        0.242,        0.265,        0.248,        0.252,        0.258,        0.283
       0.283,        0.272,        0.263,        0.273,        0.255,        0.27 ,        0.278,        0.286,        0.287,        0.264,        0.278,        0.281

