25.0
       0.288,        1.372,        0.293,        1.349,        0.81 ,        1.324,        1.069,        1.285,        1.296,        1.275,        1.357,        1.229
       0.292,        1.315,        0.272,        1.338,        0.726,        1.308,        0.834,        1.25 ,        1.27 ,        1.195,        1.323,        1.215
       0.283,        1.329,        0.24 ,        1.344,        0.247,        1.293,        1.054,        1.239,        1.28 ,        1.185,        1.317,        1.227
       0.292,        1.333,        0.264,        1.345,        0.268,        1.314,        1.045,        1.268,        1.286,        1.224,        1.347,        1.258
       0.289,        1.282,        0.247,        1.28 ,        0.238,        1.248,        0.243,        1.219,        1.255,        1.181,        1.335,        1.213
       0.304,        1.303,        0.264,        1.274,        0.256,        1.272,        0.276,        1.221,        1.302,        1.201,        1.357,        1.306
       0.298,        1.286,        0.263,        1.276,        0.242,        1.261,        1.024,        1.214,        1.295,        1.194,        1.347,        1.298
       0.29 ,        1.35 ,        0.284,        1.405,        0.277,        1.339,        1.229,        1.307,        1.362,        1.259,        1.397,        1.228

