25.4
       0.281,        1.442,        0.713,        1.371,        0.933,        1.329,        1.078,        1.275,        1.314,        1.254,        1.37 ,        1.239
       0.277,        1.337,        0.272,        1.335,        0.945,        1.271,        0.856,        1.207,        1.265,        1.163,        1.311,        1.204
       0.282,        1.367,        0.239,        1.34 ,        0.244,        1.26 ,        0.996,        1.186,        1.263,        1.132,        1.323,        1.216
       0.293,        1.386,        0.266,        1.351,        0.301,        1.296,        0.977,        1.224,        1.27 ,        1.189,        1.339,        1.242
       0.283,        1.363,        0.232,        1.304,        0.237,        1.253,        0.354,        1.208,        1.248,        1.176,        1.336,        1.235
       0.297,        1.386,        0.273,        1.347,        0.25 ,        1.294,        0.571,        1.212,        1.29 ,        1.199,        1.356,        1.345
       0.293,        1.395,        0.263,        1.385,        0.258,        1.327,        0.934,        1.234,        1.303,        1.206,        1.346,        1.334
       0.28 ,        1.457,        0.285,        1.464,        0.271,        1.405,        1.195,        1.328,        1.388,        1.291,        1.422,        1.281

