25.0
       0.284,        1.083,        0.275,        1.089,        0.288,        1.096,        0.676,        1.08 ,        1.157,        1.091,        1.222,        1.05 
       0.28 ,        1.1  ,        0.263,        1.07 ,        0.269,        1.093,        0.263,        1.045,        1.149,        0.995,        1.224,        0.978
       0.281,        1.084,        0.234,        1.061,        0.242,        1.046,        0.765,        1.012,        1.149,        0.963,        1.2  ,        0.995
       0.286,        1.081,        0.272,        1.063,        0.284,        1.062,        0.799,        1.044,        1.162,        0.987,        1.233,        1.013
       0.294,        1.014,        0.231,        0.999,        0.229,        0.979,        0.228,        0.961,        1.124,        0.956,        1.176,        0.985
       0.289,        1.034,        0.266,        1.006,        0.25 ,        1.007,        0.278,        0.98 ,        1.148,        0.969,        1.208,        1.125
       0.299,        1.023,        0.252,        1.002,        0.253,        0.971,        0.356,        0.983,        1.144,        0.969,        1.201,        1.067
       0.29 ,        1.051,        0.279,        1.055,        0.273,        1.029,        0.284,        1.032,        1.184,        1.03 ,        1.212,        1.013

