24.9
       0.276,        1.451,        0.725,        1.374,        0.997,        1.335,        1.091,        1.289,        1.331,        1.278,        1.375,        1.282
       0.285,        1.357,        0.443,        1.326,        0.932,        1.255,        0.884,        1.192,        1.267,        1.137,        1.313,        1.231
       0.284,        1.374,        0.244,        1.328,        0.245,        1.247,        1.005,        1.171,        1.261,        1.108,        1.31 ,        1.241
       0.29 ,        1.406,        0.268,        1.359,        0.502,        1.27 ,        0.98 ,        1.207,        1.262,        1.176,        1.326,        1.269
       0.29 ,        1.395,        0.243,        1.303,        0.245,        1.242,        0.898,        1.188,        1.252,        1.17 ,        1.332,        1.277
       0.293,        1.426,        0.27 ,        1.366,        0.253,        1.298,        0.911,        1.203,        1.294,        1.19 ,        1.358,        1.348
       0.296,        1.435,        0.266,        1.412,        0.256,        1.346,        0.933,        1.233,        1.31 ,        1.219,        1.346,        1.36 
       0.287,        1.5  ,        0.284,        1.493,        0.291,        1.428,        1.156,        1.348,        1.424,        1.329,        1.409,        1.318

