25.1
       0.267,        0.821,        0.253,        0.809,        0.263,        0.829,        0.256,        0.838,        0.746,        0.804,        0.82 ,        0.796
       0.263,        0.83 ,        0.261,        0.827,        0.272,        0.841,        0.286,        0.839,        0.768,        0.818,        0.82 ,        0.787
       0.26 ,        0.808,        0.228,        0.813,        0.233,        0.817,        0.238,        0.809,        0.737,        0.784,        0.784,        0.779
       0.27 ,        0.828,        0.272,        0.838,        0.271,        0.845,        0.304,        0.85 ,        0.774,        0.837,        0.824,        0.787
       0.269,        0.605,        0.23 ,        0.613,        0.214,        0.604,        0.23 ,        0.627,        0.664,        0.614,        0.757,        0.636
       0.275,        0.647,        0.26 ,        0.631,        0.248,        0.641,        0.274,        0.645,        0.698,        0.648,        0.775,        0.656
       0.281,        0.619,        0.244,        0.628,        0.223,        0.61 ,        0.232,        0.631,        0.657,        0.621,        0.759,        0.633
       0.279,        0.621,        0.261,        0.622,        0.253,        0.624,        0.264,        0.643,        0.684,        0.637,        0.754,        0.647

