25.1
       0.278,        1.403,        0.376,        1.371,        0.869,        1.329,        1.075,        1.28 ,        1.3  ,        1.265,        1.361,        1.229
       0.291,        1.328,        0.27 ,        1.356,        0.905,        1.303,        0.848,        1.245,        1.274,        1.191,        1.333,        1.209
       0.282,        1.358,        0.238,        1.354,        0.242,        1.297,        1.023,        1.231,        1.276,        1.18 ,        1.328,        1.231
       0.295,        1.369,        0.268,        1.366,        0.264,        1.325,        1.015,        1.259,        1.273,        1.231,        1.348,        1.252
       0.285,        1.336,        0.236,        1.305,        0.239,        1.274,        0.224,        1.234,        1.255,        1.2  ,        1.338,        1.232
       0.293,        1.36 ,        0.274,        1.334,        0.251,        1.306,        0.272,        1.233,        1.303,        1.216,        1.366,        1.323
       0.302,        1.351,        0.262,        1.335,        0.259,        1.307,        0.974,        1.229,        1.31 ,        1.212,        1.362,        1.321
       0.291,        1.392,        0.291,        1.43 ,        0.285,        1.356,        1.25 ,        1.301,        1.363,        1.277,        1.409,        1.245

