24.9
       0.272,        1.446,        0.853,        1.359,        1.088,        1.342,        1.161,        1.324,        1.362,        1.333,        1.37 ,        1.349
       0.28 ,        1.34 ,        0.716,        1.29 ,        0.901,        1.234,        0.92 ,        1.197,        1.255,        1.138,        1.287,        1.29 
       0.278,        1.356,        0.245,        1.296,        0.242,        1.229,        1.005,        1.171,        1.248,        1.113,        1.279,        1.293
       0.289,        1.389,        0.272,        1.316,        0.829,        1.255,        0.999,        1.198,        1.267,        1.187,        1.294,        1.299
       0.284,        1.387,        0.251,        1.29 ,        0.231,        1.222,        1.012,        1.2  ,        1.242,        1.169,        1.307,        1.33 
       0.288,        1.432,        0.268,        1.356,        0.246,        1.275,        0.963,        1.188,        1.279,        1.193,        1.334,        1.366
       0.287,        1.434,        0.319,        1.401,        0.26 ,        1.315,        0.972,        1.227,        1.303,        1.227,        1.312,        1.366
       0.276,        1.509,        0.282,        1.473,        0.271,        1.42 ,        1.168,        1.365,        1.418,        1.366,        1.368,        1.398

