24.9
       0.285,        1.345,        0.287,        1.334,        0.766,        1.306,        1.069,        1.269,        1.289,        1.276,        1.342,        1.227
       0.286,        1.309,        0.268,        1.32 ,        0.594,        1.294,        0.793,        1.235,        1.272,        1.181,        1.323,        1.196
       0.289,        1.304,        0.249,        1.317,        0.244,        1.28 ,        1.061,        1.236,        1.282,        1.174,        1.31 ,        1.214
       0.303,        1.3  ,        0.272,        1.314,        0.274,        1.296,        1.062,        1.255,        1.294,        1.218,        1.342,        1.237
       0.292,        1.254,        0.238,        1.237,        0.234,        1.234,        0.238,        1.193,        1.251,        1.162,        1.319,        1.19 
       0.298,        1.271,        0.268,        1.246,        0.262,        1.251,        0.274,        1.189,        1.296,        1.181,        1.352,        1.305
       0.293,        1.254,        0.26 ,        1.242,        0.253,        1.235,        1.035,        1.196,        1.298,        1.178,        1.338,        1.286
       0.29 ,        1.326,        0.288,        1.358,        0.293,        1.306,        1.203,        1.287,        1.371,        1.234,        1.394,        1.21 

