25.1
       0.282,        1.063,        0.276,        1.08 ,        0.277,        1.081,        0.622,        1.069,        1.147,        1.078,        1.201,        1.029
       0.272,        1.083,        0.263,        1.058,        0.267,        1.081,        0.278,        1.037,        1.147,        0.995,        1.211,        0.973
       0.275,        1.07 ,        0.232,        1.046,        0.239,        1.04 ,        0.718,          1  ,        1.147,        0.953,        1.194,        0.979
       0.278,        1.063,        0.268,        1.057,        0.264,        1.043,        0.755,        1.028,        1.152,        0.984,        1.218,          1  
       0.279,        1.004,        0.225,        0.98 ,        0.221,        0.973,        0.232,        0.958,        1.105,        0.946,        1.168,        0.977
       0.271,        1.016,        0.236,        0.99 ,        0.232,        0.987,        0.249,        0.969,        1.131,        0.963,        1.181,        1.099
       0.289,        1.016,        0.254,        0.989,        0.236,        0.962,        0.335,        0.973,        1.123,        0.953,        1.181,        1.056
       0.29 ,        1.033,        0.285,        1.043,        0.274,        1.014,        0.29 ,        1.034,        1.173,        1.023,        1.197,        1.008

