24.9
       0.247,        0.398,        0.25 ,        0.399,        0.245,        0.415,        0.257,        0.442,        0.477,        0.406,        0.565,        0.422
       0.248,        0.401,        0.261,        0.417,        0.275,        0.413,        0.274,        0.424,        0.507,        0.446,        0.568,        0.425
       0.26 ,        0.376,        0.228,        0.376,        0.236,        0.383,        0.241,        0.383,        0.462,        0.375,        0.536,        0.393
       0.272,        0.41 ,        0.274,        0.424,        0.281,        0.426,        0.305,        0.438,        0.507,        0.458,        0.579,        0.412
       0.271,        0.262,        0.225,        0.25 ,        0.217,        0.248,        0.229,        0.257,        0.291,        0.244,        0.346,        0.257
       0.278,        0.289,        0.264,        0.299,        0.243,        0.295,        0.269,        0.3  ,        0.346,        0.304,        0.381,        0.334
       0.275,        0.273,        0.249,        0.281,        0.227,        0.259,        0.236,        0.27 ,        0.297,        0.269,        0.339,        0.292
       0.281,        0.287,        0.261,        0.299,        0.257,        0.283,        0.275,        0.314,        0.336,        0.278,        0.338,        0.299

