25.0
       0.25 ,        0.605,        0.247,        0.604,        0.244,        0.616,        0.258,        0.649,        0.629,        0.63 ,        0.73 ,        0.637
       0.257,        0.604,        0.259,        0.612,        0.263,        0.618,        0.277,        0.628,        0.658,        0.643,        0.722,        0.621
       0.266,        0.58 ,        0.228,        0.588,        0.23 ,        0.587,        0.237,        0.613,        0.632,        0.586,        0.696,        0.602
       0.268,        0.603,        0.27 ,        0.624,        0.273,        0.622,        0.302,        0.639,        0.665,        0.645,        0.727,        0.618
       0.264,        0.329,        0.227,        0.32 ,        0.214,        0.315,        0.227,        0.325,        0.405,        0.313,        0.524,        0.334
       0.273,        0.367,        0.256,        0.364,        0.245,        0.357,        0.27 ,        0.367,        0.458,        0.371,        0.552,        0.393
       0.277,        0.342,        0.238,        0.343,        0.237,        0.331,        0.237,        0.334,        0.411,        0.34 ,        0.525,        0.351
       0.276,        0.358,        0.255,        0.349,        0.256,        0.346,        0.265,        0.378,        0.44 ,        0.347,        0.503,        0.366

