24.9
       0.279,        1.42 ,        0.534,        1.367,        0.906,        1.325,        1.074,        1.274,        1.31 ,        1.258,        1.368,        1.221
       0.293,        1.326,        0.271,        1.355,        0.92 ,        1.292,        0.851,        1.228,        1.273,        1.176,        1.329,        1.203
       0.284,        1.358,        0.241,        1.348,        0.244,        1.292,        1.015,        1.21 ,        1.278,        1.159,        1.321,        1.219
       0.295,        1.373,        0.267,        1.356,        0.271,        1.313,        0.996,        1.246,        1.274,        1.213,        1.344,        1.243
       0.286,        1.355,        0.238,        1.306,        0.235,        1.269,        0.23 ,        1.224,        1.252,        1.189,        1.345,        1.232
       0.298,        1.371,        0.263,        1.345,        0.253,        1.296,        0.304,        1.229,        1.294,        1.21 ,        1.364,        1.333
       0.297,        1.371,        0.272,        1.359,        0.245,        1.318,        0.958,        1.235,        1.303,        1.21 ,        1.352,        1.328
       0.286,        1.433,        0.285,        1.446,        0.28 ,        1.376,        1.246,        1.312,        1.366,        1.286,        1.422,        1.264

