24.9
       0.259,        0.801,        0.255,        0.786,        0.254,        0.806,        0.269,        0.822,        0.742,        0.793,        0.803,        0.779
       0.258,        0.798,        0.257,        0.797,        0.263,        0.809,        0.271,        0.818,        0.752,        0.8  ,        0.799,        0.771
       0.268,        0.784,        0.232,        0.783,        0.231,        0.787,        0.237,        0.787,        0.724,        0.763,        0.773,        0.768
       0.271,        0.802,        0.267,        0.813,        0.274,        0.816,        0.298,        0.825,        0.716,        0.813,        0.813,        0.772
       0.269,        0.548,        0.227,        0.553,        0.215,        0.551,        0.236,        0.621,        0.624,        0.555,        0.745,        0.576
       0.269,        0.586,        0.257,        0.568,        0.247,        0.577,        0.275,        0.578,        0.655,        0.584,        0.753,        0.596
       0.279,        0.566,        0.242,        0.562,        0.233,        0.552,        0.232,        0.565,        0.619,        0.556,        0.731,        0.569
       0.275,        0.561,        0.258,        0.562,        0.25 ,        0.567,        0.265,        0.586,        0.648,        0.574,        0.73 ,        0.591

