25.2
       0.269,        1.453,        0.885,        1.373,        1.123,        1.357,        1.227,        1.346,        1.375,        1.361,        1.379,        1.388
       0.281,        1.327,        0.79 ,        1.279,        0.915,        1.227,        0.963,        1.202,        1.251,        1.14 ,        1.259,        1.331
       0.271,        1.337,        0.242,        1.282,        0.293,        1.215,        1.04 ,        1.173,        1.262,        1.128,        1.269,        1.318
       0.284,        1.372,        0.263,        1.308,        0.859,        1.244,        1.023,        1.193,        1.256,        1.181,        1.269,        1.318
       0.282,        1.369,        0.245,        1.273,        0.242,        1.212,        1.048,        1.193,        1.226,        1.173,        1.289,        1.337
       0.287,        1.412,        0.267,        1.336,        0.251,        1.261,        0.993,        1.177,        1.286,        1.197,        1.313,        1.365
       0.286,        1.422,        0.816,        1.389,        0.256,        1.293,        1.029,        1.226,        1.306,        1.235,        1.29 ,        1.379
       0.277,        1.504,        0.281,        1.465,        0.275,        1.409,        1.196,        1.374,        1.419,        1.389,        1.341,        1.425

