25.1
       0.28 ,        1.399,        0.405,        1.364,        0.877,        1.323,        1.063,        1.276,        1.297,        1.266,        1.364,        1.224
       0.289,        1.329,        0.274,        1.357,        0.909,        1.295,        0.851,        1.24 ,        1.278,        1.188,        1.325,        1.216
       0.283,        1.361,        0.242,        1.346,        0.237,        1.292,        1.024,        1.222,        1.285,        1.173,        1.324,        1.224
       0.291,        1.364,        0.271,        1.361,        0.267,        1.318,          1  ,        1.257,        1.291,        1.224,        1.342,        1.25 
       0.288,        1.345,        0.244,        1.306,        0.233,        1.275,        0.228,        1.228,        1.265,        1.203,        1.343,        1.229
       0.295,        1.36 ,        0.269,        1.333,        0.248,        1.298,        0.279,        1.23 ,        1.296,        1.22 ,        1.366,        1.335
       0.292,        1.358,        0.27 ,        1.348,        0.25 ,        1.306,        0.976,        1.238,        1.31 ,        1.209,        1.35 ,        1.323
       0.285,        1.397,        0.287,        1.431,        0.278,        1.36 ,        1.257,        1.307,        1.364,        1.272,        1.413,        1.252

