24.9
       0.271,        1.464,        0.991,        1.406,        1.134,        1.401,        1.321,        1.407,        1.4  ,        1.409,        1.41 ,        1.464
       0.275,        1.26 ,        0.947,        1.24 ,        1.037,        1.209,        1.073,        1.201,        1.23 ,        1.171,        1.21 ,        1.386
       0.272,        1.281,        0.253,        1.24 ,        0.565,        1.201,        1.119,        1.163,        1.229,        1.139,        1.212,        1.365
       0.287,        1.317,        0.41 ,        1.259,        0.992,        1.214,        1.094,        1.175,        1.215,        1.181,        1.222,        1.374
       0.282,        1.315,        0.253,        1.227,        0.242,        1.17 ,        1.123,        1.151,        1.193,        1.169,        1.212,        1.35 
       0.284,        1.346,        0.264,        1.281,        0.252,        1.214,        1.077,        1.159,        1.255,        1.209,        1.236,        1.364
       0.287,        1.366,        1.04 ,        1.333,        0.262,        1.267,        1.13 ,        1.216,        1.275,        1.245,        1.227,        1.38 
       0.269,        1.496,        0.272,        1.466,        0.262,        1.43 ,        1.291,        1.419,        1.418,        1.444,        1.334,        1.455

