25.1
       0.288,        1.403,        0.407,        1.373,        0.877,        1.321,        1.07 ,        1.272,        1.298,        1.263,        1.365,        1.224
       0.285,        1.328,        0.275,        1.357,        0.906,        1.31 ,        0.844,        1.234,        1.281,        1.195,        1.33 ,        1.209
       0.286,        1.355,        0.237,        1.352,        0.243,        1.301,        1.023,        1.227,        1.284,        1.179,        1.329,        1.223
       0.289,        1.373,        0.267,        1.358,        0.267,        1.322,        1.004,        1.258,        1.29 ,        1.229,        1.35 ,        1.25 
       0.292,        1.336,        0.243,        1.305,        0.236,        1.271,        0.242,        1.232,        1.261,        1.2  ,        1.345,        1.228
       0.296,        1.363,        0.271,        1.329,        0.247,        1.306,        0.277,        1.234,        1.293,        1.219,        1.368,        1.318
       0.296,        1.355,        0.259,        1.354,        0.25 ,        1.313,        0.97 ,        1.238,        1.306,        1.205,        1.358,        1.326
       0.288,        1.402,        0.284,        1.432,        0.284,        1.357,        1.254,        1.31 ,        1.363,        1.272,        1.423,        1.25 

