25.1
       0.282,        1.16 ,        0.289,        1.169,        0.283,        1.15 ,        0.99 ,        1.128,        1.219,        1.161,        1.285,        1.108
       0.284,        1.141,        0.269,        1.126,        0.273,        1.139,        0.37 ,        1.087,        1.213,        1.045,        1.281,        1.049
       0.276,        1.119,        0.239,        1.121,        0.242,        1.107,        1.019,        1.064,        1.226,        1.027,        1.271,        1.068
       0.288,        1.125,        0.274,        1.125,        0.274,        1.126,        1.054,        1.098,        1.225,        1.054,        1.295,        1.079
       0.29 ,        1.086,        0.231,        1.06 ,        0.27 ,        1.05 ,        0.235,        1.007,        1.179,        0.995,        1.276,        1.023
       0.293,        1.108,        0.266,        1.073,        0.251,        1.073,        0.27 ,        1.021,        1.217,        1.02 ,        1.308,        1.199
       0.297,        1.103,        0.256,        1.067,        0.238,        1.04 ,        0.821,        1.018,        1.206,        1.006,        1.282,        1.14 
       0.291,        1.157,        0.283,        1.159,        0.272,        1.115,        0.533,        1.11 ,        1.267,        1.078,        1.336,        1.063

