25.3
       0.277,        1.029,        0.274,        1.023,        0.278,        1.032,        0.382,        1.032,        1.09 ,        1.03 ,        1.139,        0.996
       0.274,        1.036,        0.263,        1.017,        0.267,        1.035,        0.276,        1.007,        1.092,        0.978,        1.15 ,        0.945
       0.276,        1.017,        0.233,        1.006,        0.241,        0.986,        0.395,        0.972,        1.092,        0.943,        1.126,        0.957
       0.287,        1.029,        0.268,        1.02 ,        0.268,        1.008,        0.448,        0.997,        1.105,        0.979,        1.162,        0.974
       0.285,        0.977,        0.232,        0.952,        0.222,        0.948,        0.229,        0.94 ,        1.053,        0.933,        1.071,        0.932
       0.279,        0.999,        0.263,        0.965,        0.248,        0.966,        0.277,        0.961,        1.055,        0.95 ,        1.105,        1.027
       0.293,        0.989,        0.248,        0.974,        0.241,        0.947,        0.252,        0.958,        1.032,        0.936,        1.091,        0.997
       0.287,        0.991,        0.273,        0.994,        0.272,        0.971,        0.282,        0.977,        1.056,        0.968,        1.102,        0.962

