25.4
       0.281,        1.125,        0.275,        1.133,        0.29 ,        1.118,        0.88 ,        1.099,        1.177,        1.121,        1.257,        1.074
       0.277,        1.125,        0.267,        1.09 ,        0.264,        1.11 ,        0.294,        1.05 ,        1.179,        1.004,        1.254,        0.994
       0.276,        1.112,        0.232,        1.085,        0.24 ,        1.067,        0.907,        1.019,        1.183,        0.982,        1.248,        1.009
       0.285,        1.102,        0.266,        1.096,        0.277,        1.081,        0.945,        1.06 ,        1.196,        1.006,        1.27 ,        1.026
       0.287,        1.054,        0.23 ,        1.024,        0.225,        1.008,        0.296,        0.963,        1.142,        0.951,        1.234,        0.987
       0.284,        1.073,        0.258,        1.035,        0.24 ,        1.037,        0.273,        0.986,        1.181,        0.974,        1.264,        1.168
       0.291,        1.065,        0.253,        1.026,        0.238,        0.997,        0.585,        0.987,        1.166,        0.961,        1.245,        1.107
       0.288,        1.098,        0.281,        1.103,        0.272,        1.068,        0.324,        1.07 ,        1.229,        1.05 ,        1.274,        1.022

