25.2
       0.26 ,        1.471,        0.986,        1.404,        1.13 ,        1.397,        1.318,        1.412,        1.397,        1.4  ,        1.397,        1.465
       0.275,        1.261,        0.943,        1.235,        1.038,        1.213,        1.067,        1.199,        1.234,        1.175,        1.224,        1.384
       0.272,        1.282,        0.252,        1.238,        0.563,        1.195,        1.108,        1.164,        1.224,        1.143,        1.21 ,        1.371
       0.285,        1.313,        0.395,        1.263,        0.993,        1.208,        1.091,        1.179,        1.227,        1.185,        1.213,        1.365
       0.274,        1.322,        0.248,        1.227,        0.238,        1.18 ,        1.125,        1.147,        1.189,        1.165,        1.213,        1.347
       0.278,        1.345,        0.259,        1.273,        0.257,        1.212,        1.07 ,        1.15 ,        1.251,        1.206,        1.234,        1.365
       0.288,        1.367,        1.04 ,        1.342,        0.26 ,        1.258,        1.13 ,        1.213,        1.274,        1.254,        1.227,        1.388
       0.268,        1.493,        0.274,        1.466,        0.266,        1.427,        1.296,        1.419,        1.425,        1.445,        1.331,        1.458

