25.0
       0.284,        1.082,        0.274,        1.089,        0.275,        1.091,        0.659,        1.078,        1.149,        1.086,        1.211,        1.038
       0.275,        1.089,        0.259,        1.069,        0.264,        1.083,        0.283,        1.038,        1.149,        0.988,        1.211,        0.98 
       0.274,        1.085,        0.231,        1.058,        0.236,        1.048,        0.74 ,        1.009,        1.141,        0.956,        1.196,        0.985
       0.288,        1.071,        0.273,        1.072,        0.288,        1.059,        0.748,        1.036,        1.158,        0.993,        1.224,        1.004
       0.285,        1.019,        0.22 ,        0.995,        0.23 ,        0.985,        0.23 ,        0.963,        1.113,        0.956,        1.176,        0.982
       0.286,        1.033,        0.263,        0.997,        0.245,        1.001,        0.276,        0.981,        1.139,        0.974,        1.2  ,        1.114
       0.291,        1.024,        0.252,        0.995,        0.241,        0.969,        0.332,        0.977,        1.134,        0.961,        1.182,        1.055
       0.288,        1.047,        0.282,        1.05 ,        0.272,        1.018,        0.285,        1.024,        1.176,        1.027,        1.203,        1.015

