24.9
       0.281,        1.415,        0.501,        1.366,        0.91 ,        1.323,        1.071,        1.276,        1.301,        1.264,        1.376,        1.223
       0.294,        1.329,        0.266,        1.354,        0.917,        1.291,        0.857,        1.235,        1.275,        1.177,        1.32 ,        1.204
       0.285,        1.359,        0.252,        1.35 ,        0.252,        1.284,        1.019,        1.215,        1.28 ,        1.166,        1.32 ,        1.217
       0.299,        1.379,        0.272,        1.359,        0.277,        1.315,          1  ,        1.25 ,        1.286,        1.22 ,        1.356,        1.252
       0.29 ,        1.355,        0.24 ,        1.313,        0.237,        1.272,        0.239,        1.232,        1.26 ,        1.19 ,        1.344,        1.227
       0.298,        1.377,        0.266,        1.344,        0.251,        1.305,        0.297,        1.234,        1.3  ,        1.215,        1.369,        1.337
       0.295,        1.377,        0.262,        1.358,        0.255,        1.319,        0.965,        1.232,        1.308,        1.212,        1.355,        1.33 
       0.285,        1.427,        0.284,        1.441,        0.279,        1.375,        1.242,        1.315,        1.364,        1.279,        1.415,        1.269

