25.0
       0.274,        1.449,        0.795,        1.368,        1.041,        1.334,        1.117,        1.296,        1.349,        1.305,        1.373,        1.31 
       0.283,        1.363,        0.636,        1.309,        0.912,        1.248,        0.895,        1.194,        1.254,        1.141,        1.292,        1.256
       0.285,        1.374,        0.247,        1.315,        0.24 ,        1.227,        0.997,        1.169,        1.255,        1.114,        1.296,        1.256
       0.295,        1.403,        0.262,        1.341,        0.673,        1.258,        0.981,        1.197,        1.269,        1.177,        1.313,        1.276
       0.287,        1.401,        0.235,        1.309,        0.244,        1.244,        0.978,        1.181,        1.246,        1.17 ,        1.325,        1.29 
       0.293,        1.439,        0.265,        1.362,        0.255,        1.293,        0.929,        1.191,        1.289,        1.189,        1.351,        1.359
       0.285,        1.447,        0.269,        1.417,        0.259,        1.336,        0.934,        1.235,        1.299,        1.218,        1.333,        1.351
       0.274,        1.511,        0.276,        1.492,        0.273,        1.423,        1.147,        1.359,        1.416,        1.352,        1.393,        1.359

