25.1
       0.283,        0.975,        0.263,        0.966,        0.271,        0.962,        0.287,        0.97 ,        0.958,        0.953,        1.014,        0.931
       0.266,        0.99 ,        0.256,        0.962,        0.266,        0.973,        0.273,        0.966,        0.984,        0.935,        1.03 ,        0.899
       0.276,        0.975,        0.234,        0.958,        0.237,        0.94 ,        0.257,        0.933,        0.977,        0.905,        0.992,        0.905
       0.274,        0.992,        0.271,        0.978,        0.29 ,        0.963,        0.325,        0.961,        0.994,        0.946,        1.038,        0.907
       0.275,        0.928,        0.233,        0.907,        0.221,        0.905,        0.231,        0.9  ,        0.905,        0.885,        0.935,        0.869
       0.279,        0.957,        0.263,        0.925,        0.248,        0.928,        0.273,        0.915,        0.927,        0.899,        0.968,        0.93 
       0.284,        0.942,        0.25 ,        0.941,        0.242,        0.906,        0.235,        0.91 ,        0.912,        0.879,        0.945,        0.902
       0.282,        0.938,        0.262,        0.935,        0.263,        0.914,        0.266,        0.911,        0.906,        0.898,        0.946,        0.88 

