25.0
       0.285,        1.155,        0.282,        1.154,        0.287,        1.142,        0.978,        1.121,        1.211,        1.147,        1.284,        1.1  
       0.282,        1.137,        0.252,        1.125,        0.269,        1.131,        0.368,        1.076,        1.209,        1.041,        1.277,        1.046
       0.272,        1.12 ,        0.227,        1.117,        0.237,        1.095,        0.999,        1.053,        1.217,        1.02 ,        1.266,        1.056
       0.287,        1.12 ,        0.264,        1.123,        0.27 ,        1.117,        1.045,        1.087,        1.222,        1.057,        1.296,        1.074
       0.283,        1.084,        0.227,        1.057,        0.221,        1.033,        0.233,        1.001,        1.162,        0.995,        1.273,        1.019
       0.281,        1.107,        0.263,        1.063,        0.242,        1.068,        0.267,        1.014,        1.21 ,        1.007,        1.299,        1.2  
       0.287,        1.086,        0.256,        1.05 ,        0.248,        1.036,        0.804,        1.015,        1.196,        1.002,        1.295,        1.135
       0.278,        1.149,        0.273,        1.153,        0.28 ,        1.111,        0.503,        1.101,        1.264,        1.082,        1.329,        1.065

