25.3
       0.274,        1.448,        0.896,        1.376,        1.12 ,        1.363,        1.231,        1.35 ,        1.375,        1.359,        1.384,        1.389
       0.284,        1.32 ,        0.792,        1.276,        0.918,        1.232,        0.971,        1.2  ,        1.256,        1.149,        1.257,        1.331
       0.28 ,        1.341,        0.249,        1.278,        0.309,        1.236,        1.05 ,        1.169,        1.251,        1.123,        1.265,        1.318
       0.288,        1.37 ,        0.265,        1.312,        0.866,        1.25 ,        1.023,        1.203,        1.257,        1.173,        1.266,        1.32 
       0.285,        1.369,        0.245,        1.274,        0.24 ,        1.217,        1.056,        1.174,        1.228,        1.173,        1.282,        1.336
       0.289,        1.406,        0.262,        1.329,        0.252,        1.267,        1.007,        1.177,        1.288,        1.198,        1.302,        1.374
       0.283,        1.415,        0.833,        1.375,        0.258,        1.29 ,        1.035,        1.216,        1.297,        1.236,        1.293,        1.378
       0.282,        1.507,        0.282,        1.471,        0.273,        1.421,        1.203,        1.372,        1.417,        1.399,        1.351,        1.43 

