24.9
       0.275,        0.961,        0.262,        0.944,        0.264,        0.946,        0.287,        0.961,        0.926,        0.934,        0.984,        0.914
       0.262,        0.972,        0.26 ,        0.948,        0.264,        0.964,        0.273,        0.953,        0.953,        0.924,        0.994,        0.887
       0.274,        0.963,        0.238,        0.951,        0.238,        0.934,        0.245,        0.922,        0.944,        0.916,        0.963,        0.889
       0.273,        0.977,        0.263,        0.966,        0.265,        0.951,        0.304,        0.949,        0.963,        0.929,        1.002,        0.897
       0.271,        0.912,        0.229,        0.896,        0.224,        0.877,        0.236,        0.887,        0.864,        0.874,        0.902,        0.855
       0.302,        0.92 ,        0.244,        0.9  ,        0.232,        0.899,        0.252,        0.884,        0.874,        0.867,        0.922,        0.899
       0.282,        0.919,        0.245,        0.914,        0.237,        0.881,        0.228,        0.887,        0.866,        0.856,        0.91 ,        0.887
       0.281,        0.914,        0.265,        0.92 ,        0.262,        0.898,        0.261,        0.904,        0.871,        0.883,        0.926,        0.858

