24.9
       0.267,        1.474,        1.014,        1.413,        1.142,        1.415,        1.325,        1.425,        1.397,        1.416,        1.416,        1.482
       0.278,        1.261,        0.963,        1.237,        1.051,        1.217,        1.085,        1.206,        1.232,        1.173,        1.21 ,        1.394
       0.276,        1.282,        0.252,        1.241,        0.613,        1.201,        1.113,        1.169,        1.229,        1.153,        1.209,        1.379
       0.288,        1.309,        0.515,        1.247,        1.009,        1.217,        1.093,        1.179,        1.231,        1.181,        1.208,        1.376
       0.278,        1.319,        0.248,        1.217,        0.245,        1.164,        1.152,        1.154,        1.191,        1.181,        1.21 ,        1.354
       0.285,        1.354,        0.264,        1.272,        0.248,        1.214,        1.089,        1.155,        1.251,        1.211,        1.233,        1.368
       0.286,        1.368,        1.059,        1.335,        0.266,        1.261,        1.141,        1.219,        1.268,        1.246,        1.226,        1.386
       0.269,        1.496,        0.27 ,        1.467,        0.268,        1.435,        1.3  ,        1.427,        1.428,        1.455,        1.33 ,        1.468

