25.3
       0.268,        0.921,        0.263,        0.899,        0.262,        0.916,        0.271,        0.914,        0.842,        0.895,        0.9  ,        0.879
       0.262,        0.936,        0.262,        0.916,        0.267,        0.932,        0.275,        0.918,        0.862,        0.893,        0.904,        0.853
       0.269,        0.917,        0.232,        0.911,        0.231,        0.898,        0.24 ,        0.887,        0.856,        0.863,        0.878,        0.861
       0.268,        0.946,        0.265,        0.927,        0.274,        0.919,        0.296,        0.919,        0.88 ,        0.902,        0.911,        0.861
       0.277,        0.845,        0.228,        0.836,        0.211,        0.825,        0.232,        0.839,        0.768,        0.806,        0.845,        0.805
       0.25 ,        0.858,        0.241,        0.841,        0.232,        0.84 ,        0.258,        0.836,        0.792,        0.823,        0.853,        0.841
       0.277,        0.855,        0.245,        0.855,        0.231,        0.836,        0.244,        0.841,        0.782,        0.804,        0.837,        0.818
       0.279,        0.848,        0.26 ,        0.866,        0.259,        0.852,        0.263,        0.847,        0.794,        0.82 ,        0.847,        0.808

