25.1
       0.255,        1.477,        1.013,        1.41 ,        1.132,        1.401,        1.326,        1.415,        1.391,        1.418,        1.407,        1.481
       0.275,        1.253,        0.952,        1.234,        1.05 ,        1.209,        1.088,        1.202,        1.219,        1.166,        1.204,        1.388
       0.266,        1.278,        0.244,        1.239,        0.627,        1.195,        1.113,        1.161,        1.22 ,        1.139,        1.199,        1.369
       0.28 ,        1.303,        0.526,        1.247,        1.002,        1.213,        1.089,        1.164,        1.22 ,        1.175,        1.202,        1.372
       0.271,        1.308,        0.24 ,        1.214,        0.237,        1.164,        1.133,        1.144,        1.187,        1.168,        1.206,        1.352
       0.289,        1.345,        0.255,        1.264,        0.248,        1.202,        1.088,        1.154,        1.24 ,        1.205,        1.229,        1.361
       0.276,        1.358,        1.057,        1.33 ,        0.261,        1.252,        1.13 ,        1.206,        1.264,        1.243,        1.211,        1.375
       0.268,        1.489,        0.274,        1.469,        0.26 ,        1.423,        1.295,        1.42 ,        1.423,        1.455,        1.317,        1.457

