25.1
       0.269,        1.461,        0.948,        1.392,        1.135,        1.385,        1.306,        1.387,        1.39 ,        1.394,        1.393,        1.448
       0.276,        1.266,        0.911,        1.244,        1.001,        1.213,        1.042,        1.197,        1.226,        1.161,        1.228,        1.368
       0.272,        1.299,        0.25 ,        1.252,        0.475,        1.196,        1.084,        1.165,        1.23 ,        1.136,        1.218,        1.356
       0.282,        1.326,        0.267,        1.273,        0.956,        1.224,        1.081,        1.18 ,        1.237,        1.175,        1.236,        1.352
       0.277,        1.325,        0.246,        1.235,        0.24 ,        1.185,        1.104,        1.155,        1.198,        1.175,        1.231,        1.341
       0.287,        1.367,        0.262,        1.289,        0.255,        1.224,        1.045,        1.162,        1.255,        1.201,        1.258,        1.367
       0.284,        1.384,        1.038,        1.345,        0.259,        1.275,        1.108,        1.212,        1.283,        1.243,        1.246,        1.381
       0.273,        1.496,        0.278,        1.46 ,        0.262,        1.413,        1.271,        1.398,        1.416,        1.424,        1.325,        1.453

