24.9
       0.286,        1.056,        0.281,        1.052,        0.288,        1.072,        0.49 ,        1.06 ,        1.131,        1.062,        1.186,        1.027
       0.271,        1.066,        0.272,        1.04 ,        0.265,        1.061,        0.285,        1.02 ,        1.128,        0.989,        1.19 ,        0.966
       0.287,        1.045,        0.234,        1.032,        0.247,        1.02 ,        0.567,        0.996,        1.121,        0.96 ,        1.17 ,        0.976
       0.287,        1.042,        0.269,        1.042,        0.277,        1.033,        0.616,        1.02 ,        1.138,        0.987,        1.202,        0.989
       0.288,        0.999,        0.236,        0.973,        0.234,        0.961,        0.243,        0.956,        1.076,        0.957,        1.123,        0.971
       0.282,        1.02 ,        0.266,        0.989,        0.251,        0.985,        0.272,        0.968,        1.104,        0.964,        1.161,        1.069
       0.296,        1.006,        0.252,        0.98 ,        0.243,        0.957,        0.272,        0.966,        1.081,        0.958,        1.14 ,        1.029
       0.288,        1.012,        0.278,        1.022,        0.265,        1.001,        0.282,        1.005,        1.119,          1  ,        1.161,        0.99 

