25.1
       0.267,        1.446,        0.903,        1.38 ,        1.13 ,        1.358,        1.269,        1.363,        1.382,        1.373,        1.392,        1.415
       0.274,        1.291,        0.85 ,        1.25 ,        0.948,        1.212,        0.994,        1.196,        1.24 ,        1.156,        1.239,        1.345
       0.274,        1.311,        0.245,        1.266,        0.405,        1.207,        1.06 ,        1.163,        1.244,        1.129,        1.234,        1.329
       0.282,        1.341,        0.262,        1.29 ,        0.898,        1.237,        1.048,        1.185,        1.251,        1.171,        1.246,        1.334
       0.277,        1.347,        0.24 ,        1.256,        0.237,        1.188,        1.086,        1.157,        1.216,        1.169,        1.256,        1.332
       0.283,        1.39 ,        0.266,        1.311,        0.252,        1.242,        1.026,        1.163,        1.271,        1.203,        1.276,        1.367
       0.282,        1.405,        0.893,        1.37 ,        0.25 ,        1.284,        1.068,        1.22 ,        1.286,        1.233,        1.266,        1.38 
       0.273,        1.5  ,        0.274,        1.46 ,        0.265,        1.407,        1.222,        1.381,        1.418,        1.403,        1.332,        1.439

