24.9
       0.279,        1.198,        0.287,        1.198,        0.294,        1.186,        1.026,        1.175,        1.259,        1.202,        1.296,        1.15 
       0.283,        1.175,        0.262,        1.172,        0.306,        1.172,        0.469,        1.138,        1.24 ,        1.093,        1.289,        1.1  
       0.283,        1.155,        0.239,        1.169,        0.247,        1.151,        1.043,        1.114,        1.252,        1.072,        1.278,        1.117
       0.292,        1.151,        0.274,        1.175,        0.274,        1.163,        1.093,        1.148,        1.26 ,        1.107,        1.311,        1.134
       0.293,        1.101,        0.231,        1.088,        0.231,        1.081,        0.23 ,        1.054,        1.201,        1.044,        1.297,        1.075
       0.291,        1.127,        0.269,        1.093,        0.25 ,        1.105,        0.27 ,        1.062,        1.249,        1.06 ,        1.325,        1.245
       0.295,        1.113,        0.266,        1.092,        0.247,        1.071,        0.932,        1.064,        1.242,        1.056,        1.307,        1.183
       0.291,        1.185,        0.284,        1.19 ,        0.285,        1.157,        0.82 ,        1.153,        1.306,        1.117,        1.368,        1.114

