25.0
       0.271,        1.457,        0.949,        1.388,        1.131,        1.382,        1.304,        1.394,        1.405,        1.387,        1.403,        1.447
       0.283,        1.281,        0.906,        1.251,          1  ,        1.217,        1.048,        1.198,        1.241,        1.159,        1.234,        1.368
       0.279,        1.302,        0.254,        1.254,        0.478,        1.201,        1.095,        1.165,        1.227,        1.14 ,        1.23 ,        1.349
       0.285,        1.331,        0.27 ,        1.271,        0.959,        1.229,        1.073,        1.18 ,        1.235,        1.177,        1.235,        1.354
       0.281,        1.333,        0.254,        1.244,        0.244,        1.186,        1.106,        1.158,        1.208,        1.18 ,        1.24 ,        1.35 
       0.292,        1.373,        0.267,        1.298,        0.252,        1.229,        1.053,        1.156,        1.263,        1.209,        1.264,        1.371
       0.287,        1.389,        1.045,        1.357,        0.26 ,        1.273,        1.106,        1.227,        1.288,        1.252,        1.247,        1.385
       0.282,        1.494,        0.275,        1.467,        0.267,        1.427,        1.267,        1.401,        1.425,        1.428,        1.332,        1.454

