25.1
       0.279,        1.401,        0.352,        1.36 ,        0.869,        1.322,        1.062,        1.274,        1.3  ,        1.267,        1.375,        1.22 
       0.289,        1.321,        0.265,        1.359,        0.898,        1.302,        0.845,        1.237,        1.277,        1.187,        1.328,        1.209
       0.283,        1.354,        0.238,        1.355,        0.236,        1.295,        1.031,        1.231,        1.272,        1.18 ,        1.325,        1.221
       0.29 ,        1.364,        0.265,        1.358,        0.261,        1.316,        1.003,        1.256,        1.281,        1.225,        1.341,        1.24 
       0.288,        1.336,        0.235,        1.3  ,        0.237,        1.272,        0.228,        1.221,        1.255,        1.202,        1.341,        1.227
       0.293,        1.359,        0.262,        1.329,        0.252,        1.295,        0.266,        1.232,        1.297,        1.222,        1.368,        1.324
       0.289,        1.353,        0.257,        1.328,        0.251,        1.307,        0.982,        1.236,        1.302,        1.205,        1.354,        1.313
       0.286,        1.387,        0.287,        1.422,        0.281,        1.353,        1.248,        1.307,        1.364,        1.266,        1.41 ,        1.246

