25.2
       0.269,        1.447,        0.788,        1.361,        1.024,        1.335,        1.101,        1.287,        1.331,        1.295,        1.364,        1.298
       0.282,        1.361,        0.57 ,        1.313,        0.92 ,        1.245,        0.899,        1.191,        1.26 ,        1.129,        1.304,        1.239
       0.28 ,        1.376,        0.242,        1.316,        0.241,        1.231,        0.998,        1.169,        1.261,        1.109,        1.309,        1.254
       0.284,        1.404,        0.261,        1.348,        0.614,        1.256,        0.979,        1.195,        1.274,        1.175,        1.312,        1.268
       0.281,        1.392,        0.247,        1.302,        0.236,        1.242,        0.971,        1.182,        1.251,        1.17 ,        1.317,        1.289
       0.288,        1.433,        0.266,        1.362,        0.247,        1.293,        0.927,        1.197,        1.281,        1.194,        1.357,        1.345
       0.287,        1.447,        0.261,        1.413,        0.248,        1.339,        0.937,        1.224,        1.301,        1.21 ,        1.336,        1.353
       0.275,        1.5  ,        0.28 ,        1.49 ,        0.277,        1.423,        1.143,        1.346,        1.423,        1.338,        1.395,        1.344

