25.0
       0.279,        1.152,        0.286,        1.16 ,        0.292,        1.142,        0.961,        1.122,        1.209,        1.141,        1.278,        1.095
       0.281,        1.131,        0.262,        1.117,        0.268,        1.131,        0.346,        1.081,        1.198,        1.026,        1.27 ,        1.028
       0.28 ,        1.117,        0.233,        1.114,        0.237,        1.091,        0.984,        1.052,        1.207,        1.004,        1.267,        1.054
       0.29 ,        1.118,        0.269,        1.118,        0.271,        1.107,        1.016,        1.079,        1.21 ,        1.035,        1.29 ,        1.063
       0.282,        1.07 ,        0.236,        1.05 ,        0.232,        1.05 ,        0.23 ,        0.995,        1.174,        0.988,        1.27 ,        0.998
       0.283,        1.099,        0.262,        1.057,        0.25 ,        1.061,        0.276,        1.006,        1.208,        1.003,        1.299,        1.187
       0.295,        1.084,        0.262,        1.048,        0.237,        1.024,        0.764,        1.007,        1.199,        0.991,        1.276,        1.118
       0.296,        1.138,        0.292,        1.145,        0.285,        1.101,        0.451,        1.092,        1.262,        1.074,        1.326,        1.05 

