25.0
       0.27 ,        1.446,        0.816,        1.367,        1.059,        1.334,        1.133,        1.307,        1.351,        1.314,        1.362,        1.325
       0.278,        1.358,        0.697,        1.3  ,        0.9  ,        1.236,        0.907,        1.195,        1.258,        1.137,        1.297,        1.265
       0.28 ,        1.367,        0.243,        1.302,        0.241,        1.232,          1  ,        1.169,        1.268,        1.118,        1.294,        1.273
       0.286,        1.404,        0.258,        1.334,        0.776,        1.262,        0.985,        1.196,        1.276,        1.18 ,        1.299,        1.291
       0.288,        1.403,        0.245,        1.306,        0.234,        1.23 ,        0.987,        1.172,        1.239,        1.167,        1.313,        1.316
       0.291,        1.437,        0.268,        1.366,        0.256,        1.281,        0.94 ,        1.19 ,        1.282,        1.191,        1.337,        1.358
       0.287,        1.446,        0.263,        1.412,        0.255,        1.322,        0.942,        1.222,        1.307,        1.225,        1.321,        1.355
       0.273,        1.509,        0.278,        1.488,        0.271,        1.429,        1.149,        1.358,        1.423,        1.363,        1.379,        1.37 

