24.9
       0.272,        1.455,        0.748,        1.378,        0.954,        1.329,        1.076,        1.279,        1.313,        1.26 ,        1.373,        1.248
       0.289,        1.345,        0.292,        1.332,        0.939,        1.258,        0.864,        1.202,        1.262,        1.143,        1.315,        1.21 
       0.287,        1.361,        0.24 ,        1.337,        0.243,        1.257,        0.994,        1.182,        1.265,        1.122,        1.318,        1.226
       0.288,        1.385,        0.272,        1.357,        0.333,        1.284,        0.977,        1.207,        1.278,        1.183,        1.335,        1.248
       0.291,        1.373,        0.23 ,        1.301,        0.232,        1.252,        0.395,        1.199,        1.248,        1.171,        1.326,        1.244
       0.29 ,        1.404,        0.26 ,        1.35 ,        0.25 ,        1.296,        0.737,        1.211,        1.284,        1.19 ,        1.366,        1.343
       0.29 ,        1.41 ,        0.26 ,        1.388,        0.255,        1.335,        0.932,        1.228,        1.302,        1.206,        1.345,        1.344
       0.287,        1.478,        0.281,        1.472,        0.272,        1.415,        1.17 ,        1.33 ,        1.397,        1.3  ,        1.424,        1.294

