25.0
       0.242,        0.297,        0.244,        0.303,        0.24 ,        0.312,        0.258,        0.341,        0.359,        0.321,        0.413,        0.312
       0.255,        0.322,        0.261,        0.319,        0.266,        0.326,        0.282,        0.302,        0.401,        0.355,        0.412,        0.313
       0.255,        0.291,        0.227,        0.288,        0.227,        0.28 ,        0.234,        0.291,        0.347,        0.274,        0.378,        0.298
       0.263,        0.32 ,        0.267,        0.331,        0.266,        0.329,        0.298,        0.341,        0.391,        0.357,        0.417,        0.316
       0.263,        0.24 ,        0.223,        0.229,        0.211,        0.228,        0.225,        0.229,        0.228,        0.221,        0.248,        0.233
       0.264,        0.263,        0.242,        0.27 ,        0.233,        0.263,        0.263,        0.278,        0.295,        0.246,        0.307,        0.32 
       0.271,        0.251,        0.241,        0.25 ,        0.23 ,        0.242,        0.252,        0.246,        0.247,        0.256,        0.258,        0.273
       0.279,        0.263,        0.26 ,        0.268,        0.247,        0.264,        0.265,        0.278,        0.284,        0.254,        0.275,        0.272

