25.0
       0.275,        1.451,        0.72 ,        1.383,        0.978,        1.325,        1.077,        1.282,        1.329,        1.27 ,        1.371,        1.261
       0.283,        1.345,        0.37 ,        1.33 ,        0.938,        1.248,        0.875,        1.192,        1.259,        1.129,        1.311,        1.224
       0.283,        1.365,        0.238,        1.328,        0.237,        1.239,        0.998,        1.168,        1.263,        1.124,        1.31 ,        1.232
       0.283,        1.389,        0.258,        1.347,        0.417,        1.279,        0.977,        1.197,        1.277,        1.177,        1.331,        1.26 
       0.288,        1.377,        0.239,        1.304,        0.234,        1.244,        0.719,        1.193,        1.248,        1.171,        1.327,        1.257
       0.297,        1.403,        0.267,        1.363,        0.249,        1.295,        0.875,        1.201,        1.288,        1.187,        1.363,        1.345
       0.284,        1.425,        0.262,        1.401,        0.25 ,        1.334,        0.924,        1.224,        1.298,        1.21 ,        1.339,        1.344
       0.277,        1.492,        0.279,        1.483,        0.274,        1.431,        1.15 ,        1.332,        1.405,        1.312,        1.424,        1.316

