25.3
       0.247,        0.347,        0.245,        0.343,        0.243,        0.361,        0.257,        0.382,        0.408,        0.355,        0.481,        0.358
       0.265,        0.357,        0.262,        0.357,        0.269,        0.33 ,        0.277,        0.368,        0.444,        0.392,        0.481,        0.355
       0.261,        0.324,        0.228,        0.327,        0.232,        0.323,        0.239,        0.338,        0.4  ,        0.312,        0.453,        0.339
       0.265,        0.357,        0.276,        0.362,        0.269,        0.363,        0.301,        0.379,        0.445,        0.401,        0.496,        0.358
       0.272,        0.25 ,        0.231,        0.247,        0.211,        0.234,        0.226,        0.24 ,        0.255,        0.233,        0.294,        0.244
       0.266,        0.289,        0.253,        0.284,        0.243,        0.28 ,        0.279,        0.287,        0.322,        0.293,        0.344,        0.323
       0.277,        0.259,        0.23 ,        0.253,        0.231,        0.247,        0.227,        0.253,        0.258,        0.259,        0.289,        0.274
       0.277,        0.282,        0.264,        0.28 ,        0.244,        0.268,        0.269,        0.296,        0.302,        0.256,        0.296,        0.276

