24.9
       0.276,        0.99 ,        0.276,        0.985,        0.271,        0.993,        0.306,        0.998,        1.017,        0.988,        1.077,        0.955
       0.272,        1.009,        0.256,        0.978,        0.263,        0.992,        0.275,        0.979,        1.034,        0.955,        1.085,        0.911
       0.272,        0.99 ,        0.233,        0.975,        0.236,        0.966,        0.287,        0.949,        1.042,        0.919,        1.057,        0.93 
       0.285,        1.006,        0.267,        0.997,        0.273,        0.982,        0.339,        0.98 ,        1.048,        0.96 ,        1.087,        0.936
       0.281,        0.953,        0.224,        0.93 ,        0.211,        0.919,        0.225,        0.917,        0.966,        0.902,        0.993,        0.898
       0.273,        0.974,        0.261,        0.944,        0.244,        0.945,        0.268,        0.933,        0.985,        0.924,        1.031,        0.979
       0.289,        0.968,        0.252,        0.953,        0.244,        0.928,        0.244,        0.931,        0.967,        0.903,        1.017,        0.946
       0.279,        0.965,        0.275,        0.965,        0.262,        0.942,        0.268,        0.935,        0.98 ,        0.933,        1.022,        0.91 

