25.1
       0.25 ,        0.225,        0.224,        0.234,        0.232,        0.239,        0.232,        0.267,        0.242,        0.246,        0.241,        0.246
       0.248,        0.244,        0.253,        0.26 ,        0.256,        0.254,        0.267,        0.274,        0.288,        0.289,        0.231,        0.249
       0.238,        0.225,        0.222,        0.215,        0.216,        0.221,        0.223,        0.218,        0.221,        0.211,        0.234,        0.218
       0.261,        0.257,        0.262,        0.271,        0.271,        0.27 ,        0.29 ,        0.287,        0.297,        0.309,        0.283,        0.251
       0.259,        0.228,        0.222,        0.224,        0.207,        0.218,        0.211,        0.215,        0.202,        0.207,        0.213,        0.222
       0.276,        0.276,        0.246,        0.289,        0.236,        0.273,        0.274,        0.289,        0.284,        0.287,        0.293,        0.343
       0.261,        0.239,        0.226,        0.24 ,        0.226,        0.223,        0.231,        0.232,        0.268,        0.237,        0.219,        0.264
       0.251,        0.243,        0.24 ,        0.239,        0.235,        0.236,        0.251,        0.263,        0.255,        0.235,        0.243,        0.245

