25.0
       0.281,        1.39 ,        0.319,        1.364,        0.865,        1.327,        1.07 ,        1.276,        1.304,        1.266,        1.358,        1.224
       0.292,        1.327,        0.266,        1.36 ,        0.867,        1.304,        0.844,        1.246,        1.276,        1.191,        1.335,        1.21 
       0.284,        1.353,        0.242,        1.361,        0.242,        1.303,        1.038,        1.231,        1.277,        1.19 ,        1.32 ,        1.224
       0.283,        1.358,        0.267,        1.362,        0.264,        1.321,        1.016,        1.262,        1.287,        1.231,        1.343,        1.248
       0.291,        1.321,        0.242,        1.296,        0.232,        1.269,        0.238,        1.23 ,        1.252,        1.2  ,        1.336,        1.236
       0.296,        1.346,        0.266,        1.313,        0.249,        1.298,        0.267,        1.228,        1.299,        1.222,        1.368,        1.321
       0.287,        1.333,        0.272,        1.321,        0.251,        1.3  ,        0.985,        1.236,        1.307,        1.209,        1.356,        1.315
       0.286,        1.376,        0.292,        1.425,        0.288,        1.343,        1.248,        1.297,        1.353,        1.264,        1.404,        1.244

