24.9
       0.281,        1.447,        0.874,        1.366,        1.114,        1.351,        1.2  ,        1.333,        1.368,        1.355,        1.371,        1.366
       0.282,        1.329,        0.758,        1.276,        0.905,        1.237,        0.954,        1.196,        1.251,        1.143,        1.27 ,        1.318
       0.276,        1.349,        0.247,        1.283,        0.254,        1.21 ,        1.026,        1.178,        1.252,        1.118,        1.271,        1.302
       0.282,        1.376,        0.263,        1.312,        0.841,        1.246,        1.011,        1.19 ,        1.262,        1.183,        1.278,        1.311
       0.291,        1.383,        0.238,        1.277,        0.245,        1.242,        1.036,        1.175,        1.233,        1.176,        1.288,        1.328
       0.286,        1.419,        0.268,        1.341,        0.25 ,        1.265,        0.981,        1.186,        1.275,        1.196,        1.312,        1.37 
       0.285,        1.412,        0.681,        1.389,        0.244,        1.302,        1.014,        1.221,        1.304,        1.229,        1.301,        1.376
       0.279,        1.502,        0.28 ,        1.474,        0.279,        1.414,        1.193,        1.363,        1.414,        1.377,        1.357,        1.411

