24.9
       0.269,        1.451,        0.836,        1.361,        1.067,        1.339,        1.149,        1.309,        1.355,        1.318,        1.368,        1.335
       0.278,        1.351,        0.694,        1.292,        0.903,        1.234,        0.912,        1.196,        1.258,        1.139,        1.291,        1.276
       0.275,        1.363,        0.247,        1.298,        0.237,        1.225,        0.996,        1.173,        1.256,        1.114,        1.285,        1.276
       0.278,        1.391,        0.261,        1.32 ,        0.817,        1.254,        0.983,        1.193,        1.262,        1.177,        1.294,        1.297
       0.278,        1.391,        0.252,        1.298,        0.237,        1.232,        0.997,        1.182,        1.234,        1.17 ,        1.312,        1.311
       0.287,        1.429,        0.262,        1.361,        0.245,        1.273,        0.944,        1.191,        1.278,        1.19 ,        1.336,        1.363
       0.284,        1.433,        0.276,        1.41 ,        0.248,        1.317,        0.955,        1.223,        1.3  ,        1.216,        1.309,        1.357
       0.275,        1.501,        0.277,        1.483,        0.269,        1.417,        1.151,        1.355,        1.419,        1.366,        1.373,        1.381

