24.9
       0.262,        1.443,        0.918,        1.382,        1.135,        1.363,        1.269,        1.367,        1.381,        1.371,        1.389,        1.413
       0.274,        1.299,        0.852,        1.259,        0.953,        1.224,        0.997,        1.193,        1.242,        1.152,        1.243,        1.35 
       0.273,        1.311,        0.244,        1.26 ,        0.411,        1.204,        1.069,        1.168,        1.246,        1.128,        1.236,        1.327
       0.285,        1.344,        0.262,        1.284,        0.907,        1.233,        1.056,        1.183,        1.248,        1.175,        1.247,        1.333
       0.282,        1.343,        0.242,        1.251,        0.238,        1.197,        1.097,        1.16 ,        1.215,        1.174,        1.252,        1.335
       0.286,        1.385,        0.263,        1.312,        0.25 ,        1.237,        1.026,        1.164,        1.261,        1.213,        1.285,        1.364
       0.28 ,        1.398,        0.904,        1.366,        0.257,        1.281,        1.072,        1.215,        1.288,        1.238,        1.268,        1.373
       0.268,        1.494,        0.28 ,        1.456,        0.264,        1.413,        1.226,        1.378,        1.411,        1.412,        1.335,        1.446

