25.0
       0.272,        0.952,        0.264,        0.931,        0.273,        0.939,        0.279,        0.944,        0.9  ,        0.917,        0.957,        0.917
       0.27 ,        0.961,        0.255,        0.941,        0.258,        0.958,        0.277,        0.939,        0.923,        0.914,        0.964,        0.883
       0.267,        0.958,        0.233,        0.946,        0.238,        0.922,        0.249,        0.918,        0.913,        0.886,        0.932,        0.882
       0.274,        0.969,        0.269,        0.96 ,        0.274,        0.949,        0.297,        0.947,        0.936,        0.922,        0.973,        0.883
       0.276,        0.893,        0.231,        0.879,        0.225,        0.868,        0.238,        0.874,        0.83 ,        0.854,        0.885,        0.845
       0.282,        0.915,        0.269,        0.896,        0.247,        0.899,        0.279,        0.888,        0.862,        0.861,        0.903,        0.886
       0.279,        0.903,        0.251,        0.9  ,        0.233,        0.874,        0.239,        0.888,        0.83 ,        0.845,        0.884,        0.87 
       0.291,        0.895,        0.27 ,        0.908,        0.263,        0.893,        0.264,        0.889,        0.848,        0.864,        0.907,        0.849

