25.3
       0.285,        1.281,        0.285,        1.272,        0.525,        1.27 ,        1.036,        1.244,        1.285,        1.256,        1.318,        1.205
       0.289,        1.246,        0.262,        1.258,        0.401,        1.252,        0.631,        1.201,        1.263,        1.144,        1.305,        1.159
       0.288,        1.246,        0.242,        1.254,        0.244,        1.228,        1.058,        1.187,        1.273,        1.145,        1.298,        1.173
       0.304,        1.234,        0.269,        1.259,        0.27 ,        1.241,        1.087,        1.222,        1.281,        1.173,        1.321,        1.192
       0.294,        1.168,        0.229,        1.169,        0.226,        1.153,        0.238,        1.122,        1.245,        1.113,        1.313,        1.146
       0.296,        1.183,        0.265,        1.171,        0.256,        1.178,        0.274,        1.13 ,        1.288,        1.13 ,        1.336,        1.294
       0.3  ,        1.175,        0.255,        1.163,        0.248,        1.156,        1.027,        1.131,        1.277,        1.131,        1.321,        1.246
       0.289,        1.247,        0.284,        1.271,        0.272,        1.234,        1.067,        1.223,        1.353,        1.181,        1.376,        1.174

