25.1
       0.279,        0.981,        0.27 ,        0.97 ,        0.28 ,        0.975,        0.298,        0.98 ,        0.984,        0.97 ,        1.047,        0.943
       0.27 ,        0.994,        0.269,        0.97 ,        0.261,        0.982,        0.253,        0.968,        1.008,        0.948,        1.059,        0.916
       0.271,        0.98 ,        0.231,        0.969,        0.241,        0.959,        0.263,        0.94 ,        1.001,        0.915,        1.028,        0.917
       0.278,        0.999,        0.269,        0.995,        0.271,        0.972,        0.326,        0.964,        1.014,        0.953,        1.063,        0.928
       0.282,        0.936,        0.227,        0.925,        0.228,        0.907,        0.229,        0.908,        0.939,        0.893,        0.964,        0.875
       0.275,        0.965,        0.262,        0.941,        0.247,        0.937,        0.27 ,        0.923,        0.954,        0.914,        1.002,        0.953
       0.286,        0.954,        0.251,        0.938,        0.235,        0.916,        0.239,        0.925,        0.938,        0.893,        0.989,        0.924
       0.287,        0.95 ,        0.268,        0.955,        0.264,        0.934,        0.267,        0.925,        0.945,        0.923,        0.992,        0.891

