25.0
       0.277,        1.457,        0.748,        1.377,        0.959,        1.331,        1.079,        1.283,        1.32 ,        1.262,        1.374,        1.251
       0.282,        1.332,        0.287,        1.329,        0.935,        1.261,        0.863,        1.207,        1.266,        1.144,        1.317,        1.215
       0.28 ,        1.367,        0.242,        1.335,        0.236,        1.252,        0.992,        1.19 ,        1.266,        1.118,        1.315,        1.217
       0.288,        1.386,        0.261,        1.352,        0.327,        1.284,        0.97 ,        1.208,        1.276,        1.19 ,        1.329,        1.25 
       0.285,        1.371,        0.242,        1.303,        0.239,        1.254,        0.406,        1.199,        1.262,        1.177,        1.335,        1.244
       0.289,        1.398,        0.268,        1.36 ,        0.248,        1.294,        0.729,        1.208,        1.292,        1.197,        1.358,        1.35 
       0.291,        1.407,        0.267,        1.391,        0.247,        1.344,        0.935,        1.227,        1.305,        1.209,        1.34 ,        1.347
       0.28 ,        1.48 ,        0.282,        1.475,        0.276,        1.414,        1.176,        1.334,        1.39 ,        1.305,        1.422,        1.296

