24.9
       0.283,        1.123,        0.275,        1.135,        0.288,        1.116,        0.869,        1.098,        1.182,        1.119,        1.252,        1.063
       0.288,        1.126,        0.266,        1.1  ,        0.265,        1.113,        0.304,        1.061,        1.177,        1.01 ,        1.263,        0.995
       0.278,        1.109,        0.237,        1.082,        0.235,        1.073,        0.896,        1.025,        1.186,        0.982,        1.241,        1.01 
       0.285,        1.1  ,        0.273,        1.092,        0.277,        1.086,        0.928,        1.052,        1.191,        1.015,        1.274,        1.027
       0.292,        1.056,        0.229,        1.033,        0.223,        1.002,        0.241,        0.975,        1.143,        0.959,        1.229,        0.986
       0.285,        1.077,        0.272,        1.034,        0.257,        1.041,        0.276,        0.996,        1.181,        0.97 ,        1.254,        1.167
       0.298,        1.064,        0.26 ,        1.033,        0.247,        1.005,        0.57 ,        0.999,        1.174,        0.969,        1.242,        1.107
       0.287,        1.094,        0.282,        1.099,        0.272,        1.065,        0.319,        1.066,        1.23 ,        1.051,        1.271,        1.027

