25.2
       0.279,        1.45 ,        0.906,        1.379,        1.131,        1.363,        1.265,        1.355,        1.382,        1.371,        1.383,        1.408
       0.285,        1.298,        0.848,        1.261,        0.95 ,        1.222,        0.996,        1.199,        1.244,        1.146,        1.245,        1.342
       0.283,        1.321,        0.248,        1.268,        0.397,        1.211,        1.063,        1.166,        1.242,        1.127,        1.25 ,        1.33 
       0.286,        1.352,        0.271,        1.291,        0.899,        1.245,        1.044,        1.184,        1.249,        1.18 ,        1.25 ,        1.338
       0.285,        1.355,        0.246,        1.256,        0.245,        1.199,        1.091,        1.161,        1.224,        1.171,        1.258,        1.34 
       0.284,        1.391,        0.265,        1.311,        0.252,        1.243,        1.023,        1.166,        1.27 ,        1.205,        1.288,        1.362
       0.291,        1.401,        0.882,        1.369,        0.261,        1.278,        1.061,        1.213,        1.299,        1.248,        1.271,        1.378
       0.276,        1.495,        0.279,        1.461,        0.278,        1.418,        1.221,        1.381,        1.414,        1.403,        1.337,        1.446

