24.9
       0.283,        1.162,        0.285,        1.167,        0.287,        1.152,        0.992,        1.133,        1.225,        1.164,        1.286,        1.113
       0.285,        1.148,        0.269,        1.139,        0.281,        1.138,        0.382,        1.095,        1.214,        1.057,        1.283,        1.052
       0.283,        1.129,        0.24 ,        1.12 ,        0.239,        1.111,        1.022,        1.079,        1.227,        1.036,        1.274,        1.073
       0.291,        1.129,        0.279,        1.136,        0.275,        1.128,        1.066,        1.105,        1.233,        1.065,        1.3  ,        1.086
       0.293,        1.085,        0.229,        1.061,        0.232,        1.046,        0.235,        1.013,        1.181,        1.001,        1.28 ,        1.027
       0.292,        1.107,        0.264,        1.067,        0.258,        1.075,        0.283,        1.028,        1.225,        1.024,        1.307,        1.21 
       0.295,        1.096,        0.265,        1.062,        0.251,        1.039,        0.824,        1.024,        1.203,        1.014,        1.297,        1.15 
       0.287,        1.154,        0.28 ,        1.162,        0.281,        1.123,        0.548,        1.109,        1.277,        1.093,        1.352,        1.073

