25.1
       0.273,        1.446,        0.85 ,        1.364,        1.084,        1.338,        1.158,        1.322,        1.359,        1.341,        1.373,        1.343
       0.277,        1.345,        0.715,        1.294,        0.903,        1.243,        0.925,        1.198,        1.252,        1.145,        1.286,        1.301
       0.281,        1.35 ,        0.251,        1.29 ,        0.241,        1.224,        1.015,        1.176,        1.256,        1.126,        1.288,        1.287
       0.281,        1.388,        0.252,        1.32 ,        0.83 ,        1.249,        0.983,        1.196,        1.262,        1.178,        1.282,        1.3  
       0.28 ,        1.389,        0.241,        1.293,        0.236,        1.234,        1.007,        1.176,        1.235,        1.174,        1.297,        1.324
       0.292,        1.426,        0.266,        1.344,        0.249,        1.271,        0.962,        1.19 ,        1.273,        1.19 ,        1.325,        1.363
       0.281,        1.433,        0.323,        1.41 ,        0.245,        1.306,        0.976,        1.219,        1.304,        1.226,        1.307,        1.365
       0.279,        1.504,        0.272,        1.479,        0.268,        1.42 ,        1.168,        1.356,        1.42 ,        1.363,        1.366,        1.39 

