25.0
       0.283,        1.146,        0.283,        1.146,        0.284,        1.14 ,        0.936,        1.111,        1.197,        1.136,        1.278,        1.086
       0.283,        1.135,        0.261,        1.106,        0.27 ,        1.12 ,        0.329,        1.072,        1.19 ,        1.018,        1.271,        1.021
       0.272,        1.12 ,        0.242,        1.102,        0.243,        1.085,        0.949,        1.037,        1.205,        0.997,        1.257,        1.032
       0.281,        1.11 ,        0.277,        1.11 ,        0.275,        1.11 ,        0.992,        1.058,        1.209,        1.031,        1.28 ,        1.049
       0.282,        1.073,        0.235,        1.046,        0.228,        1.024,        0.23 ,        0.981,        1.16 ,        0.975,        1.262,        0.989
       0.288,        1.094,        0.262,        1.052,        0.247,        1.054,        0.276,          1  ,        1.202,        0.987,        1.278,        1.184
       0.295,        1.079,        0.257,        1.045,        0.242,        1.013,        0.712,        0.997,        1.188,        0.982,        1.276,        1.118
       0.294,        1.137,        0.279,        1.123,        0.275,        1.09 ,        0.394,        1.078,        1.252,        1.071,        1.311,        1.037

