25.0
       0.278,        1.257,        0.297,        1.248,        0.422,        1.242,        1.032,        1.225,        1.283,        1.239,        1.309,        1.178
       0.282,        1.225,        0.257,        1.231,        0.36 ,        1.23 ,        0.567,        1.179,        1.258,        1.131,        1.3  ,        1.145
       0.284,        1.214,        0.244,        1.224,        0.242,        1.202,        1.057,        1.173,        1.278,        1.117,        1.29 ,        1.165
       0.296,        1.2  ,        0.273,        1.234,        0.276,        1.214,        1.095,        1.195,        1.275,        1.154,        1.318,        1.185
       0.293,        1.146,        0.234,        1.139,        0.232,        1.135,        0.234,        1.118,        1.236,        1.099,        1.301,        1.121
       0.292,        1.168,        0.264,        1.142,        0.254,        1.149,        0.273,        1.113,        1.275,        1.11 ,        1.332,        1.277
       0.291,        1.148,        0.257,        1.137,        0.252,        1.127,        1.021,        1.113,        1.265,        1.105,        1.318,        1.229
       0.29 ,        1.224,        0.291,        1.251,        0.281,        1.206,        0.997,        1.201,        1.346,        1.161,        1.373,        1.155

