25.2
       0.275,        1.428,        0.674,        1.367,        0.931,        1.316,        1.075,        1.271,        1.309,        1.254,        1.367,        1.232
       0.28 ,        1.323,        0.276,        1.339,        0.933,        1.28 ,        0.849,        1.212,        1.271,        1.159,        1.315,        1.206
       0.279,        1.355,        0.239,        1.335,        0.244,        1.271,        0.996,        1.2  ,        1.267,        1.141,        1.317,        1.218
       0.29 ,        1.376,        0.271,        1.357,        0.281,        1.3  ,        0.981,        1.213,        1.278,        1.196,        1.337,        1.245
       0.288,        1.359,        0.234,        1.3  ,        0.228,        1.259,        0.24 ,        1.209,        1.248,        1.186,        1.337,        1.23 
       0.285,        1.38 ,        0.266,        1.35 ,        0.249,        1.294,        0.454,        1.217,        1.285,        1.199,        1.361,        1.339
       0.292,        1.391,        0.27 ,        1.375,        0.25 ,        1.329,        0.949,        1.232,        1.302,        1.203,        1.349,        1.339
       0.288,        1.452,        0.289,        1.456,        0.274,        1.396,        1.22 ,        1.318,        1.386,        1.284,        1.421,        1.277

