25.0
       0.276,        1.361,        0.289,        1.346,        0.809,        1.323,        1.071,        1.284,        1.297,        1.272,        1.361,        1.24 
       0.294,        1.323,        0.263,        1.33 ,        0.695,        1.306,        0.835,        1.246,        1.277,        1.192,        1.327,        1.208
       0.287,        1.325,        0.244,        1.328,        0.242,        1.288,        1.053,        1.231,        1.284,        1.176,        1.319,        1.22 
       0.292,        1.326,        0.273,        1.332,        0.264,        1.303,        1.043,        1.261,        1.294,        1.228,        1.344,        1.247
       0.29 ,        1.279,        0.234,        1.268,        0.242,        1.244,        0.24 ,        1.204,        1.257,        1.18 ,        1.327,        1.201
       0.299,        1.296,        0.268,        1.272,        0.245,        1.268,        0.283,        1.209,        1.292,        1.19 ,        1.357,        1.3  
       0.3  ,        1.279,        0.263,        1.272,        0.252,        1.255,        1.028,        1.211,        1.296,        1.193,        1.341,        1.293
       0.286,        1.342,        0.285,        1.387,        0.28 ,        1.332,        1.23 ,        1.294,        1.371,        1.249,        1.391,        1.238

