24.9
       0.288,        1.097,        0.282,        1.104,        0.283,        1.094,        0.729,        1.09 ,        1.162,        1.094,        1.23 ,        1.052
       0.269,        1.109,        0.263,        1.08 ,        0.265,        1.092,        0.286,        1.034,        1.159,        0.999,        1.232,        0.98 
       0.284,        1.084,        0.233,        1.067,        0.245,        1.056,        0.805,        1.015,        1.159,        0.965,        1.216,        0.994
       0.283,        1.083,        0.265,        1.075,        0.272,        1.073,        0.837,        1.041,        1.168,        0.995,        1.234,        1.007
       0.286,        1.018,        0.226,        1.01 ,        0.23 ,          1  ,        0.234,        0.964,        1.128,        0.954,        1.192,        0.982
       0.286,        1.042,        0.263,        1.007,        0.247,        1.018,        0.272,        0.981,        1.16 ,        0.973,        1.212,        1.136
       0.298,        1.036,        0.266,        1.009,        0.245,        0.984,        0.396,        0.986,        1.15 ,        0.964,        1.2  ,        1.075
       0.285,        1.053,        0.28 ,        1.07 ,        0.28 ,        1.034,        0.293,        1.045,        1.19 ,        1.038,        1.223,        1.014

