25.2
       0.263,        1.448,        0.873,        1.372,        1.108,        1.348,        1.198,        1.334,        1.373,        1.347,        1.374,        1.375
       0.277,        1.329,        0.768,        1.275,        0.912,        1.228,        0.947,        1.194,        1.253,        1.142,        1.272,        1.314
       0.276,        1.343,        0.238,        1.278,        0.256,        1.218,        1.028,        1.177,        1.245,        1.117,        1.269,        1.305
       0.279,        1.376,        0.257,        1.308,        0.84 ,        1.25 ,        1.014,        1.196,        1.26 ,        1.172,        1.274,        1.311
       0.276,        1.374,        0.236,        1.281,        0.236,        1.219,        1.036,        1.171,        1.228,        1.166,        1.279,        1.329
       0.285,        1.412,        0.261,        1.331,        0.256,        1.265,        0.986,        1.178,        1.289,        1.195,        1.308,        1.358
       0.29 ,        1.425,        0.724,        1.388,        0.253,        1.302,        1.009,        1.225,        1.302,        1.228,        1.304,        1.368
       0.274,        1.501,        0.274,        1.474,        0.27 ,        1.412,        1.194,        1.364,        1.416,        1.383,        1.355,        1.419

