25.0
       0.244,        0.245,        0.238,        0.254,        0.246,        0.268,        0.249,        0.281,        0.271,        0.275,        0.288,        0.274
       0.254,        0.264,        0.261,        0.277,        0.262,        0.277,        0.278,        0.254,        0.325,        0.306,        0.298,        0.26 
       0.254,        0.248,        0.221,        0.248,        0.227,        0.231,        0.238,        0.244,        0.257,        0.225,        0.267,        0.24 
       0.265,        0.278,        0.267,        0.281,        0.27 ,        0.284,        0.296,        0.295,        0.319,        0.315,        0.31 ,        0.267
       0.258,        0.236,        0.226,        0.233,        0.211,        0.218,        0.227,        0.222,        0.223,        0.219,        0.225,        0.225
       0.271,        0.274,        0.248,        0.271,        0.239,        0.267,        0.273,        0.282,        0.28 ,        0.282,        0.29 ,        0.324
       0.265,        0.242,        0.241,        0.249,        0.226,        0.232,        0.232,        0.232,        0.226,        0.247,        0.226,        0.266
       0.272,        0.256,        0.255,        0.256,        0.245,        0.247,        0.259,        0.272,        0.27 ,        0.242,        0.256,        0.26 

