25.0
       0.28 ,        1.451,        0.73 ,        1.377,        0.951,        1.327,        1.077,        1.276,        1.316,        1.267,        1.372,        1.241
       0.293,        1.338,        0.274,        1.332,        0.935,        1.268,        0.857,        1.206,        1.266,        1.152,        1.318,        1.212
       0.285,        1.365,        0.242,        1.338,        0.237,        1.264,        1.001,        1.188,        1.277,        1.127,        1.314,        1.218
       0.293,        1.389,        0.267,        1.357,        0.305,        1.284,        0.983,        1.218,        1.283,        1.19 ,        1.342,        1.249
       0.286,        1.361,        0.235,        1.302,        0.241,        1.258,        0.311,        1.216,        1.254,        1.182,        1.342,        1.247
       0.299,        1.39 ,        0.27 ,        1.355,        0.253,        1.301,        0.622,        1.214,        1.288,        1.195,        1.362,        1.345
       0.297,        1.406,        0.265,        1.388,        0.264,        1.336,        0.939,        1.239,        1.308,        1.2  ,        1.352,        1.349
       0.284,        1.479,        0.291,        1.473,        0.277,        1.41 ,        1.198,        1.331,        1.388,        1.307,        1.423,        1.286

