25.0
       0.272,        1.387,        0.314,        1.361,        0.857,        1.32 ,        1.058,        1.272,        1.294,        1.268,        1.354,        1.22 
       0.286,        1.329,        0.261,        1.349,        0.874,        1.306,        0.838,        1.252,        1.275,        1.19 ,        1.325,        1.206
       0.281,        1.35 ,        0.239,        1.345,        0.237,        1.295,        1.028,        1.223,        1.28 ,        1.179,        1.318,        1.219
       0.293,        1.361,        0.261,        1.354,        0.266,        1.324,        1.016,        1.257,        1.288,        1.224,        1.351,        1.246
       0.279,        1.321,        0.233,        1.298,        0.227,        1.268,        0.226,        1.237,        1.25 ,        1.188,        1.335,        1.221
       0.29 ,        1.344,        0.276,        1.312,        0.254,        1.29 ,        0.268,        1.23 ,        1.297,        1.217,        1.364,        1.319
       0.294,        1.344,        0.258,        1.329,        0.248,        1.295,        0.985,        1.238,        1.296,        1.204,        1.351,        1.31 
       0.286,        1.376,        0.288,        1.428,        0.28 ,        1.352,        1.246,        1.309,        1.365,        1.255,        1.403,        1.247

