0	0	2027	0	0.0105834	0	0	2027	2027	0	1	0	70	0	2
1.00003	32769	3060	0	0.00489642	0	0	3060	3060	0	1	0	70	45	3
2.00006	65538	4183	0	0.020405	0	0	4183	4183	0	2	0	70	141	3
3.00009	98307	5933	0	0.22567	0	0	5933	5933	0	4	0	70	292	5
4.00012	131076	5931	0	0.427372	0	0	5931	5931	0	5	0	70	460	5
5.00015	163845	5644	0	0.532412	0	0	5644	5644	0	0	0	70	640	5
6.00018	196614	5998	0	0.5794	0	0	5998	5998	0	0	0	70	819	5
7.00021	229383	5930	0	0.637922	0	0	5930	5930	0	0	0	70	997	5
8.00024	262152	5826	0	0.66408	0	0	5826	5826	0	0	0	70	1178	5
9.00027	294921	5957	0	0.67936	0	0	5957	5957	0	0	0	70	1359	5
10.0003	327690	5914	0	0.685115	0	0	5914	5914	0	0	0	70	1538	5
11.0003	360459	5903	0	0.692528	0	0	5903	5903	0	0	0	70	1720	5
12.0004	393228	5892	0	0.678838	0	0	5892	5892	0	0	0	70	1900	5
13.0004	425997	5896	0	0.674669	0	0	5896	5896	0	0	0	70	2080	5
14.0004	458766	5887	0	0.658342	0	0	5887	5887	0	0	0	70	2261	5
15.0005	491535	5932	0	0.642248	0	0	5932	5932	0	0	0	70	2441	5
16.0005	524304	5901	0	0.646487	0	0	5901	5901	0	0	0	70	2623	5
17.0005	557073	5991	0	0.650247	0	0	5991	5991	0	0	0	70	2805	5
18.0005	589842	5896	0	0.65479	0	0	5896	5896	0	0	0	70	2987	5
19.0006	622611	5925	0	0.656884	0	0	5925	5925	0	0	0	70	3169	5
20.0006	655380	5906	0	0.6491	0	0	5906	5906	0	0	0	70	3349	5
21.0006	688149	5880	0	0.659078	0	0	5880	5880	0	0	0	70	3531	5
22.0007	720918	5898	0	0.668828	0	0	5898	5898	0	0	0	70	3712	5
23.0007	753687	5928	0	0.661007	0	0	5928	5928	0	0	0	70	3893	5
24.0007	786456	5871	0	0.667327	0	0	5871	5871	0	0	0	70	4074	5
25.0008	819225	5913	0	0.667862	0	0	5913	5913	0	0	0	70	4255	5
26.0008	851994	5910	0	0.655229	0	0	5910	5910	0	0	0	70	4436	5
27.0008	884763	5922	0	0.642668	0	0	5922	5922	0	0	0	70	4618	5
28.0009	917532	5914	0	0.654563	0	0	5914	5914	0	0	0	70	4800	5
29.0009	950301	5905	0	0.651499	0	0	5905	5905	0	0	0	70	4982	5
30.0009	983070	5904	0	0.642101	0	0	5904	5904	0	0	0	70	5164	5
31.0009	1015839	5938	0	0.664185	0	0	5938	5938	0	0	0	70	5344	5
32.001	1048608	5889	0	0.650056	0	0	5889	5889	0	0	0	70	5525	5
33.001	1081377	5947	0	0.680591	0	0	5947	5947	0	0	0	70	5707	5
34.001	1114146	5940	0	0.661998	0	0	5940	5940	0	0	0	70	5888	5
35.0011	1146915	5902	0	0.676911	0	0	5902	5902	0	0	0	70	6076	5
36.0011	1179684	5902	0	0.660565	0	0	5902	5902	0	0	0	70	6284	5
37.0011	1212453	5923	0	0.656705	0	0	5923	5923	0	0	0	70	6492	5
38.0012	1245222	5916	0	0.676186	0	0	5916	5916	0	0	0	70	6698	5
39.0012	1277991	5907	0	0.673063	0	0	5907	5907	0	0	0	70	6951	5
40.0012	1310760	5885	0	0.658767	0	0	5885	5885	0	0	0	70	7232	5
41.0013	1343529	5952	0	0.663527	0	0	5952	5952	0	0	0	70	7512	5
42.0013	1376298	5949	0	0.66687	0	0	5949	5949	0	0	0	70	7782	5
43.0013	1409067	5895	0	0.665136	0	0	5895	5895	0	0	0	70	8068	5
44.0013	1441836	5915	0	0.665151	0	0	5915	5915	0	0	0	70	8344	5
45.0014	1474605	5905	0	0.671297	0	0	5905	5905	0	0	0	70	8630	5
46.0014	1507374	5922	0	0.658523	0	0	5922	5922	0	0	0	70	8904	5
47.0014	1540143	5877	0	0.674274	0	0	5877	5877	0	0	0	70	9181	5
48.0015	1572912	5964	0	0.674236	0	0	5964	5964	0	0	0	70	9457	5
49.0015	1605681	5910	0	0.658231	0	0	5910	5910	0	0	0	70	9732	5
50.0015	1638450	5881	0	0.655267	0	0	5881	5881	0	0	0	70	10003	5
51.0016	1671219	5922	0	0.667631	0	0	5922	5922	0	0	0	70	10279	5
52.0016	1703988	5897	0	0.665365	0	0	5897	5897	0	0	0	70	10558	5
53.0016	1736757	5907	0	0.643816	0	0	5907	5907	0	0	0	70	10831	5
54.0016	1769526	5926	0	0.656799	0	0	5926	5926	0	0	0	70	11113	5
55.0017	1802295	5914	0	0.668062	0	0	5914	5914	0	0	0	70	11391	5
56.0017	1835064	5913	0	0.657818	0	0	5913	5913	0	0	0	70	11675	5
57.0017	1867833	5927	0	0.665749	0	0	5927	5927	0	0	0	70	11950	5
58.0018	1900602	5844	0	0.663308	0	0	5844	5844	0	0	0	70	12224	5
59.0018	1933371	5870	0	0.653244	0	0	5870	5870	0	0	0	70	12494	5
60.0018	1966140	5919	0	0.655051	0	0	5919	5919	0	0	0	70	12767	5
61.0019	1998909	5873	0	0.674536	0	0	5873	5873	0	0	0	70	13044	5
62.0019	2031678	5869	0	0.657531	0	0	5869	5869	0	0	0	70	13315	5
63.0019	2064447	5917	0	0.681568	0	0	5917	5917	0	0	0	70	13590	5
64.002	2097216	5903	0	0.690214	0	0	5903	5903	0	0	0	70	13867	5
65.002	2129985	5900	0	0.670394	0	0	5900	5900	0	0	0	70	14139	5
66.002	2162754	5904	0	0.654984	0	0	5904	5904	0	0	0	70	14411	5
67.002	2195523	5917	0	0.643734	0	0	5917	5917	0	0	0	70	14687	5
68.0021	2228292	5888	0	0.648986	0	0	5888	5888	0	0	0	70	14962	5
69.0021	2261061	5870	0	0.64271	0	0	5870	5870	0	0	0	70	15239	5
70.0021	2293830	5911	0	0.661885	0	0	5911	5911	0	0	0	70	15514	5
71.0022	2326599	5921	0	0.66841	0	0	5921	5921	0	0	0	70	15789	5
