0.000000 0 1 1
0.000000 1 1 1
0.000000 2 1 1
0.000000 3 1 1
0.000000 4 1 1
0.000000 5 1 1
0.000000 6 1 1
0.000000 7 1 1
0.000000 8 1 1
0.000000 9 1 1
0.000000 10 1 1
0.000000 11 1 1
0.000000 13 1 1
0.000000 14 1 1
0.000000 15 1 1
0.000000 16 1 1
0.000000 17 1 1
0.000000 18 1 1
0.000000 19 1 1
0.000000 21 1 1
0.000000 22 1 1
0.000000 23 1 1
0.000000 24 1 1
0.000000 25 1 1
0.000000 26 1 1
0.000000 27 1 1
0.000000 28 1 1
0.000000 29 1 1
0.000000 30 1 1
0.000000 31 1 1
0.000000 32 1 1
0.000000 33 1 1
0.000000 34 1 1
0.000000 35 1 1
0.000000 36 1 1
0.000000 37 1 1
0.000000 38 1 1
0.000000 39 1 1
0.000000 40 1 1
0.000000 42 1 1
0.000000 43 1 1
0.000000 44 1 1
0.000000 45 1 1
0.000000 46 1 1
0.000000 47 1 1
0.000000 48 1 1
0.000000 49 1 1
0.000000 50 1 1
0.000000 51 1 1
0.000000 52 1 1
0.000000 53 1 1
0.000000 54 1 1
0.000000 55 1 1
0.000000 56 1 1
0.000000 57 1 1
0.000000 59 1 1
0.000000 60 1 1
0.000000 61 1 1
0.000000 62 1 1
0.000000 63 1 1
0.000000 65 1 1
0.000000 66 1 1
0.000000 67 1 1
0.000000 68 1 1
0.000000 69 1 1
0.000000 70 1 1
0.000000 71 1 1
0.000000 73 1 1
0.000000 74 1 1
0.000000 75 1 1
0.000000 76 1 1
0.000000 77 1 1
0.000000 78 1 1
0.000000 79 1 1
0.000000 80 1 1
0.000000 81 1 1
0.000000 82 1 1
0.000000 83 1 1
0.000000 84 1 1
0.000000 85 1 1
0.000000 86 1 1
0.000000 87 1 1
0.000000 88 1 1
0.000000 89 1 1
0.000000 90 1 1
0.000000 92 1 1
0.000000 93 1 1
0.000000 94 1 1
0.000000 95 1 1
0.000000 96 1 1
0.000000 97 1 1
0.000000 98 1 1
0.000000 99 1 1
0.000000 100 1 1
0.000000 102 1 1
0.000000 103 1 1
0.000000 104 1 1
0.000000 105 1 1
0.000000 106 1 1
0.000000 107 1 1
0.000000 108 1 1
0.000000 109 1 1
0.000000 110 1 1
0.000000 111 1 1
0.000000 112 1 1
0.000000 113 1 1
0.000000 114 1 1
0.000000 115 1 1
0.000000 116 1 1
0.000000 117 1 1
0.000000 119 1 1
0.000000 120 1 1
0.000000 121 1 1
0.000000 123 1 1
0.000000 124 1 1
0.000000 125 1 1
0.000000 126 1 1
0.000000 127 1 1
0.000000 128 1 1
0.000000 129 1 1
0.000000 130 1 1
0.000000 131 1 1
0.000000 132 1 1
0.000000 133 1 1
0.000000 134 1 1
0.000000 135 1 1
0.000000 136 1 1
0.000000 137 1 1
0.000000 138 1 1
0.000000 140 1 1
0.000000 141 1 1
0.000000 142 1 1
0.000000 143 1 1
0.000000 144 1 1
0.000000 145 1 1
0.000000 146 1 1
0.000000 147 1 1
0.000000 148 1 1
0.000000 149 1 1
0.000000 151 1 1
0.000000 152 1 1
0.000000 153 1 1
0.000000 154 1 1
0.000000 155 1 1
0.000000 156 1 1
0.000000 157 1 1
0.000000 158 1 1
0.000000 159 1 1
0.000000 160 1 1
0.000000 161 1 1
0.000000 162 1 1
0.000000 163 1 1
0.000000 164 1 1
0.000000 165 1 1
0.000000 166 1 1
0.000000 167 1 1
0.000000 168 1 1
0.000000 169 1 1
0.000000 170 1 1
0.000000 171 1 1
0.000000 172 1 1
0.000000 174 1 1
0.000000 175 1 1
0.000000 176 1 1
0.000000 177 1 1
0.000000 178 1 1
0.000000 179 1 1
0.000000 180 1 1
0.000000 181 1 1
0.000000 182 1 1
0.000000 183 1 1
0.000000 184 1 1
0.000000 185 1 1
0.000000 187 1 1
0.000000 188 1 1
0.000000 189 1 1
0.000000 190 1 1
0.000000 191 1 1
0.000000 192 1 1
0.000000 193 1 1
0.000000 194 1 1
0.000000 196 1 1
0.000000 197 1 1
0.000000 198 1 1
0.000000 199 1 1
0.000000 200 1 1
0.000000 201 1 1
0.000000 202 1 1
0.000000 203 1 1
0.000000 204 1 1
0.000000 205 1 1
0.000000 207 1 1
0.000000 208 1 1
0.000000 211 1 1
0.000000 212 1 1
0.000000 213 1 1
0.000000 214 1 1
0.000000 215 1 1
0.000000 216 1 1
0.000000 217 1 1
0.000000 218 1 1
0.000000 219 1 1
0.000000 220 1 1
0.000000 221 1 1
0.000000 223 1 1
0.000000 225 1 1
0.000000 226 1 1
0.000000 228 1 1
0.000000 229 1 1
0.000000 231 1 1
0.000000 233 1 1
0.000000 234 1 1
0.000000 235 1 1
0.000000 236 1 1
0.000000 237 1 1
0.000000 238 1 1
0.000000 239 1 1
0.000000 240 1 1
0.000000 241 1 1
0.000000 242 1 1
0.000000 243 1 1
0.000000 244 1 1
0.000000 245 1 1
0.000000 246 1 1
0.000000 248 1 1
0.000000 249 1 1
0.000000 250 1 1
0.000000 251 1 1
0.000000 252 1 1
0.000000 253 1 1
0.000000 254 1 1
0.000000 256 1 1
0.000000 257 1 1
0.000000 258 1 1
0.000000 259 1 1
0.000000 260 1 1
0.000000 261 1 1
0.000000 262 1 1
0.000000 263 1 1
0.000000 264 1 1
0.000000 265 1 1
0.000000 266 1 1
0.000000 267 1 1
0.000000 268 1 1
0.000000 269 1 1
0.000000 271 1 1
0.000000 272 1 1
0.000000 273 1 1
0.000000 274 1 1
0.000000 275 1 1
0.000000 277 1 1
0.000000 278 1 1
0.000000 279 1 1
0.000000 280 1 1
0.000000 281 1 1
0.000000 282 1 1
0.000000 283 1 1
0.000000 284 1 1
0.000000 285 1 1
0.000000 286 1 1
0.000000 287 1 1
0.000000 288 1 1
0.000000 289 1 1
0.000000 290 1 1
0.000000 291 1 1
0.000000 292 1 1
0.000000 293 1 1
0.000000 294 1 1
0.000000 295 1 1
0.000000 296 1 1
0.000000 297 1 1
0.000000 298 1 1
0.000000 299 1 1
0.000000 300 1 1
0.000000 301 1 1
0.000000 302 1 1
0.000000 303 1 1
0.000000 304 1 1
0.000000 305 1 1
0.000000 306 1 1
0.000000 307 1 1
0.000000 308 1 1
0.000000 309 1 1
0.000000 310 1 1
0.000000 311 1 1
0.000000 312 1 1
0.000000 313 1 1
0.000000 314 1 1
0.000000 315 1 1
0.000000 316 1 1
0.000000 317 1 1
0.000000 318 1 1
0.000000 319 1 1
0.000000 320 1 1
0.000000 321 1 1
0.000000 322 1 1
0.000000 323 1 1
0.000000 324 1 1
0.000000 325 1 1
0.000000 326 1 1
0.000000 327 1 1
0.000000 329 1 1
0.000000 330 1 1
0.000000 331 1 1
0.000000 332 1 1
0.000000 333 1 1
0.000000 335 1 1
0.000000 336 1 1
0.000000 337 1 1
0.000000 338 1 1
0.000000 339 1 1
0.000000 340 1 1
0.000000 341 1 1
0.000000 342 1 1
0.000000 343 1 1
0.000000 344 1 1
0.000000 345 1 1
0.000000 346 1 1
0.000000 347 1 1
0.000000 348 1 1
0.000000 349 1 1
0.000000 350 1 1
0.000000 351 1 1
0.000000 352 1 1
0.000000 353 1 1
0.000000 354 1 1
0.000000 355 1 1
0.000000 356 1 1
0.000000 357 1 1
0.000000 358 1 1
0.000000 359 1 1
0.000000 360 1 1
0.000000 361 1 1
0.000000 362 1 1
0.000000 363 1 1
0.000000 364 1 1
0.000000 365 1 1
0.000000 366 1 1
0.000000 367 1 1
0.000000 368 1 1
0.000000 369 1 1
0.000000 370 1 1
0.000000 371 1 1
0.000000 372 1 1
0.000000 373 1 1
0.000000 374 1 1
0.000000 375 1 1
0.000000 376 1 1
0.000000 377 1 1
0.000000 378 1 1
0.000000 379 1 1
0.000000 380 1 1
0.000000 381 1 1
0.000000 382 1 1
0.000000 383 1 1
0.000000 384 1 1
0.000000 385 1 1
0.000000 386 1 1
0.000000 387 1 1
0.000000 388 1 1
0.000000 389 1 1
0.000000 390 1 1
0.000000 391 1 1
0.000000 392 1 1
0.000000 393 1 1
0.000000 394 1 1
0.000000 395 1 1
0.000000 396 1 1
0.000000 397 1 1
0.000000 398 1 1
0.000000 399 1 1
0.000000 400 1 1
0.000000 401 1 1
0.000000 402 1 1
0.000000 403 1 1
0.000000 404 1 1
0.000000 405 1 1
0.000000 406 1 1
0.000000 407 1 1
0.000000 408 1 1
0.000000 409 1 1
0.000000 410 1 1
0.000000 411 1 1
0.000000 412 1 1
0.000000 413 1 1
0.000000 414 1 1
0.000000 415 1 1
0.000000 416 1 1
0.000000 417 1 1
0.000000 418 1 1
0.000000 419 1 1
0.000000 420 1 1
0.000000 421 1 1
0.000000 422 1 1
0.000000 423 1 1
0.000000 424 1 1
0.000000 425 1 1
0.000000 426 1 1
0.000000 427 1 1
0.000000 428 1 1
0.000000 429 1 1
0.000000 430 1 1
0.000000 431 1 1
0.000000 432 1 1
0.000000 433 1 1
0.000000 434 1 1
0.000000 435 1 1
0.000000 436 1 1
0.000000 437 1 1
0.000000 438 1 1
0.000000 439 1 1
0.000000 440 1 1
0.000000 441 1 1
0.000000 442 1 1
0.000000 443 1 1
0.000000 444 1 1
0.000000 445 1 1
0.000000 446 1 1
0.000000 447 1 1
0.000000 448 1 1
0.000000 449 1 1
0.000000 450 1 1
0.000000 451 1 1
0.000000 452 1 1
0.000000 453 1 1
0.000000 454 1 1
0.000000 455 1 1
0.000000 456 1 1
0.000000 457 1 1
0.000000 458 1 1
0.000000 459 1 1
0.000000 461 1 1
0.000000 462 1 1
0.000000 463 1 1
0.000000 465 1 1
0.000000 466 1 1
0.000000 467 1 1
0.000000 468 1 1
0.000000 469 1 1
0.000000 470 1 1
0.000000 471 1 1
0.000000 472 1 1
0.000000 473 1 1
0.000000 474 1 1
0.000000 475 1 1
0.000000 476 1 1
0.000000 478 1 1
0.000000 479 1 1
0.000000 480 1 1
0.000000 481 1 1
0.000000 482 1 1
0.000000 483 1 1
0.000000 484 1 1
0.000000 485 1 1
0.000000 486 1 1
0.000000 487 1 1
0.000000 488 1 1
0.000000 489 1 1
0.000000 490 1 1
0.000000 491 1 1
0.000000 492 1 1
0.000000 493 1 1
0.000000 494 1 1
0.000000 495 1 1
0.000000 497 1 1
0.000000 499 1 1
0.000000 500 1 1
0.000000 501 1 1
0.000000 502 1 1
0.000000 503 1 1
0.000000 504 1 1
0.000000 505 1 1
0.000000 506 1 1
0.000000 507 1 1
0.000000 508 1 1
0.000000 509 1 1
0.000000 510 1 1
0.000000 511 1 1
0.000000 512 1 1
0.000000 513 1 1
0.000000 514 1 1
0.000000 515 1 1
0.000000 516 1 1
0.000000 517 1 1
0.000000 518 1 1
0.000000 519 1 1
0.000000 520 1 1
0.000000 521 1 1
0.000000 522 1 1
0.000000 523 1 1
0.000000 524 1 1
0.000000 526 1 1
0.000000 527 1 1
0.000000 528 1 1
0.000000 529 1 1
0.000000 530 1 1
0.000000 531 1 1
0.000000 532 1 1
0.000000 533 1 1
0.000000 534 1 1
0.000000 535 1 1
0.000000 537 1 1
0.000000 538 1 1
0.000000 539 1 1
0.000000 540 1 1
0.000000 541 1 1
0.000000 542 1 1
0.000000 543 1 1
0.000000 544 1 1
0.000000 546 1 1
0.000000 548 1 1
0.000000 549 1 1
1.000031 0 2 2
1.000031 1 2 2
1.000031 2 2 2
1.000031 3 1 1
1.000031 4 1 1
1.000031 5 1 1
1.000031 6 1 1
1.000031 7 1 1
1.000031 8 2 2
1.000031 9 1 1
1.000031 10 1 1
1.000031 11 2 2
1.000031 13 1 1
1.000031 14 2 2
1.000031 15 2 2
1.000031 16 1 1
1.000031 17 2 2
1.000031 18 1 1
1.000031 19 1 1
1.000031 21 2 2
1.000031 22 2 2
1.000031 23 1 1
1.000031 24 1 1
1.000031 25 2 2
1.000031 26 2 2
1.000031 27 2 2
1.000031 28 2 2
1.000031 29 1 1
1.000031 30 1 1
1.000031 31 1 1
1.000031 32 2 2
1.000031 33 1 1
1.000031 34 2 2
1.000031 35 1 1
1.000031 36 2 2
1.000031 37 2 2
1.000031 38 1 1
1.000031 39 2 2
1.000031 40 1 1
1.000031 42 2 2
1.000031 43 1 1
1.000031 44 1 1
1.000031 45 2 2
1.000031 46 1 1
1.000031 47 1 1
1.000031 48 1 1
1.000031 49 1 1
1.000031 50 1 1
1.000031 51 2 2
1.000031 52 2 2
1.000031 53 2 2
1.000031 54 2 2
1.000031 55 2 2
1.000031 56 2 2
1.000031 57 1 1
1.000031 59 2 2
1.000031 60 2 2
1.000031 61 1 1
1.000031 62 2 2
1.000031 63 1 1
1.000031 65 1 1
1.000031 66 1 1
1.000031 67 1 1
1.000031 68 2 2
1.000031 69 1 1
1.000031 70 2 2
1.000031 71 2 2
1.000031 73 1 1
1.000031 74 1 1
1.000031 75 2 2
1.000031 76 2 2
1.000031 77 2 2
1.000031 78 2 2
1.000031 79 2 2
1.000031 80 2 2
1.000031 81 2 2
1.000031 82 1 1
1.000031 83 2 2
1.000031 84 1 1
1.000031 85 2 2
1.000031 86 2 2
1.000031 87 2 2
1.000031 88 1 1
1.000031 89 2 2
1.000031 90 1 1
1.000031 92 1 1
1.000031 93 2 2
1.000031 94 1 1
1.000031 95 1 1
1.000031 96 1 1
1.000031 97 1 1
1.000031 98 1 1
1.000031 99 1 1
1.000031 100 1 1
1.000031 102 2 2
1.000031 103 2 2
1.000031 104 1 1
1.000031 105 2 2
1.000031 106 2 2
1.000031 107 2 2
1.000031 108 2 2
1.000031 109 1 1
1.000031 110 2 2
1.000031 111 1 1
1.000031 112 2 2
1.000031 113 2 2
1.000031 114 1 1
1.000031 115 2 2
1.000031 116 1 1
1.000031 117 2 2
1.000031 119 2 2
1.000031 120 1 1
1.000031 121 1 1
1.000031 123 1 1
1.000031 124 2 2
1.000031 125 2 2
1.000031 126 2 2
1.000031 127 2 2
1.000031 128 2 2
1.000031 129 2 2
1.000031 130 2 2
1.000031 131 2 2
1.000031 132 2 2
1.000031 133 2 2
1.000031 134 1 1
1.000031 135 1 1
1.000031 136 1 1
1.000031 137 2 2
1.000031 138 2 2
1.000031 140 1 1
1.000031 141 1 1
1.000031 142 1 1
1.000031 143 2 2
1.000031 144 1 1
1.000031 145 2 2
1.000031 146 2 2
1.000031 147 2 2
1.000031 148 1 1
1.000031 149 2 2
1.000031 151 1 1
1.000031 152 1 1
1.000031 153 2 2
1.000031 154 2 2
1.000031 155 1 1
1.000031 156 2 2
1.000031 157 2 2
1.000031 158 2 2
1.000031 159 1 1
1.000031 160 2 2
1.000031 161 1 1
1.000031 162 2 2
1.000031 163 1 1
1.000031 164 2 2
1.000031 165 1 1
1.000031 166 2 2
1.000031 167 2 2
1.000031 168 1 1
1.000031 169 2 2
1.000031 170 2 2
1.000031 171 2 2
1.000031 172 1 1
1.000031 174 1 1
1.000031 175 1 1
1.000031 176 2 2
1.000031 177 1 1
1.000031 178 2 2
1.000031 179 1 1
1.000031 180 2 2
1.000031 181 2 2
1.000031 182 1 1
1.000031 183 1 1
1.000031 184 2 2
1.000031 185 1 1
1.000031 187 2 2
1.000031 188 2 2
1.000031 189 1 1
1.000031 190 2 2
1.000031 191 2 2
1.000031 192 1 1
1.000031 193 2 2
1.000031 194 1 1
1.000031 196 2 2
1.000031 197 2 2
1.000031 198 2 2
1.000031 199 1 1
1.000031 200 1 1
1.000031 201 2 2
1.000031 202 1 1
1.000031 203 1 1
1.000031 204 2 2
1.000031 205 1 1
1.000031 207 2 2
1.000031 208 2 2
1.000031 211 2 2
1.000031 212 1 1
1.000031 213 2 2
1.000031 214 2 2
1.000031 215 2 2
1.000031 216 2 2
1.000031 217 2 2
1.000031 218 2 2
1.000031 219 2 2
1.000031 220 2 2
1.000031 221 1 1
1.000031 223 2 2
1.000031 225 2 2
1.000031 226 1 1
1.000031 228 2 2
1.000031 229 2 2
1.000031 231 2 2
1.000031 233 2 2
1.000031 234 1 1
1.000031 235 1 1
1.000031 236 2 2
1.000031 237 1 1
1.000031 238 2 2
1.000031 239 2 2
1.000031 240 2 2
1.000031 241 2 2
1.000031 242 1 1
1.000031 243 2 2
1.000031 244 2 2
1.000031 245 1 1
1.000031 246 2 2
1.000031 248 2 2
1.000031 249 1 1
1.000031 250 1 1
1.000031 251 1 1
1.000031 252 1 1
1.000031 253 2 2
1.000031 254 1 1
1.000031 256 2 2
1.000031 257 1 1
1.000031 258 2 2
1.000031 259 1 1
1.000031 260 1 1
1.000031 261 2 2
1.000031 262 2 2
1.000031 263 1 1
1.000031 264 1 1
1.000031 265 1 1
1.000031 266 1 1
1.000031 267 2 2
1.000031 268 2 2
1.000031 269 1 1
1.000031 271 1 1
1.000031 272 2 2
1.000031 273 1 1
1.000031 274 1 1
1.000031 275 2 2
1.000031 277 1 1
1.000031 278 1 1
1.000031 279 2 2
1.000031 280 2 2
1.000031 281 1 1
1.000031 282 1 1
1.000031 283 2 2
1.000031 284 1 1
1.000031 285 1 1
1.000031 286 2 2
1.000031 287 2 2
1.000031 288 1 1
1.000031 289 1 1
1.000031 290 2 2
1.000031 291 2 2
1.000031 292 1 1
1.000031 293 2 2
1.000031 294 2 2
1.000031 295 2 2
1.000031 296 2 2
1.000031 297 1 1
1.000031 298 2 2
1.000031 299 2 2
1.000031 300 1 1
1.000031 301 2 2
1.000031 302 1 1
1.000031 303 1 1
1.000031 304 2 2
1.000031 305 1 1
1.000031 306 1 1
1.000031 307 1 1
1.000031 308 1 1
1.000031 309 2 2
1.000031 310 2 2
1.000031 311 2 2
1.000031 312 1 1
1.000031 313 1 1
1.000031 314 1 1
1.000031 315 1 1
1.000031 316 2 2
1.000031 317 2 2
1.000031 318 2 2
1.000031 319 2 2
1.000031 320 1 1
1.000031 321 1 1
1.000031 322 2 2
1.000031 323 2 2
1.000031 324 1 1
1.000031 325 1 1
1.000031 326 2 2
1.000031 327 2 2
1.000031 329 1 1
1.000031 330 2 2
1.000031 331 2 2
1.000031 332 1 1
1.000031 333 1 1
1.000031 335 1 1
1.000031 336 2 2
1.000031 337 2 2
1.000031 338 2 2
1.000031 339 1 1
1.000031 340 1 1
1.000031 341 2 2
1.000031 342 2 2
1.000031 343 2 2
1.000031 344 2 2
1.000031 345 1 1
1.000031 346 1 1
1.000031 347 1 1
1.000031 348 1 1
1.000031 349 2 2
1.000031 350 1 1
1.000031 351 2 2
1.000031 352 2 2
1.000031 353 1 1
1.000031 354 2 2
1.000031 355 1 1
1.000031 356 1 1
1.000031 357 1 1
1.000031 358 2 2
1.000031 359 2 2
1.000031 360 2 2
1.000031 361 1 1
1.000031 362 1 1
1.000031 363 1 1
1.000031 364 2 2
1.000031 365 1 1
1.000031 366 1 1
1.000031 367 2 2
1.000031 368 1 1
1.000031 369 1 1
1.000031 370 1 1
1.000031 371 2 2
1.000031 372 2 2
1.000031 373 1 1
1.000031 374 1 1
1.000031 375 1 1
1.000031 376 1 1
1.000031 377 2 2
1.000031 378 1 1
1.000031 379 2 2
1.000031 380 1 1
1.000031 381 1 1
1.000031 382 2 2
1.000031 383 2 2
1.000031 384 1 1
1.000031 385 2 2
1.000031 386 2 2
1.000031 387 2 2
1.000031 388 1 1
1.000031 389 2 2
1.000031 390 1 1
1.000031 391 1 1
1.000031 392 2 2
1.000031 393 1 1
1.000031 394 1 1
1.000031 395 1 1
1.000031 396 1 1
1.000031 397 2 2
1.000031 398 1 1
1.000031 399 2 2
1.000031 400 1 1
1.000031 401 1 1
1.000031 402 1 1
1.000031 403 1 1
1.000031 404 2 2
1.000031 405 2 2
1.000031 406 2 2
1.000031 407 1 1
1.000031 408 1 1
1.000031 409 2 2
1.000031 410 2 2
1.000031 411 1 1
1.000031 412 1 1
1.000031 413 2 2
1.000031 414 2 2
1.000031 415 1 1
1.000031 416 2 2
1.000031 417 1 1
1.000031 418 1 1
1.000031 419 1 1
1.000031 420 1 1
1.000031 421 1 1
1.000031 422 1 1
1.000031 423 2 2
1.000031 424 1 1
1.000031 425 1 1
1.000031 426 2 2
1.000031 427 1 1
1.000031 428 1 1
1.000031 429 1 1
1.000031 430 1 1
1.000031 431 2 2
1.000031 432 1 1
1.000031 433 1 1
1.000031 434 2 2
1.000031 435 1 1
1.000031 436 1 1
1.000031 437 1 1
1.000031 438 2 2
1.000031 439 2 2
1.000031 440 2 2
1.000031 441 1 1
1.000031 442 2 2
1.000031 443 2 2
1.000031 444 1 1
1.000031 445 1 1
1.000031 446 1 1
1.000031 447 1 1
1.000031 448 2 2
1.000031 449 2 2
1.000031 450 2 2
1.000031 451 2 2
1.000031 452 1 1
1.000031 453 2 2
1.000031 454 2 2
1.000031 455 1 1
1.000031 456 1 1
1.000031 457 2 2
1.000031 458 1 1
1.000031 459 1 1
1.000031 461 2 2
1.000031 462 1 1
1.000031 463 2 2
1.000031 465 2 2
1.000031 466 1 1
1.000031 467 2 2
1.000031 468 1 1
1.000031 469 1 1
1.000031 470 1 1
1.000031 471 1 1
1.000031 472 2 2
1.000031 473 1 1
1.000031 474 2 2
1.000031 475 2 2
1.000031 476 2 2
1.000031 478 2 2
1.000031 479 2 2
1.000031 480 2 2
1.000031 481 1 1
1.000031 482 1 1
1.000031 483 2 2
1.000031 484 2 2
1.000031 485 1 1
1.000031 486 2 2
1.000031 487 2 2
1.000031 488 2 2
1.000031 489 1 1
1.000031 490 2 2
1.000031 491 2 2
1.000031 492 1 1
1.000031 493 2 2
1.000031 494 2 2
1.000031 495 2 2
1.000031 497 2 2
1.000031 499 2 2
1.000031 500 2 2
1.000031 501 1 1
1.000031 502 1 1
1.000031 503 2 2
1.000031 504 2 2
1.000031 505 2 2
1.000031 506 2 2
1.000031 507 2 2
1.000031 508 2 2
1.000031 509 1 1
1.000031 510 1 1
1.000031 511 1 1
1.000031 512 2 2
1.000031 513 2 2
1.000031 514 1 1
1.000031 515 2 2
1.000031 516 1 1
1.000031 517 2 2
1.000031 518 2 2
1.000031 519 2 2
1.000031 520 2 2
1.000031 521 1 1
1.000031 522 2 2
1.000031 523 2 2
1.000031 524 1 1
1.000031 526 2 2
1.000031 527 1 1
1.000031 528 1 1
1.000031 529 2 2
1.000031 530 2 2
1.000031 531 2 2
1.000031 532 1 1
1.000031 533 1 1
1.000031 534 2 2
1.000031 535 2 2
1.000031 537 1 1
1.000031 538 1 1
1.000031 539 1 1
1.000031 540 1 1
1.000031 541 1 1
1.000031 542 2 2
1.000031 543 2 2
1.000031 544 2 2
1.000031 546 1 1
1.000031 548 2 2
1.000031 549 1 1
2.000061 0 2 2
2.000061 1 2 2
2.000061 2 2 2
2.000061 3 2 2
2.000061 4 2 2
2.000061 5 2 2
2.000061 6 2 2
2.000061 7 2 2
2.000061 8 2 2
2.000061 9 2 2
2.000061 10 2 2
2.000061 11 2 2
2.000061 13 2 2
2.000061 14 2 2
2.000061 15 2 2
2.000061 16 2 2
2.000061 17 2 2
2.000061 18 2 2
2.000061 19 2 2
2.000061 21 2 2
2.000061 22 3 3
2.000061 23 2 2
2.000061 24 2 2
2.000061 25 2 2
2.000061 26 2 2
2.000061 27 2 2
2.000061 28 2 2
2.000061 29 2 2
2.000061 30 2 2
2.000061 31 2 2
2.000061 32 2 2
2.000061 33 2 2
2.000061 34 2 2
2.000061 35 3 3
2.000061 36 2 2
2.000061 37 2 2
2.000061 38 1 1
2.000061 39 2 2
2.000061 40 2 2
2.000061 42 2 2
2.000061 43 2 2
2.000061 44 2 2
2.000061 45 2 2
2.000061 46 2 2
2.000061 47 2 2
2.000061 48 2 2
2.000061 49 2 2
2.000061 50 1 1
2.000061 51 2 2
2.000061 52 2 2
2.000061 53 2 2
2.000061 54 3 3
2.000061 55 2 2
2.000061 56 2 2
2.000061 57 2 2
2.000061 59 2 2
2.000061 60 2 2
2.000061 61 2 2
2.000061 62 3 3
2.000061 63 2 2
2.000061 65 2 2
2.000061 66 2 2
2.000061 67 2 2
2.000061 68 2 2
2.000061 69 2 2
2.000061 70 2 2
2.000061 71 2 2
2.000061 73 2 2
2.000061 74 2 2
2.000061 75 2 2
2.000061 76 2 2
2.000061 77 3 3
2.000061 78 2 2
2.000061 79 2 2
2.000061 80 2 2
2.000061 81 2 2
2.000061 82 2 2
2.000061 83 3 3
2.000061 84 2 2
2.000061 85 2 2
2.000061 86 2 2
2.000061 87 2 2
2.000061 88 2 2
2.000061 89 2 2
2.000061 90 2 2
2.000061 92 2 2
2.000061 93 3 3
2.000061 94 2 2
2.000061 95 2 2
2.000061 96 2 2
2.000061 97 2 2
2.000061 98 2 2
2.000061 99 2 2
2.000061 100 2 2
2.000061 102 2 2
2.000061 103 3 3
2.000061 104 2 2
2.000061 105 2 2
2.000061 106 2 2
2.000061 107 2 2
2.000061 108 2 2
2.000061 109 2 2
2.000061 110 2 2
2.000061 111 2 2
2.000061 112 2 2
2.000061 113 2 2
2.000061 114 2 2
2.000061 115 2 2
2.000061 116 2 2
2.000061 117 2 2
2.000061 119 2 2
2.000061 120 2 2
2.000061 121 2 2
2.000061 123 2 2
2.000061 124 1 1
2.000061 125 2 2
2.000061 126 2 2
2.000061 127 2 2
2.000061 128 2 2
2.000061 129 2 2
2.000061 130 3 3
2.000061 131 2 2
2.000061 132 4 4
2.000061 133 2 2
2.000061 134 2 2
2.000061 135 2 2
2.000061 136 2 2
2.000061 137 3 3
2.000061 138 3 3
2.000061 140 2 2
2.000061 141 2 2
2.000061 142 1 1
2.000061 143 2 2
2.000061 144 2 2
2.000061 145 2 2
2.000061 146 2 2
2.000061 147 2 2
2.000061 148 3 3
2.000061 149 2 2
2.000061 151 2 2
2.000061 152 2 2
2.000061 153 2 2
2.000061 154 2 2
2.000061 155 2 2
2.000061 156 2 2
2.000061 157 2 2
2.000061 158 2 2
2.000061 159 2 2
2.000061 160 3 3
2.000061 161 2 2
2.000061 162 2 2
2.000061 163 2 2
2.000061 164 2 2
2.000061 165 2 2
2.000061 166 2 2
2.000061 167 2 2
2.000061 168 2 2
2.000061 169 3 3
2.000061 170 4 4
2.000061 171 2 2
2.000061 172 2 2
2.000061 174 2 2
2.000061 175 2 2
2.000061 176 2 2
2.000061 177 2 2
2.000061 178 2 2
2.000061 179 2 2
2.000061 180 2 2
2.000061 181 2 2
2.000061 182 2 2
2.000061 183 2 2
2.000061 184 3 3
2.000061 185 2 2
2.000061 187 2 2
2.000061 188 2 2
2.000061 189 1 1
2.000061 190 2 2
2.000061 191 3 3
2.000061 192 2 2
2.000061 193 3 3
2.000061 194 2 2
2.000061 196 2 2
2.000061 197 2 2
2.000061 198 3 3
2.000061 199 2 2
2.000061 200 2 2
2.000061 201 2 2
2.000061 202 2 2
2.000061 203 2 2
2.000061 204 2 2
2.000061 205 2 2
2.000061 207 2 2
2.000061 208 2 2
2.000061 211 2 2
2.000061 212 2 2
2.000061 213 2 2
2.000061 214 2 2
2.000061 215 2 2
2.000061 216 2 2
2.000061 217 2 2
2.000061 218 2 2
2.000061 219 2 2
2.000061 220 2 2
2.000061 221 2 2
2.000061 223 3 3
2.000061 225 2 2
2.000061 226 2 2
2.000061 228 2 2
2.000061 229 2 2
2.000061 231 2 2
2.000061 233 2 2
2.000061 234 2 2
2.000061 235 2 2
2.000061 236 2 2
2.000061 237 2 2
2.000061 238 3 3
2.000061 239 2 2
2.000061 240 2 2
2.000061 241 2 2
2.000061 242 2 2
2.000061 243 2 2
2.000061 244 2 2
2.000061 245 2 2
2.000061 246 3 3
2.000061 248 2 2
2.000061 249 2 2
2.000061 250 2 2
2.000061 251 2 2
2.000061 252 2 2
2.000061 253 2 2
2.000061 254 2 2
2.000061 256 3 3
2.000061 257 2 2
2.000061 258 2 2
2.000061 259 2 2
2.000061 260 2 2
2.000061 261 2 2
2.000061 262 2 2
2.000061 263 2 2
2.000061 264 2 2
2.000061 265 2 2
2.000061 266 2 2
2.000061 267 2 2
2.000061 268 2 2
2.000061 269 2 2
2.000061 271 2 2
2.000061 272 2 2
2.000061 273 2 2
2.000061 274 2 2
2.000061 275 2 2
2.000061 277 2 2
2.000061 278 2 2
2.000061 279 3 3
2.000061 280 2 2
2.000061 281 2 2
2.000061 282 2 2
2.000061 283 2 2
2.000061 284 2 2
2.000061 285 2 2
2.000061 286 2 2
2.000061 287 2 2
2.000061 288 2 2
2.000061 289 2 2
2.000061 290 2 2
2.000061 291 3 3
2.000061 292 2 2
2.000061 293 3 3
2.000061 294 3 3
2.000061 295 2 2
2.000061 296 2 2
2.000061 297 2 2
2.000061 298 2 2
2.000061 299 2 2
2.000061 300 2 2
2.000061 301 2 2
2.000061 302 1 1
2.000061 303 2 2
2.000061 304 2 2
2.000061 305 2 2
2.000061 306 2 2
2.000061 307 3 3
2.000061 308 2 2
2.000061 309 3 3
2.000061 310 3 3
2.000061 311 3 3
2.000061 312 2 2
2.000061 313 2 2
2.000061 314 2 2
2.000061 315 2 2
2.000061 316 2 2
2.000061 317 2 2
2.000061 318 4 4
2.000061 319 2 2
2.000061 320 2 2
2.000061 321 2 2
2.000061 322 2 2
2.000061 323 2 2
2.000061 324 2 2
2.000061 325 2 2
2.000061 326 2 2
2.000061 327 2 2
2.000061 329 2 2
2.000061 330 2 2
2.000061 331 3 3
2.000061 332 2 2
2.000061 333 2 2
2.000061 335 2 2
2.000061 336 2 2
2.000061 337 2 2
2.000061 338 2 2
2.000061 339 2 2
2.000061 340 2 2
2.000061 341 3 3
2.000061 342 2 2
2.000061 343 2 2
2.000061 344 2 2
2.000061 345 2 2
2.000061 346 2 2
2.000061 347 2 2
2.000061 348 2 2
2.000061 349 3 3
2.000061 350 2 2
2.000061 351 2 2
2.000061 352 2 2
2.000061 353 2 2
2.000061 354 2 2
2.000061 355 2 2
2.000061 356 2 2
2.000061 357 2 2
2.000061 358 3 3
2.000061 359 3 3
2.000061 360 2 2
2.000061 361 2 2
2.000061 362 2 2
2.000061 363 2 2
2.000061 364 2 2
2.000061 365 2 2
2.000061 366 2 2
2.000061 367 2 2
2.000061 368 2 2
2.000061 369 3 3
2.000061 370 2 2
2.000061 371 2 2
2.000061 372 2 2
2.000061 373 2 2
2.000061 374 2 2
2.000061 375 2 2
2.000061 376 2 2
2.000061 377 2 2
2.000061 378 2 2
2.000061 379 2 2
2.000061 380 2 2
2.000061 381 2 2
2.000061 382 2 2
2.000061 383 2 2
2.000061 384 1 1
2.000061 385 2 2
2.000061 386 2 2
2.000061 387 2 2
2.000061 388 2 2
2.000061 389 2 2
2.000061 390 2 2
2.000061 391 2 2
2.000061 392 2 2
2.000061 393 2 2
2.000061 394 2 2
2.000061 395 2 2
2.000061 396 2 2
2.000061 397 2 2
2.000061 398 2 2
2.000061 399 2 2
2.000061 400 2 2
2.000061 401 2 2
2.000061 402 2 2
2.000061 403 2 2
2.000061 404 2 2
2.000061 405 2 2
2.000061 406 2 2
2.000061 407 2 2
2.000061 408 2 2
2.000061 409 2 2
2.000061 410 2 2
2.000061 411 2 2
2.000061 412 2 2
2.000061 413 2 2
2.000061 414 2 2
2.000061 415 2 2
2.000061 416 3 3
2.000061 417 2 2
2.000061 418 2 2
2.000061 419 2 2
2.000061 420 2 2
2.000061 421 2 2
2.000061 422 2 2
2.000061 423 2 2
2.000061 424 2 2
2.000061 425 2 2
2.000061 426 2 2
2.000061 427 2 2
2.000061 428 2 2
2.000061 429 2 2
2.000061 430 2 2
2.000061 431 2 2
2.000061 432 2 2
2.000061 433 2 2
2.000061 434 2 2
2.000061 435 2 2
2.000061 436 2 2
2.000061 437 2 2
2.000061 438 3 3
2.000061 439 3 3
2.000061 440 2 2
2.000061 441 2 2
2.000061 442 2 2
2.000061 443 2 2
2.000061 444 2 2
2.000061 445 2 2
2.000061 446 2 2
2.000061 447 2 2
2.000061 448 2 2
2.000061 449 3 3
2.000061 450 2 2
2.000061 451 2 2
2.000061 452 2 2
2.000061 453 2 2
2.000061 454 2 2
2.000061 455 2 2
2.000061 456 1 1
2.000061 457 2 2
2.000061 458 2 2
2.000061 459 2 2
2.000061 461 2 2
2.000061 462 2 2
2.000061 463 2 2
2.000061 465 2 2
2.000061 466 2 2
2.000061 467 2 2
2.000061 468 2 2
2.000061 469 2 2
2.000061 470 2 2
2.000061 471 2 2
2.000061 472 2 2
2.000061 473 2 2
2.000061 474 2 2
2.000061 475 2 2
2.000061 476 2 2
2.000061 478 2 2
2.000061 479 2 2
2.000061 480 2 2
2.000061 481 2 2
2.000061 482 2 2
2.000061 483 2 2
2.000061 484 2 2
2.000061 485 2 2
2.000061 486 2 2
2.000061 487 2 2
2.000061 488 3 3
2.000061 489 2 2
2.000061 490 2 2
2.000061 491 2 2
2.000061 492 2 2
2.000061 493 2 2
2.000061 494 2 2
2.000061 495 3 3
2.000061 497 2 2
2.000061 499 2 2
2.000061 500 2 2
2.000061 501 2 2
2.000061 502 2 2
2.000061 503 2 2
2.000061 504 2 2
2.000061 505 2 2
2.000061 506 2 2
2.000061 507 2 2
2.000061 508 2 2
2.000061 509 2 2
2.000061 510 2 2
2.000061 511 2 2
2.000061 512 2 2
2.000061 513 2 2
2.000061 514 2 2
2.000061 515 2 2
2.000061 516 2 2
2.000061 517 2 2
2.000061 518 3 3
2.000061 519 2 2
2.000061 520 2 2
2.000061 521 2 2
2.000061 522 2 2
2.000061 523 2 2
2.000061 524 2 2
2.000061 526 2 2
2.000061 527 2 2
2.000061 528 2 2
2.000061 529 2 2
2.000061 530 3 3
2.000061 531 2 2
2.000061 532 2 2
2.000061 533 2 2
2.000061 534 2 2
2.000061 535 2 2
2.000061 537 2 2
2.000061 538 2 2
2.000061 539 2 2
2.000061 540 2 2
2.000061 541 2 2
2.000061 542 2 2
2.000061 543 2 2
2.000061 544 2 2
2.000061 546 2 2
2.000061 548 3 3
2.000061 549 2 2
3.000092 0 4 4
3.000092 1 4 4
3.000092 2 4 4
3.000092 3 4 4
3.000092 4 4 4
3.000092 5 4 4
3.000092 6 3 3
3.000092 7 3 3
3.000092 8 4 4
3.000092 9 3 3
3.000092 10 4 4
3.000092 11 4 4
3.000092 13 4 4
3.000092 14 4 4
3.000092 15 4 4
3.000092 16 3 3
3.000092 17 3 3
3.000092 18 4 4
3.000092 19 4 4
3.000092 21 4 4
3.000092 22 5 5
3.000092 23 4 4
3.000092 24 4 4
3.000092 25 4 4
3.000092 26 3 3
3.000092 27 4 4
3.000092 28 3 3
3.000092 29 4 4
3.000092 30 4 4
3.000092 31 4 4
3.000092 32 4 4
3.000092 33 4 4
3.000092 34 4 4
3.000092 35 4 4
3.000092 36 4 4
3.000092 37 4 4
3.000092 38 2 2
3.000092 39 4 4
3.000092 40 4 4
3.000092 42 4 4
3.000092 43 4 4
3.000092 44 4 4
3.000092 45 4 4
3.000092 46 4 4
3.000092 47 4 4
3.000092 48 4 4
3.000092 49 4 4
3.000092 50 1 1
3.000092 51 4 4
3.000092 52 4 4
3.000092 53 4 4
3.000092 54 4 4
3.000092 55 4 4
3.000092 56 4 4
3.000092 57 3 3
3.000092 59 4 4
3.000092 60 4 4
3.000092 61 4 4
3.000092 62 5 5
3.000092 63 3 3
3.000092 65 3 3
3.000092 66 4 4
3.000092 67 4 4
3.000092 68 4 4
3.000092 69 4 4
3.000092 70 4 4
3.000092 71 4 4
3.000092 73 4 4
3.000092 74 4 4
3.000092 75 4 4
3.000092 76 4 4
3.000092 77 4 4
3.000092 78 4 4
3.000092 79 4 4
3.000092 80 4 4
3.000092 81 4 4
3.000092 82 4 4
3.000092 83 4 4
3.000092 84 3 3
3.000092 85 4 4
3.000092 86 4 4
3.000092 87 4 4
3.000092 88 4 4
3.000092 89 4 4
3.000092 90 4 4
3.000092 92 4 4
3.000092 93 4 4
3.000092 94 4 4
3.000092 95 4 4
3.000092 96 4 4
3.000092 97 3 3
3.000092 98 4 4
3.000092 99 4 4
3.000092 100 4 4
3.000092 102 4 4
3.000092 103 4 4
3.000092 104 4 4
3.000092 105 4 4
3.000092 106 4 4
3.000092 107 4 4
3.000092 108 4 4
3.000092 109 3 3
3.000092 110 4 4
3.000092 111 4 4
3.000092 112 4 4
3.000092 113 4 4
3.000092 114 4 4
3.000092 115 4 4
3.000092 116 3 3
3.000092 117 4 4
3.000092 119 4 4
3.000092 120 4 4
3.000092 121 4 4
3.000092 123 3 3
3.000092 124 2 2
3.000092 125 3 3
3.000092 126 4 4
3.000092 127 4 4
3.000092 128 4 4
3.000092 129 4 4
3.000092 130 4 4
3.000092 131 4 4
3.000092 132 4 4
3.000092 133 4 4
3.000092 134 4 4
3.000092 135 4 4
3.000092 136 4 4
3.000092 137 5 5
3.000092 138 5 5
3.000092 140 3 3
3.000092 141 4 4
3.000092 142 1 1
3.000092 143 4 4
3.000092 144 4 4
3.000092 145 3 3
3.000092 146 4 4
3.000092 147 5 5
3.000092 148 5 5
3.000092 149 4 4
3.000092 151 2 2
3.000092 152 4 4
3.000092 153 4 4
3.000092 154 4 4
3.000092 155 4 4
3.000092 156 4 4
3.000092 157 4 4
3.000092 158 3 3
3.000092 159 3 3
3.000092 160 4 4
3.000092 161 4 4
3.000092 162 4 4
3.000092 163 4 4
3.000092 164 4 4
3.000092 165 4 4
3.000092 166 3 3
3.000092 167 4 4
3.000092 168 4 4
3.000092 169 4 4
3.000092 170 5 5
3.000092 171 4 4
3.000092 172 4 4
3.000092 174 4 4
3.000092 175 4 4
3.000092 176 4 4
3.000092 177 4 4
3.000092 178 4 4
3.000092 179 4 4
3.000092 180 4 4
3.000092 181 4 4
3.000092 182 4 4
3.000092 183 4 4
3.000092 184 5 5
3.000092 185 4 4
3.000092 187 4 4
3.000092 188 4 4
3.000092 189 2 2
3.000092 190 4 4
3.000092 191 4 4
3.000092 192 4 4
3.000092 193 5 5
3.000092 194 3 3
3.000092 196 4 4
3.000092 197 3 3
3.000092 198 4 4
3.000092 199 3 3
3.000092 200 4 4
3.000092 201 3 3
3.000092 202 4 4
3.000092 203 3 3
3.000092 204 4 4
3.000092 205 4 4
3.000092 207 4 4
3.000092 208 4 4
3.000092 211 4 4
3.000092 212 4 4
3.000092 213 4 4
3.000092 214 4 4
3.000092 215 4 4
3.000092 216 4 4
3.000092 217 4 4
3.000092 218 4 4
3.000092 219 4 4
3.000092 220 4 4
3.000092 221 4 4
3.000092 223 4 4
3.000092 225 4 4
3.000092 226 3 3
3.000092 228 4 4
3.000092 229 4 4
3.000092 231 3 3
3.000092 233 4 4
3.000092 234 3 3
3.000092 235 3 3
3.000092 236 4 4
3.000092 237 4 4
3.000092 238 4 4
3.000092 239 4 4
3.000092 240 4 4
3.000092 241 4 4
3.000092 242 3 3
3.000092 243 4 4
3.000092 244 3 3
3.000092 245 4 4
3.000092 246 4 4
3.000092 248 4 4
3.000092 249 3 3
3.000092 250 4 4
3.000092 251 4 4
3.000092 252 4 4
3.000092 253 4 4
3.000092 254 4 4
3.000092 256 4 4
3.000092 257 4 4
3.000092 258 4 4
3.000092 259 4 4
3.000092 260 4 4
3.000092 261 4 4
3.000092 262 4 4
3.000092 263 3 3
3.000092 264 4 4
3.000092 265 4 4
3.000092 266 3 3
3.000092 267 4 4
3.000092 268 4 4
3.000092 269 3 3
3.000092 271 2 2
3.000092 272 4 4
3.000092 273 4 4
3.000092 274 4 4
3.000092 275 4 4
3.000092 277 4 4
3.000092 278 4 4
3.000092 279 4 4
3.000092 280 4 4
3.000092 281 4 4
3.000092 282 4 4
3.000092 283 4 4
3.000092 284 4 4
3.000092 285 4 4
3.000092 286 4 4
3.000092 287 4 4
3.000092 288 4 4
3.000092 289 3 3
3.000092 290 4 4
3.000092 291 4 4
3.000092 292 4 4
3.000092 293 4 4
3.000092 294 5 5
3.000092 295 4 4
3.000092 296 4 4
3.000092 297 3 3
3.000092 298 4 4
3.000092 299 4 4
3.000092 300 4 4
3.000092 301 4 4
3.000092 302 1 1
3.000092 303 4 4
3.000092 304 3 3
3.000092 305 4 4
3.000092 306 3 3
3.000092 307 4 4
3.000092 308 4 4
3.000092 309 4 4
3.000092 310 5 5
3.000092 311 4 4
3.000092 312 4 4
3.000092 313 4 4
3.000092 314 4 4
3.000092 315 4 4
3.000092 316 4 4
3.000092 317 4 4
3.000092 318 5 5
3.000092 319 4 4
3.000092 320 4 4
3.000092 321 3 3
3.000092 322 4 4
3.000092 323 4 4
3.000092 324 4 4
3.000092 325 4 4
3.000092 326 4 4
3.000092 327 4 4
3.000092 329 4 4
3.000092 330 4 4
3.000092 331 4 4
3.000092 332 4 4
3.000092 333 3 3
3.000092 335 4 4
3.000092 336 4 4
3.000092 337 4 4
3.000092 338 4 4
3.000092 339 4 4
3.000092 340 4 4
3.000092 341 4 4
3.000092 342 4 4
3.000092 343 4 4
3.000092 344 4 4
3.000092 345 4 4
3.000092 346 4 4
3.000092 347 4 4
3.000092 348 4 4
3.000092 349 5 5
3.000092 350 4 4
3.000092 351 3 3
3.000092 352 4 4
3.000092 353 4 4
3.000092 354 4 4
3.000092 355 4 4
3.000092 356 4 4
3.000092 357 4 4
3.000092 358 4 4
3.000092 359 4 4
3.000092 360 3 3
3.000092 361 4 4
3.000092 362 4 4
3.000092 363 4 4
3.000092 364 4 4
3.000092 365 4 4
3.000092 366 4 4
3.000092 367 4 4
3.000092 368 3 3
3.000092 369 4 4
3.000092 370 4 4
3.000092 371 4 4
3.000092 372 3 3
3.000092 373 3 3
3.000092 374 3 3
3.000092 375 4 4
3.000092 376 4 4
3.000092 377 4 4
3.000092 378 2 2
3.000092 379 4 4
3.000092 380 4 4
3.000092 381 3 3
3.000092 382 4 4
3.000092 383 4 4
3.000092 384 1 1
3.000092 385 4 4
3.000092 386 4 4
3.000092 387 4 4
3.000092 388 4 4
3.000092 389 4 4
3.000092 390 4 4
3.000092 391 4 4
3.000092 392 4 4
3.000092 393 4 4
3.000092 394 4 4
3.000092 395 4 4
3.000092 396 4 4
3.000092 397 4 4
3.000092 398 4 4
3.000092 399 4 4
3.000092 400 4 4
3.000092 401 4 4
3.000092 402 2 2
3.000092 403 4 4
3.000092 404 2 2
3.000092 405 4 4
3.000092 406 4 4
3.000092 407 4 4
3.000092 408 4 4
3.000092 409 4 4
3.000092 410 4 4
3.000092 411 4 4
3.000092 412 4 4
3.000092 413 4 4
3.000092 414 4 4
3.000092 415 4 4
3.000092 416 4 4
3.000092 417 3 3
3.000092 418 4 4
3.000092 419 4 4
3.000092 420 4 4
3.000092 421 4 4
3.000092 422 4 4
3.000092 423 4 4
3.000092 424 4 4
3.000092 425 4 4
3.000092 426 4 4
3.000092 427 4 4
3.000092 428 4 4
3.000092 429 3 3
3.000092 430 4 4
3.000092 431 4 4
3.000092 432 4 4
3.000092 433 4 4
3.000092 434 4 4
3.000092 435 4 4
3.000092 436 4 4
3.000092 437 4 4
3.000092 438 5 5
3.000092 439 4 4
3.000092 440 4 4
3.000092 441 4 4
3.000092 442 4 4
3.000092 443 4 4
3.000092 444 4 4
3.000092 445 4 4
3.000092 446 3 3
3.000092 447 4 4
3.000092 448 4 4
3.000092 449 4 4
3.000092 450 4 4
3.000092 451 4 4
3.000092 452 4 4
3.000092 453 4 4
3.000092 454 4 4
3.000092 455 3 3
3.000092 456 2 2
3.000092 457 4 4
3.000092 458 4 4
3.000092 459 2 2
3.000092 461 4 4
3.000092 462 3 3
3.000092 463 4 4
3.000092 465 4 4
3.000092 466 4 4
3.000092 467 3 3
3.000092 468 3 3
3.000092 469 4 4
3.000092 470 4 4
3.000092 471 4 4
3.000092 472 4 4
3.000092 473 4 4
3.000092 474 3 3
3.000092 475 4 4
3.000092 476 4 4
3.000092 478 4 4
3.000092 479 4 4
3.000092 480 4 4
3.000092 481 3 3
3.000092 482 4 4
3.000092 483 4 4
3.000092 484 4 4
3.000092 485 4 4
3.000092 486 4 4
3.000092 487 4 4
3.000092 488 4 4
3.000092 489 4 4
3.000092 490 4 4
3.000092 491 4 4
3.000092 492 4 4
3.000092 493 4 4
3.000092 494 4 4
3.000092 495 4 4
3.000092 497 4 4
3.000092 499 4 4
3.000092 500 4 4
3.000092 501 4 4
3.000092 502 4 4
3.000092 503 4 4
3.000092 504 4 4
3.000092 505 4 4
3.000092 506 4 4
3.000092 507 4 4
3.000092 508 4 4
3.000092 509 4 4
3.000092 510 4 4
3.000092 511 4 4
3.000092 512 4 4
3.000092 513 4 4
3.000092 514 4 4
3.000092 515 4 4
3.000092 516 4 4
3.000092 517 4 4
3.000092 518 4 4
3.000092 519 4 4
3.000092 520 4 4
3.000092 521 4 4
3.000092 522 3 3
3.000092 523 4 4
3.000092 524 4 4
3.000092 526 4 4
3.000092 527 4 4
3.000092 528 4 4
3.000092 529 4 4
3.000092 530 4 4
3.000092 531 4 4
3.000092 532 2 2
3.000092 533 4 4
3.000092 534 4 4
3.000092 535 4 4
3.000092 537 4 4
3.000092 538 3 3
3.000092 539 4 4
3.000092 540 4 4
3.000092 541 4 4
3.000092 542 4 4
3.000092 543 4 4
3.000092 544 4 4
3.000092 546 3 3
3.000092 548 4 4
3.000092 549 4 4
4.000122 0 8 8
4.000122 1 6 6
4.000122 2 7 7
4.000122 3 7 7
4.000122 4 5 5
4.000122 5 7 7
4.000122 6 6 6
4.000122 7 5 5
4.000122 8 7 7
4.000122 9 4 4
4.000122 10 7 7
4.000122 11 7 7
4.000122 13 6 6
4.000122 14 7 7
4.000122 15 6 6
4.000122 16 4 4
4.000122 17 6 6
4.000122 18 5 5
4.000122 19 5 5
4.000122 21 7 7
4.000122 22 8 8
4.000122 23 6 6
4.000122 24 6 6
4.000122 25 7 7
4.000122 26 5 5
4.000122 27 8 8
4.000122 28 6 6
4.000122 29 6 6
4.000122 30 6 6
4.000122 31 6 6
4.000122 32 7 7
4.000122 33 5 5
4.000122 34 8 8
4.000122 35 6 6
4.000122 36 7 7
4.000122 37 5 5
4.000122 38 2 2
4.000122 39 6 6
4.000122 40 6 6
4.000122 42 5 5
4.000122 43 5 5
4.000122 44 4 4
4.000122 45 6 6
4.000122 46 5 5
4.000122 47 5 5
4.000122 48 5 5
4.000122 49 4 4
4.000122 50 2 2
4.000122 51 5 5
4.000122 52 6 6
4.000122 53 7 7
4.000122 54 7 7
4.000122 55 6 6
4.000122 56 7 7
4.000122 57 5 5
4.000122 59 6 6
4.000122 60 6 6
4.000122 61 5 5
4.000122 62 8 8
4.000122 63 4 4
4.000122 65 4 4
4.000122 66 6 6
4.000122 67 6 6
4.000122 68 6 6
4.000122 69 6 6
4.000122 70 5 5
4.000122 71 6 6
4.000122 73 6 6
4.000122 74 4 4
4.000122 75 4 4
4.000122 76 5 5
4.000122 77 6 6
4.000122 78 7 7
4.000122 79 8 8
4.000122 80 6 6
4.000122 81 7 7
4.000122 82 6 6
4.000122 83 8 8
4.000122 84 5 5
4.000122 85 6 6
4.000122 86 5 5
4.000122 87 8 8
4.000122 88 5 5
4.000122 89 7 7
4.000122 90 6 6
4.000122 92 5 5
4.000122 93 7 7
4.000122 94 5 5
4.000122 95 7 7
4.000122 96 7 7
4.000122 97 5 5
4.000122 98 4 4
4.000122 99 4 4
4.000122 100 5 5
4.000122 102 8 8
4.000122 103 8 8
4.000122 104 5 5
4.000122 105 8 8
4.000122 106 6 6
4.000122 107 7 7
4.000122 108 7 7
4.000122 109 4 4
4.000122 110 6 6
4.000122 111 5 5
4.000122 112 5 5
4.000122 113 5 5
4.000122 114 5 5
4.000122 115 8 8
4.000122 116 6 6
4.000122 117 6 6
4.000122 119 6 6
4.000122 120 4 4
4.000122 121 5 5
4.000122 123 4 4
4.000122 124 3 3
4.000122 125 6 6
4.000122 126 5 5
4.000122 127 7 7
4.000122 128 6 6
4.000122 129 8 8
4.000122 130 8 8
4.000122 131 8 8
4.000122 132 7 7
4.000122 133 6 6
4.000122 134 6 6
4.000122 135 5 5
4.000122 136 7 7
4.000122 137 8 8
4.000122 138 7 7
4.000122 140 4 4
4.000122 141 4 4
4.000122 142 1 1
4.000122 143 7 7
4.000122 144 5 5
4.000122 145 6 6
4.000122 146 6 6
4.000122 147 9 9
4.000122 148 7 7
4.000122 149 8 8
4.000122 151 4 4
4.000122 152 4 4
4.000122 153 6 6
4.000122 154 7 7
4.000122 155 6 6
4.000122 156 7 7
4.000122 157 6 6
4.000122 158 6 6
4.000122 159 4 4
4.000122 160 7 7
4.000122 161 5 5
4.000122 162 7 7
4.000122 163 5 5
4.000122 164 8 8
4.000122 165 6 6
4.000122 166 5 5
4.000122 167 7 7
4.000122 168 5 5
4.000122 169 8 8
4.000122 170 8 8
4.000122 171 5 5
4.000122 172 5 5
4.000122 174 4 4
4.000122 175 6 6
4.000122 176 6 6
4.000122 177 5 5
4.000122 178 8 8
4.000122 179 5 5
4.000122 180 7 7
4.000122 181 6 6
4.000122 182 6 6
4.000122 183 4 4
4.000122 184 8 8
4.000122 185 5 5
4.000122 187 5 5
4.000122 188 8 8
4.000122 189 1 1
4.000122 190 7 7
4.000122 191 7 7
4.000122 192 4 4
4.000122 193 9 9
4.000122 194 4 4
4.000122 196 7 7
4.000122 197 4 4
4.000122 198 6 6
4.000122 199 5 5
4.000122 200 5 5
4.000122 201 6 6
4.000122 202 7 7
4.000122 203 5 5
4.000122 204 7 7
4.000122 205 4 4
4.000122 207 7 7
4.000122 208 8 8
4.000122 211 8 8
4.000122 212 5 5
4.000122 213 7 7
4.000122 214 7 7
4.000122 215 6 6
4.000122 216 7 7
4.000122 217 7 7
4.000122 218 7 7
4.000122 219 6 6
4.000122 220 8 8
4.000122 221 6 6
4.000122 223 7 7
4.000122 225 8 8
4.000122 226 5 5
4.000122 228 8 8
4.000122 229 6 6
4.000122 231 5 5
4.000122 233 6 6
4.000122 234 4 4
4.000122 235 4 4
4.000122 236 6 6
4.000122 237 6 6
4.000122 238 8 8
4.000122 239 7 7
4.000122 240 7 7
4.000122 241 8 8
4.000122 242 4 4
4.000122 243 6 6
4.000122 244 6 6
4.000122 245 4 4
4.000122 246 8 8
4.000122 248 8 8
4.000122 249 6 6
4.000122 250 5 5
4.000122 251 5 5
4.000122 252 5 5
4.000122 253 7 7
4.000122 254 4 4
4.000122 256 5 5
4.000122 257 4 4
4.000122 258 6 6
4.000122 259 5 5
4.000122 260 4 4
4.000122 261 6 6
4.000122 262 7 7
4.000122 263 5 5
4.000122 264 6 6
4.000122 265 4 4
4.000122 266 5 5
4.000122 267 6 6
4.000122 268 7 7
4.000122 269 6 6
4.000122 271 4 4
4.000122 272 7 7
4.000122 273 7 7
4.000122 274 7 7
4.000122 275 6 6
4.000122 277 6 6
4.000122 278 5 5
4.000122 279 7 7
4.000122 280 8 8
4.000122 281 5 5
4.000122 282 4 4
4.000122 283 8 8
4.000122 284 5 5
4.000122 285 6 6
4.000122 286 6 6
4.000122 287 7 7
4.000122 288 6 6
4.000122 289 4 4
4.000122 290 7 7
4.000122 291 7 7
4.000122 292 6 6
4.000122 293 8 8
4.000122 294 8 8
4.000122 295 7 7
4.000122 296 6 6
4.000122 297 6 6
4.000122 298 6 6
4.000122 299 7 7
4.000122 300 5 5
4.000122 301 5 5
4.000122 302 2 2
4.000122 303 5 5
4.000122 304 5 5
4.000122 305 7 7
4.000122 306 6 6
4.000122 307 7 7
4.000122 308 5 5
4.000122 309 8 8
4.000122 310 8 8
4.000122 311 7 7
4.000122 312 6 6
4.000122 313 4 4
4.000122 314 6 6
4.000122 315 6 6
4.000122 316 8 8
4.000122 317 7 7
4.000122 318 7 7
4.000122 319 8 8
4.000122 320 5 5
4.000122 321 4 4
4.000122 322 6 6
4.000122 323 8 8
4.000122 324 4 4
4.000122 325 6 6
4.000122 326 8 8
4.000122 327 4 4
4.000122 329 6 6
4.000122 330 7 7
4.000122 331 7 7
4.000122 332 6 6
4.000122 333 5 5
4.000122 335 6 6
4.000122 336 8 8
4.000122 337 5 5
4.000122 338 6 6
4.000122 339 5 5
4.000122 340 7 7
4.000122 341 8 8
4.000122 342 7 7
4.000122 343 6 6
4.000122 344 8 8
4.000122 345 4 4
4.000122 346 7 7
4.000122 347 4 4
4.000122 348 6 6
4.000122 349 7 7
4.000122 350 4 4
4.000122 351 5 5
4.000122 352 6 6
4.000122 353 5 5
4.000122 354 6 6
4.000122 355 4 4
4.000122 356 5 5
4.000122 357 6 6
4.000122 358 8 8
4.000122 359 8 8
4.000122 360 5 5
4.000122 361 7 7
4.000122 362 4 4
4.000122 363 4 4
4.000122 364 5 5
4.000122 365 6 6
4.000122 366 5 5
4.000122 367 8 8
4.000122 368 4 4
4.000122 369 7 7
4.000122 370 5 5
4.000122 371 6 6
4.000122 372 5 5
4.000122 373 6 6
4.000122 374 5 5
4.000122 375 6 6
4.000122 376 6 6
4.000122 377 7 7
4.000122 378 4 4
4.000122 379 7 7
4.000122 380 7 7
4.000122 381 4 4
4.000122 382 5 5
4.000122 383 6 6
4.000122 384 2 2
4.000122 385 5 5
4.000122 386 7 7
4.000122 387 7 7
4.000122 388 5 5
4.000122 389 8 8
4.000122 390 6 6
4.000122 391 6 6
4.000122 392 5 5
4.000122 393 6 6
4.000122 394 6 6
4.000122 395 5 5
4.000122 396 5 5
4.000122 397 7 7
4.000122 398 6 6
4.000122 399 8 8
4.000122 400 4 4
4.000122 401 5 5
4.000122 402 2 2
4.000122 403 5 5
4.000122 404 3 3
4.000122 405 7 7
4.000122 406 6 6
4.000122 407 7 7
4.000122 408 4 4
4.000122 409 5 5
4.000122 410 8 8
4.000122 411 6 6
4.000122 412 5 5
4.000122 413 6 6
4.000122 414 8 8
4.000122 415 4 4
4.000122 416 6 6
4.000122 417 6 6
4.000122 418 5 5
4.000122 419 6 6
4.000122 420 4 4
4.000122 421 5 5
4.000122 422 7 7
4.000122 423 6 6
4.000122 424 5 5
4.000122 425 4 4
4.000122 426 8 8
4.000122 427 5 5
4.000122 428 6 6
4.000122 429 6 6
4.000122 430 7 7
4.000122 431 6 6
4.000122 432 8 8
4.000122 433 6 6
4.000122 434 5 5
4.000122 435 4 4
4.000122 436 7 7
4.000122 437 7 7
4.000122 438 9 9
4.000122 439 7 7
4.000122 440 7 7
4.000122 441 6 6
4.000122 442 7 7
4.000122 443 5 5
4.000122 444 6 6
4.000122 445 5 5
4.000122 446 4 4
4.000122 447 4 4
4.000122 448 7 7
4.000122 449 7 7
4.000122 450 8 8
4.000122 451 8 8
4.000122 452 5 5
4.000122 453 7 7
4.000122 454 7 7
4.000122 455 6 6
4.000122 456 2 2
4.000122 457 8 8
4.000122 458 5 5
4.000122 459 4 4
4.000122 461 7 7
4.000122 462 6 6
4.000122 463 6 6
4.000122 465 7 7
4.000122 466 6 6
4.000122 467 5 5
4.000122 468 5 5
4.000122 469 6 6
4.000122 470 4 4
4.000122 471 5 5
4.000122 472 6 6
4.000122 473 4 4
4.000122 474 5 5
4.000122 475 7 7
4.000122 476 8 8
4.000122 478 5 5
4.000122 479 6 6
4.000122 480 7 7
4.000122 481 6 6
4.000122 482 4 4
4.000122 483 6 6
4.000122 484 7 7
4.000122 485 6 6
4.000122 486 8 8
4.000122 487 7 7
4.000122 488 6 6
4.000122 489 7 7
4.000122 490 8 8
4.000122 491 7 7
4.000122 492 7 7
4.000122 493 8 8
4.000122 494 5 5
4.000122 495 7 7
4.000122 497 8 8
4.000122 499 5 5
4.000122 500 6 6
4.000122 501 6 6
4.000122 502 6 6
4.000122 503 5 5
4.000122 504 7 7
4.000122 505 6 6
4.000122 506 7 7
4.000122 507 8 8
4.000122 508 6 6
4.000122 509 4 4
4.000122 510 6 6
4.000122 511 5 5
4.000122 512 5 5
4.000122 513 7 7
4.000122 514 6 6
4.000122 515 7 7
4.000122 516 6 6
4.000122 517 6 6
4.000122 518 8 8
4.000122 519 6 6
4.000122 520 8 8
4.000122 521 5 5
4.000122 522 5 5
4.000122 523 7 7
4.000122 524 7 7
4.000122 526 6 6
4.000122 527 5 5
4.000122 528 7 7
4.000122 529 8 8
4.000122 530 7 7
4.000122 531 6 6
4.000122 532 4 4
4.000122 533 7 7
4.000122 534 8 8
4.000122 535 6 6
4.000122 537 5 5
4.000122 538 6 6
4.000122 539 6 6
4.000122 540 5 5
4.000122 541 5 5
4.000122 542 7 7
4.000122 543 6 6
4.000122 544 8 8
4.000122 546 6 6
4.000122 548 6 6
4.000122 549 6 6
5.000153 0 12 12
5.000153 1 8 8
5.000153 2 8 8
5.000153 3 10 10
5.000153 4 9 9
5.000153 5 10 10
5.000153 6 9 9
5.000153 7 6 6
5.000153 8 7 7
5.000153 9 7 7
5.000153 10 9 9
5.000153 11 12 12
5.000153 13 8 8
5.000153 14 9 9
5.000153 15 10 10
5.000153 16 7 7
5.000153 17 10 10
5.000153 18 8 8
5.000153 19 8 8
5.000153 21 8 8
5.000153 22 11 11
5.000153 23 8 8
5.000153 24 11 11
5.000153 25 10 10
5.000153 26 9 9
5.000153 27 4 4
5.000153 28 9 9
5.000153 29 9 9
5.000153 30 9 9
5.000153 31 8 8
5.000153 32 10 10
5.000153 33 10 10
5.000153 34 13 13
5.000153 35 11 11
5.000153 36 10 10
5.000153 37 9 9
5.000153 38 2 2
5.000153 39 8 8
5.000153 40 8 8
5.000153 42 8 8
5.000153 43 8 8
5.000153 44 8 8
5.000153 45 9 9
5.000153 46 8 8
5.000153 47 8 8
5.000153 48 8 8
5.000153 49 9 9
5.000153 50 3 3
5.000153 51 8 8
5.000153 52 9 9
5.000153 53 10 10
5.000153 54 11 11
5.000153 55 10 10
5.000153 56 10 10
5.000153 57 7 7
5.000153 59 9 9
5.000153 60 8 8
5.000153 61 9 9
5.000153 62 10 10
5.000153 63 8 8
5.000153 65 6 6
5.000153 66 10 10
5.000153 67 9 9
5.000153 68 8 8
5.000153 69 8 8
5.000153 70 9 9
5.000153 71 8 8
5.000153 73 9 9
5.000153 74 8 8
5.000153 75 8 8
5.000153 76 9 9
5.000153 77 9 9
5.000153 78 8 8
5.000153 79 12 12
5.000153 80 9 9
5.000153 81 10 10
5.000153 82 9 9
5.000153 83 11 11
5.000153 84 9 9
5.000153 85 11 11
5.000153 86 9 9
5.000153 87 8 8
5.000153 88 9 9
5.000153 89 10 10
5.000153 90 9 9
5.000153 92 8 8
5.000153 93 9 9
5.000153 94 9 9
5.000153 95 10 10
5.000153 96 10 10
5.000153 97 8 8
5.000153 98 8 8
5.000153 99 8 8
5.000153 100 8 8
5.000153 102 9 9
5.000153 103 15 15
5.000153 104 8 8
5.000153 105 14 14
5.000153 106 8 8
5.000153 107 9 9
5.000153 108 8 8
5.000153 109 8 8
5.000153 110 11 11
5.000153 111 8 8
5.000153 112 8 8
5.000153 113 10 10
5.000153 114 8 8
5.000153 115 9 9
5.000153 116 8 8
5.000153 117 8 8
5.000153 119 8 8
5.000153 120 8 8
5.000153 121 8 8
5.000153 123 7 7
5.000153 125 7 7
5.000153 126 8 8
5.000153 127 10 10
5.000153 128 9 9
5.000153 129 12 12
5.000153 130 11 11
5.000153 131 10 10
5.000153 132 13 13
5.000153 133 9 9
5.000153 134 8 8
5.000153 135 8 8
5.000153 136 10 10
5.000153 137 11 11
5.000153 138 10 10
5.000153 140 7 7
5.000153 141 8 8
5.000153 142 2 2
5.000153 143 11 11
5.000153 144 8 8
5.000153 145 8 8
5.000153 146 8 8
5.000153 147 11 11
5.000153 148 11 11
5.000153 149 9 9
5.000153 151 8 8
5.000153 152 8 8
5.000153 153 10 10
5.000153 154 11 11
5.000153 155 9 9
5.000153 156 10 10
5.000153 157 8 8
5.000153 158 5 5
5.000153 159 8 8
5.000153 160 9 9
5.000153 161 8 8
5.000153 162 10 10
5.000153 163 9 9
5.000153 164 10 10
5.000153 165 8 8
5.000153 166 9 9
5.000153 167 8 8
5.000153 168 8 8
5.000153 169 11 11
5.000153 170 14 14
5.000153 171 8 8
5.000153 172 8 8
5.000153 174 8 8
5.000153 175 9 9
5.000153 176 8 8
5.000153 177 8 8
5.000153 178 13 13
5.000153 179 9 9
5.000153 180 8 8
5.000153 181 10 10
5.000153 182 9 9
5.000153 183 8 8
5.000153 184 12 12
5.000153 185 8 8
5.000153 187 9 9
5.000153 188 11 11
5.000153 189 3 3
5.000153 190 10 10
5.000153 191 11 11
5.000153 192 8 8
5.000153 193 14 14
5.000153 194 8 8
5.000153 196 9 9
5.000153 197 6 6
5.000153 198 11 11
5.000153 199 8 8
5.000153 200 8 8
5.000153 201 8 8
5.000153 202 10 10
5.000153 203 8 8
5.000153 204 8 8
5.000153 205 8 8
5.000153 207 10 10
5.000153 208 12 12
5.000153 211 11 11
5.000153 212 9 9
5.000153 213 9 9
5.000153 214 9 9
5.000153 215 8 8
5.000153 216 12 12
5.000153 217 8 8
5.000153 218 8 8
5.000153 219 5 5
5.000153 220 11 11
5.000153 221 8 8
5.000153 223 10 10
5.000153 225 10 10
5.000153 226 8 8
5.000153 228 10 10
5.000153 229 8 8
5.000153 231 8 8
5.000153 233 9 9
5.000153 234 8 8
5.000153 235 8 8
5.000153 236 8 8
5.000153 237 9 9
5.000153 238 12 12
5.000153 239 10 10
5.000153 240 11 11
5.000153 241 8 8
5.000153 242 8 8
5.000153 243 8 8
5.000153 244 10 10
5.000153 245 8 8
5.000153 246 10 10
5.000153 248 9 9
5.000153 249 8 8
5.000153 250 6 6
5.000153 251 8 8
5.000153 252 9 9
5.000153 253 8 8
5.000153 254 8 8
5.000153 256 9 9
5.000153 257 8 8
5.000153 258 9 9
5.000153 259 8 8
5.000153 260 8 8
5.000153 261 9 9
5.000153 262 9 9
5.000153 263 8 8
5.000153 264 9 9
5.000153 265 8 8
5.000153 266 8 8
5.000153 267 8 8
5.000153 268 9 9
5.000153 269 9 9
5.000153 271 8 8
5.000153 272 9 9
5.000153 273 8 8
5.000153 274 10 10
5.000153 275 9 9
5.000153 277 8 8
5.000153 278 8 8
5.000153 279 10 10
5.000153 280 10 10
5.000153 281 8 8
5.000153 282 8 8
5.000153 283 8 8
5.000153 284 8 8
5.000153 285 8 8
5.000153 286 11 11
5.000153 287 11 11
5.000153 288 10 10
5.000153 289 8 8
5.000153 290 9 9
5.000153 291 10 10
5.000153 292 8 8
5.000153 293 13 13
5.000153 294 13 13
5.000153 295 9 9
5.000153 296 9 9
5.000153 297 8 8
5.000153 298 9 9
5.000153 299 9 9
5.000153 300 8 8
5.000153 301 9 9
5.000153 302 2 2
5.000153 303 9 9
5.000153 304 8 8
5.000153 305 9 9
5.000153 306 10 10
5.000153 307 9 9
5.000153 308 8 8
5.000153 309 14 14
5.000153 310 12 12
5.000153 311 10 10
5.000153 312 9 9
5.000153 313 8 8
5.000153 314 9 9
5.000153 315 8 8
5.000153 316 12 12
5.000153 317 8 8
5.000153 318 10 10
5.000153 319 12 12
5.000153 320 9 9
5.000153 321 7 7
5.000153 322 8 8
5.000153 323 11 11
5.000153 324 8 8
5.000153 325 9 9
5.000153 326 11 11
5.000153 327 8 8
5.000153 329 8 8
5.000153 330 8 8
5.000153 331 10 10
5.000153 332 8 8
5.000153 333 9 9
5.000153 335 9 9
5.000153 336 10 10
5.000153 337 10 10
5.000153 338 9 9
5.000153 339 10 10
5.000153 340 10 10
5.000153 341 11 11
5.000153 342 10 10
5.000153 343 8 8
5.000153 344 11 11
5.000153 345 8 8
5.000153 346 10 10
5.000153 347 8 8
5.000153 348 8 8
5.000153 349 12 12
5.000153 350 8 8
5.000153 351 8 8
5.000153 352 9 9
5.000153 353 8 8
5.000153 354 9 9
5.000153 355 8 8
5.000153 356 8 8
5.000153 357 10 10
5.000153 358 10 10
5.000153 359 9 9
5.000153 360 7 7
5.000153 361 11 11
5.000153 362 8 8
5.000153 363 8 8
5.000153 364 10 10
5.000153 365 8 8
5.000153 366 9 9
5.000153 367 10 10
5.000153 368 7 7
5.000153 369 10 10
5.000153 370 8 8
5.000153 371 10 10
5.000153 372 10 10
5.000153 373 8 8
5.000153 374 8 8
5.000153 375 7 7
5.000153 376 10 10
5.000153 377 9 9
5.000153 378 7 7
5.000153 379 8 8
5.000153 380 9 9
5.000153 381 7 7
5.000153 382 8 8
5.000153 383 8 8
5.000153 384 2 2
5.000153 385 8 8
5.000153 386 9 9
5.000153 387 11 11
5.000153 388 8 8
5.000153 389 12 12
5.000153 390 11 11
5.000153 391 8 8
5.000153 392 8 8
5.000153 393 9 9
5.000153 394 9 9
5.000153 395 8 8
5.000153 396 8 8
5.000153 397 8 8
5.000153 398 10 10
5.000153 399 9 9
5.000153 400 8 8
5.000153 401 8 8
5.000153 402 2 2
5.000153 403 9 9
5.000153 404 5 5
5.000153 405 12 12
5.000153 406 10 10
5.000153 407 9 9
5.000153 408 8 8
5.000153 409 8 8
5.000153 410 9 9
5.000153 411 9 9
5.000153 412 9 9
5.000153 413 8 8
5.000153 414 12 12
5.000153 415 8 8
5.000153 416 10 10
5.000153 417 8 8
5.000153 418 8 8
5.000153 419 9 9
5.000153 420 8 8
5.000153 421 8 8
5.000153 422 13 13
5.000153 423 8 8
5.000153 424 9 9
5.000153 425 6 6
5.000153 426 10 10
5.000153 427 8 8
5.000153 428 9 9
5.000153 429 9 9
5.000153 430 8 8
5.000153 431 8 8
5.000153 432 10 10
5.000153 433 8 8
5.000153 434 8 8
5.000153 435 8 8
5.000153 436 9 9
5.000153 437 10 10
5.000153 438 13 13
5.000153 439 10 10
5.000153 440 12 12
5.000153 441 9 9
5.000153 442 10 10
5.000153 443 9 9
5.000153 444 8 8
5.000153 445 8 8
5.000153 446 8 8
5.000153 447 8 8
5.000153 448 11 11
5.000153 449 9 9
5.000153 450 10 10
5.000153 451 7 7
5.000153 452 9 9
5.000153 453 9 9
5.000153 454 10 10
5.000153 455 8 8
5.000153 456 2 2
5.000153 457 8 8
5.000153 458 7 7
5.000153 459 7 7
5.000153 461 7 7
5.000153 462 9 9
5.000153 463 9 9
5.000153 465 11 11
5.000153 466 10 10
5.000153 467 7 7
5.000153 468 9 9
5.000153 469 8 8
5.000153 470 8 8
5.000153 471 8 8
5.000153 472 9 9
5.000153 473 8 8
5.000153 474 8 8
5.000153 475 8 8
5.000153 476 9 9
5.000153 478 8 8
5.000153 479 10 10
5.000153 480 10 10
5.000153 481 8 8
5.000153 482 8 8
5.000153 483 11 11
5.000153 484 9 9
5.000153 485 8 8
5.000153 486 9 9
5.000153 487 10 10
5.000153 488 12 12
5.000153 489 11 11
5.000153 490 10 10
5.000153 491 8 8
5.000153 492 9 9
5.000153 493 11 11
5.000153 494 8 8
5.000153 495 12 12
5.000153 497 14 14
5.000153 499 8 8
5.000153 500 9 9
5.000153 501 8 8
5.000153 502 8 8
5.000153 503 8 8
5.000153 504 10 10
5.000153 505 8 8
5.000153 506 9 9
5.000153 507 11 11
5.000153 508 12 12
5.000153 509 8 8
5.000153 510 10 10
5.000153 511 9 9
5.000153 512 8 8
5.000153 513 11 11
5.000153 514 8 8
5.000153 515 12 12
5.000153 516 9 9
5.000153 517 8 8
5.000153 518 11 11
5.000153 519 9 9
5.000153 520 9 9
5.000153 521 8 8
5.000153 522 10 10
5.000153 523 12 12
5.000153 524 9 9
5.000153 526 8 8
5.000153 527 8 8
5.000153 528 11 11
5.000153 529 9 9
5.000153 530 9 9
5.000153 531 8 8
5.000153 532 8 8
5.000153 533 9 9
5.000153 534 8 8
5.000153 535 9 9
5.000153 537 8 8
5.000153 538 9 9
5.000153 539 9 9
5.000153 540 8 8
5.000153 541 8 8
5.000153 542 9 9
5.000153 543 9 9
5.000153 544 9 9
5.000153 546 10 10
5.000153 548 11 11
5.000153 549 8 8
6.000183 0 18 18
6.000183 1 15 15
6.000183 2 15 15
6.000183 3 17 17
6.000183 4 16 16
6.000183 5 15 15
6.000183 6 12 12
6.000183 9 14 14
6.000183 11 17 17
6.000183 13 16 16
6.000183 14 17 17
6.000183 15 17 17
6.000183 16 6 6
6.000183 17 15 15
6.000183 19 6 6
6.000183 21 16 16
6.000183 22 19 19
6.000183 23 12 12
6.000183 24 17 17
6.000183 25 17 17
6.000183 26 13 13
6.000183 29 16 16
6.000183 30 16 16
6.000183 31 15 15
6.000183 32 17 17
6.000183 33 17 17
6.000183 34 17 17
6.000183 35 17 17
6.000183 36 15 15
6.000183 37 16 16
6.000183 39 14 14
6.000183 40 15 15
6.000183 42 13 13
6.000183 44 14 14
6.000183 45 16 16
6.000183 46 16 16
6.000183 47 14 14
6.000183 48 16 16
6.000183 51 14 14
6.000183 52 17 17
6.000183 54 16 16
6.000183 55 15 15
6.000183 56 16 16
6.000183 57 13 13
6.000183 59 15 15
6.000183 60 16 16
6.000183 61 15 15
6.000183 62 17 17
6.000183 63 12 12
6.000183 65 12 12
6.000183 66 13 13
6.000183 67 15 15
6.000183 69 15 15
6.000183 70 15 15
6.000183 71 15 15
6.000183 73 14 14
6.000183 74 12 12
6.000183 75 14 14
6.000183 76 16 16
6.000183 77 15 15
6.000183 78 16 16
6.000183 79 17 17
6.000183 81 3 3
6.000183 82 14 14
6.000183 83 17 17
6.000183 84 15 15
6.000183 85 14 14
6.000183 87 15 15
6.000183 88 14 14
6.000183 89 17 17
6.000183 90 15 15
6.000183 95 16 16
6.000183 96 16 16
6.000183 97 13 13
6.000183 98 15 15
6.000183 99 13 13
6.000183 102 16 16
6.000183 103 22 22
6.000183 105 18 18
6.000183 107 15 15
6.000183 110 17 17
6.000183 111 7 7
6.000183 112 13 13
6.000183 113 17 17
6.000183 114 14 14
6.000183 115 17 17
6.000183 117 13 13
6.000183 119 16 16
6.000183 120 16 16
6.000183 121 13 13
6.000183 123 12 12
6.000183 125 14 14
6.000183 126 16 16
6.000183 127 17 17
6.000183 129 17 17
6.000183 130 19 19
6.000183 131 17 17
6.000183 132 19 19
6.000183 133 15 15
6.000183 134 16 16
6.000183 135 13 13
6.000183 136 16 16
6.000183 137 19 19
6.000183 140 9 9
6.000183 141 14 14
6.000183 143 17 17
6.000183 144 16 16
6.000183 146 15 15
6.000183 148 17 17
6.000183 149 16 16
6.000183 151 11 11
6.000183 152 14 14
6.000183 153 15 15
6.000183 154 16 16
6.000183 155 16 16
6.000183 156 15 15
6.000183 157 15 15
6.000183 159 13 13
6.000183 160 17 17
6.000183 161 13 13
6.000183 162 16 16
6.000183 164 18 18
6.000183 165 13 13
6.000183 167 16 16
6.000183 168 13 13
6.000183 169 16 16
6.000183 170 19 19
6.000183 171 15 15
6.000183 172 13 13
6.000183 175 16 16
6.000183 176 16 16
6.000183 177 15 15
6.000183 178 17 17
6.000183 179 15 15
6.000183 180 14 14
6.000183 181 15 15
6.000183 182 14 14
6.000183 184 15 15
6.000183 185 14 14
6.000183 187 17 17
6.000183 188 17 17
6.000183 190 14 14
6.000183 192 16 16
6.000183 193 14 14
6.000183 194 14 14
6.000183 198 16 16
6.000183 199 13 13
6.000183 200 16 16
6.000183 201 16 16
6.000183 202 16 16
6.000183 203 16 16
6.000183 204 16 16
6.000183 205 14 14
6.000183 207 15 15
6.000183 211 1 1
6.000183 212 15 15
6.000183 213 3 3
6.000183 214 16 16
6.000183 215 15 15
6.000183 220 17 17
6.000183 221 12 12
6.000183 223 8 8
6.000183 226 12 12
6.000183 228 16 16
6.000183 229 14 14
6.000183 231 13 13
6.000183 233 13 13
6.000183 234 15 15
6.000183 235 11 11
6.000183 236 12 12
6.000183 237 17 17
6.000183 238 19 19
6.000183 240 15 15
6.000183 241 16 16
6.000183 242 15 15
6.000183 243 16 16
6.000183 244 3 3
6.000183 245 12 12
6.000183 246 16 16
6.000183 249 12 12
6.000183 251 14 14
6.000183 252 15 15
6.000183 253 15 15
6.000183 254 14 14
6.000183 256 16 16
6.000183 258 13 13
6.000183 259 15 15
6.000183 261 13 13
6.000183 263 12 12
6.000183 264 14 14
6.000183 265 13 13
6.000183 268 15 15
6.000183 269 14 14
6.000183 271 10 10
6.000183 272 16 16
6.000183 273 15 15
6.000183 274 16 16
6.000183 279 18 18
6.000183 280 16 16
6.000183 281 14 14
6.000183 282 14 14
6.000183 283 16 16
6.000183 284 16 16
6.000183 286 15 15
6.000183 287 11 11
6.000183 288 15 15
6.000183 289 11 11
6.000183 292 16 16
6.000183 293 18 18
6.000183 294 20 20
6.000183 296 2 2
6.000183 297 13 13
6.000183 298 15 15
6.000183 299 16 16
6.000183 300 13 13
6.000183 301 16 16
6.000183 303 13 13
6.000183 305 16 16
6.000183 307 16 16
6.000183 308 15 15
6.000183 309 19 19
6.000183 310 19 19
6.000183 311 17 17
6.000183 312 15 15
6.000183 314 15 15
6.000183 315 15 15
6.000183 320 14 14
6.000183 321 11 11
6.000183 322 14 14
6.000183 323 16 16
6.000183 324 14 14
6.000183 325 16 16
6.000183 326 16 16
6.000183 327 14 14
6.000183 330 16 16
6.000183 332 13 13
6.000183 333 12 12
6.000183 335 13 13
6.000183 337 13 13
6.000183 338 17 17
6.000183 340 13 13
6.000183 342 17 17
6.000183 343 15 15
6.000183 344 17 17
6.000183 345 15 15
6.000183 346 15 15
6.000183 347 15 15
6.000183 348 16 16
6.000183 349 18 18
6.000183 351 15 15
6.000183 352 16 16
6.000183 353 14 14
6.000183 354 15 15
6.000183 355 8 8
6.000183 356 14 14
6.000183 358 17 17
6.000183 359 6 6
6.000183 360 12 12
6.000183 361 17 17
6.000183 363 13 13
6.000183 364 15 15
6.000183 365 15 15
6.000183 366 16 16
6.000183 367 17 17
6.000183 368 10 10
6.000183 369 15 15
6.000183 370 15 15
6.000183 372 14 14
6.000183 374 12 12
6.000183 376 17 17
6.000183 377 16 16
6.000183 378 11 11
6.000183 380 15 15
6.000183 381 12 12
6.000183 382 16 16
6.000183 383 15 15
6.000183 387 16 16
6.000183 388 16 16
6.000183 389 17 17
6.000183 390 16 16
6.000183 391 15 15
6.000183 392 15 15
6.000183 393 16 16
6.000183 395 14 14
6.000183 396 15 15
6.000183 397 16 16
6.000183 398 17 17
6.000183 399 16 16
6.000183 400 13 13
6.000183 401 14 14
6.000183 403 16 16
6.000183 405 16 16
6.000183 406 17 17
6.000183 407 16 16
6.000183 408 15 15
6.000183 409 14 14
6.000183 410 16 16
6.000183 411 16 16
6.000183 412 16 16
6.000183 413 13 13
6.000183 414 18 18
6.000183 415 14 14
6.000183 416 15 15
6.000183 417 13 13
6.000183 418 14 14
6.000183 419 15 15
6.000183 420 15 15
6.000183 421 14 14
6.000183 423 14 14
6.000183 426 17 17
6.000183 427 15 15
6.000183 428 15 15
6.000183 429 14 14
6.000183 430 11 11
6.000183 431 15 15
6.000183 433 11 11
6.000183 434 11 11
6.000183 435 14 14
6.000183 436 16 16
6.000183 438 21 21
6.000183 439 17 17
6.000183 440 17 17
6.000183 441 15 15
6.000183 442 16 16
6.000183 443 15 15
6.000183 444 10 10
6.000183 445 14 14
6.000183 447 15 15
6.000183 448 16 16
6.000183 449 17 17
6.000183 450 17 17
6.000183 452 14 14
6.000183 454 16 16
6.000183 455 14 14
6.000183 457 16 16
6.000183 459 10 10
6.000183 463 15 15
6.000183 465 16 16
6.000183 466 16 16
6.000183 469 16 16
6.000183 471 14 14
6.000183 472 15 15
6.000183 473 14 14
6.000183 474 12 12
6.000183 476 18 18
6.000183 478 15 15
6.000183 479 17 17
6.000183 480 16 16
6.000183 481 14 14
6.000183 482 4 4
6.000183 483 15 15
6.000183 484 15 15
6.000183 485 15 15
6.000183 486 16 16
6.000183 487 16 16
6.000183 488 18 18
6.000183 491 13 13
6.000183 492 14 14
6.000183 493 11 11
6.000183 494 15 15
6.000183 495 20 20
6.000183 501 14 14
6.000183 502 13 13
6.000183 503 14 14
6.000183 504 16 16
6.000183 508 14 14
6.000183 510 14 14
6.000183 511 12 12
6.000183 512 16 16
6.000183 513 18 18
6.000183 514 16 16
6.000183 515 19 19
6.000183 519 1 1
6.000183 520 16 16
6.000183 521 16 16
6.000183 522 15 15
6.000183 523 18 18
6.000183 524 16 16
6.000183 528 13 13
6.000183 529 17 17
6.000183 530 18 18
6.000183 531 15 15
6.000183 533 16 16
6.000183 534 16 16
6.000183 535 16 16
6.000183 538 15 15
6.000183 539 12 12
6.000183 540 5 5
6.000183 541 14 14
6.000183 542 16 16
6.000183 543 13 13
6.000183 544 16 16
6.000183 546 16 16
6.000183 548 6 6
6.000183 549 16 16
7.000214 0 31 31
7.000214 2 18 18
7.000214 5 25 25
7.000214 6 22 22
7.000214 13 26 26
7.000214 15 28 28
7.000214 17 23 23
7.000214 21 29 29
7.000214 24 25 25
7.000214 25 25 25
7.000214 26 20 20
7.000214 30 1 1
7.000214 31 23 23
7.000214 33 23 23
7.000214 34 13 13
7.000214 35 25 25
7.000214 36 21 21
7.000214 39 24 24
7.000214 44 19 19
7.000214 46 20 20
7.000214 47 19 19
7.000214 48 19 19
7.000214 51 23 23
7.000214 52 27 27
7.000214 55 26 26
7.000214 56 24 24
7.000214 57 19 19
7.000214 61 21 21
7.000214 62 29 29
7.000214 63 17 17
7.000214 67 26 26
7.000214 69 23 23
7.000214 70 22 22
7.000214 71 24 24
7.000214 75 20 20
7.000214 77 24 24
7.000214 78 24 24
7.000214 79 32 32
7.000214 82 23 23
7.000214 84 24 24
7.000214 87 26 26
7.000214 89 26 26
7.000214 90 2 2
7.000214 95 29 29
7.000214 96 27 27
7.000214 97 18 18
7.000214 99 22 22
7.000214 103 34 34
7.000214 105 30 30
7.000214 107 23 23
7.000214 110 25 25
7.000214 112 23 23
7.000214 113 10 10
7.000214 114 22 22
7.000214 117 17 17
7.000214 119 24 24
7.000214 120 21 21
7.000214 121 3 3
7.000214 125 24 24
7.000214 126 25 25
7.000214 127 25 25
7.000214 129 5 5
7.000214 130 31 31
7.000214 131 27 27
7.000214 132 14 14
7.000214 133 10 10
7.000214 134 24 24
7.000214 136 29 29
7.000214 137 33 33
7.000214 140 15 15
7.000214 141 17 17
7.000214 146 25 25
7.000214 148 28 28
7.000214 149 31 31
7.000214 151 18 18
7.000214 152 17 17
7.000214 153 24 24
7.000214 154 30 30
7.000214 155 23 23
7.000214 157 24 24
7.000214 159 18 18
7.000214 161 20 20
7.000214 164 26 26
7.000214 165 12 12
7.000214 167 26 26
7.000214 168 21 21
7.000214 170 34 34
7.000214 171 25 25
7.000214 175 25 25
7.000214 176 23 23
7.000214 177 18 18
7.000214 178 28 28
7.000214 180 23 23
7.000214 181 24 24
7.000214 185 23 23
7.000214 187 24 24
7.000214 188 32 32
7.000214 192 21 21
7.000214 194 19 19
7.000214 198 23 23
7.000214 200 20 20
7.000214 202 24 24
7.000214 203 21 21
7.000214 204 25 25
7.000214 205 19 19
7.000214 212 21 21
7.000214 214 28 28
7.000214 226 21 21
7.000214 228 28 28
7.000214 229 22 22
7.000214 231 19 19
7.000214 234 19 19
7.000214 235 18 18
7.000214 240 27 27
7.000214 241 28 28
7.000214 245 19 19
7.000214 246 30 30
7.000214 251 21 21
7.000214 254 18 18
7.000214 256 15 15
7.000214 258 21 21
7.000214 259 22 22
7.000214 263 18 18
7.000214 264 24 24
7.000214 265 21 21
7.000214 268 28 28
7.000214 269 23 23
7.000214 271 19 19
7.000214 272 30 30
7.000214 274 26 26
7.000214 279 25 25
7.000214 280 28 28
7.000214 282 19 19
7.000214 283 30 30
7.000214 286 21 21
7.000214 292 25 25
7.000214 293 32 32
7.000214 297 21 21
7.000214 298 22 22
7.000214 299 28 28
7.000214 301 25 25
7.000214 307 27 27
7.000214 310 34 34
7.000214 311 26 26
7.000214 314 23 23
7.000214 315 19 19
7.000214 320 20 20
7.000214 322 23 23
7.000214 323 27 27
7.000214 324 17 17
7.000214 325 22 22
7.000214 327 20 20
7.000214 332 22 22
7.000214 335 22 22
7.000214 337 22 22
7.000214 338 25 25
7.000214 342 27 27
7.000214 343 24 24
7.000214 344 12 12
7.000214 346 24 24
7.000214 347 20 20
7.000214 348 22 22
7.000214 349 28 28
7.000214 351 23 23
7.000214 352 22 22
7.000214 353 21 21
7.000214 354 21 21
7.000214 358 11 11
7.000214 360 6 6
7.000214 363 17 17
7.000214 364 25 25
7.000214 366 24 24
7.000214 368 17 17
7.000214 369 27 27
7.000214 370 24 24
7.000214 376 29 29
7.000214 378 17 17
7.000214 381 19 19
7.000214 382 23 23
7.000214 383 25 25
7.000214 387 28 28
7.000214 388 24 24
7.000214 389 32 32
7.000214 395 22 22
7.000214 396 22 22
7.000214 398 1 1
7.000214 399 30 30
7.000214 400 19 19
7.000214 403 19 19
7.000214 405 30 30
7.000214 406 27 27
7.000214 407 28 28
7.000214 408 17 17
7.000214 409 22 22
7.000214 411 22 22
7.000214 412 25 25
7.000214 413 5 5
7.000214 414 29 29
7.000214 415 16 16
7.000214 417 22 22
7.000214 418 18 18
7.000214 419 21 21
7.000214 420 13 13
7.000214 421 10 10
7.000214 423 22 22
7.000214 426 30 30
7.000214 427 21 21
7.000214 428 23 23
7.000214 429 23 23
7.000214 434 21 21
7.000214 435 21 21
7.000214 436 26 26
7.000214 438 36 36
7.000214 439 27 27
7.000214 441 23 23
7.000214 442 26 26
7.000214 443 15 15
7.000214 445 23 23
7.000214 448 29 29
7.000214 449 30 30
7.000214 450 31 31
7.000214 452 20 20
7.000214 454 29 29
7.000214 455 21 21
7.000214 457 4 4
7.000214 459 15 15
7.000214 463 26 26
7.000214 465 29 29
7.000214 466 26 26
7.000214 469 22 22
7.000214 471 21 21
7.000214 472 23 23
7.000214 476 30 30
7.000214 479 28 28
7.000214 480 27 27
7.000214 481 25 25
7.000214 483 25 25
7.000214 484 23 23
7.000214 485 22 22
7.000214 487 28 28
7.000214 488 29 29
7.000214 491 23 23
7.000214 492 25 25
7.000214 494 23 23
7.000214 502 22 22
7.000214 503 12 12
7.000214 504 27 27
7.000214 511 19 19
7.000214 515 28 28
7.000214 521 3 3
7.000214 522 4 4
7.000214 523 30 30
7.000214 529 23 23
7.000214 530 30 30
7.000214 531 24 24
7.000214 533 28 28
7.000214 535 28 28
7.000214 538 25 25
7.000214 539 20 20
7.000214 541 22 22
7.000214 542 24 24
7.000214 543 23 23
7.000214 546 25 25
7.000214 549 22 22
8.000244 0 44 44
8.000244 6 8 8
8.000244 13 38 38
8.000244 15 41 41
8.000244 24 31 31
8.000244 25 41 41
8.000244 26 35 35
8.000244 31 33 33
8.000244 33 37 37
8.000244 35 46 46
8.000244 39 35 35
8.000244 44 31 31
8.000244 46 34 34
8.000244 47 33 33
8.000244 51 35 35
8.000244 52 41 41
8.000244 56 38 38
8.000244 57 29 29
8.000244 61 33 33
8.000244 63 32 32
8.000244 67 36 36
8.000244 70 27 27
8.000244 71 38 38
8.000244 75 32 32
8.000244 77 19 19
8.000244 79 31 31
8.000244 82 36 36
8.000244 84 15 15
8.000244 89 41 41
8.000244 95 8 8
8.000244 96 42 42
8.000244 99 31 31
8.000244 103 32 32
8.000244 107 40 40
8.000244 110 7 7
8.000244 112 11 11
8.000244 114 37 37
8.000244 119 37 37
8.000244 120 34 34
8.000244 125 32 32
8.000244 131 43 43
8.000244 134 37 37
8.000244 136 41 41
8.000244 140 29 29
8.000244 141 31 31
8.000244 146 35 35
8.000244 149 40 40
8.000244 152 34 34
8.000244 153 39 39
8.000244 154 3 3
8.000244 155 37 37
8.000244 157 37 37
8.000244 159 31 31
8.000244 161 31 31
8.000244 167 35 35
8.000244 168 22 22
8.000244 170 53 53
8.000244 171 37 37
8.000244 175 38 38
8.000244 177 32 32
8.000244 178 45 45
8.000244 180 33 33
8.000244 185 35 35
8.000244 188 9 9
8.000244 192 32 32
8.000244 194 33 33
8.000244 198 41 41
8.000244 202 39 39
8.000244 203 37 37
8.000244 212 34 34
8.000244 214 38 38
8.000244 228 38 38
8.000244 231 29 29
8.000244 234 30 30
8.000244 240 44 44
8.000244 245 11 11
8.000244 246 41 41
8.000244 251 37 37
8.000244 258 35 35
8.000244 263 34 34
8.000244 264 36 36
8.000244 265 23 23
8.000244 268 43 43
8.000244 269 32 32
8.000244 271 31 31
8.000244 272 44 44
8.000244 274 42 42
8.000244 279 25 25
8.000244 280 38 38
8.000244 282 30 30
8.000244 283 38 38
8.000244 292 36 36
8.000244 293 40 40
8.000244 297 33 33
8.000244 298 37 37
8.000244 307 36 36
8.000244 310 6 6
8.000244 314 37 37
8.000244 315 32 32
8.000244 320 35 35
8.000244 322 36 36
8.000244 323 43 43
8.000244 324 33 33
8.000244 327 16 16
8.000244 332 33 33
8.000244 335 34 34
8.000244 337 39 39
8.000244 338 36 36
8.000244 342 39 39
8.000244 343 36 36
8.000244 347 34 34
8.000244 351 35 35
8.000244 352 36 36
8.000244 353 34 34
8.000244 363 32 32
8.000244 366 39 39
8.000244 369 42 42
8.000244 370 26 26
8.000244 378 29 29
8.000244 381 30 30
8.000244 382 35 35
8.000244 383 35 35
8.000244 388 38 38
8.000244 389 44 44
8.000244 395 35 35
8.000244 396 35 35
8.000244 399 41 41
8.000244 406 41 41
8.000244 408 13 13
8.000244 409 34 34
8.000244 411 36 36
8.000244 414 47 47
8.000244 417 32 32
8.000244 418 34 34
8.000244 419 36 36
8.000244 423 35 35
8.000244 426 43 43
8.000244 427 22 22
8.000244 434 33 33
8.000244 435 34 34
8.000244 436 40 40
8.000244 439 4 4
8.000244 448 42 42
8.000244 450 43 43
8.000244 452 34 34
8.000244 454 38 38
8.000244 455 6 6
8.000244 459 27 27
8.000244 465 47 47
8.000244 466 37 37
8.000244 469 34 34
8.000244 471 33 33
8.000244 472 40 40
8.000244 476 43 43
8.000244 479 39 39
8.000244 481 38 38
8.000244 483 38 38
8.000244 485 34 34
8.000244 487 41 41
8.000244 488 47 47
8.000244 492 39 39
8.000244 494 4 4
8.000244 502 35 35
8.000244 504 1 1
8.000244 511 8 8
8.000244 515 46 46
8.000244 529 38 38
8.000244 530 40 40
8.000244 531 37 37
8.000244 535 38 38
8.000244 538 14 14
8.000244 539 33 33
8.000244 541 32 32
8.000244 542 20 20
8.000244 543 15 15
8.000244 549 35 35
9.000275 0 70 70
9.000275 13 8 8
9.000275 15 66 66
9.000275 26 52 52
9.000275 31 52 52
9.000275 33 64 64
9.000275 35 34 34
9.000275 39 26 26
9.000275 44 54 54
9.000275 46 56 56
9.000275 51 60 60
9.000275 52 46 46
9.000275 56 60 60
9.000275 57 49 49
9.000275 63 1 1
9.000275 67 14 14
9.000275 71 58 58
9.000275 75 53 53
9.000275 82 21 21
9.000275 89 64 64
9.000275 96 31 31
9.000275 99 9 9
9.000275 107 38 38
9.000275 114 57 57
9.000275 119 62 62
9.000275 120 55 55
9.000275 125 36 36
9.000275 131 7 7
9.000275 136 67 67
9.000275 140 9 9
9.000275 141 48 48
9.000275 146 3 3
9.000275 149 67 67
9.000275 152 50 50
9.000275 155 59 59
9.000275 159 23 23
9.000275 161 53 53
9.000275 167 62 62
9.000275 171 61 61
9.000275 175 66 66
9.000275 178 29 29
9.000275 180 59 59
9.000275 192 58 58
9.000275 194 55 55
9.000275 198 63 63
9.000275 203 58 58
9.000275 212 7 7
9.000275 214 36 36
9.000275 228 32 32
9.000275 231 52 52
9.000275 234 51 51
9.000275 240 72 72
9.000275 251 56 56
9.000275 258 53 53
9.000275 264 60 60
9.000275 268 65 65
9.000275 269 1 1
9.000275 271 46 46
9.000275 272 68 68
9.000275 283 44 44
9.000275 297 54 54
9.000275 298 59 59
9.000275 307 61 61
9.000275 314 61 61
9.000275 320 58 58
9.000275 322 57 57
9.000275 323 28 28
9.000275 324 58 58
9.000275 332 53 53
9.000275 337 17 17
9.000275 338 63 63
9.000275 342 70 70
9.000275 343 12 12
9.000275 347 58 58
9.000275 351 40 40
9.000275 352 2 2
9.000275 353 54 54
9.000275 363 30 30
9.000275 366 68 68
9.000275 369 68 68
9.000275 378 28 28
9.000275 381 47 47
9.000275 382 59 59
9.000275 383 39 39
9.000275 388 62 62
9.000275 389 70 70
9.000275 395 51 51
9.000275 396 47 47
9.000275 399 67 67
9.000275 406 69 69
9.000275 409 54 54
9.000275 411 58 58
9.000275 414 76 76
9.000275 417 53 53
9.000275 418 51 51
9.000275 419 58 58
9.000275 423 54 54
9.000275 426 66 66
9.000275 434 56 56
9.000275 435 51 51
9.000275 436 46 46
9.000275 448 76 76
9.000275 450 71 71
9.000275 452 56 56
9.000275 459 44 44
9.000275 466 61 61
9.000275 471 55 55
9.000275 476 69 69
9.000275 481 28 28
9.000275 483 60 60
9.000275 485 58 58
9.000275 487 62 62
9.000275 488 3 3
9.000275 492 67 67
9.000275 502 57 57
9.000275 515 72 72
9.000275 529 40 40
9.000275 530 68 68
9.000275 531 18 18
9.000275 535 3 3
9.000275 539 51 51
9.000275 541 57 57
9.000275 549 60 60
10.000305 0 93 93
10.000305 15 114 114
10.000305 26 81 81
10.000305 31 4 4
10.000305 33 30 30
10.000305 39 1 1
10.000305 44 76 76
10.000305 46 83 83
10.000305 51 88 88
10.000305 52 2 2
10.000305 56 96 96
10.000305 57 48 48
10.000305 71 98 98
10.000305 75 77 77
10.000305 89 74 74
10.000305 114 61 61
10.000305 120 50 50
10.000305 136 108 108
10.000305 152 76 76
10.000305 155 67 67
10.000305 161 69 69
10.000305 167 101 101
10.000305 171 35 35
10.000305 175 46 46
10.000305 180 19 19
10.000305 192 20 20
10.000305 194 82 82
10.000305 198 101 101
10.000305 203 83 83
10.000305 231 77 77
10.000305 234 78 78
10.000305 240 32 32
10.000305 251 37 37
10.000305 258 84 84
10.000305 264 87 87
10.000305 268 76 76
10.000305 271 72 72
10.000305 272 116 116
10.000305 297 84 84
10.000305 298 92 92
10.000305 307 102 102
10.000305 314 90 90
10.000305 320 1 1
10.000305 324 82 82
10.000305 332 89 89
10.000305 338 96 96
10.000305 342 43 43
10.000305 347 82 82
10.000305 353 80 80
10.000305 366 100 100
10.000305 369 110 110
10.000305 378 7 7
10.000305 381 21 21
10.000305 382 91 91
10.000305 388 54 54
10.000305 389 121 121
10.000305 395 83 83
10.000305 396 21 21
10.000305 399 110 110
10.000305 406 26 26
10.000305 409 3 3
10.000305 414 119 119
10.000305 417 67 67
10.000305 418 83 83
10.000305 419 94 94
10.000305 426 43 43
10.000305 434 86 86
10.000305 435 35 35
10.000305 448 106 106
10.000305 450 99 99
10.000305 452 53 53
10.000305 459 43 43
10.000305 466 81 81
10.000305 471 83 83
10.000305 476 116 116
10.000305 483 52 52
10.000305 485 94 94
10.000305 492 106 106
10.000305 502 92 92
10.000305 515 118 118
10.000305 530 109 109
10.000305 541 92 92
10.000305 549 89 89
11.000336 0 27 27
11.000336 15 155 155
11.000336 26 134 134
11.000336 44 16 16
11.000336 46 92 92
11.000336 51 48 48
11.000336 56 129 129
11.000336 57 2 2
11.000336 71 157 157
11.000336 75 42 42
11.000336 114 38 38
11.000336 120 8 8
11.000336 136 168 168
11.000336 152 24 24
11.000336 161 24 24
11.000336 167 152 152
11.000336 175 9 9
11.000336 194 128 128
11.000336 198 161 161
11.000336 203 70 70
11.000336 231 68 68
11.000336 234 125 125
11.000336 258 60 60
11.000336 264 25 25
11.000336 268 36 36
11.000336 271 99 99
11.000336 272 170 170
11.000336 297 101 101
11.000336 298 155 155
11.000336 307 160 160
11.000336 314 143 143
11.000336 324 130 130
11.000336 332 139 139
11.000336 338 150 150
11.000336 347 99 99
11.000336 353 24 24
11.000336 366 157 157
11.000336 369 172 172
11.000336 382 24 24
11.000336 388 4 4
11.000336 389 184 184
11.000336 395 143 143
11.000336 396 5 5
11.000336 399 73 73
11.000336 414 151 151
11.000336 418 134 134
11.000336 419 121 121
11.000336 426 10 10
11.000336 434 140 140
11.000336 435 13 13
11.000336 448 43 43
11.000336 450 24 24
11.000336 452 28 28
11.000336 459 25 25
11.000336 466 17 17
11.000336 471 114 114
11.000336 476 171 171
11.000336 485 151 151
11.000336 492 134 134
11.000336 502 142 142
11.000336 515 178 178
11.000336 530 99 99
11.000336 541 72 72
11.000336 549 132 132
12.000366 15 124 124
12.000366 26 165 165
12.000366 46 72 72
12.000366 51 5 5
12.000366 56 121 121
12.000366 71 253 253
12.000366 75 7 7
12.000366 136 245 245
12.000366 167 211 211
12.000366 175 4 4
12.000366 194 217 217
12.000366 198 252 252
12.000366 203 59 59
12.000366 234 200 200
12.000366 258 11 11
12.000366 268 1 1
12.000366 271 18 18
12.000366 272 280 280
12.000366 297 13 13
12.000366 298 198 198
12.000366 307 198 198
12.000366 314 175 175
12.000366 324 158 158
12.000366 332 193 193
12.000366 338 163 163
12.000366 347 62 62
12.000366 366 144 144
12.000366 369 213 213
12.000366 389 232 232
12.000366 395 162 162
12.000366 399 31 31
12.000366 414 110 110
12.000366 418 216 216
12.000366 419 133 133
12.000366 434 143 143
12.000366 448 12 12
12.000366 459 13 13
12.000366 466 1 1
12.000366 471 95 95
12.000366 476 181 181
12.000366 485 236 236
12.000366 492 77 77
12.000366 502 198 198
12.000366 515 290 290
12.000366 530 28 28
12.000366 541 4 4
12.000366 549 114 114
13.000397 15 46 46
13.000397 26 154 154
13.000397 46 41 41
13.000397 56 42 42
13.000397 71 337 337
13.000397 136 282 282
13.000397 167 315 315
13.000397 194 277 277
13.000397 198 311 311
13.000397 203 20 20
13.000397 234 301 301
13.000397 272 260 260
13.000397 298 203 203
13.000397 307 215 215
13.000397 314 125 125
13.000397 324 163 163
13.000397 332 265 265
13.000397 338 93 93
13.000397 347 37 37
13.000397 366 151 151
13.000397 369 189 189
13.000397 389 249 249
13.000397 395 166 166
13.000397 399 6 6
13.000397 414 66 66
13.000397 418 307 307
13.000397 419 100 100
13.000397 434 95 95
13.000397 471 43 43
13.000397 476 143 143
13.000397 485 304 304
13.000397 492 42 42
13.000397 502 254 254
13.000397 515 312 312
13.000397 549 77 77
14.000427 15 6 6
14.000427 26 209 209
14.000427 46 35 35
14.000427 56 39 39
14.000427 71 446 446
14.000427 136 239 239
14.000427 167 408 408
14.000427 194 266 266
14.000427 198 428 428
14.000427 234 390 390
14.000427 272 198 198
14.000427 298 179 179
14.000427 307 236 236
14.000427 314 69 69
14.000427 324 135 135
14.000427 332 356 356
14.000427 338 43 43
14.000427 347 2 2
14.000427 366 84 84
14.000427 369 131 131
14.000427 389 295 295
14.000427 395 135 135
14.000427 414 41 41
14.000427 418 450 450
14.000427 419 83 83
14.000427 434 8 8
14.000427 471 1 1
14.000427 476 70 70
14.000427 485 396 396
14.000427 502 301 301
14.000427 515 298 298
14.000427 549 22 22
15.000458 26 223 223
15.000458 46 25 25
15.000458 56 42 42
15.000458 71 432 432
15.000458 136 157 157
15.000458 167 412 412
15.000458 194 210 210
15.000458 198 487 487
15.000458 234 506 506
15.000458 272 148 148
15.000458 298 133 133
15.000458 307 274 274
15.000458 314 65 65
15.000458 324 140 140
15.000458 332 465 465
15.000458 338 3 3
15.000458 366 15 15
15.000458 369 113 113
15.000458 389 316 316
15.000458 395 167 167
15.000458 418 569 569
15.000458 419 44 44
15.000458 476 37 37
15.000458 485 478 478
15.000458 502 327 327
15.000458 515 218 218
15.000458 549 6 6
16.000488 26 227 227
16.000488 56 44 44
16.000488 71 474 474
16.000488 136 107 107
16.000488 167 433 433
16.000488 194 151 151
16.000488 198 513 513
16.000488 234 505 505
16.000488 272 64 64
16.000488 298 88 88
16.000488 307 310 310
16.000488 314 23 23
16.000488 324 188 188
16.000488 332 496 496
16.000488 366 8 8
16.000488 369 83 83
16.000488 389 304 304
16.000488 395 164 164
16.000488 418 692 692
16.000488 419 17 17
16.000488 476 29 29
16.000488 485 521 521
16.000488 502 342 342
16.000488 515 191 191
17.000519 26 233 233
17.000519 56 56 56
17.000519 71 502 502
17.000519 136 99 99
17.000519 167 373 373
17.000519 194 65 65
17.000519 198 570 570
17.000519 234 587 587
17.000519 272 8 8
17.000519 298 50 50
17.000519 307 355 355
17.000519 314 7 7
17.000519 324 168 168
17.000519 332 454 454
17.000519 369 55 55
17.000519 389 298 298
17.000519 395 163 163
17.000519 418 849 849
17.000519 485 611 611
17.000519 502 377 377
17.000519 515 150 150
18.000549 26 197 197
18.000549 56 61 61
18.000549 71 448 448
18.000549 136 36 36
18.000549 167 302 302
18.000549 194 49 49
18.000549 198 578 578
18.000549 234 713 713
18.000549 298 7 7
18.000549 307 388 388
18.000549 324 174 174
18.000549 332 366 366
18.000549 369 67 67
18.000549 389 299 299
18.000549 395 173 173
18.000549 418 972 972
18.000549 485 773 773
18.000549 502 312 312
18.000549 515 104 104
19.000580 26 193 193
19.000580 56 54 54
19.000580 71 400 400
19.000580 167 289 289
19.000580 194 18 18
19.000580 198 567 567
19.000580 234 828 828
19.000580 307 382 382
19.000580 324 166 166
19.000580 332 378 378
19.000580 369 49 49
19.000580 389 219 219
19.000580 395 175 175
19.000580 418 1061 1061
19.000580 485 830 830
19.000580 502 294 294
19.000580 515 73 73
20.000610 26 225 225
20.000610 56 6 6
20.000610 71 340 340
20.000610 167 262 262
20.000610 194 2 2
20.000610 198 585 585
20.000610 234 948 948
20.000610 307 402 402
20.000610 324 168 168
20.000610 332 336 336
20.000610 369 42 42
20.000610 389 182 182
20.000610 395 256 256
20.000610 418 1111 1111
20.000610 485 835 835
20.000610 502 271 271
20.000610 515 50 50
21.000641 26 307 307
21.000641 71 215 215
21.000641 167 238 238
21.000641 198 567 567
21.000641 234 1103 1103
21.000641 307 411 411
21.000641 324 168 168
21.000641 332 333 333
21.000641 369 23 23
21.000641 389 160 160
21.000641 395 237 237
21.000641 418 1146 1146
21.000641 485 821 821
21.000641 502 201 201
21.000641 515 48 48
22.000671 26 418 418
22.000671 71 162 162
22.000671 167 224 224
22.000671 198 573 573
22.000671 234 1102 1102
22.000671 307 468 468
22.000671 324 179 179
22.000671 332 428 428
22.000671 389 85 85
22.000671 395 166 166
22.000671 418 1150 1150
22.000671 485 779 779
22.000671 502 201 201
22.000671 515 53 53
23.000702 26 549 549
23.000702 71 122 122
23.000702 167 174 174
23.000702 198 493 493
23.000702 234 1113 1113
23.000702 307 541 541
23.000702 324 189 189
23.000702 332 513 513
23.000702 389 5 5
23.000702 395 100 100
23.000702 418 1238 1238
23.000702 485 785 785
23.000702 502 213 213
23.000702 515 42 42
24.000732 26 676 676
24.000732 71 59 59
24.000732 167 93 93
24.000732 198 337 337
24.000732 234 1148 1148
24.000732 307 637 637
24.000732 324 218 218
24.000732 332 549 549
24.000732 395 39 39
24.000732 418 1321 1321
24.000732 485 711 711
24.000732 502 141 141
24.000732 515 43 43
25.000763 26 808 808
25.000763 71 43 43
25.000763 167 72 72
25.000763 198 239 239
25.000763 234 1176 1176
25.000763 307 695 695
25.000763 324 247 247
25.000763 332 562 562
25.000763 395 16 16
25.000763 418 1385 1385
25.000763 485 649 649
25.000763 502 51 51
25.000763 515 67 67
26.000793 26 889 889
26.000793 71 36 36
26.000793 167 55 55
26.000793 198 290 290
26.000793 234 1199 1199
26.000793 307 692 692
26.000793 324 265 265
26.000793 332 554 554
26.000793 395 5 5
26.000793 418 1397 1397
26.000793 485 576 576
26.000793 502 27 27
26.000793 515 110 110
27.000824 26 927 927
27.000824 71 42 42
27.000824 167 44 44
27.000824 198 363 363
27.000824 234 1145 1145
27.000824 307 688 688
27.000824 324 265 265
27.000824 332 585 585
27.000824 418 1275 1275
27.000824 485 469 469
27.000824 502 23 23
27.000824 515 167 167
28.000854 26 1086 1086
28.000854 71 33 33
28.000854 167 36 36
28.000854 198 319 319
28.000854 234 1152 1152
28.000854 307 714 714
28.000854 324 284 284
28.000854 332 607 607
28.000854 418 1197 1197
28.000854 485 358 358
28.000854 502 1 1
28.000854 515 207 207
29.000885 26 1226 1226
29.000885 71 26 26
29.000885 167 38 38
29.000885 198 189 189
29.000885 234 1195 1195
29.000885 307 724 724
29.000885 324 252 252
29.000885 332 663 663
29.000885 418 1255 1255
29.000885 485 186 186
29.000885 515 282 282
30.000916 26 1257 1257
30.000916 71 14 14
30.000916 167 28 28
30.000916 198 129 129
30.000916 234 1265 1265
30.000916 307 703 703
30.000916 324 258 258
30.000916 332 671 671
30.000916 418 1327 1327
30.000916 485 89 89
30.000916 515 281 281
31.000946 26 1243 1243
31.000946 71 1 1
31.000946 167 28 28
31.000946 198 68 68
31.000946 234 1369 1369
31.000946 307 724 724
31.000946 324 282 282
31.000946 332 597 597
31.000946 418 1305 1305
31.000946 485 38 38
31.000946 515 304 304
32.000977 26 1269 1269
32.000977 167 9 9
32.000977 198 45 45
32.000977 234 1351 1351
32.000977 307 773 773
32.000977 324 291 291
32.000977 332 547 547
32.000977 418 1297 1297
32.000977 485 34 34
32.000977 515 371 371
33.001007 26 1444 1444
33.001007 234 1341 1341
33.001007 307 791 791
33.001007 324 277 277
33.001007 332 465 465
33.001007 418 1253 1253
33.001007 485 36 36
33.001007 515 434 434
34.001038 26 1527 1527
34.001038 234 1276 1276
34.001038 307 870 870
34.001038 324 307 307
34.001038 332 429 429
34.001038 418 1118 1118
34.001038 485 39 39
34.001038 515 458 458
35.001068 26 1557 1557
35.001068 234 1177 1177
35.001068 307 837 837
35.001068 324 283 283
35.001068 332 423 423
35.001068 418 1124 1124
35.001068 485 45 45
35.001068 515 506 506
36.001099 26 1596 1596
36.001099 234 1061 1061
36.001099 307 905 905
36.001099 324 213 213
36.001099 332 543 543
36.001099 418 1110 1110
36.001099 485 41 41
36.001099 515 514 514
37.001129 26 1606 1606
37.001129 234 998 998
37.001129 307 882 882
37.001129 324 190 190
37.001129 332 692 692
37.001129 418 1122 1122
37.001129 485 45 45
37.001129 515 477 477
38.001160 26 1517 1517
38.001160 234 867 867
38.001160 307 817 817
38.001160 324 170 170
38.001160 332 885 885
38.001160 418 1181 1181
38.001160 485 38 38
38.001160 515 462 462
39.001190 26 1548 1548
39.001190 234 823 823
39.001190 307 794 794
39.001190 324 103 103
39.001190 332 1109 1109
39.001190 418 1169 1169
39.001190 485 40 40
39.001190 515 420 420
40.001221 26 1531 1531
40.001221 234 806 806
40.001221 307 767 767
40.001221 324 16 16
40.001221 332 1231 1231
40.001221 418 1136 1136
40.001221 485 65 65
40.001221 515 455 455
41.001251 26 1494 1494
41.001251 234 861 861
41.001251 307 670 670
41.001251 324 7 7
41.001251 332 1289 1289
41.001251 418 1141 1141
41.001251 485 50 50
41.001251 515 455 455
42.001282 26 1492 1492
42.001282 234 906 906
42.001282 307 607 607
42.001282 332 1276 1276
42.001282 418 1194 1194
42.001282 485 23 23
42.001282 515 496 496
43.001312 26 1514 1514
43.001312 234 948 948
43.001312 307 519 519
43.001312 332 1308 1308
43.001312 418 1235 1235
43.001312 485 1 1
43.001312 515 507 507
44.001343 26 1578 1578
44.001343 234 859 859
44.001343 307 476 476
44.001343 332 1383 1383
44.001343 418 1206 1206
44.001343 515 473 473
45.001373 26 1632 1632
45.001373 234 809 809
45.001373 307 425 425
45.001373 332 1441 1441
45.001373 418 1270 1270
45.001373 515 456 456
46.001404 26 1565 1565
46.001404 234 750 750
46.001404 307 367 367
46.001404 332 1493 1493
46.001404 418 1334 1334
46.001404 515 457 457
47.001434 26 1483 1483
47.001434 234 798 798
47.001434 307 352 352
47.001434 332 1524 1524
47.001434 418 1420 1420
47.001434 515 428 428
48.001465 26 1505 1505
48.001465 234 786 786
48.001465 307 350 350
48.001465 332 1542 1542
48.001465 418 1399 1399
48.001465 515 427 427
49.001495 26 1582 1582
49.001495 234 789 789
49.001495 307 298 298
49.001495 332 1569 1569
49.001495 418 1351 1351
49.001495 515 412 412
50.001526 26 1539 1539
50.001526 234 658 658
50.001526 307 298 298
50.001526 332 1745 1745
50.001526 418 1333 1333
50.001526 515 374 374
51.001556 26 1556 1556
51.001556 234 533 533
51.001556 307 324 324
51.001556 332 1812 1812
51.001556 418 1408 1408
51.001556 515 362 362
52.001587 26 1562 1562
52.001587 234 373 373
52.001587 307 349 349
52.001587 332 1827 1827
52.001587 418 1439 1439
52.001587 515 403 403
53.001617 26 1495 1495
53.001617 234 377 377
53.001617 307 351 351
53.001617 332 1905 1905
53.001617 418 1483 1483
53.001617 515 383 383
54.001648 26 1521 1521
54.001648 234 381 381
54.001648 307 374 374
54.001648 332 1903 1903
54.001648 418 1486 1486
54.001648 515 363 363
55.001678 26 1578 1578
55.001678 234 316 316
55.001678 307 369 369
55.001678 332 1877 1877
55.001678 418 1486 1486
55.001678 515 370 370
56.001709 26 1636 1636
56.001709 234 182 182
56.001709 307 370 370
56.001709 332 1997 1997
56.001709 418 1495 1495
56.001709 515 321 321
57.001740 26 1723 1723
57.001740 234 53 53
57.001740 307 378 378
57.001740 332 2062 2062
57.001740 418 1478 1478
57.001740 515 277 277
58.001770 26 1761 1761
58.001770 234 26 26
58.001770 307 361 361
58.001770 332 2116 2116
58.001770 418 1525 1525
58.001770 515 224 224
59.001801 26 1862 1862
59.001801 234 28 28
59.001801 307 295 295
59.001801 332 2010 2010
59.001801 418 1604 1604
59.001801 515 194 194
60.001831 26 1755 1755
60.001831 234 26 26
60.001831 307 231 231
60.001831 332 2053 2053
60.001831 418 1755 1755
60.001831 515 194 194
61.001862 26 1780 1780
61.001862 234 35 35
61.001862 307 191 191
61.001862 332 1996 1996
61.001862 418 1756 1756
61.001862 515 252 252
62.001892 26 1810 1810
62.001892 234 34 34
62.001892 307 179 179
62.001892 332 1948 1948
62.001892 418 1816 1816
62.001892 515 251 251
63.001923 26 1781 1781
63.001923 234 33 33
63.001923 307 154 154
63.001923 332 1916 1916
63.001923 418 1840 1840
63.001923 515 272 272
64.001953 26 1753 1753
64.001953 234 3 3
64.001953 307 142 142
64.001953 332 1945 1945
64.001953 418 1916 1916
64.001953 515 288 288
65.001984 26 1764 1764
65.001984 307 119 119
65.001984 332 1842 1842
65.001984 418 1940 1940
65.001984 515 352 352
66.002014 26 1675 1675
66.002014 307 108 108
66.002014 332 1851 1851
66.002014 418 1918 1918
66.002014 515 419 419
67.002045 26 1632 1632
67.002045 307 111 111
67.002045 332 1902 1902
67.002045 418 1930 1930
67.002045 515 430 430
68.002075 26 1537 1537
68.002075 307 116 116
68.002075 332 2013 2013
68.002075 418 1919 1919
68.002075 515 450 450
69.002106 26 1455 1455
69.002106 307 132 132
69.002106 332 2120 2120
69.002106 418 1870 1870
69.002106 515 439 439
70.002136 26 1318 1318
70.002136 307 150 150
70.002136 332 2251 2251
70.002136 418 1800 1800
70.002136 515 450 450
71.002167 26 1177 1177
71.002167 307 199 199
71.002167 332 2345 2345
71.002167 418 1795 1795
71.002167 515 513 513
