0.000000 0 1 1
0.000000 1 1 1
0.000000 2 1 1
0.000000 3 1 1
0.000000 4 1 1
0.000000 5 1 1
0.000000 6 1 1
0.000000 7 1 1
0.000000 8 1 1
0.000000 9 1 1
0.000000 10 1 1
0.000000 11 1 1
0.000000 12 1 1
0.000000 14 1 1
0.000000 15 1 1
0.000000 16 1 1
0.000000 18 1 1
0.000000 19 1 1
0.000000 20 1 1
0.000000 21 1 1
0.000000 22 1 1
0.000000 23 1 1
0.000000 24 1 1
0.000000 25 1 1
0.000000 26 1 1
0.000000 27 1 1
0.000000 28 1 1
0.000000 29 1 1
0.000000 30 1 1
0.000000 31 1 1
0.000000 32 1 1
0.000000 33 1 1
0.000000 34 1 1
0.000000 36 1 1
0.000000 37 1 1
0.000000 38 1 1
0.000000 39 1 1
0.000000 40 1 1
0.000000 41 1 1
0.000000 42 1 1
0.000000 43 1 1
0.000000 44 1 1
0.000000 45 1 1
0.000000 46 1 1
0.000000 47 1 1
0.000000 48 1 1
0.000000 49 1 1
0.000000 50 1 1
0.000000 51 1 1
0.000000 52 1 1
0.000000 53 1 1
0.000000 54 1 1
0.000000 55 1 1
0.000000 56 1 1
0.000000 57 1 1
0.000000 58 1 1
0.000000 59 1 1
0.000000 60 1 1
0.000000 61 1 1
0.000000 62 1 1
0.000000 63 1 1
0.000000 64 1 1
0.000000 65 1 1
0.000000 66 1 1
0.000000 67 1 1
0.000000 68 1 1
0.000000 69 1 1
0.000000 70 1 1
0.000000 71 1 1
0.000000 72 1 1
0.000000 73 1 1
0.000000 74 1 1
0.000000 75 1 1
0.000000 76 1 1
0.000000 77 1 1
0.000000 78 1 1
0.000000 79 1 1
0.000000 80 1 1
0.000000 81 1 1
0.000000 82 1 1
0.000000 85 1 1
0.000000 86 1 1
0.000000 87 1 1
0.000000 88 1 1
0.000000 89 1 1
0.000000 90 1 1
0.000000 91 1 1
0.000000 92 1 1
0.000000 93 1 1
0.000000 94 1 1
0.000000 95 1 1
0.000000 96 1 1
0.000000 97 1 1
0.000000 98 1 1
0.000000 100 1 1
0.000000 102 1 1
0.000000 103 1 1
0.000000 104 1 1
0.000000 105 1 1
0.000000 106 1 1
0.000000 107 1 1
0.000000 108 1 1
0.000000 109 1 1
0.000000 110 1 1
0.000000 111 1 1
0.000000 112 1 1
0.000000 113 1 1
0.000000 114 1 1
0.000000 115 1 1
0.000000 116 1 1
0.000000 117 1 1
0.000000 118 1 1
0.000000 119 1 1
0.000000 120 1 1
0.000000 121 1 1
0.000000 122 1 1
0.000000 123 1 1
0.000000 125 1 1
0.000000 126 1 1
0.000000 127 1 1
0.000000 128 1 1
0.000000 129 1 1
0.000000 130 1 1
0.000000 131 1 1
0.000000 132 1 1
0.000000 133 1 1
0.000000 134 1 1
0.000000 135 1 1
0.000000 136 1 1
0.000000 137 1 1
0.000000 138 1 1
0.000000 139 1 1
0.000000 140 1 1
0.000000 141 1 1
0.000000 142 1 1
0.000000 143 1 1
0.000000 144 1 1
0.000000 145 1 1
0.000000 146 1 1
0.000000 147 1 1
0.000000 148 1 1
0.000000 149 1 1
0.000000 150 1 1
0.000000 151 1 1
0.000000 153 1 1
0.000000 154 1 1
0.000000 156 1 1
0.000000 158 1 1
0.000000 159 1 1
0.000000 160 1 1
0.000000 161 1 1
0.000000 162 1 1
0.000000 163 1 1
0.000000 164 1 1
0.000000 166 1 1
0.000000 167 1 1
0.000000 169 1 1
0.000000 170 1 1
0.000000 171 1 1
0.000000 172 1 1
0.000000 175 1 1
0.000000 176 1 1
0.000000 177 1 1
0.000000 178 1 1
0.000000 179 1 1
0.000000 180 1 1
0.000000 181 1 1
0.000000 182 1 1
0.000000 183 1 1
0.000000 184 1 1
0.000000 185 1 1
0.000000 186 1 1
0.000000 187 1 1
0.000000 188 1 1
0.000000 189 1 1
0.000000 190 1 1
0.000000 191 1 1
0.000000 192 1 1
0.000000 193 1 1
0.000000 194 1 1
0.000000 195 1 1
0.000000 196 1 1
0.000000 197 1 1
0.000000 198 1 1
0.000000 199 1 1
0.000000 200 1 1
0.000000 201 1 1
0.000000 202 1 1
0.000000 203 1 1
0.000000 204 1 1
0.000000 205 1 1
0.000000 206 1 1
0.000000 207 1 1
0.000000 208 1 1
0.000000 209 1 1
0.000000 210 1 1
0.000000 211 1 1
0.000000 212 1 1
0.000000 213 1 1
0.000000 214 1 1
0.000000 215 1 1
0.000000 216 1 1
0.000000 217 1 1
0.000000 218 1 1
0.000000 219 1 1
0.000000 220 1 1
0.000000 221 1 1
0.000000 222 1 1
0.000000 223 1 1
0.000000 224 1 1
0.000000 225 1 1
0.000000 226 1 1
0.000000 227 1 1
0.000000 228 1 1
0.000000 229 1 1
0.000000 230 1 1
0.000000 231 1 1
0.000000 232 1 1
0.000000 233 1 1
0.000000 234 1 1
0.000000 235 1 1
0.000000 236 1 1
0.000000 237 1 1
0.000000 238 1 1
0.000000 239 1 1
0.000000 240 1 1
0.000000 241 1 1
0.000000 242 1 1
0.000000 243 1 1
0.000000 244 1 1
0.000000 245 1 1
0.000000 246 1 1
0.000000 247 1 1
0.000000 248 1 1
0.000000 249 1 1
0.000000 250 1 1
0.000000 251 1 1
0.000000 252 1 1
0.000000 253 1 1
0.000000 254 1 1
0.000000 255 1 1
0.000000 256 1 1
0.000000 257 1 1
0.000000 258 1 1
0.000000 259 1 1
0.000000 260 1 1
0.000000 261 1 1
0.000000 262 1 1
0.000000 263 1 1
0.000000 264 1 1
0.000000 265 1 1
0.000000 266 1 1
0.000000 267 1 1
0.000000 268 1 1
0.000000 269 1 1
0.000000 270 1 1
0.000000 271 1 1
0.000000 272 1 1
0.000000 273 1 1
0.000000 274 1 1
0.000000 275 1 1
0.000000 277 1 1
0.000000 278 1 1
0.000000 279 1 1
0.000000 280 1 1
0.000000 281 1 1
0.000000 282 1 1
0.000000 283 1 1
0.000000 284 1 1
0.000000 285 1 1
0.000000 286 1 1
0.000000 287 1 1
0.000000 288 1 1
0.000000 289 1 1
0.000000 290 1 1
0.000000 291 1 1
0.000000 292 1 1
0.000000 293 1 1
0.000000 294 1 1
0.000000 295 1 1
0.000000 296 1 1
0.000000 297 1 1
0.000000 299 1 1
0.000000 300 1 1
0.000000 301 1 1
0.000000 302 1 1
0.000000 303 1 1
0.000000 304 1 1
0.000000 305 1 1
0.000000 307 1 1
0.000000 308 1 1
0.000000 309 1 1
0.000000 310 1 1
0.000000 311 1 1
0.000000 312 1 1
0.000000 313 1 1
0.000000 314 1 1
0.000000 315 1 1
0.000000 316 1 1
0.000000 317 1 1
0.000000 318 1 1
0.000000 321 1 1
0.000000 322 1 1
0.000000 323 1 1
0.000000 324 1 1
0.000000 325 1 1
0.000000 326 1 1
0.000000 327 1 1
0.000000 328 1 1
0.000000 329 1 1
0.000000 330 1 1
0.000000 331 1 1
0.000000 332 1 1
0.000000 333 1 1
0.000000 335 1 1
0.000000 336 1 1
0.000000 337 1 1
0.000000 339 1 1
0.000000 340 1 1
0.000000 341 1 1
0.000000 342 1 1
0.000000 343 1 1
0.000000 344 1 1
0.000000 346 1 1
0.000000 347 1 1
0.000000 348 1 1
0.000000 349 1 1
0.000000 350 1 1
0.000000 351 1 1
0.000000 352 1 1
0.000000 353 1 1
0.000000 354 1 1
0.000000 355 1 1
0.000000 357 1 1
0.000000 358 1 1
0.000000 359 1 1
0.000000 360 1 1
0.000000 361 1 1
0.000000 362 1 1
0.000000 363 1 1
0.000000 364 1 1
0.000000 365 1 1
0.000000 367 1 1
0.000000 368 1 1
0.000000 369 1 1
0.000000 370 1 1
0.000000 371 1 1
0.000000 372 1 1
0.000000 373 1 1
0.000000 374 1 1
0.000000 375 1 1
0.000000 376 1 1
0.000000 377 1 1
0.000000 380 1 1
0.000000 381 1 1
0.000000 382 1 1
0.000000 383 1 1
0.000000 385 1 1
0.000000 386 1 1
0.000000 387 1 1
0.000000 388 1 1
0.000000 389 1 1
0.000000 390 1 1
0.000000 391 1 1
0.000000 392 1 1
0.000000 393 1 1
0.000000 394 1 1
0.000000 395 1 1
0.000000 397 1 1
0.000000 398 1 1
0.000000 399 1 1
0.000000 400 1 1
0.000000 401 1 1
0.000000 402 1 1
0.000000 403 1 1
0.000000 404 1 1
0.000000 405 1 1
0.000000 406 1 1
0.000000 407 1 1
0.000000 408 1 1
0.000000 409 1 1
0.000000 410 1 1
0.000000 411 1 1
0.000000 412 1 1
0.000000 413 1 1
0.000000 414 1 1
0.000000 415 1 1
0.000000 416 1 1
0.000000 417 1 1
0.000000 418 1 1
0.000000 420 1 1
0.000000 421 1 1
0.000000 422 1 1
0.000000 423 1 1
0.000000 424 1 1
0.000000 425 1 1
0.000000 426 1 1
0.000000 427 1 1
0.000000 428 1 1
0.000000 429 1 1
0.000000 431 1 1
0.000000 432 1 1
0.000000 433 1 1
0.000000 434 1 1
0.000000 435 1 1
0.000000 436 1 1
0.000000 437 1 1
0.000000 438 1 1
0.000000 439 1 1
0.000000 440 1 1
0.000000 441 1 1
0.000000 442 1 1
0.000000 443 1 1
0.000000 444 1 1
0.000000 446 1 1
0.000000 447 1 1
0.000000 448 1 1
0.000000 449 1 1
0.000000 450 1 1
0.000000 451 1 1
0.000000 452 1 1
0.000000 453 1 1
0.000000 454 1 1
0.000000 455 1 1
0.000000 456 1 1
0.000000 457 1 1
0.000000 458 1 1
0.000000 459 1 1
0.000000 460 1 1
0.000000 461 1 1
0.000000 462 1 1
0.000000 463 1 1
0.000000 464 1 1
0.000000 465 1 1
0.000000 466 1 1
0.000000 468 1 1
0.000000 469 1 1
0.000000 470 1 1
0.000000 471 1 1
0.000000 473 1 1
0.000000 474 1 1
0.000000 475 1 1
0.000000 476 1 1
0.000000 477 1 1
0.000000 478 1 1
0.000000 479 1 1
0.000000 480 1 1
0.000000 481 1 1
0.000000 482 1 1
0.000000 483 1 1
0.000000 484 1 1
0.000000 485 1 1
0.000000 486 1 1
0.000000 487 1 1
0.000000 488 1 1
0.000000 489 1 1
0.000000 490 1 1
0.000000 491 1 1
0.000000 492 1 1
0.000000 493 1 1
0.000000 494 1 1
0.000000 495 1 1
0.000000 496 1 1
0.000000 497 1 1
0.000000 498 1 1
0.000000 499 1 1
0.000000 500 1 1
0.000000 501 1 1
0.000000 502 1 1
0.000000 503 1 1
0.000000 504 1 1
0.000000 505 1 1
0.000000 506 1 1
0.000000 507 1 1
0.000000 508 1 1
0.000000 509 1 1
0.000000 510 1 1
0.000000 511 1 1
0.000000 512 1 1
0.000000 513 1 1
0.000000 514 1 1
0.000000 515 1 1
0.000000 516 1 1
0.000000 517 1 1
0.000000 518 1 1
0.000000 519 1 1
0.000000 520 1 1
0.000000 521 1 1
0.000000 522 1 1
0.000000 523 1 1
0.000000 524 1 1
0.000000 525 1 1
0.000000 526 1 1
0.000000 527 1 1
0.000000 528 1 1
0.000000 529 1 1
0.000000 530 1 1
0.000000 531 1 1
0.000000 532 1 1
0.000000 533 1 1
0.000000 534 1 1
0.000000 535 1 1
0.000000 536 1 1
0.000000 537 1 1
0.000000 538 1 1
0.000000 539 1 1
0.000000 540 1 1
0.000000 541 1 1
0.000000 542 1 1
0.000000 544 1 1
0.000000 545 1 1
0.000000 546 1 1
0.000000 547 1 1
0.000000 548 1 1
1.000031 0 1 1
1.000031 1 2 2
1.000031 2 1 1
1.000031 3 2 2
1.000031 4 1 1
1.000031 5 1 1
1.000031 6 2 2
1.000031 7 2 2
1.000031 8 2 2
1.000031 9 2 2
1.000031 10 1 1
1.000031 11 2 2
1.000031 12 1 1
1.000031 14 1 1
1.000031 15 1 1
1.000031 16 2 2
1.000031 18 1 1
1.000031 19 1 1
1.000031 20 1 1
1.000031 21 1 1
1.000031 22 1 1
1.000031 23 2 2
1.000031 24 1 1
1.000031 25 1 1
1.000031 26 2 2
1.000031 27 2 2
1.000031 28 2 2
1.000031 29 1 1
1.000031 30 2 2
1.000031 31 2 2
1.000031 32 1 1
1.000031 33 1 1
1.000031 34 2 2
1.000031 36 1 1
1.000031 37 1 1
1.000031 38 2 2
1.000031 39 2 2
1.000031 40 1 1
1.000031 41 2 2
1.000031 42 2 2
1.000031 43 2 2
1.000031 44 1 1
1.000031 45 1 1
1.000031 46 2 2
1.000031 47 2 2
1.000031 48 1 1
1.000031 49 1 1
1.000031 50 2 2
1.000031 51 2 2
1.000031 52 2 2
1.000031 53 2 2
1.000031 54 2 2
1.000031 55 1 1
1.000031 56 2 2
1.000031 57 2 2
1.000031 58 2 2
1.000031 59 2 2
1.000031 60 2 2
1.000031 61 1 1
1.000031 62 2 2
1.000031 63 2 2
1.000031 64 1 1
1.000031 65 1 1
1.000031 66 2 2
1.000031 67 1 1
1.000031 68 1 1
1.000031 69 2 2
1.000031 70 2 2
1.000031 71 2 2
1.000031 72 1 1
1.000031 73 2 2
1.000031 74 1 1
1.000031 75 2 2
1.000031 76 2 2
1.000031 77 1 1
1.000031 78 2 2
1.000031 79 1 1
1.000031 80 1 1
1.000031 81 1 1
1.000031 82 1 1
1.000031 85 1 1
1.000031 86 2 2
1.000031 87 1 1
1.000031 88 1 1
1.000031 89 1 1
1.000031 90 1 1
1.000031 91 2 2
1.000031 92 2 2
1.000031 93 2 2
1.000031 94 2 2
1.000031 95 2 2
1.000031 96 1 1
1.000031 97 2 2
1.000031 98 2 2
1.000031 100 1 1
1.000031 102 2 2
1.000031 103 2 2
1.000031 104 1 1
1.000031 105 2 2
1.000031 106 1 1
1.000031 107 2 2
1.000031 108 1 1
1.000031 109 2 2
1.000031 110 2 2
1.000031 111 2 2
1.000031 112 1 1
1.000031 113 1 1
1.000031 114 2 2
1.000031 115 2 2
1.000031 116 2 2
1.000031 117 1 1
1.000031 118 2 2
1.000031 119 1 1
1.000031 120 2 2
1.000031 121 1 1
1.000031 122 2 2
1.000031 123 2 2
1.000031 125 2 2
1.000031 126 2 2
1.000031 127 2 2
1.000031 128 2 2
1.000031 129 1 1
1.000031 130 2 2
1.000031 131 2 2
1.000031 132 2 2
1.000031 133 1 1
1.000031 134 1 1
1.000031 135 2 2
1.000031 136 1 1
1.000031 137 2 2
1.000031 138 1 1
1.000031 139 1 1
1.000031 140 1 1
1.000031 141 2 2
1.000031 142 1 1
1.000031 143 1 1
1.000031 144 2 2
1.000031 145 1 1
1.000031 146 2 2
1.000031 147 1 1
1.000031 148 2 2
1.000031 149 2 2
1.000031 150 2 2
1.000031 151 2 2
1.000031 153 2 2
1.000031 154 2 2
1.000031 156 2 2
1.000031 158 1 1
1.000031 159 1 1
1.000031 160 1 1
1.000031 161 1 1
1.000031 162 2 2
1.000031 163 1 1
1.000031 164 2 2
1.000031 166 1 1
1.000031 167 1 1
1.000031 169 2 2
1.000031 170 1 1
1.000031 171 1 1
1.000031 172 2 2
1.000031 175 2 2
1.000031 176 1 1
1.000031 177 1 1
1.000031 178 2 2
1.000031 179 1 1
1.000031 180 1 1
1.000031 181 1 1
1.000031 182 1 1
1.000031 183 1 1
1.000031 184 2 2
1.000031 185 1 1
1.000031 186 1 1
1.000031 187 1 1
1.000031 188 2 2
1.000031 189 2 2
1.000031 190 1 1
1.000031 191 2 2
1.000031 192 1 1
1.000031 193 1 1
1.000031 194 2 2
1.000031 195 1 1
1.000031 196 1 1
1.000031 197 2 2
1.000031 198 1 1
1.000031 199 2 2
1.000031 200 1 1
1.000031 201 2 2
1.000031 202 2 2
1.000031 203 2 2
1.000031 204 1 1
1.000031 205 2 2
1.000031 206 2 2
1.000031 207 1 1
1.000031 208 1 1
1.000031 209 1 1
1.000031 210 1 1
1.000031 211 1 1
1.000031 212 2 2
1.000031 213 1 1
1.000031 214 2 2
1.000031 215 2 2
1.000031 216 2 2
1.000031 217 2 2
1.000031 218 1 1
1.000031 219 2 2
1.000031 220 1 1
1.000031 221 2 2
1.000031 222 2 2
1.000031 223 2 2
1.000031 224 1 1
1.000031 225 2 2
1.000031 226 1 1
1.000031 227 2 2
1.000031 228 1 1
1.000031 229 2 2
1.000031 230 1 1
1.000031 231 1 1
1.000031 232 1 1
1.000031 233 1 1
1.000031 234 1 1
1.000031 235 1 1
1.000031 236 1 1
1.000031 237 2 2
1.000031 238 2 2
1.000031 239 1 1
1.000031 240 1 1
1.000031 241 1 1
1.000031 242 1 1
1.000031 243 1 1
1.000031 244 1 1
1.000031 245 1 1
1.000031 246 2 2
1.000031 247 1 1
1.000031 248 2 2
1.000031 249 1 1
1.000031 250 1 1
1.000031 251 2 2
1.000031 252 1 1
1.000031 253 2 2
1.000031 254 1 1
1.000031 255 2 2
1.000031 256 1 1
1.000031 257 1 1
1.000031 258 1 1
1.000031 259 1 1
1.000031 260 2 2
1.000031 261 1 1
1.000031 262 2 2
1.000031 263 2 2
1.000031 264 1 1
1.000031 265 2 2
1.000031 266 2 2
1.000031 267 2 2
1.000031 268 1 1
1.000031 269 2 2
1.000031 270 1 1
1.000031 271 2 2
1.000031 272 2 2
1.000031 273 1 1
1.000031 274 1 1
1.000031 275 1 1
1.000031 277 1 1
1.000031 278 2 2
1.000031 279 1 1
1.000031 280 2 2
1.000031 281 2 2
1.000031 282 1 1
1.000031 283 1 1
1.000031 284 2 2
1.000031 285 1 1
1.000031 286 2 2
1.000031 287 1 1
1.000031 288 1 1
1.000031 289 1 1
1.000031 290 2 2
1.000031 291 1 1
1.000031 292 2 2
1.000031 293 2 2
1.000031 294 1 1
1.000031 295 1 1
1.000031 296 1 1
1.000031 297 2 2
1.000031 299 1 1
1.000031 300 1 1
1.000031 301 2 2
1.000031 302 1 1
1.000031 303 1 1
1.000031 304 2 2
1.000031 305 1 1
1.000031 307 1 1
1.000031 308 2 2
1.000031 309 1 1
1.000031 310 1 1
1.000031 311 2 2
1.000031 312 2 2
1.000031 313 2 2
1.000031 314 1 1
1.000031 315 1 1
1.000031 316 2 2
1.000031 317 2 2
1.000031 318 1 1
1.000031 321 2 2
1.000031 322 1 1
1.000031 323 2 2
1.000031 324 1 1
1.000031 325 1 1
1.000031 326 1 1
1.000031 327 2 2
1.000031 328 2 2
1.000031 329 2 2
1.000031 330 1 1
1.000031 331 2 2
1.000031 332 2 2
1.000031 333 2 2
1.000031 335 2 2
1.000031 336 2 2
1.000031 337 1 1
1.000031 339 1 1
1.000031 340 1 1
1.000031 341 2 2
1.000031 342 2 2
1.000031 343 1 1
1.000031 344 1 1
1.000031 346 2 2
1.000031 347 2 2
1.000031 348 2 2
1.000031 349 1 1
1.000031 350 1 1
1.000031 351 1 1
1.000031 352 2 2
1.000031 353 2 2
1.000031 354 2 2
1.000031 355 2 2
1.000031 357 1 1
1.000031 358 1 1
1.000031 359 2 2
1.000031 360 2 2
1.000031 361 1 1
1.000031 362 1 1
1.000031 363 1 1
1.000031 364 2 2
1.000031 365 1 1
1.000031 367 2 2
1.000031 368 2 2
1.000031 369 1 1
1.000031 370 1 1
1.000031 371 1 1
1.000031 372 1 1
1.000031 373 1 1
1.000031 374 2 2
1.000031 375 1 1
1.000031 376 2 2
1.000031 377 1 1
1.000031 380 2 2
1.000031 381 1 1
1.000031 382 2 2
1.000031 383 1 1
1.000031 385 2 2
1.000031 386 2 2
1.000031 387 2 2
1.000031 388 2 2
1.000031 389 1 1
1.000031 390 1 1
1.000031 391 1 1
1.000031 392 2 2
1.000031 393 1 1
1.000031 394 1 1
1.000031 395 2 2
1.000031 397 1 1
1.000031 398 2 2
1.000031 399 2 2
1.000031 400 2 2
1.000031 401 1 1
1.000031 402 1 1
1.000031 403 2 2
1.000031 404 1 1
1.000031 405 2 2
1.000031 406 2 2
1.000031 407 2 2
1.000031 408 1 1
1.000031 409 2 2
1.000031 410 2 2
1.000031 411 2 2
1.000031 412 1 1
1.000031 413 2 2
1.000031 414 2 2
1.000031 415 2 2
1.000031 416 2 2
1.000031 417 2 2
1.000031 418 1 1
1.000031 420 1 1
1.000031 421 2 2
1.000031 422 2 2
1.000031 423 1 1
1.000031 424 2 2
1.000031 425 1 1
1.000031 426 2 2
1.000031 427 1 1
1.000031 428 2 2
1.000031 429 1 1
1.000031 431 2 2
1.000031 432 2 2
1.000031 433 1 1
1.000031 434 2 2
1.000031 435 1 1
1.000031 436 1 1
1.000031 437 2 2
1.000031 438 1 1
1.000031 439 1 1
1.000031 440 2 2
1.000031 441 2 2
1.000031 442 1 1
1.000031 443 2 2
1.000031 444 2 2
1.000031 446 2 2
1.000031 447 2 2
1.000031 448 1 1
1.000031 449 1 1
1.000031 450 2 2
1.000031 451 1 1
1.000031 452 2 2
1.000031 453 2 2
1.000031 454 2 2
1.000031 455 1 1
1.000031 456 1 1
1.000031 457 2 2
1.000031 458 2 2
1.000031 459 2 2
1.000031 460 2 2
1.000031 461 1 1
1.000031 462 1 1
1.000031 463 1 1
1.000031 464 2 2
1.000031 465 2 2
1.000031 466 1 1
1.000031 468 2 2
1.000031 469 1 1
1.000031 470 2 2
1.000031 471 2 2
1.000031 473 1 1
1.000031 474 1 1
1.000031 475 1 1
1.000031 476 1 1
1.000031 477 2 2
1.000031 478 2 2
1.000031 479 2 2
1.000031 480 2 2
1.000031 481 1 1
1.000031 482 1 1
1.000031 483 2 2
1.000031 484 1 1
1.000031 485 1 1
1.000031 486 1 1
1.000031 487 2 2
1.000031 488 1 1
1.000031 489 2 2
1.000031 490 1 1
1.000031 491 2 2
1.000031 492 1 1
1.000031 493 2 2
1.000031 494 2 2
1.000031 495 2 2
1.000031 496 2 2
1.000031 497 2 2
1.000031 498 2 2
1.000031 499 1 1
1.000031 500 2 2
1.000031 501 2 2
1.000031 502 2 2
1.000031 503 2 2
1.000031 504 2 2
1.000031 505 1 1
1.000031 506 1 1
1.000031 507 1 1
1.000031 508 1 1
1.000031 509 1 1
1.000031 510 1 1
1.000031 511 1 1
1.000031 512 1 1
1.000031 513 2 2
1.000031 514 1 1
1.000031 515 1 1
1.000031 516 2 2
1.000031 517 2 2
1.000031 518 2 2
1.000031 519 2 2
1.000031 520 1 1
1.000031 521 1 1
1.000031 522 1 1
1.000031 523 1 1
1.000031 524 2 2
1.000031 525 1 1
1.000031 526 1 1
1.000031 527 2 2
1.000031 528 1 1
1.000031 529 2 2
1.000031 530 1 1
1.000031 531 1 1
1.000031 532 2 2
1.000031 533 2 2
1.000031 534 2 2
1.000031 535 1 1
1.000031 536 2 2
1.000031 537 1 1
1.000031 538 2 2
1.000031 539 2 2
1.000031 540 1 1
1.000031 541 1 1
1.000031 542 2 2
1.000031 544 2 2
1.000031 545 1 1
1.000031 546 2 2
1.000031 547 2 2
1.000031 548 2 2
2.000061 0 2 2
2.000061 1 2 2
2.000061 2 2 2
2.000061 3 2 2
2.000061 4 3 3
2.000061 5 2 2
2.000061 6 2 2
2.000061 7 2 2
2.000061 8 2 2
2.000061 9 2 2
2.000061 10 2 2
2.000061 11 2 2
2.000061 12 2 2
2.000061 14 2 2
2.000061 15 2 2
2.000061 16 2 2
2.000061 18 2 2
2.000061 19 2 2
2.000061 20 2 2
2.000061 21 2 2
2.000061 22 2 2
2.000061 23 2 2
2.000061 24 2 2
2.000061 25 2 2
2.000061 26 2 2
2.000061 27 2 2
2.000061 28 2 2
2.000061 29 2 2
2.000061 30 3 3
2.000061 31 2 2
2.000061 32 2 2
2.000061 33 2 2
2.000061 34 2 2
2.000061 36 2 2
2.000061 37 2 2
2.000061 38 2 2
2.000061 39 2 2
2.000061 40 2 2
2.000061 41 2 2
2.000061 42 2 2
2.000061 43 2 2
2.000061 44 2 2
2.000061 45 2 2
2.000061 46 2 2
2.000061 47 4 4
2.000061 48 2 2
2.000061 49 2 2
2.000061 50 2 2
2.000061 51 4 4
2.000061 52 2 2
2.000061 53 2 2
2.000061 54 2 2
2.000061 55 2 2
2.000061 56 2 2
2.000061 57 2 2
2.000061 58 2 2
2.000061 59 2 2
2.000061 60 2 2
2.000061 61 2 2
2.000061 62 2 2
2.000061 63 2 2
2.000061 64 2 2
2.000061 65 2 2
2.000061 66 3 3
2.000061 67 2 2
2.000061 68 2 2
2.000061 69 2 2
2.000061 70 2 2
2.000061 71 2 2
2.000061 72 2 2
2.000061 73 2 2
2.000061 74 2 2
2.000061 75 2 2
2.000061 76 2 2
2.000061 77 3 3
2.000061 78 2 2
2.000061 79 2 2
2.000061 80 2 2
2.000061 81 2 2
2.000061 82 2 2
2.000061 85 2 2
2.000061 86 2 2
2.000061 87 2 2
2.000061 88 2 2
2.000061 89 2 2
2.000061 90 2 2
2.000061 91 2 2
2.000061 92 3 3
2.000061 93 3 3
2.000061 94 2 2
2.000061 95 2 2
2.000061 96 2 2
2.000061 97 3 3
2.000061 98 2 2
2.000061 100 2 2
2.000061 102 2 2
2.000061 103 2 2
2.000061 104 2 2
2.000061 105 2 2
2.000061 106 2 2
2.000061 107 2 2
2.000061 108 2 2
2.000061 109 2 2
2.000061 110 2 2
2.000061 111 2 2
2.000061 112 2 2
2.000061 113 2 2
2.000061 114 2 2
2.000061 115 2 2
2.000061 116 2 2
2.000061 117 2 2
2.000061 118 2 2
2.000061 119 2 2
2.000061 120 2 2
2.000061 121 2 2
2.000061 122 2 2
2.000061 123 2 2
2.000061 125 2 2
2.000061 126 2 2
2.000061 127 3 3
2.000061 128 2 2
2.000061 129 2 2
2.000061 130 2 2
2.000061 131 2 2
2.000061 132 2 2
2.000061 133 2 2
2.000061 134 2 2
2.000061 135 2 2
2.000061 136 2 2
2.000061 137 2 2
2.000061 138 2 2
2.000061 139 2 2
2.000061 140 2 2
2.000061 141 2 2
2.000061 142 2 2
2.000061 143 2 2
2.000061 144 2 2
2.000061 145 2 2
2.000061 146 2 2
2.000061 147 2 2
2.000061 148 3 3
2.000061 149 2 2
2.000061 150 2 2
2.000061 151 2 2
2.000061 153 2 2
2.000061 154 2 2
2.000061 156 2 2
2.000061 158 2 2
2.000061 159 2 2
2.000061 160 3 3
2.000061 161 2 2
2.000061 162 3 3
2.000061 163 2 2
2.000061 164 3 3
2.000061 166 2 2
2.000061 167 2 2
2.000061 169 3 3
2.000061 170 2 2
2.000061 171 2 2
2.000061 172 2 2
2.000061 175 2 2
2.000061 176 2 2
2.000061 177 2 2
2.000061 178 3 3
2.000061 179 2 2
2.000061 180 2 2
2.000061 181 2 2
2.000061 182 2 2
2.000061 183 2 2
2.000061 184 2 2
2.000061 185 2 2
2.000061 186 2 2
2.000061 187 2 2
2.000061 188 2 2
2.000061 189 2 2
2.000061 190 2 2
2.000061 191 2 2
2.000061 192 2 2
2.000061 193 2 2
2.000061 194 2 2
2.000061 195 2 2
2.000061 196 2 2
2.000061 197 2 2
2.000061 198 2 2
2.000061 199 2 2
2.000061 200 2 2
2.000061 201 2 2
2.000061 202 2 2
2.000061 203 2 2
2.000061 204 2 2
2.000061 205 2 2
2.000061 206 2 2
2.000061 207 2 2
2.000061 208 2 2
2.000061 209 3 3
2.000061 210 2 2
2.000061 211 2 2
2.000061 212 3 3
2.000061 213 2 2
2.000061 214 2 2
2.000061 215 2 2
2.000061 216 2 2
2.000061 217 2 2
2.000061 218 2 2
2.000061 219 2 2
2.000061 220 2 2
2.000061 221 2 2
2.000061 222 2 2
2.000061 223 2 2
2.000061 224 2 2
2.000061 225 3 3
2.000061 226 2 2
2.000061 227 2 2
2.000061 228 2 2
2.000061 229 2 2
2.000061 230 2 2
2.000061 231 2 2
2.000061 232 2 2
2.000061 233 2 2
2.000061 234 2 2
2.000061 235 2 2
2.000061 236 2 2
2.000061 237 2 2
2.000061 238 2 2
2.000061 239 2 2
2.000061 240 2 2
2.000061 241 2 2
2.000061 242 2 2
2.000061 243 2 2
2.000061 244 2 2
2.000061 245 3 3
2.000061 246 3 3
2.000061 247 2 2
2.000061 248 2 2
2.000061 249 2 2
2.000061 250 2 2
2.000061 251 2 2
2.000061 252 2 2
2.000061 253 2 2
2.000061 254 2 2
2.000061 255 2 2
2.000061 256 2 2
2.000061 257 2 2
2.000061 258 2 2
2.000061 259 2 2
2.000061 260 2 2
2.000061 261 2 2
2.000061 262 2 2
2.000061 263 2 2
2.000061 264 2 2
2.000061 265 2 2
2.000061 266 2 2
2.000061 267 3 3
2.000061 268 2 2
2.000061 269 2 2
2.000061 270 2 2
2.000061 271 3 3
2.000061 272 2 2
2.000061 273 2 2
2.000061 274 2 2
2.000061 275 2 2
2.000061 277 2 2
2.000061 278 2 2
2.000061 279 2 2
2.000061 280 2 2
2.000061 281 2 2
2.000061 282 2 2
2.000061 283 2 2
2.000061 284 3 3
2.000061 285 2 2
2.000061 286 3 3
2.000061 287 2 2
2.000061 288 2 2
2.000061 289 2 2
2.000061 290 2 2
2.000061 291 2 2
2.000061 292 2 2
2.000061 293 2 2
2.000061 294 2 2
2.000061 295 2 2
2.000061 296 2 2
2.000061 297 2 2
2.000061 299 2 2
2.000061 300 2 2
2.000061 301 2 2
2.000061 302 2 2
2.000061 303 2 2
2.000061 304 3 3
2.000061 305 2 2
2.000061 307 2 2
2.000061 308 2 2
2.000061 309 2 2
2.000061 310 2 2
2.000061 311 2 2
2.000061 312 2 2
2.000061 313 2 2
2.000061 314 2 2
2.000061 315 2 2
2.000061 316 2 2
2.000061 317 2 2
2.000061 318 2 2
2.000061 321 2 2
2.000061 322 2 2
2.000061 323 2 2
2.000061 324 2 2
2.000061 325 2 2
2.000061 326 2 2
2.000061 327 2 2
2.000061 328 2 2
2.000061 329 2 2
2.000061 330 2 2
2.000061 331 2 2
2.000061 332 2 2
2.000061 333 2 2
2.000061 335 2 2
2.000061 336 2 2
2.000061 337 2 2
2.000061 339 2 2
2.000061 340 2 2
2.000061 341 2 2
2.000061 342 2 2
2.000061 343 2 2
2.000061 344 2 2
2.000061 346 2 2
2.000061 347 3 3
2.000061 348 3 3
2.000061 349 2 2
2.000061 350 2 2
2.000061 351 2 2
2.000061 352 2 2
2.000061 353 2 2
2.000061 354 2 2
2.000061 355 2 2
2.000061 357 2 2
2.000061 358 2 2
2.000061 359 2 2
2.000061 360 3 3
2.000061 361 2 2
2.000061 362 2 2
2.000061 363 2 2
2.000061 364 3 3
2.000061 365 2 2
2.000061 367 3 3
2.000061 368 3 3
2.000061 369 2 2
2.000061 370 2 2
2.000061 371 2 2
2.000061 372 1 1
2.000061 373 2 2
2.000061 374 2 2
2.000061 375 2 2
2.000061 376 2 2
2.000061 377 2 2
2.000061 380 2 2
2.000061 381 2 2
2.000061 382 2 2
2.000061 383 2 2
2.000061 385 3 3
2.000061 386 2 2
2.000061 387 2 2
2.000061 388 2 2
2.000061 389 2 2
2.000061 390 2 2
2.000061 391 2 2
2.000061 392 2 2
2.000061 393 2 2
2.000061 394 2 2
2.000061 395 3 3
2.000061 397 2 2
2.000061 398 4 4
2.000061 399 3 3
2.000061 400 2 2
2.000061 401 2 2
2.000061 402 2 2
2.000061 403 2 2
2.000061 404 2 2
2.000061 405 2 2
2.000061 406 2 2
2.000061 407 3 3
2.000061 408 2 2
2.000061 409 2 2
2.000061 410 2 2
2.000061 411 2 2
2.000061 412 2 2
2.000061 413 3 3
2.000061 414 2 2
2.000061 415 2 2
2.000061 416 2 2
2.000061 417 2 2
2.000061 418 2 2
2.000061 420 2 2
2.000061 421 2 2
2.000061 422 2 2
2.000061 423 2 2
2.000061 424 2 2
2.000061 425 2 2
2.000061 426 3 3
2.000061 427 2 2
2.000061 428 2 2
2.000061 429 2 2
2.000061 431 2 2
2.000061 432 2 2
2.000061 433 2 2
2.000061 434 2 2
2.000061 435 2 2
2.000061 436 2 2
2.000061 437 2 2
2.000061 438 2 2
2.000061 439 2 2
2.000061 440 2 2
2.000061 441 2 2
2.000061 442 2 2
2.000061 443 2 2
2.000061 444 2 2
2.000061 446 2 2
2.000061 447 3 3
2.000061 448 2 2
2.000061 449 2 2
2.000061 450 2 2
2.000061 451 2 2
2.000061 452 2 2
2.000061 453 2 2
2.000061 454 2 2
2.000061 455 2 2
2.000061 456 2 2
2.000061 457 2 2
2.000061 458 3 3
2.000061 459 2 2
2.000061 460 2 2
2.000061 461 2 2
2.000061 462 2 2
2.000061 463 2 2
2.000061 464 3 3
2.000061 465 2 2
2.000061 466 2 2
2.000061 468 3 3
2.000061 469 2 2
2.000061 470 3 3
2.000061 471 2 2
2.000061 473 2 2
2.000061 474 2 2
2.000061 475 2 2
2.000061 476 2 2
2.000061 477 3 3
2.000061 478 2 2
2.000061 479 3 3
2.000061 480 3 3
2.000061 481 2 2
2.000061 482 2 2
2.000061 483 2 2
2.000061 484 2 2
2.000061 485 2 2
2.000061 486 2 2
2.000061 487 2 2
2.000061 488 2 2
2.000061 489 2 2
2.000061 490 2 2
2.000061 491 2 2
2.000061 492 2 2
2.000061 493 2 2
2.000061 494 2 2
2.000061 495 2 2
2.000061 496 2 2
2.000061 497 3 3
2.000061 498 2 2
2.000061 499 2 2
2.000061 500 2 2
2.000061 501 2 2
2.000061 502 2 2
2.000061 503 2 2
2.000061 504 2 2
2.000061 505 2 2
2.000061 506 2 2
2.000061 507 2 2
2.000061 508 2 2
2.000061 509 2 2
2.000061 510 2 2
2.000061 511 3 3
2.000061 512 2 2
2.000061 513 3 3
2.000061 514 2 2
2.000061 515 2 2
2.000061 516 2 2
2.000061 517 2 2
2.000061 518 2 2
2.000061 519 3 3
2.000061 520 2 2
2.000061 521 2 2
2.000061 522 2 2
2.000061 523 2 2
2.000061 524 2 2
2.000061 525 2 2
2.000061 526 2 2
2.000061 527 2 2
2.000061 528 2 2
2.000061 529 2 2
2.000061 530 2 2
2.000061 531 2 2
2.000061 532 3 3
2.000061 533 2 2
2.000061 534 3 3
2.000061 535 2 2
2.000061 536 2 2
2.000061 537 2 2
2.000061 538 2 2
2.000061 539 2 2
2.000061 540 2 2
2.000061 541 2 2
2.000061 542 2 2
2.000061 544 3 3
2.000061 545 2 2
2.000061 546 2 2
2.000061 547 2 2
2.000061 548 3 3
3.000092 0 4 4
3.000092 1 4 4
3.000092 2 4 4
3.000092 3 4 4
3.000092 4 3 3
3.000092 5 3 3
3.000092 6 4 4
3.000092 7 4 4
3.000092 8 4 4
3.000092 9 4 4
3.000092 10 4 4
3.000092 11 4 4
3.000092 12 4 4
3.000092 14 4 4
3.000092 15 4 4
3.000092 16 4 4
3.000092 18 3 3
3.000092 19 4 4
3.000092 20 4 4
3.000092 21 3 3
3.000092 22 3 3
3.000092 23 3 3
3.000092 24 3 3
3.000092 25 4 4
3.000092 26 4 4
3.000092 27 4 4
3.000092 28 3 3
3.000092 29 3 3
3.000092 30 4 4
3.000092 31 4 4
3.000092 32 4 4
3.000092 33 4 4
3.000092 34 4 4
3.000092 36 3 3
3.000092 37 3 3
3.000092 38 3 3
3.000092 39 4 4
3.000092 40 4 4
3.000092 41 4 4
3.000092 42 4 4
3.000092 43 4 4
3.000092 44 3 3
3.000092 45 4 4
3.000092 46 2 2
3.000092 47 4 4
3.000092 48 4 4
3.000092 49 3 3
3.000092 50 4 4
3.000092 51 4 4
3.000092 52 4 4
3.000092 53 4 4
3.000092 54 4 4
3.000092 55 3 3
3.000092 56 4 4
3.000092 57 4 4
3.000092 58 4 4
3.000092 59 4 4
3.000092 60 4 4
3.000092 61 3 3
3.000092 62 4 4
3.000092 63 4 4
3.000092 64 4 4
3.000092 65 4 4
3.000092 66 4 4
3.000092 67 4 4
3.000092 68 4 4
3.000092 69 4 4
3.000092 70 4 4
3.000092 71 4 4
3.000092 72 4 4
3.000092 73 4 4
3.000092 74 4 4
3.000092 75 4 4
3.000092 76 4 4
3.000092 77 4 4
3.000092 78 4 4
3.000092 79 3 3
3.000092 80 2 2
3.000092 81 4 4
3.000092 82 4 4
3.000092 85 4 4
3.000092 86 4 4
3.000092 87 4 4
3.000092 88 4 4
3.000092 89 4 4
3.000092 90 4 4
3.000092 91 4 4
3.000092 92 4 4
3.000092 93 4 4
3.000092 94 4 4
3.000092 95 4 4
3.000092 96 4 4
3.000092 97 4 4
3.000092 98 4 4
3.000092 100 3 3
3.000092 102 4 4
3.000092 103 4 4
3.000092 104 4 4
3.000092 105 4 4
3.000092 106 4 4
3.000092 107 4 4
3.000092 108 4 4
3.000092 109 4 4
3.000092 110 4 4
3.000092 111 4 4
3.000092 112 4 4
3.000092 113 4 4
3.000092 114 4 4
3.000092 115 4 4
3.000092 116 4 4
3.000092 117 2 2
3.000092 118 4 4
3.000092 119 4 4
3.000092 120 4 4
3.000092 121 4 4
3.000092 122 4 4
3.000092 123 3 3
3.000092 125 4 4
3.000092 126 4 4
3.000092 127 4 4
3.000092 128 4 4
3.000092 129 3 3
3.000092 130 4 4
3.000092 131 3 3
3.000092 132 4 4
3.000092 133 4 4
3.000092 134 4 4
3.000092 135 4 4
3.000092 136 4 4
3.000092 137 4 4
3.000092 138 4 4
3.000092 139 4 4
3.000092 140 3 3
3.000092 141 4 4
3.000092 142 4 4
3.000092 143 3 3
3.000092 144 4 4
3.000092 145 4 4
3.000092 146 4 4
3.000092 147 3 3
3.000092 148 5 5
3.000092 149 4 4
3.000092 150 4 4
3.000092 151 4 4
3.000092 153 4 4
3.000092 154 4 4
3.000092 156 4 4
3.000092 158 3 3
3.000092 159 4 4
3.000092 160 4 4
3.000092 161 4 4
3.000092 162 5 5
3.000092 163 3 3
3.000092 164 4 4
3.000092 166 4 4
3.000092 167 4 4
3.000092 169 4 4
3.000092 170 4 4
3.000092 171 4 4
3.000092 172 4 4
3.000092 175 4 4
3.000092 176 4 4
3.000092 177 4 4
3.000092 178 4 4
3.000092 179 4 4
3.000092 180 3 3
3.000092 181 4 4
3.000092 182 3 3
3.000092 183 4 4
3.000092 184 4 4
3.000092 185 4 4
3.000092 186 3 3
3.000092 187 4 4
3.000092 188 4 4
3.000092 189 4 4
3.000092 190 4 4
3.000092 191 4 4
3.000092 192 3 3
3.000092 193 4 4
3.000092 194 4 4
3.000092 195 4 4
3.000092 196 4 4
3.000092 197 4 4
3.000092 198 4 4
3.000092 199 4 4
3.000092 200 4 4
3.000092 201 4 4
3.000092 202 4 4
3.000092 203 4 4
3.000092 204 4 4
3.000092 205 3 3
3.000092 206 4 4
3.000092 207 4 4
3.000092 208 4 4
3.000092 209 4 4
3.000092 210 3 3
3.000092 211 4 4
3.000092 212 4 4
3.000092 213 4 4
3.000092 214 3 3
3.000092 215 4 4
3.000092 216 4 4
3.000092 217 4 4
3.000092 218 4 4
3.000092 219 3 3
3.000092 220 4 4
3.000092 221 4 4
3.000092 222 4 4
3.000092 223 4 4
3.000092 224 4 4
3.000092 225 4 4
3.000092 226 4 4
3.000092 227 4 4
3.000092 228 3 3
3.000092 229 4 4
3.000092 230 4 4
3.000092 231 4 4
3.000092 232 3 3
3.000092 233 4 4
3.000092 234 4 4
3.000092 235 4 4
3.000092 236 4 4
3.000092 237 4 4
3.000092 238 4 4
3.000092 239 3 3
3.000092 240 4 4
3.000092 241 4 4
3.000092 242 4 4
3.000092 243 4 4
3.000092 244 3 3
3.000092 245 4 4
3.000092 246 5 5
3.000092 247 2 2
3.000092 248 4 4
3.000092 249 4 4
3.000092 250 4 4
3.000092 251 4 4
3.000092 252 3 3
3.000092 253 4 4
3.000092 254 4 4
3.000092 255 4 4
3.000092 256 4 4
3.000092 257 4 4
3.000092 258 4 4
3.000092 259 4 4
3.000092 260 4 4
3.000092 261 4 4
3.000092 262 4 4
3.000092 263 4 4
3.000092 264 4 4
3.000092 265 4 4
3.000092 266 4 4
3.000092 267 4 4
3.000092 268 4 4
3.000092 269 4 4
3.000092 270 3 3
3.000092 271 5 5
3.000092 272 4 4
3.000092 273 4 4
3.000092 274 4 4
3.000092 275 4 4
3.000092 277 4 4
3.000092 278 4 4
3.000092 279 4 4
3.000092 280 4 4
3.000092 281 4 4
3.000092 282 2 2
3.000092 283 4 4
3.000092 284 4 4
3.000092 285 4 4
3.000092 286 4 4
3.000092 287 4 4
3.000092 288 3 3
3.000092 289 4 4
3.000092 290 4 4
3.000092 291 4 4
3.000092 292 4 4
3.000092 293 4 4
3.000092 294 4 4
3.000092 295 4 4
3.000092 296 4 4
3.000092 297 4 4
3.000092 299 4 4
3.000092 300 4 4
3.000092 301 4 4
3.000092 302 4 4
3.000092 303 4 4
3.000092 304 4 4
3.000092 305 4 4
3.000092 307 4 4
3.000092 308 4 4
3.000092 309 4 4
3.000092 310 4 4
3.000092 311 4 4
3.000092 312 4 4
3.000092 313 4 4
3.000092 314 4 4
3.000092 315 4 4
3.000092 316 4 4
3.000092 317 4 4
3.000092 318 3 3
3.000092 321 4 4
3.000092 322 4 4
3.000092 323 4 4
3.000092 324 4 4
3.000092 325 3 3
3.000092 326 4 4
3.000092 327 4 4
3.000092 328 4 4
3.000092 329 4 4
3.000092 330 4 4
3.000092 331 4 4
3.000092 332 4 4
3.000092 333 4 4
3.000092 335 4 4
3.000092 336 4 4
3.000092 337 4 4
3.000092 339 4 4
3.000092 340 4 4
3.000092 341 4 4
3.000092 342 4 4
3.000092 343 3 3
3.000092 344 4 4
3.000092 346 4 4
3.000092 347 4 4
3.000092 348 5 5
3.000092 349 4 4
3.000092 350 4 4
3.000092 351 4 4
3.000092 352 4 4
3.000092 353 4 4
3.000092 354 4 4
3.000092 355 4 4
3.000092 357 4 4
3.000092 358 4 4
3.000092 359 4 4
3.000092 360 3 3
3.000092 361 4 4
3.000092 362 4 4
3.000092 363 3 3
3.000092 364 5 5
3.000092 365 3 3
3.000092 367 4 4
3.000092 368 4 4
3.000092 369 4 4
3.000092 370 4 4
3.000092 371 4 4
3.000092 372 2 2
3.000092 373 4 4
3.000092 374 4 4
3.000092 375 4 4
3.000092 376 4 4
3.000092 377 3 3
3.000092 380 4 4
3.000092 381 4 4
3.000092 382 4 4
3.000092 383 4 4
3.000092 385 4 4
3.000092 386 4 4
3.000092 387 4 4
3.000092 388 4 4
3.000092 389 4 4
3.000092 390 4 4
3.000092 391 4 4
3.000092 392 4 4
3.000092 393 4 4
3.000092 394 3 3
3.000092 395 4 4
3.000092 397 4 4
3.000092 398 5 5
3.000092 399 4 4
3.000092 400 4 4
3.000092 401 3 3
3.000092 402 3 3
3.000092 403 4 4
3.000092 404 3 3
3.000092 405 4 4
3.000092 406 4 4
3.000092 407 5 5
3.000092 408 4 4
3.000092 409 4 4
3.000092 410 4 4
3.000092 411 4 4
3.000092 412 1 1
3.000092 413 4 4
3.000092 414 4 4
3.000092 415 4 4
3.000092 416 4 4
3.000092 417 4 4
3.000092 418 4 4
3.000092 420 4 4
3.000092 421 4 4
3.000092 422 3 3
3.000092 423 4 4
3.000092 424 4 4
3.000092 425 4 4
3.000092 426 5 5
3.000092 427 4 4
3.000092 428 4 4
3.000092 429 4 4
3.000092 431 3 3
3.000092 432 4 4
3.000092 433 4 4
3.000092 434 4 4
3.000092 435 4 4
3.000092 436 4 4
3.000092 437 4 4
3.000092 438 4 4
3.000092 439 4 4
3.000092 440 4 4
3.000092 441 4 4
3.000092 442 4 4
3.000092 443 4 4
3.000092 444 4 4
3.000092 446 4 4
3.000092 447 4 4
3.000092 448 4 4
3.000092 449 4 4
3.000092 450 4 4
3.000092 451 3 3
3.000092 452 4 4
3.000092 453 4 4
3.000092 454 4 4
3.000092 455 4 4
3.000092 456 4 4
3.000092 457 4 4
3.000092 458 5 5
3.000092 459 4 4
3.000092 460 4 4
3.000092 461 4 4
3.000092 462 4 4
3.000092 463 4 4
3.000092 464 4 4
3.000092 465 3 3
3.000092 466 3 3
3.000092 468 4 4
3.000092 469 4 4
3.000092 470 4 4
3.000092 471 4 4
3.000092 473 4 4
3.000092 474 4 4
3.000092 475 4 4
3.000092 476 4 4
3.000092 477 5 5
3.000092 478 4 4
3.000092 479 4 4
3.000092 480 4 4
3.000092 481 4 4
3.000092 482 4 4
3.000092 483 4 4
3.000092 484 4 4
3.000092 485 4 4
3.000092 486 4 4
3.000092 487 4 4
3.000092 488 3 3
3.000092 489 4 4
3.000092 490 4 4
3.000092 491 4 4
3.000092 492 4 4
3.000092 493 4 4
3.000092 494 4 4
3.000092 495 4 4
3.000092 496 4 4
3.000092 497 4 4
3.000092 498 4 4
3.000092 499 4 4
3.000092 500 4 4
3.000092 501 4 4
3.000092 502 4 4
3.000092 503 4 4
3.000092 504 4 4
3.000092 505 4 4
3.000092 506 3 3
3.000092 507 4 4
3.000092 508 4 4
3.000092 509 4 4
3.000092 510 4 4
3.000092 511 5 5
3.000092 512 4 4
3.000092 513 5 5
3.000092 514 4 4
3.000092 515 4 4
3.000092 516 4 4
3.000092 517 4 4
3.000092 518 4 4
3.000092 519 4 4
3.000092 520 4 4
3.000092 521 3 3
3.000092 522 4 4
3.000092 523 4 4
3.000092 524 4 4
3.000092 525 3 3
3.000092 526 3 3
3.000092 527 4 4
3.000092 528 4 4
3.000092 529 4 4
3.000092 530 4 4
3.000092 531 4 4
3.000092 532 5 5
3.000092 533 4 4
3.000092 534 4 4
3.000092 535 3 3
3.000092 536 4 4
3.000092 537 4 4
3.000092 538 4 4
3.000092 539 4 4
3.000092 540 4 4
3.000092 541 4 4
3.000092 542 4 4
3.000092 544 4 4
3.000092 545 4 4
3.000092 546 4 4
3.000092 547 4 4
3.000092 548 5 5
4.000122 0 5 5
4.000122 1 8 8
4.000122 2 6 6
4.000122 3 7 7
4.000122 4 7 7
4.000122 5 5 5
4.000122 6 4 4
4.000122 7 7 7
4.000122 8 6 6
4.000122 9 6 6
4.000122 10 4 4
4.000122 11 6 6
4.000122 12 4 4
4.000122 14 6 6
4.000122 15 6 6
4.000122 16 8 8
4.000122 18 5 5
4.000122 19 6 6
4.000122 20 5 5
4.000122 21 5 5
4.000122 22 4 4
4.000122 23 6 6
4.000122 24 5 5
4.000122 25 5 5
4.000122 26 6 6
4.000122 27 7 7
4.000122 28 6 6
4.000122 29 5 5
4.000122 30 6 6
4.000122 31 8 8
4.000122 32 6 6
4.000122 33 6 6
4.000122 34 6 6
4.000122 36 6 6
4.000122 37 3 3
4.000122 38 6 6
4.000122 39 7 7
4.000122 40 6 6
4.000122 41 7 7
4.000122 42 8 8
4.000122 43 7 7
4.000122 44 4 4
4.000122 45 6 6
4.000122 46 3 3
4.000122 47 8 8
4.000122 48 7 7
4.000122 49 5 5
4.000122 50 8 8
4.000122 51 8 8
4.000122 52 7 7
4.000122 53 6 6
4.000122 54 7 7
4.000122 55 4 4
4.000122 56 7 7
4.000122 57 5 5
4.000122 58 7 7
4.000122 59 8 8
4.000122 60 7 7
4.000122 61 6 6
4.000122 62 7 7
4.000122 63 6 6
4.000122 64 4 4
4.000122 65 6 6
4.000122 66 8 8
4.000122 67 6 6
4.000122 68 5 5
4.000122 69 7 7
4.000122 70 7 7
4.000122 71 5 5
4.000122 72 7 7
4.000122 73 8 8
4.000122 74 6 6
4.000122 75 7 7
4.000122 76 6 6
4.000122 77 6 6
4.000122 78 8 8
4.000122 79 4 4
4.000122 80 4 4
4.000122 81 5 5
4.000122 82 5 5
4.000122 85 6 6
4.000122 86 7 7
4.000122 87 6 6
4.000122 88 6 6
4.000122 89 6 6
4.000122 90 5 5
4.000122 91 7 7
4.000122 92 7 7
4.000122 93 7 7
4.000122 94 7 7
4.000122 95 4 4
4.000122 96 8 8
4.000122 97 8 8
4.000122 98 8 8
4.000122 100 4 4
4.000122 102 6 6
4.000122 103 8 8
4.000122 104 6 6
4.000122 105 8 8
4.000122 106 4 4
4.000122 107 8 8
4.000122 108 5 5
4.000122 109 8 8
4.000122 110 8 8
4.000122 111 5 5
4.000122 112 5 5
4.000122 113 5 5
4.000122 114 6 6
4.000122 115 8 8
4.000122 116 7 7
4.000122 117 4 4
4.000122 118 5 5
4.000122 119 5 5
4.000122 120 8 8
4.000122 121 6 6
4.000122 122 8 8
4.000122 123 5 5
4.000122 125 7 7
4.000122 126 8 8
4.000122 127 7 7
4.000122 128 8 8
4.000122 129 5 5
4.000122 130 5 5
4.000122 131 5 5
4.000122 132 8 8
4.000122 133 6 6
4.000122 134 5 5
4.000122 135 6 6
4.000122 136 4 4
4.000122 137 7 7
4.000122 138 6 6
4.000122 139 5 5
4.000122 140 4 4
4.000122 141 8 8
4.000122 142 4 4
4.000122 143 6 6
4.000122 144 7 7
4.000122 145 8 8
4.000122 146 6 6
4.000122 147 5 5
4.000122 148 8 8
4.000122 149 6 6
4.000122 150 7 7
4.000122 151 8 8
4.000122 153 8 8
4.000122 154 7 7
4.000122 156 7 7
4.000122 158 5 5
4.000122 159 6 6
4.000122 160 6 6
4.000122 161 4 4
4.000122 162 7 7
4.000122 163 5 5
4.000122 164 8 8
4.000122 166 4 4
4.000122 167 7 7
4.000122 169 8 8
4.000122 170 6 6
4.000122 171 5 5
4.000122 172 6 6
4.000122 175 6 6
4.000122 176 5 5
4.000122 177 4 4
4.000122 178 8 8
4.000122 179 6 6
4.000122 180 3 3
4.000122 181 5 5
4.000122 182 5 5
4.000122 183 7 7
4.000122 184 7 7
4.000122 185 6 6
4.000122 186 5 5
4.000122 187 4 4
4.000122 188 8 8
4.000122 189 8 8
4.000122 190 6 6
4.000122 191 7 7
4.000122 192 5 5
4.000122 193 6 6
4.000122 194 8 8
4.000122 195 5 5
4.000122 196 5 5
4.000122 197 5 5
4.000122 198 7 7
4.000122 199 7 7
4.000122 200 5 5
4.000122 201 7 7
4.000122 202 8 8
4.000122 203 6 6
4.000122 204 5 5
4.000122 205 5 5
4.000122 206 6 6
4.000122 207 5 5
4.000122 208 5 5
4.000122 209 7 7
4.000122 210 5 5
4.000122 211 6 6
4.000122 212 7 7
4.000122 213 6 6
4.000122 214 6 6
4.000122 215 8 8
4.000122 216 6 6
4.000122 217 7 7
4.000122 218 6 6
4.000122 219 5 5
4.000122 220 5 5
4.000122 221 8 8
4.000122 222 7 7
4.000122 223 7 7
4.000122 224 6 6
4.000122 225 8 8
4.000122 226 4 4
4.000122 227 6 6
4.000122 228 3 3
4.000122 229 7 7
4.000122 230 5 5
4.000122 231 4 4
4.000122 232 4 4
4.000122 233 5 5
4.000122 234 7 7
4.000122 235 7 7
4.000122 236 5 5
4.000122 237 8 8
4.000122 238 7 7
4.000122 239 5 5
4.000122 240 6 6
4.000122 241 5 5
4.000122 242 6 6
4.000122 243 5 5
4.000122 244 6 6
4.000122 245 7 7
4.000122 246 8 8
4.000122 247 4 4
4.000122 248 7 7
4.000122 249 4 4
4.000122 250 5 5
4.000122 251 7 7
4.000122 252 4 4
4.000122 253 7 7
4.000122 254 6 6
4.000122 255 6 6
4.000122 256 6 6
4.000122 257 6 6
4.000122 258 7 7
4.000122 259 5 5
4.000122 260 8 8
4.000122 261 4 4
4.000122 262 7 7
4.000122 263 6 6
4.000122 264 6 6
4.000122 265 6 6
4.000122 266 8 8
4.000122 267 6 6
4.000122 268 4 4
4.000122 269 8 8
4.000122 270 4 4
4.000122 271 9 9
4.000122 272 7 7
4.000122 273 4 4
4.000122 274 6 6
4.000122 275 6 6
4.000122 277 5 5
4.000122 278 8 8
4.000122 279 5 5
4.000122 280 8 8
4.000122 281 6 6
4.000122 282 5 5
4.000122 283 5 5
4.000122 284 7 7
4.000122 285 5 5
4.000122 286 8 8
4.000122 287 6 6
4.000122 288 6 6
4.000122 289 5 5
4.000122 290 7 7
4.000122 291 4 4
4.000122 292 6 6
4.000122 293 5 5
4.000122 294 4 4
4.000122 295 6 6
4.000122 296 5 5
4.000122 297 8 8
4.000122 299 5 5
4.000122 300 6 6
4.000122 301 8 8
4.000122 302 5 5
4.000122 303 7 7
4.000122 304 7 7
4.000122 305 6 6
4.000122 307 4 4
4.000122 308 6 6
4.000122 309 5 5
4.000122 310 5 5
4.000122 311 4 4
4.000122 312 5 5
4.000122 313 6 6
4.000122 314 5 5
4.000122 315 6 6
4.000122 316 7 7
4.000122 317 7 7
4.000122 318 4 4
4.000122 321 6 6
4.000122 322 6 6
4.000122 323 6 6
4.000122 324 7 7
4.000122 325 5 5
4.000122 326 6 6
4.000122 327 7 7
4.000122 328 7 7
4.000122 329 7 7
4.000122 330 4 4
4.000122 331 7 7
4.000122 332 6 6
4.000122 333 6 6
4.000122 335 6 6
4.000122 336 8 8
4.000122 337 6 6
4.000122 339 5 5
4.000122 340 6 6
4.000122 341 6 6
4.000122 342 8 8
4.000122 343 5 5
4.000122 344 6 6
4.000122 346 6 6
4.000122 347 7 7
4.000122 348 8 8
4.000122 349 7 7
4.000122 350 6 6
4.000122 351 5 5
4.000122 352 7 7
4.000122 353 7 7
4.000122 354 6 6
4.000122 355 7 7
4.000122 357 5 5
4.000122 358 5 5
4.000122 359 7 7
4.000122 360 6 6
4.000122 361 5 5
4.000122 362 4 4
4.000122 363 4 4
4.000122 364 8 8
4.000122 365 5 5
4.000122 367 8 8
4.000122 368 6 6
4.000122 369 6 6
4.000122 370 6 6
4.000122 371 5 5
4.000122 372 2 2
4.000122 373 5 5
4.000122 374 7 7
4.000122 375 5 5
4.000122 376 4 4
4.000122 377 4 4
4.000122 380 8 8
4.000122 381 6 6
4.000122 382 6 6
4.000122 383 4 4
4.000122 385 7 7
4.000122 386 7 7
4.000122 387 6 6
4.000122 388 5 5
4.000122 389 7 7
4.000122 390 4 4
4.000122 391 6 6
4.000122 392 6 6
4.000122 393 7 7
4.000122 394 5 5
4.000122 395 7 7
4.000122 397 6 6
4.000122 398 8 8
4.000122 399 7 7
4.000122 400 5 5
4.000122 401 4 4
4.000122 402 6 6
4.000122 403 5 5
4.000122 404 6 6
4.000122 405 7 7
4.000122 406 7 7
4.000122 407 6 6
4.000122 408 4 4
4.000122 409 8 8
4.000122 410 6 6
4.000122 411 8 8
4.000122 412 2 2
4.000122 413 8 8
4.000122 414 4 4
4.000122 415 8 8
4.000122 416 6 6
4.000122 417 7 7
4.000122 418 5 5
4.000122 420 7 7
4.000122 421 6 6
4.000122 422 5 5
4.000122 423 4 4
4.000122 424 5 5
4.000122 425 5 5
4.000122 426 8 8
4.000122 427 6 6
4.000122 428 5 5
4.000122 429 8 8
4.000122 431 4 4
4.000122 432 6 6
4.000122 433 6 6
4.000122 434 6 6
4.000122 435 4 4
4.000122 436 5 5
4.000122 437 7 7
4.000122 438 6 6
4.000122 439 5 5
4.000122 440 7 7
4.000122 441 5 5
4.000122 442 5 5
4.000122 443 6 6
4.000122 444 7 7
4.000122 446 6 6
4.000122 447 8 8
4.000122 448 6 6
4.000122 449 6 6
4.000122 450 8 8
4.000122 451 5 5
4.000122 452 7 7
4.000122 453 5 5
4.000122 454 8 8
4.000122 455 7 7
4.000122 456 6 6
4.000122 457 7 7
4.000122 458 7 7
4.000122 459 6 6
4.000122 460 7 7
4.000122 461 4 4
4.000122 462 5 5
4.000122 463 5 5
4.000122 464 6 6
4.000122 465 6 6
4.000122 466 6 6
4.000122 468 7 7
4.000122 469 5 5
4.000122 470 7 7
4.000122 471 7 7
4.000122 473 4 4
4.000122 474 5 5
4.000122 475 6 6
4.000122 476 6 6
4.000122 477 9 9
4.000122 478 6 6
4.000122 479 6 6
4.000122 480 6 6
4.000122 481 7 7
4.000122 482 5 5
4.000122 483 5 5
4.000122 484 4 4
4.000122 485 6 6
4.000122 486 5 5
4.000122 487 7 7
4.000122 488 4 4
4.000122 489 7 7
4.000122 490 6 6
4.000122 491 8 8
4.000122 492 7 7
4.000122 493 5 5
4.000122 494 5 5
4.000122 495 6 6
4.000122 496 6 6
4.000122 497 6 6
4.000122 498 6 6
4.000122 499 6 6
4.000122 500 5 5
4.000122 501 5 5
4.000122 502 8 8
4.000122 503 7 7
4.000122 504 5 5
4.000122 505 5 5
4.000122 506 5 5
4.000122 507 6 6
4.000122 508 4 4
4.000122 509 4 4
4.000122 510 7 7
4.000122 511 7 7
4.000122 512 6 6
4.000122 513 9 9
4.000122 514 6 6
4.000122 515 5 5
4.000122 516 8 8
4.000122 517 7 7
4.000122 518 7 7
4.000122 519 6 6
4.000122 520 4 4
4.000122 521 4 4
4.000122 522 6 6
4.000122 523 8 8
4.000122 524 7 7
4.000122 525 4 4
4.000122 526 4 4
4.000122 527 8 8
4.000122 528 7 7
4.000122 529 7 7
4.000122 530 4 4
4.000122 531 6 6
4.000122 532 7 7
4.000122 533 7 7
4.000122 534 8 8
4.000122 535 5 5
4.000122 536 4 4
4.000122 537 6 6
4.000122 538 6 6
4.000122 539 6 6
4.000122 540 6 6
4.000122 541 6 6
4.000122 542 8 8
4.000122 544 6 6
4.000122 545 4 4
4.000122 546 6 6
4.000122 547 6 6
4.000122 548 7 7
5.000153 0 9 9
5.000153 1 9 9
5.000153 2 10 10
5.000153 3 8 8
5.000153 4 12 12
5.000153 5 7 7
5.000153 6 8 8
5.000153 7 10 10
5.000153 8 10 10
5.000153 9 9 9
5.000153 10 8 8
5.000153 11 9 9
5.000153 12 8 8
5.000153 14 8 8
5.000153 15 8 8
5.000153 16 11 11
5.000153 18 2 2
5.000153 19 9 9
5.000153 20 8 8
5.000153 21 8 8
5.000153 22 8 8
5.000153 23 8 8
5.000153 24 8 8
5.000153 25 8 8
5.000153 26 9 9
5.000153 27 11 11
5.000153 28 8 8
5.000153 29 8 8
5.000153 30 11 11
5.000153 31 13 13
5.000153 32 8 8
5.000153 33 9 9
5.000153 34 9 9
5.000153 36 9 9
5.000153 37 2 2
5.000153 38 8 8
5.000153 39 11 11
5.000153 40 8 8
5.000153 41 9 9
5.000153 42 12 12
5.000153 43 8 8
5.000153 44 8 8
5.000153 45 8 8
5.000153 46 1 1
5.000153 47 12 12
5.000153 48 10 10
5.000153 49 8 8
5.000153 50 9 9
5.000153 51 14 14
5.000153 52 8 8
5.000153 53 10 10
5.000153 54 10 10
5.000153 55 7 7
5.000153 56 10 10
5.000153 57 8 8
5.000153 58 11 11
5.000153 59 10 10
5.000153 60 9 9
5.000153 61 9 9
5.000153 62 11 11
5.000153 63 8 8
5.000153 64 8 8
5.000153 65 9 9
5.000153 66 11 11
5.000153 67 8 8
5.000153 68 9 9
5.000153 69 10 10
5.000153 70 9 9
5.000153 71 8 8
5.000153 72 9 9
5.000153 73 10 10
5.000153 74 8 8
5.000153 75 8 8
5.000153 76 9 9
5.000153 77 10 10
5.000153 78 8 8
5.000153 79 8 8
5.000153 80 7 7
5.000153 81 8 8
5.000153 82 8 8
5.000153 85 10 10
5.000153 86 10 10
5.000153 87 8 8
5.000153 88 10 10
5.000153 89 8 8
5.000153 90 8 8
5.000153 91 9 9
5.000153 92 10 10
5.000153 93 11 11
5.000153 94 10 10
5.000153 95 8 8
5.000153 96 10 10
5.000153 97 13 13
5.000153 98 10 10
5.000153 100 8 8
5.000153 102 8 8
5.000153 103 12 12
5.000153 104 9 9
5.000153 105 10 10
5.000153 106 8 8
5.000153 107 8 8
5.000153 108 8 8
5.000153 109 9 9
5.000153 110 11 11
5.000153 111 8 8
5.000153 112 8 8
5.000153 113 9 9
5.000153 114 8 8
5.000153 115 10 10
5.000153 116 9 9
5.000153 117 7 7
5.000153 118 8 8
5.000153 119 9 9
5.000153 120 6 6
5.000153 121 9 9
5.000153 122 9 9
5.000153 123 8 8
5.000153 125 10 10
5.000153 126 11 11
5.000153 127 11 11
5.000153 128 12 12
5.000153 129 8 8
5.000153 130 8 8
5.000153 131 8 8
5.000153 132 12 12
5.000153 133 10 10
5.000153 134 8 8
5.000153 135 7 7
5.000153 136 8 8
5.000153 137 10 10
5.000153 138 9 9
5.000153 139 8 8
5.000153 140 7 7
5.000153 141 11 11
5.000153 142 8 8
5.000153 143 9 9
5.000153 144 8 8
5.000153 145 12 12
5.000153 146 8 8
5.000153 147 8 8
5.000153 148 11 11
5.000153 149 9 9
5.000153 150 9 9
5.000153 151 11 11
5.000153 153 7 7
5.000153 154 11 11
5.000153 156 10 10
5.000153 158 8 8
5.000153 159 8 8
5.000153 160 10 10
5.000153 161 8 8
5.000153 162 10 10
5.000153 163 9 9
5.000153 164 13 13
5.000153 166 8 8
5.000153 167 10 10
5.000153 169 13 13
5.000153 170 8 8
5.000153 171 8 8
5.000153 172 8 8
5.000153 175 10 10
5.000153 176 8 8
5.000153 177 8 8
5.000153 178 11 11
5.000153 179 8 8
5.000153 180 1 1
5.000153 181 9 9
5.000153 182 8 8
5.000153 183 9 9
5.000153 184 9 9
5.000153 185 9 9
5.000153 186 8 8
5.000153 187 8 8
5.000153 188 9 9
5.000153 189 9 9
5.000153 190 8 8
5.000153 191 8 8
5.000153 192 6 6
5.000153 193 8 8
5.000153 194 10 10
5.000153 195 8 8
5.000153 196 8 8
5.000153 197 8 8
5.000153 198 9 9
5.000153 199 10 10
5.000153 200 9 9
5.000153 201 9 9
5.000153 202 8 8
5.000153 203 10 10
5.000153 204 8 8
5.000153 205 9 9
5.000153 206 7 7
5.000153 207 8 8
5.000153 208 10 10
5.000153 209 10 10
5.000153 210 8 8
5.000153 211 8 8
5.000153 212 11 11
5.000153 213 10 10
5.000153 214 10 10
5.000153 215 10 10
5.000153 216 8 8
5.000153 217 13 13
5.000153 218 8 8
5.000153 219 3 3
5.000153 220 8 8
5.000153 221 10 10
5.000153 222 10 10
5.000153 223 10 10
5.000153 224 9 9
5.000153 225 10 10
5.000153 226 8 8
5.000153 227 8 8
5.000153 228 5 5
5.000153 229 12 12
5.000153 230 8 8
5.000153 231 8 8
5.000153 232 8 8
5.000153 233 8 8
5.000153 234 8 8
5.000153 235 9 9
5.000153 236 8 8
5.000153 237 12 12
5.000153 238 9 9
5.000153 239 7 7
5.000153 240 9 9
5.000153 241 9 9
5.000153 242 10 10
5.000153 243 8 8
5.000153 244 8 8
5.000153 245 11 11
5.000153 246 12 12
5.000153 247 7 7
5.000153 248 11 11
5.000153 249 8 8
5.000153 250 10 10
5.000153 251 10 10
5.000153 252 8 8
5.000153 253 10 10
5.000153 254 8 8
5.000153 255 9 9
5.000153 256 8 8
5.000153 257 9 9
5.000153 258 11 11
5.000153 259 8 8
5.000153 260 11 11
5.000153 261 8 8
5.000153 262 8 8
5.000153 263 8 8
5.000153 264 9 9
5.000153 265 9 9
5.000153 266 12 12
5.000153 267 11 11
5.000153 268 8 8
5.000153 269 10 10
5.000153 270 8 8
5.000153 271 12 12
5.000153 272 9 9
5.000153 273 8 8
5.000153 274 9 9
5.000153 275 8 8
5.000153 277 9 9
5.000153 278 11 11
5.000153 279 9 9
5.000153 280 10 10
5.000153 281 11 11
5.000153 282 7 7
5.000153 283 8 8
5.000153 284 11 11
5.000153 285 8 8
5.000153 286 12 12
5.000153 287 8 8
5.000153 288 10 10
5.000153 289 8 8
5.000153 290 12 12
5.000153 291 8 8
5.000153 292 9 9
5.000153 293 10 10
5.000153 294 8 8
5.000153 295 8 8
5.000153 296 8 8
5.000153 297 10 10
5.000153 299 8 8
5.000153 300 8 8
5.000153 301 9 9
5.000153 302 9 9
5.000153 303 10 10
5.000153 304 9 9
5.000153 305 8 8
5.000153 307 8 8
5.000153 308 8 8
5.000153 309 9 9
5.000153 310 8 8
5.000153 311 8 8
5.000153 312 8 8
5.000153 313 10 10
5.000153 314 8 8
5.000153 315 8 8
5.000153 316 9 9
5.000153 317 9 9
5.000153 318 8 8
5.000153 321 8 8
5.000153 322 8 8
5.000153 323 10 10
5.000153 324 9 9
5.000153 325 8 8
5.000153 326 9 9
5.000153 327 10 10
5.000153 328 10 10
5.000153 329 10 10
5.000153 330 8 8
5.000153 331 9 9
5.000153 332 9 9
5.000153 333 9 9
5.000153 335 8 8
5.000153 336 13 13
5.000153 337 9 9
5.000153 339 8 8
5.000153 340 9 9
5.000153 341 8 8
5.000153 342 8 8
5.000153 343 5 5
5.000153 344 9 9
5.000153 346 9 9
5.000153 347 13 13
5.000153 348 11 11
5.000153 349 9 9
5.000153 350 10 10
5.000153 351 8 8
5.000153 352 8 8
5.000153 353 12 12
5.000153 354 9 9
5.000153 355 9 9
5.000153 357 8 8
5.000153 358 8 8
5.000153 359 10 10
5.000153 360 9 9
5.000153 361 8 8
5.000153 362 8 8
5.000153 363 8 8
5.000153 364 11 11
5.000153 365 8 8
5.000153 367 12 12
5.000153 368 9 9
5.000153 369 8 8
5.000153 370 8 8
5.000153 371 8 8
5.000153 372 1 1
5.000153 373 9 9
5.000153 374 9 9
5.000153 375 8 8
5.000153 376 8 8
5.000153 377 8 8
5.000153 380 10 10
5.000153 381 8 8
5.000153 382 11 11
5.000153 383 8 8
5.000153 385 9 9
5.000153 386 8 8
5.000153 387 10 10
5.000153 388 9 9
5.000153 389 8 8
5.000153 390 8 8
5.000153 391 8 8
5.000153 392 11 11
5.000153 393 8 8
5.000153 394 8 8
5.000153 395 12 12
5.000153 397 8 8
5.000153 398 14 14
5.000153 399 10 10
5.000153 400 9 9
5.000153 401 8 8
5.000153 402 10 10
5.000153 403 9 9
5.000153 404 9 9
5.000153 405 9 9
5.000153 406 9 9
5.000153 407 9 9
5.000153 408 8 8
5.000153 409 9 9
5.000153 410 8 8
5.000153 411 12 12
5.000153 413 11 11
5.000153 414 8 8
5.000153 415 10 10
5.000153 416 8 8
5.000153 417 9 9
5.000153 418 8 8
5.000153 420 9 9
5.000153 421 11 11
5.000153 422 8 8
5.000153 423 8 8
5.000153 424 9 9
5.000153 425 8 8
5.000153 426 12 12
5.000153 427 9 9
5.000153 428 10 10
5.000153 429 9 9
5.000153 431 1 1
5.000153 432 11 11
5.000153 433 10 10
5.000153 434 9 9
5.000153 435 9 9
5.000153 436 8 8
5.000153 437 10 10
5.000153 438 8 8
5.000153 439 1 1
5.000153 440 8 8
5.000153 441 10 10
5.000153 442 8 8
5.000153 443 9 9
5.000153 444 10 10
5.000153 446 8 8
5.000153 447 11 11
5.000153 448 10 10
5.000153 449 8 8
5.000153 450 12 12
5.000153 451 8 8
5.000153 452 10 10
5.000153 453 8 8
5.000153 454 11 11
5.000153 455 10 10
5.000153 456 8 8
5.000153 457 8 8
5.000153 458 10 10
5.000153 459 9 9
5.000153 460 8 8
5.000153 461 8 8
5.000153 462 9 9
5.000153 463 9 9
5.000153 464 9 9
5.000153 465 8 8
5.000153 466 11 11
5.000153 468 11 11
5.000153 469 8 8
5.000153 470 10 10
5.000153 471 9 9
5.000153 473 8 8
5.000153 474 8 8
5.000153 475 9 9
5.000153 476 9 9
5.000153 477 10 10
5.000153 478 9 9
5.000153 479 11 11
5.000153 480 10 10
5.000153 481 11 11
5.000153 482 8 8
5.000153 483 3 3
5.000153 484 8 8
5.000153 485 10 10
5.000153 486 8 8
5.000153 487 8 8
5.000153 488 8 8
5.000153 489 10 10
5.000153 490 6 6
5.000153 491 13 13
5.000153 492 9 9
5.000153 493 5 5
5.000153 494 9 9
5.000153 495 9 9
5.000153 496 9 9
5.000153 497 10 10
5.000153 498 8 8
5.000153 499 9 9
5.000153 500 8 8
5.000153 501 9 9
5.000153 502 13 13
5.000153 503 8 8
5.000153 504 9 9
5.000153 505 8 8
5.000153 506 8 8
5.000153 507 9 9
5.000153 508 8 8
5.000153 509 8 8
5.000153 510 9 9
5.000153 511 12 12
5.000153 512 8 8
5.000153 513 12 12
5.000153 514 8 8
5.000153 515 8 8
5.000153 516 10 10
5.000153 517 9 9
5.000153 518 10 10
5.000153 519 9 9
5.000153 520 8 8
5.000153 521 8 8
5.000153 522 8 8
5.000153 523 9 9
5.000153 524 11 11
5.000153 525 8 8
5.000153 526 8 8
5.000153 527 11 11
5.000153 528 11 11
5.000153 529 11 11
5.000153 530 8 8
5.000153 531 8 8
5.000153 532 12 12
5.000153 533 10 10
5.000153 534 10 10
5.000153 535 8 8
5.000153 536 8 8
5.000153 537 10 10
5.000153 538 10 10
5.000153 539 12 12
5.000153 540 9 9
5.000153 541 8 8
5.000153 542 10 10
5.000153 544 9 9
5.000153 545 8 8
5.000153 546 9 9
5.000153 547 8 8
5.000153 548 12 12
6.000183 0 16 16
6.000183 1 16 16
6.000183 2 14 14
6.000183 3 13 13
6.000183 4 18 18
6.000183 5 13 13
6.000183 6 14 14
6.000183 7 16 16
6.000183 8 15 15
6.000183 9 15 15
6.000183 10 15 15
6.000183 12 13 13
6.000183 14 12 12
6.000183 16 18 18
6.000183 19 13 13
6.000183 20 14 14
6.000183 22 12 12
6.000183 24 14 14
6.000183 25 15 15
6.000183 26 17 17
6.000183 27 16 16
6.000183 28 14 14
6.000183 30 18 18
6.000183 31 17 17
6.000183 32 16 16
6.000183 33 15 15
6.000183 34 16 16
6.000183 36 15 15
6.000183 38 12 12
6.000183 40 16 16
6.000183 41 16 16
6.000183 42 18 18
6.000183 44 11 11
6.000183 45 3 3
6.000183 47 19 19
6.000183 49 11 11
6.000183 50 17 17
6.000183 51 21 21
6.000183 52 16 16
6.000183 54 18 18
6.000183 56 16 16
6.000183 57 14 14
6.000183 59 16 16
6.000183 60 16 16
6.000183 61 15 15
6.000183 63 15 15
6.000183 64 14 14
6.000183 65 14 14
6.000183 66 19 19
6.000183 68 14 14
6.000183 69 17 17
6.000183 70 17 17
6.000183 71 14 14
6.000183 72 15 15
6.000183 73 16 16
6.000183 74 15 15
6.000183 75 15 15
6.000183 77 15 15
6.000183 80 13 13
6.000183 81 16 16
6.000183 82 13 13
6.000183 85 14 14
6.000183 86 17 17
6.000183 88 16 16
6.000183 89 15 15
6.000183 90 15 15
6.000183 91 15 15
6.000183 92 17 17
6.000183 94 17 17
6.000183 95 14 14
6.000183 96 8 8
6.000183 97 20 20
6.000183 98 18 18
6.000183 100 14 14
6.000183 103 12 12
6.000183 105 17 17
6.000183 106 12 12
6.000183 107 16 16
6.000183 108 16 16
6.000183 109 16 16
6.000183 110 17 17
6.000183 112 14 14
6.000183 113 15 15
6.000183 114 15 15
6.000183 115 18 18
6.000183 116 17 17
6.000183 117 10 10
6.000183 118 15 15
6.000183 119 15 15
6.000183 121 16 16
6.000183 122 16 16
6.000183 123 15 15
6.000183 125 17 17
6.000183 126 18 18
6.000183 127 4 4
6.000183 128 17 17
6.000183 129 12 12
6.000183 130 14 14
6.000183 131 13 13
6.000183 132 18 18
6.000183 134 15 15
6.000183 137 16 16
6.000183 138 15 15
6.000183 141 17 17
6.000183 142 15 15
6.000183 143 12 12
6.000183 144 16 16
6.000183 146 14 14
6.000183 147 15 15
6.000183 149 14 14
6.000183 150 11 11
6.000183 154 17 17
6.000183 156 18 18
6.000183 159 14 14
6.000183 160 16 16
6.000183 161 16 16
6.000183 162 18 18
6.000183 163 13 13
6.000183 164 19 19
6.000183 166 14 14
6.000183 167 17 17
6.000183 169 21 21
6.000183 170 9 9
6.000183 171 16 16
6.000183 172 14 14
6.000183 175 15 15
6.000183 176 16 16
6.000183 177 14 14
6.000183 178 18 18
6.000183 179 15 15
6.000183 181 15 15
6.000183 183 16 16
6.000183 185 15 15
6.000183 186 13 13
6.000183 187 16 16
6.000183 188 15 15
6.000183 189 16 16
6.000183 191 15 15
6.000183 192 12 12
6.000183 193 15 15
6.000183 196 13 13
6.000183 197 16 16
6.000183 198 14 14
6.000183 200 13 13
6.000183 201 16 16
6.000183 202 3 3
6.000183 203 16 16
6.000183 205 12 12
6.000183 207 16 16
6.000183 208 16 16
6.000183 209 18 18
6.000183 211 16 16
6.000183 213 17 17
6.000183 214 12 12
6.000183 215 16 16
6.000183 216 15 15
6.000183 218 15 15
6.000183 220 14 14
6.000183 221 17 17
6.000183 223 18 18
6.000183 224 17 17
6.000183 225 17 17
6.000183 226 12 12
6.000183 227 16 16
6.000183 229 17 17
6.000183 230 15 15
6.000183 233 15 15
6.000183 235 16 16
6.000183 236 6 6
6.000183 237 1 1
6.000183 238 11 11
6.000183 239 13 13
6.000183 240 13 13
6.000183 241 16 16
6.000183 242 1 1
6.000183 243 15 15
6.000183 244 14 14
6.000183 246 17 17
6.000183 247 10 10
6.000183 248 18 18
6.000183 249 11 11
6.000183 251 16 16
6.000183 254 16 16
6.000183 255 17 17
6.000183 256 15 15
6.000183 258 15 15
6.000183 260 17 17
6.000183 261 15 15
6.000183 262 16 16
6.000183 263 16 16
6.000183 265 13 13
6.000183 266 17 17
6.000183 268 16 16
6.000183 269 17 17
6.000183 270 11 11
6.000183 271 22 22
6.000183 272 17 17
6.000183 273 13 13
6.000183 274 14 14
6.000183 275 15 15
6.000183 277 16 16
6.000183 278 17 17
6.000183 279 14 14
6.000183 280 16 16
6.000183 281 18 18
6.000183 282 12 12
6.000183 283 14 14
6.000183 284 17 17
6.000183 287 16 16
6.000183 288 14 14
6.000183 289 14 14
6.000183 290 18 18
6.000183 292 16 16
6.000183 293 16 16
6.000183 294 14 14
6.000183 295 14 14
6.000183 297 16 16
6.000183 299 15 15
6.000183 300 5 5
6.000183 301 16 16
6.000183 302 15 15
6.000183 303 16 16
6.000183 304 17 17
6.000183 305 16 16
6.000183 307 14 14
6.000183 309 15 15
6.000183 310 15 15
6.000183 313 16 16
6.000183 314 15 15
6.000183 318 2 2
6.000183 321 16 16
6.000183 325 13 13
6.000183 326 15 15
6.000183 327 16 16
6.000183 328 17 17
6.000183 329 16 16
6.000183 330 11 11
6.000183 332 16 16
6.000183 333 16 16
6.000183 335 16 16
6.000183 336 19 19
6.000183 337 15 15
6.000183 340 14 14
6.000183 341 15 15
6.000183 342 16 16
6.000183 344 15 15
6.000183 346 15 15
6.000183 349 17 17
6.000183 351 15 15
6.000183 352 15 15
6.000183 354 17 17
6.000183 355 17 17
6.000183 357 16 16
6.000183 358 15 15
6.000183 359 16 16
6.000183 360 16 16
6.000183 361 13 13
6.000183 363 12 12
6.000183 364 13 13
6.000183 368 17 17
6.000183 369 15 15
6.000183 371 16 16
6.000183 373 15 15
6.000183 374 16 16
6.000183 375 13 13
6.000183 376 13 13
6.000183 377 13 13
6.000183 380 16 16
6.000183 381 14 14
6.000183 382 15 15
6.000183 383 4 4
6.000183 385 17 17
6.000183 386 16 16
6.000183 387 15 15
6.000183 388 15 15
6.000183 389 14 14
6.000183 390 7 7
6.000183 391 12 12
6.000183 392 17 17
6.000183 394 14 14
6.000183 395 6 6
6.000183 397 16 16
6.000183 398 22 22
6.000183 400 12 12
6.000183 401 12 12
6.000183 402 13 13
6.000183 403 15 15
6.000183 405 16 16
6.000183 408 10 10
6.000183 409 16 16
6.000183 410 15 15
6.000183 411 18 18
6.000183 413 18 18
6.000183 415 17 17
6.000183 416 15 15
6.000183 417 16 16
6.000183 420 6 6
6.000183 421 17 17
6.000183 422 15 15
6.000183 423 13 13
6.000183 425 15 15
6.000183 426 20 20
6.000183 428 16 16
6.000183 429 16 16
6.000183 432 16 16
6.000183 433 1 1
6.000183 434 17 17
6.000183 435 14 14
6.000183 436 14 14
6.000183 437 14 14
6.000183 438 16 16
6.000183 440 15 15
6.000183 441 15 15
6.000183 442 13 13
6.000183 444 18 18
6.000183 446 15 15
6.000183 447 2 2
6.000183 448 15 15
6.000183 449 15 15
6.000183 450 18 18
6.000183 451 14 14
6.000183 452 16 16
6.000183 453 15 15
6.000183 454 17 17
6.000183 455 17 17
6.000183 456 16 16
6.000183 457 1 1
6.000183 458 15 15
6.000183 459 16 16
6.000183 461 15 15
6.000183 462 16 16
6.000183 463 15 15
6.000183 464 16 16
6.000183 465 13 13
6.000183 466 15 15
6.000183 469 16 16
6.000183 470 17 17
6.000183 471 16 16
6.000183 476 15 15
6.000183 478 12 12
6.000183 479 16 16
6.000183 480 18 18
6.000183 481 6 6
6.000183 482 14 14
6.000183 484 15 15
6.000183 487 15 15
6.000183 488 14 14
6.000183 489 16 16
6.000183 491 18 18
6.000183 492 16 16
6.000183 495 15 15
6.000183 496 15 15
6.000183 497 16 16
6.000183 498 15 15
6.000183 499 17 17
6.000183 500 15 15
6.000183 501 17 17
6.000183 502 16 16
6.000183 503 16 16
6.000183 504 15 15
6.000183 506 14 14
6.000183 507 15 15
6.000183 508 11 11
6.000183 509 14 14
6.000183 510 16 16
6.000183 511 15 15
6.000183 512 12 12
6.000183 513 19 19
6.000183 514 16 16
6.000183 515 16 16
6.000183 516 18 18
6.000183 517 16 16
6.000183 518 16 16
6.000183 519 17 17
6.000183 520 15 15
6.000183 521 14 14
6.000183 522 15 15
6.000183 524 17 17
6.000183 525 12 12
6.000183 527 17 17
6.000183 528 15 15
6.000183 529 16 16
6.000183 530 15 15
6.000183 531 14 14
6.000183 533 16 16
6.000183 534 18 18
6.000183 535 2 2
6.000183 538 13 13
6.000183 539 21 21
6.000183 541 15 15
6.000183 542 16 16
6.000183 544 16 16
6.000183 545 13 13
6.000183 546 16 16
6.000183 547 16 16
6.000183 548 9 9
7.000214 0 24 24
7.000214 2 24 24
7.000214 4 29 29
7.000214 5 19 19
7.000214 7 27 27
7.000214 8 24 24
7.000214 12 19 19
7.000214 14 10 10
7.000214 19 23 23
7.000214 20 23 23
7.000214 22 18 18
7.000214 24 21 21
7.000214 25 7 7
7.000214 27 26 26
7.000214 32 21 21
7.000214 38 20 20
7.000214 40 29 29
7.000214 41 4 4
7.000214 42 32 32
7.000214 44 8 8
7.000214 47 32 32
7.000214 49 19 19
7.000214 50 24 24
7.000214 51 14 14
7.000214 52 24 24
7.000214 54 31 31
7.000214 56 25 25
7.000214 60 28 28
7.000214 63 24 24
7.000214 65 20 20
7.000214 66 23 23
7.000214 68 14 14
7.000214 69 28 28
7.000214 71 24 24
7.000214 72 24 24
7.000214 73 27 27
7.000214 75 23 23
7.000214 77 26 26
7.000214 80 15 15
7.000214 81 21 21
7.000214 85 21 21
7.000214 88 26 26
7.000214 90 20 20
7.000214 91 1 1
7.000214 92 26 26
7.000214 94 27 27
7.000214 95 19 19
7.000214 100 14 14
7.000214 106 17 17
7.000214 107 29 29
7.000214 108 21 21
7.000214 110 30 30
7.000214 112 21 21
7.000214 113 25 25
7.000214 114 22 22
7.000214 115 30 30
7.000214 116 29 29
7.000214 121 22 22
7.000214 123 21 21
7.000214 125 26 26
7.000214 126 30 30
7.000214 128 27 27
7.000214 129 20 20
7.000214 131 17 17
7.000214 134 21 21
7.000214 137 25 25
7.000214 138 26 26
7.000214 141 31 31
7.000214 143 23 23
7.000214 144 28 28
7.000214 146 17 17
7.000214 154 30 30
7.000214 156 29 29
7.000214 159 24 24
7.000214 160 25 25
7.000214 161 22 22
7.000214 163 23 23
7.000214 164 34 34
7.000214 167 16 16
7.000214 169 30 30
7.000214 171 28 28
7.000214 176 22 22
7.000214 177 18 18
7.000214 179 26 26
7.000214 186 18 18
7.000214 187 20 20
7.000214 189 29 29
7.000214 192 17 17
7.000214 193 23 23
7.000214 196 20 20
7.000214 201 27 27
7.000214 205 20 20
7.000214 207 23 23
7.000214 208 21 21
7.000214 209 33 33
7.000214 211 24 24
7.000214 213 28 28
7.000214 215 29 29
7.000214 218 22 22
7.000214 220 22 22
7.000214 221 29 29
7.000214 223 25 25
7.000214 224 27 27
7.000214 225 28 28
7.000214 226 16 16
7.000214 229 28 28
7.000214 230 24 24
7.000214 235 29 29
7.000214 240 23 23
7.000214 243 21 21
7.000214 244 25 25
7.000214 246 31 31
7.000214 247 17 17
7.000214 248 28 28
7.000214 254 13 13
7.000214 256 23 23
7.000214 260 29 29
7.000214 261 23 23
7.000214 262 23 23
7.000214 263 17 17
7.000214 266 25 25
7.000214 268 23 23
7.000214 269 27 27
7.000214 270 16 16
7.000214 271 36 36
7.000214 272 23 23
7.000214 273 19 19
7.000214 274 24 24
7.000214 275 16 16
7.000214 278 32 32
7.000214 279 22 22
7.000214 281 25 25
7.000214 282 5 5
7.000214 284 14 14
7.000214 288 27 27
7.000214 292 23 23
7.000214 293 24 24
7.000214 299 22 22
7.000214 302 24 24
7.000214 303 24 24
7.000214 305 20 20
7.000214 309 22 22
7.000214 314 21 21
7.000214 321 26 26
7.000214 326 25 25
7.000214 328 29 29
7.000214 332 24 24
7.000214 333 25 25
7.000214 335 20 20
7.000214 336 34 34
7.000214 337 23 23
7.000214 340 23 23
7.000214 342 28 28
7.000214 344 26 26
7.000214 346 26 26
7.000214 349 16 16
7.000214 351 21 21
7.000214 354 25 25
7.000214 355 29 29
7.000214 357 24 24
7.000214 358 20 20
7.000214 359 25 25
7.000214 360 23 23
7.000214 363 18 18
7.000214 368 25 25
7.000214 373 21 21
7.000214 376 17 17
7.000214 377 16 16
7.000214 380 29 29
7.000214 382 28 28
7.000214 385 27 27
7.000214 388 9 9
7.000214 389 26 26
7.000214 391 22 22
7.000214 392 26 26
7.000214 394 23 23
7.000214 398 35 35
7.000214 400 21 21
7.000214 401 18 18
7.000214 402 19 19
7.000214 403 23 23
7.000214 405 26 26
7.000214 408 17 17
7.000214 409 16 16
7.000214 410 21 21
7.000214 411 30 30
7.000214 413 3 3
7.000214 417 28 28
7.000214 421 24 24
7.000214 422 24 24
7.000214 423 18 18
7.000214 425 14 14
7.000214 426 31 31
7.000214 428 25 25
7.000214 432 25 25
7.000214 434 29 29
7.000214 435 23 23
7.000214 436 21 21
7.000214 437 25 25
7.000214 440 28 28
7.000214 441 22 22
7.000214 448 2 2
7.000214 449 23 23
7.000214 450 32 32
7.000214 452 25 25
7.000214 453 19 19
7.000214 454 28 28
7.000214 455 28 28
7.000214 456 23 23
7.000214 458 25 25
7.000214 459 3 3
7.000214 461 23 23
7.000214 463 20 20
7.000214 464 27 27
7.000214 465 22 22
7.000214 469 23 23
7.000214 471 22 22
7.000214 476 25 25
7.000214 479 27 27
7.000214 482 22 22
7.000214 484 18 18
7.000214 487 28 28
7.000214 489 24 24
7.000214 491 14 14
7.000214 492 24 24
7.000214 495 22 22
7.000214 496 25 25
7.000214 497 24 24
7.000214 499 25 25
7.000214 500 19 19
7.000214 501 23 23
7.000214 502 28 28
7.000214 503 26 26
7.000214 504 21 21
7.000214 506 20 20
7.000214 507 24 24
7.000214 508 16 16
7.000214 509 17 17
7.000214 510 24 24
7.000214 512 18 18
7.000214 513 32 32
7.000214 515 21 21
7.000214 516 29 29
7.000214 517 25 25
7.000214 518 28 28
7.000214 519 25 25
7.000214 522 21 21
7.000214 524 31 31
7.000214 525 18 18
7.000214 527 30 30
7.000214 528 18 18
7.000214 529 28 28
7.000214 531 22 22
7.000214 533 28 28
7.000214 539 26 26
7.000214 541 22 22
7.000214 542 31 31
7.000214 545 19 19
7.000214 546 23 23
8.000244 0 39 39
8.000244 2 35 35
8.000244 4 49 49
8.000244 5 6 6
8.000244 8 1 1
8.000244 12 32 32
8.000244 19 33 33
8.000244 20 2 2
8.000244 27 35 35
8.000244 38 26 26
8.000244 40 5 5
8.000244 42 48 48
8.000244 47 48 48
8.000244 50 40 40
8.000244 52 1 1
8.000244 54 46 46
8.000244 56 35 35
8.000244 60 39 39
8.000244 63 37 37
8.000244 65 35 35
8.000244 71 36 36
8.000244 75 34 34
8.000244 77 5 5
8.000244 80 30 30
8.000244 81 37 37
8.000244 85 37 37
8.000244 88 38 38
8.000244 90 32 32
8.000244 92 41 41
8.000244 94 42 42
8.000244 95 30 30
8.000244 106 31 31
8.000244 108 33 33
8.000244 110 44 44
8.000244 112 35 35
8.000244 113 39 39
8.000244 114 33 33
8.000244 115 47 47
8.000244 123 4 4
8.000244 125 36 36
8.000244 126 50 50
8.000244 128 4 4
8.000244 129 34 34
8.000244 134 35 35
8.000244 137 38 38
8.000244 138 39 39
8.000244 141 50 50
8.000244 143 35 35
8.000244 154 7 7
8.000244 156 16 16
8.000244 159 33 33
8.000244 160 41 41
8.000244 161 33 33
8.000244 164 48 48
8.000244 169 51 51
8.000244 171 38 38
8.000244 176 36 36
8.000244 177 9 9
8.000244 179 37 37
8.000244 186 32 32
8.000244 187 35 35
8.000244 189 39 39
8.000244 193 40 40
8.000244 196 32 32
8.000244 201 38 38
8.000244 205 31 31
8.000244 208 37 37
8.000244 211 36 36
8.000244 215 40 40
8.000244 221 4 4
8.000244 224 31 31
8.000244 225 38 38
8.000244 226 29 29
8.000244 229 45 45
8.000244 235 44 44
8.000244 240 37 37
8.000244 243 37 37
8.000244 244 26 26
8.000244 246 47 47
8.000244 247 25 25
8.000244 256 38 38
8.000244 262 37 37
8.000244 268 31 31
8.000244 269 42 42
8.000244 270 29 29
8.000244 271 57 57
8.000244 272 37 37
8.000244 273 32 32
8.000244 274 8 8
8.000244 279 38 38
8.000244 281 45 45
8.000244 288 20 20
8.000244 292 37 37
8.000244 293 41 41
8.000244 299 35 35
8.000244 302 38 38
8.000244 303 39 39
8.000244 305 2 2
8.000244 309 35 35
8.000244 314 33 33
8.000244 321 39 39
8.000244 326 1 1
8.000244 328 41 41
8.000244 332 39 39
8.000244 340 40 40
8.000244 342 24 24
8.000244 344 43 43
8.000244 346 17 17
8.000244 355 6 6
8.000244 359 41 41
8.000244 360 18 18
8.000244 363 3 3
8.000244 368 37 37
8.000244 373 35 35
8.000244 377 28 28
8.000244 380 40 40
8.000244 382 42 42
8.000244 385 39 39
8.000244 389 4 4
8.000244 392 42 42
8.000244 394 32 32
8.000244 398 58 58
8.000244 400 25 25
8.000244 401 20 20
8.000244 403 37 37
8.000244 405 28 28
8.000244 408 12 12
8.000244 410 28 28
8.000244 411 48 48
8.000244 417 2 2
8.000244 421 40 40
8.000244 422 35 35
8.000244 423 32 32
8.000244 426 49 49
8.000244 428 40 40
8.000244 432 42 42
8.000244 434 47 47
8.000244 435 36 36
8.000244 436 32 32
8.000244 437 37 37
8.000244 440 33 33
8.000244 441 2 2
8.000244 449 35 35
8.000244 450 48 48
8.000244 452 41 41
8.000244 453 32 32
8.000244 454 14 14
8.000244 456 35 35
8.000244 458 44 44
8.000244 463 36 36
8.000244 464 39 39
8.000244 465 32 32
8.000244 469 35 35
8.000244 471 36 36
8.000244 476 38 38
8.000244 479 46 46
8.000244 484 32 32
8.000244 489 28 28
8.000244 492 39 39
8.000244 495 37 37
8.000244 497 35 35
8.000244 500 32 32
8.000244 502 36 36
8.000244 503 40 40
8.000244 504 34 34
8.000244 506 33 33
8.000244 507 37 37
8.000244 509 30 30
8.000244 510 37 37
8.000244 516 41 41
8.000244 518 41 41
8.000244 519 36 36
8.000244 525 22 22
8.000244 527 44 44
8.000244 529 43 43
8.000244 539 47 47
8.000244 545 33 33
8.000244 546 24 24
9.000275 0 63 63
9.000275 2 59 59
9.000275 4 54 54
9.000275 12 51 51
9.000275 19 55 55
9.000275 27 61 61
9.000275 42 76 76
9.000275 47 74 74
9.000275 50 65 65
9.000275 54 17 17
9.000275 60 68 68
9.000275 63 47 47
9.000275 65 55 55
9.000275 71 12 12
9.000275 75 59 59
9.000275 80 29 29
9.000275 81 57 57
9.000275 88 58 58
9.000275 90 46 46
9.000275 92 67 67
9.000275 94 72 72
9.000275 95 54 54
9.000275 106 50 50
9.000275 108 58 58
9.000275 110 17 17
9.000275 112 57 57
9.000275 113 62 62
9.000275 114 56 56
9.000275 126 77 77
9.000275 134 48 48
9.000275 137 62 62
9.000275 138 58 58
9.000275 141 80 80
9.000275 143 56 56
9.000275 159 47 47
9.000275 160 71 71
9.000275 161 56 56
9.000275 164 77 77
9.000275 169 80 80
9.000275 171 12 12
9.000275 176 63 63
9.000275 179 60 60
9.000275 186 23 23
9.000275 189 63 63
9.000275 196 9 9
9.000275 201 61 61
9.000275 205 53 53
9.000275 208 65 65
9.000275 211 61 61
9.000275 215 12 12
9.000275 225 66 66
9.000275 226 47 47
9.000275 229 4 4
9.000275 235 13 13
9.000275 240 60 60
9.000275 243 61 61
9.000275 246 23 23
9.000275 247 36 36
9.000275 262 47 47
9.000275 269 9 9
9.000275 270 47 47
9.000275 271 88 88
9.000275 272 2 2
9.000275 273 38 38
9.000275 281 70 70
9.000275 293 68 68
9.000275 302 61 61
9.000275 303 63 63
9.000275 309 51 51
9.000275 314 28 28
9.000275 321 60 60
9.000275 328 68 68
9.000275 332 44 44
9.000275 340 8 8
9.000275 359 68 68
9.000275 368 28 28
9.000275 373 5 5
9.000275 377 47 47
9.000275 380 72 72
9.000275 385 25 25
9.000275 392 70 70
9.000275 394 54 54
9.000275 403 63 63
9.000275 421 63 63
9.000275 422 59 59
9.000275 423 20 20
9.000275 426 77 77
9.000275 428 66 66
9.000275 432 64 64
9.000275 434 73 73
9.000275 436 50 50
9.000275 437 62 62
9.000275 450 65 65
9.000275 453 55 55
9.000275 456 58 58
9.000275 458 69 69
9.000275 463 60 60
9.000275 464 4 4
9.000275 465 54 54
9.000275 469 59 59
9.000275 471 22 22
9.000275 476 57 57
9.000275 479 57 57
9.000275 484 56 56
9.000275 492 61 61
9.000275 495 60 60
9.000275 503 67 67
9.000275 504 22 22
9.000275 506 54 54
9.000275 507 59 59
9.000275 509 42 42
9.000275 510 17 17
9.000275 516 36 36
9.000275 527 70 70
9.000275 529 64 64
9.000275 539 75 75
9.000275 545 49 49
10.000305 0 99 99
10.000305 2 102 102
10.000305 12 77 77
10.000305 19 13 13
10.000305 27 99 99
10.000305 42 133 133
10.000305 47 124 124
10.000305 50 63 63
10.000305 60 106 106
10.000305 65 38 38
10.000305 75 93 93
10.000305 81 86 86
10.000305 90 2 2
10.000305 92 110 110
10.000305 94 110 110
10.000305 95 84 84
10.000305 106 72 72
10.000305 108 97 97
10.000305 112 83 83
10.000305 113 100 100
10.000305 114 93 93
10.000305 126 12 12
10.000305 134 14 14
10.000305 137 50 50
10.000305 138 43 43
10.000305 141 73 73
10.000305 143 83 83
10.000305 159 4 4
10.000305 160 65 65
10.000305 161 84 84
10.000305 164 128 128
10.000305 169 111 111
10.000305 176 25 25
10.000305 179 98 98
10.000305 189 16 16
10.000305 201 108 108
10.000305 205 80 80
10.000305 208 7 7
10.000305 211 104 104
10.000305 225 108 108
10.000305 226 70 70
10.000305 240 87 87
10.000305 243 84 84
10.000305 270 70 70
10.000305 271 143 143
10.000305 281 13 13
10.000305 293 108 108
10.000305 302 96 96
10.000305 303 60 60
10.000305 321 98 98
10.000305 328 101 101
10.000305 332 4 4
10.000305 359 50 50
10.000305 377 22 22
10.000305 380 114 114
10.000305 392 56 56
10.000305 394 86 86
10.000305 403 98 98
10.000305 421 93 93
10.000305 422 94 94
10.000305 426 125 125
10.000305 428 105 105
10.000305 432 10 10
10.000305 434 55 55
10.000305 436 8 8
10.000305 437 58 58
10.000305 456 91 91
10.000305 458 33 33
10.000305 463 5 5
10.000305 465 85 85
10.000305 476 30 30
10.000305 484 84 84
10.000305 492 98 98
10.000305 495 93 93
10.000305 503 97 97
10.000305 506 77 77
10.000305 507 98 98
10.000305 527 36 36
10.000305 529 110 110
10.000305 539 116 116
10.000305 545 56 56
11.000336 0 163 163
11.000336 2 98 98
11.000336 12 109 109
11.000336 27 134 134
11.000336 42 206 206
11.000336 47 121 121
11.000336 50 4 4
11.000336 60 157 157
11.000336 75 150 150
11.000336 81 138 138
11.000336 92 151 151
11.000336 94 183 183
11.000336 95 131 131
11.000336 106 93 93
11.000336 108 146 146
11.000336 112 53 53
11.000336 113 19 19
11.000336 114 130 130
11.000336 137 20 20
11.000336 141 23 23
11.000336 143 20 20
11.000336 161 41 41
11.000336 164 71 71
11.000336 169 61 61
11.000336 179 150 150
11.000336 201 157 157
11.000336 205 75 75
11.000336 211 143 143
11.000336 225 54 54
11.000336 226 91 91
11.000336 240 139 139
11.000336 243 111 111
11.000336 270 93 93
11.000336 271 145 145
11.000336 293 28 28
11.000336 302 149 149
11.000336 321 155 155
11.000336 328 161 161
11.000336 380 171 171
11.000336 392 7 7
11.000336 394 135 135
11.000336 403 117 117
11.000336 421 9 9
11.000336 422 69 69
11.000336 426 81 81
11.000336 428 168 168
11.000336 434 13 13
11.000336 456 104 104
11.000336 465 23 23
11.000336 484 133 133
11.000336 492 149 149
11.000336 495 145 145
11.000336 503 95 95
11.000336 506 38 38
11.000336 507 156 156
11.000336 529 61 61
11.000336 539 195 195
11.000336 545 36 36
12.000366 0 249 249
12.000366 2 45 45
12.000366 12 90 90
12.000366 27 51 51
12.000366 42 299 299
12.000366 47 60 60
12.000366 60 236 236
12.000366 75 244 244
12.000366 81 171 171
12.000366 92 155 155
12.000366 94 269 269
12.000366 95 148 148
12.000366 106 95 95
12.000366 108 216 216
12.000366 112 38 38
12.000366 114 88 88
12.000366 161 7 7
12.000366 179 196 196
12.000366 201 243 243
12.000366 205 36 36
12.000366 211 211 211
12.000366 225 20 20
12.000366 226 19 19
12.000366 240 87 87
12.000366 243 78 78
12.000366 270 31 31
12.000366 271 159 159
12.000366 302 152 152
12.000366 321 197 197
12.000366 328 134 134
12.000366 380 190 190
12.000366 394 225 225
12.000366 403 65 65
12.000366 422 48 48
12.000366 426 51 51
12.000366 428 271 271
12.000366 456 88 88
12.000366 484 137 137
12.000366 492 192 192
12.000366 495 225 225
12.000366 503 8 8
12.000366 506 10 10
12.000366 507 233 233
12.000366 529 9 9
12.000366 539 258 258
12.000366 545 5 5
13.000397 0 333 333
13.000397 12 60 60
13.000397 27 3 3
13.000397 42 345 345
13.000397 47 10 10
13.000397 60 233 233
13.000397 75 360 360
13.000397 81 107 107
13.000397 92 161 161
13.000397 94 301 301
13.000397 95 182 182
13.000397 106 61 61
13.000397 108 329 329
13.000397 112 24 24
13.000397 114 37 37
13.000397 179 152 152
13.000397 201 318 318
13.000397 205 12 12
13.000397 211 144 144
13.000397 240 49 49
13.000397 243 44 44
13.000397 271 102 102
13.000397 302 162 162
13.000397 321 244 244
13.000397 328 136 136
13.000397 380 66 66
13.000397 394 259 259
13.000397 403 16 16
13.000397 422 11 11
13.000397 426 2 2
13.000397 428 420 420
13.000397 456 110 110
13.000397 484 136 136
13.000397 492 199 199
13.000397 495 315 315
13.000397 507 323 323
13.000397 539 267 267
14.000427 0 368 368
14.000427 12 26 26
14.000427 42 453 453
14.000427 60 217 217
14.000427 75 413 413
14.000427 81 68 68
14.000427 92 137 137
14.000427 94 285 285
14.000427 95 202 202
14.000427 106 47 47
14.000427 108 392 392
14.000427 179 89 89
14.000427 201 268 268
14.000427 211 88 88
14.000427 240 7 7
14.000427 243 36 36
14.000427 271 41 41
14.000427 302 185 185
14.000427 321 203 203
14.000427 328 120 120
14.000427 380 16 16
14.000427 394 281 281
14.000427 428 642 642
14.000427 456 98 98
14.000427 484 45 45
14.000427 492 209 209
14.000427 495 406 406
14.000427 507 320 320
14.000427 539 314 314
15.000458 0 441 441
15.000458 12 13 13
15.000458 42 497 497
15.000458 60 185 185
15.000458 75 424 424
15.000458 81 40 40
15.000458 92 103 103
15.000458 94 181 181
15.000458 95 220 220
15.000458 106 11 11
15.000458 108 439 439
15.000458 179 69 69
15.000458 201 205 205
15.000458 211 80 80
15.000458 243 27 27
15.000458 271 36 36
15.000458 302 195 195
15.000458 321 131 131
15.000458 328 106 106
15.000458 380 11 11
15.000458 394 325 325
15.000458 428 877 877
15.000458 456 54 54
15.000458 484 27 27
15.000458 492 209 209
15.000458 495 406 406
15.000458 507 361 361
15.000458 539 340 340
16.000488 0 415 415
16.000488 42 495 495
16.000488 60 153 153
16.000488 75 484 484
16.000488 81 20 20
16.000488 92 35 35
16.000488 94 136 136
16.000488 95 163 163
16.000488 108 502 502
16.000488 179 36 36
16.000488 201 209 209
16.000488 211 30 30
16.000488 243 24 24
16.000488 271 22 22
16.000488 302 204 204
16.000488 321 100 100
16.000488 328 73 73
16.000488 394 404 404
16.000488 428 1089 1089
16.000488 456 9 9
16.000488 484 2 2
16.000488 492 222 222
16.000488 495 458 458
16.000488 507 426 426
16.000488 539 313 313
17.000519 0 446 446
17.000519 42 499 499
17.000519 60 144 144
17.000519 75 403 403
17.000519 94 124 124
17.000519 95 129 129
17.000519 108 523 523
17.000519 179 7 7
17.000519 201 180 180
17.000519 211 25 25
17.000519 243 18 18
17.000519 302 219 219
17.000519 321 79 79
17.000519 328 55 55
17.000519 394 503 503
17.000519 428 1258 1258
17.000519 492 126 126
17.000519 495 520 520
17.000519 507 493 493
17.000519 539 262 262
18.000549 0 535 535
18.000549 42 499 499
18.000549 60 147 147
18.000549 75 355 355
18.000549 94 81 81
18.000549 95 128 128
18.000549 108 469 469
18.000549 201 176 176
18.000549 211 4 4
18.000549 243 11 11
18.000549 302 242 242
18.000549 321 16 16
18.000549 328 49 49
18.000549 394 612 612
18.000549 428 1337 1337
18.000549 492 61 61
18.000549 495 490 490
18.000549 507 627 627
18.000549 539 247 247
19.000580 0 566 566
19.000580 42 512 512
19.000580 60 113 113
19.000580 75 412 412
19.000580 94 44 44
19.000580 95 134 134
19.000580 108 425 425
19.000580 201 139 139
19.000580 302 268 268
19.000580 328 51 51
19.000580 394 591 591
19.000580 428 1426 1426
19.000580 492 77 77
19.000580 495 405 405
19.000580 507 646 646
19.000580 539 186 186
20.000610 0 553 553
20.000610 42 385 385
20.000610 60 76 76
20.000610 75 543 543
20.000610 94 43 43
20.000610 95 159 159
20.000610 108 432 432
20.000610 201 117 117
20.000610 302 282 282
20.000610 328 63 63
20.000610 394 566 566
20.000610 428 1542 1542
20.000610 492 32 32
20.000610 495 349 349
20.000610 507 722 722
20.000610 539 156 156
21.000641 0 506 506
21.000641 42 303 303
21.000641 60 75 75
21.000641 75 614 614
21.000641 94 6 6
21.000641 95 173 173
21.000641 108 439 439
21.000641 201 105 105
21.000641 302 300 300
21.000641 328 39 39
21.000641 394 521 521
21.000641 428 1631 1631
21.000641 492 44 44
21.000641 495 299 299
21.000641 507 834 834
21.000641 539 145 145
22.000671 0 522 522
22.000671 42 281 281
22.000671 60 72 72
22.000671 75 675 675
22.000671 95 182 182
22.000671 108 438 438
22.000671 201 97 97
22.000671 302 308 308
22.000671 328 7 7
22.000671 394 470 470
22.000671 428 1606 1606
22.000671 492 69 69
22.000671 495 238 238
22.000671 507 934 934
22.000671 539 72 72
23.000702 0 639 639
23.000702 42 319 319
23.000702 60 63 63
23.000702 75 624 624
23.000702 95 162 162
23.000702 108 471 471
23.000702 201 66 66
23.000702 302 305 305
23.000702 394 464 464
23.000702 428 1580 1580
23.000702 492 117 117
23.000702 495 196 196
23.000702 507 1014 1014
23.000702 539 3 3
24.000732 0 765 765
24.000732 42 336 336
24.000732 60 75 75
24.000732 75 522 522
24.000732 95 154 154
24.000732 108 589 589
24.000732 201 42 42
24.000732 302 301 301
24.000732 394 453 453
24.000732 428 1454 1454
24.000732 492 188 188
24.000732 495 174 174
24.000732 507 1013 1013
25.000763 0 920 920
25.000763 42 339 339
25.000763 60 68 68
25.000763 75 445 445
25.000763 95 151 151
25.000763 108 642 642
25.000763 201 12 12
25.000763 302 311 311
25.000763 394 381 381
25.000763 428 1441 1441
25.000763 492 181 181
25.000763 495 139 139
25.000763 507 969 969
26.000793 0 1022 1022
26.000793 42 293 293
26.000793 60 41 41
26.000793 75 425 425
26.000793 95 133 133
26.000793 108 601 601
26.000793 302 353 353
26.000793 394 389 389
26.000793 428 1409 1409
26.000793 492 170 170
26.000793 495 164 164
26.000793 507 959 959
27.000824 0 1112 1112
27.000824 42 314 314
27.000824 60 39 39
27.000824 75 363 363
27.000824 95 114 114
27.000824 108 508 508
27.000824 302 435 435
27.000824 394 396 396
27.000824 428 1565 1565
27.000824 492 94 94
27.000824 495 186 186
27.000824 507 917 917
28.000854 0 1219 1219
28.000854 42 387 387
28.000854 60 39 39
28.000854 75 246 246
28.000854 95 102 102
28.000854 108 486 486
28.000854 302 500 500
28.000854 394 426 426
28.000854 428 1547 1547
28.000854 492 70 70
28.000854 495 212 212
28.000854 507 759 759
29.000885 0 1228 1228
29.000885 42 444 444
29.000885 60 36 36
29.000885 75 136 136
29.000885 95 139 139
29.000885 108 447 447
29.000885 302 560 560
29.000885 394 436 436
29.000885 428 1634 1634
29.000885 492 15 15
29.000885 495 309 309
29.000885 507 630 630
30.000916 0 1279 1279
30.000916 42 508 508
30.000916 60 29 29
30.000916 75 98 98
30.000916 95 73 73
30.000916 108 421 421
30.000916 302 560 560
30.000916 394 509 509
30.000916 428 1608 1608
30.000916 495 349 349
30.000916 507 626 626
31.000946 0 1402 1402
31.000946 42 530 530
31.000946 60 24 24
31.000946 75 53 53
31.000946 95 35 35
31.000946 108 401 401
31.000946 302 527 527
31.000946 394 535 535
31.000946 428 1526 1526
31.000946 495 333 333
31.000946 507 621 621
32.000977 0 1510 1510
32.000977 42 531 531
32.000977 60 6 6
32.000977 75 28 28
32.000977 95 45 45
32.000977 108 381 381
32.000977 302 495 495
32.000977 394 563 563
32.000977 428 1518 1518
32.000977 495 298 298
32.000977 507 626 626
33.001007 0 1585 1585
33.001007 42 609 609
33.001007 75 15 15
33.001007 95 47 47
33.001007 108 377 377
33.001007 302 432 432
33.001007 394 582 582
33.001007 428 1530 1530
33.001007 495 255 255
33.001007 507 581 581
34.001038 0 1483 1483
34.001038 42 565 565
34.001038 95 61 61
34.001038 108 361 361
34.001038 302 422 422
34.001038 394 687 687
34.001038 428 1521 1521
34.001038 495 321 321
34.001038 507 561 561
35.001068 0 1400 1400
35.001068 42 566 566
35.001068 95 82 82
35.001068 108 309 309
35.001068 302 428 428
35.001068 394 894 894
35.001068 428 1381 1381
35.001068 495 332 332
35.001068 507 618 618
36.001099 0 1332 1332
36.001099 42 551 551
36.001099 95 42 42
36.001099 108 317 317
36.001099 302 448 448
36.001099 394 1050 1050
36.001099 428 1281 1281
36.001099 495 373 373
36.001099 507 614 614
37.001129 0 1173 1173
37.001129 42 608 608
37.001129 95 4 4
37.001129 108 332 332
37.001129 302 484 484
37.001129 394 1208 1208
37.001129 428 1202 1202
37.001129 495 416 416
37.001129 507 562 562
38.001160 0 1055 1055
38.001160 42 573 573
38.001160 108 346 346
38.001160 302 456 456
38.001160 394 1381 1381
38.001160 428 1064 1064
38.001160 495 493 493
38.001160 507 644 644
39.001190 0 988 988
39.001190 42 509 509
39.001190 108 354 354
39.001190 302 402 402
39.001190 394 1472 1472
39.001190 428 971 971
39.001190 495 555 555
39.001190 507 726 726
40.001221 0 920 920
40.001221 42 500 500
40.001221 108 364 364
40.001221 302 262 262
40.001221 394 1573 1573
40.001221 428 930 930
40.001221 495 606 606
40.001221 507 836 836
41.001251 0 819 819
41.001251 42 550 550
41.001251 108 377 377
41.001251 302 162 162
41.001251 394 1696 1696
41.001251 428 831 831
41.001251 495 637 637
41.001251 507 931 931
42.001282 0 782 782
42.001282 42 491 491
42.001282 108 407 407
42.001282 302 108 108
42.001282 394 1674 1674
42.001282 428 722 722
42.001282 495 783 783
42.001282 507 1019 1019
43.001312 0 693 693
43.001312 42 456 456
43.001312 108 449 449
43.001312 302 51 51
43.001312 394 1659 1659
43.001312 428 706 706
43.001312 495 888 888
43.001312 507 1086 1086
44.001343 0 649 649
44.001343 42 475 475
44.001343 108 429 429
44.001343 302 30 30
44.001343 394 1582 1582
44.001343 428 737 737
44.001343 495 957 957
44.001343 507 1115 1115
45.001373 0 631 631
45.001373 42 503 503
45.001373 108 457 457
45.001373 302 21 21
45.001373 394 1504 1504
45.001373 428 763 763
45.001373 495 956 956
45.001373 507 1143 1143
46.001404 0 611 611
46.001404 42 497 497
46.001404 108 495 495
46.001404 302 24 24
46.001404 394 1532 1532
46.001404 428 740 740
46.001404 495 947 947
46.001404 507 1151 1151
47.001434 0 655 655
47.001434 42 479 479
47.001434 108 491 491
47.001434 394 1628 1628
47.001434 428 677 677
47.001434 495 886 886
47.001434 507 1132 1132
48.001465 0 764 764
48.001465 42 535 535
48.001465 108 538 538
48.001465 394 1651 1651
48.001465 428 591 591
48.001465 495 797 797
48.001465 507 1109 1109
49.001495 0 764 764
49.001495 42 605 605
49.001495 108 546 546
49.001495 394 1719 1719
49.001495 428 575 575
49.001495 495 741 741
49.001495 507 1050 1050
50.001526 0 777 777
50.001526 42 668 668
50.001526 108 485 485
50.001526 394 1789 1789
50.001526 428 574 574
50.001526 495 668 668
50.001526 507 1025 1025
51.001556 0 871 871
51.001556 42 755 755
51.001556 108 479 479
51.001556 394 1815 1815
51.001556 428 586 586
51.001556 495 588 588
51.001556 507 923 923
52.001587 0 948 948
52.001587 42 862 862
52.001587 108 464 464
52.001587 394 1945 1945
52.001587 428 506 506
52.001587 495 393 393
52.001587 507 863 863
53.001617 0 988 988
53.001617 42 953 953
53.001617 108 452 452
53.001617 394 2069 2069
53.001617 428 444 444
53.001617 495 247 247
53.001617 507 849 849
53.912918 0 1052 1052
53.912918 42 1045 1045
53.912918 108 401 401
53.912918 394 2218 2218
53.912918 428 449 449
53.912918 495 179 179
53.912918 507 825 825
54.912933 0 1202 1202
54.912933 42 1105 1105
54.912933 108 352 352
54.912933 394 2259 2259
54.912933 428 490 490
54.912933 495 84 84
54.912933 507 749 749
55.912949 0 1400 1400
55.912949 42 1091 1091
55.912949 108 358 358
55.912949 394 2300 2300
55.912949 428 466 466
55.912949 495 32 32
55.912949 507 704 704
56.912964 0 1420 1420
56.912964 42 1038 1038
56.912964 108 359 359
56.912964 394 2314 2314
56.912964 428 369 369
56.912964 495 23 23
56.912964 507 700 700
57.912979 0 1451 1451
57.912979 42 1048 1048
57.912979 108 386 386
57.912979 394 2449 2449
57.912979 428 262 262
57.912979 507 694 694
58.912994 0 1435 1435
58.912994 42 996 996
58.912994 108 418 418
58.912994 394 2471 2471
58.912994 428 233 233
58.912994 507 757 757
59.913010 0 1350 1350
59.913010 42 875 875
59.913010 108 441 441
59.913010 394 2545 2545
59.913010 428 188 188
59.913010 507 864 864
60.913025 0 1374 1374
60.913025 42 718 718
60.913025 108 476 476
60.913025 394 2629 2629
60.913025 428 157 157
60.913025 507 940 940
61.913040 0 1457 1457
61.913040 42 641 641
61.913040 108 536 536
61.913040 394 2648 2648
61.913040 428 85 85
61.913040 507 921 921
62.913055 0 1385 1385
62.913055 42 561 561
62.913055 108 630 630
62.913055 394 2759 2759
62.913055 428 39 39
62.913055 507 924 924
63.913071 0 1386 1386
63.913071 42 435 435
63.913071 108 646 646
63.913071 394 2844 2844
63.913071 428 22 22
63.913071 507 965 965
64.913086 0 1295 1295
64.913086 42 319 319
64.913086 108 667 667
64.913086 394 2975 2975
64.913086 507 1032 1032
65.913101 0 1283 1283
65.913101 42 163 163
65.913101 108 663 663
65.913101 394 3065 3065
65.913101 507 1095 1095
66.913116 0 1209 1209
66.913116 42 103 103
66.913116 108 667 667
66.913116 394 3122 3122
66.913116 507 1144 1144
67.913132 0 1185 1185
67.913132 42 85 85
67.913132 108 643 643
67.913132 394 3206 3206
67.913132 507 1174 1174
68.913147 0 1238 1238
68.913147 42 57 57
68.913147 108 586 586
68.913147 394 3178 3178
68.913147 507 1209 1209
69.913162 0 1312 1312
69.913162 42 9 9
69.913162 108 586 586
69.913162 394 3155 3155
69.913162 507 1249 1249
70.913177 0 1273 1273
70.913177 108 708 708
70.913177 394 2996 2996
70.913177 507 1321 1321
71.913193 0 1224 1224
71.913193 108 800 800
71.913193 394 2840 2840
71.913193 507 1381 1381
