0.000000 0 1 1
0.000000 1 1 1
0.000000 2 1 1
0.000000 3 1 1
0.000000 4 1 1
0.000000 5 1 1
0.000000 6 1 1
0.000000 7 1 1
0.000000 8 1 1
0.000000 9 1 1
0.000000 10 1 1
0.000000 11 1 1
0.000000 12 1 1
0.000000 13 1 1
0.000000 14 1 1
0.000000 15 1 1
0.000000 16 1 1
0.000000 17 1 1
0.000000 18 1 1
0.000000 19 1 1
0.000000 20 1 1
0.000000 21 1 1
0.000000 22 1 1
0.000000 23 1 1
0.000000 24 1 1
0.000000 25 1 1
0.000000 26 1 1
0.000000 27 1 1
0.000000 28 1 1
0.000000 29 1 1
0.000000 30 1 1
0.000000 31 1 1
0.000000 32 1 1
0.000000 33 1 1
0.000000 34 1 1
0.000000 35 1 1
0.000000 36 1 1
0.000000 37 1 1
0.000000 38 1 1
0.000000 39 1 1
0.000000 40 1 1
0.000000 41 1 1
0.000000 42 1 1
0.000000 43 1 1
0.000000 45 1 1
0.000000 46 1 1
0.000000 48 1 1
0.000000 49 1 1
0.000000 50 1 1
0.000000 51 1 1
0.000000 52 1 1
0.000000 53 1 1
0.000000 54 1 1
0.000000 55 1 1
0.000000 57 1 1
0.000000 58 1 1
0.000000 59 1 1
0.000000 60 1 1
0.000000 61 1 1
0.000000 62 1 1
0.000000 63 1 1
0.000000 64 1 1
0.000000 65 1 1
0.000000 66 1 1
0.000000 67 1 1
0.000000 68 1 1
0.000000 70 1 1
0.000000 71 1 1
0.000000 72 1 1
0.000000 73 1 1
0.000000 74 1 1
0.000000 75 1 1
0.000000 76 1 1
0.000000 78 1 1
0.000000 79 1 1
0.000000 80 1 1
0.000000 81 1 1
0.000000 82 1 1
0.000000 83 1 1
0.000000 84 1 1
0.000000 85 1 1
0.000000 86 1 1
0.000000 87 1 1
0.000000 88 1 1
0.000000 89 1 1
0.000000 90 1 1
0.000000 91 1 1
0.000000 92 1 1
0.000000 93 1 1
0.000000 94 1 1
0.000000 95 1 1
0.000000 96 1 1
0.000000 97 1 1
0.000000 98 1 1
0.000000 99 1 1
0.000000 100 1 1
0.000000 101 1 1
0.000000 102 1 1
0.000000 103 1 1
0.000000 104 1 1
0.000000 105 1 1
0.000000 106 1 1
0.000000 107 1 1
0.000000 108 1 1
0.000000 109 1 1
0.000000 110 1 1
0.000000 111 1 1
0.000000 112 1 1
0.000000 113 1 1
0.000000 114 1 1
0.000000 115 1 1
0.000000 116 1 1
0.000000 117 1 1
0.000000 118 1 1
0.000000 119 1 1
0.000000 120 1 1
0.000000 121 1 1
0.000000 122 1 1
0.000000 123 1 1
0.000000 124 1 1
0.000000 125 1 1
0.000000 126 1 1
0.000000 127 1 1
0.000000 128 1 1
0.000000 129 1 1
0.000000 130 1 1
0.000000 131 1 1
0.000000 132 1 1
0.000000 133 1 1
0.000000 135 1 1
0.000000 136 1 1
0.000000 137 1 1
0.000000 138 1 1
0.000000 139 1 1
0.000000 140 1 1
0.000000 141 1 1
0.000000 142 1 1
0.000000 143 1 1
0.000000 144 1 1
0.000000 145 1 1
0.000000 146 1 1
0.000000 147 1 1
0.000000 149 1 1
0.000000 150 1 1
0.000000 151 1 1
0.000000 152 1 1
0.000000 153 1 1
0.000000 154 1 1
0.000000 156 1 1
0.000000 157 1 1
0.000000 158 1 1
0.000000 159 1 1
0.000000 160 1 1
0.000000 161 1 1
0.000000 162 1 1
0.000000 163 1 1
0.000000 164 1 1
0.000000 165 1 1
0.000000 166 1 1
0.000000 167 1 1
0.000000 168 1 1
0.000000 169 1 1
0.000000 170 1 1
0.000000 171 1 1
0.000000 172 1 1
0.000000 173 1 1
0.000000 174 1 1
0.000000 175 1 1
0.000000 176 1 1
0.000000 179 1 1
0.000000 180 1 1
0.000000 181 1 1
0.000000 182 1 1
0.000000 184 1 1
0.000000 185 1 1
0.000000 186 1 1
0.000000 187 1 1
0.000000 188 1 1
0.000000 189 1 1
0.000000 190 1 1
0.000000 191 1 1
0.000000 192 1 1
0.000000 193 1 1
0.000000 194 1 1
0.000000 195 1 1
0.000000 197 1 1
0.000000 198 1 1
0.000000 199 1 1
0.000000 200 1 1
0.000000 201 1 1
0.000000 202 1 1
0.000000 203 1 1
0.000000 204 1 1
0.000000 205 1 1
0.000000 206 1 1
0.000000 207 1 1
0.000000 208 1 1
0.000000 209 1 1
0.000000 210 1 1
0.000000 211 1 1
0.000000 212 1 1
0.000000 213 1 1
0.000000 214 1 1
0.000000 215 1 1
0.000000 216 1 1
0.000000 217 1 1
0.000000 218 1 1
0.000000 219 1 1
0.000000 220 1 1
0.000000 221 1 1
0.000000 222 1 1
0.000000 223 1 1
0.000000 224 1 1
0.000000 225 1 1
0.000000 226 1 1
0.000000 227 1 1
0.000000 228 1 1
0.000000 229 1 1
0.000000 230 1 1
0.000000 231 1 1
0.000000 233 1 1
0.000000 234 1 1
0.000000 235 1 1
0.000000 238 1 1
0.000000 239 1 1
0.000000 240 1 1
0.000000 241 1 1
0.000000 243 1 1
0.000000 245 1 1
0.000000 246 1 1
0.000000 249 1 1
0.000000 250 1 1
0.000000 251 1 1
0.000000 252 1 1
0.000000 253 1 1
0.000000 254 1 1
0.000000 255 1 1
0.000000 256 1 1
0.000000 257 1 1
0.000000 258 1 1
0.000000 259 1 1
0.000000 260 1 1
0.000000 261 1 1
0.000000 262 1 1
0.000000 263 1 1
0.000000 264 1 1
0.000000 265 1 1
0.000000 266 1 1
0.000000 267 1 1
0.000000 268 1 1
0.000000 269 1 1
0.000000 270 1 1
0.000000 273 1 1
0.000000 274 1 1
0.000000 275 1 1
0.000000 276 1 1
0.000000 277 1 1
0.000000 278 1 1
0.000000 279 1 1
0.000000 280 1 1
0.000000 281 1 1
0.000000 282 1 1
0.000000 283 1 1
0.000000 284 1 1
0.000000 285 1 1
0.000000 286 1 1
0.000000 287 1 1
0.000000 288 1 1
0.000000 289 1 1
0.000000 290 1 1
0.000000 291 1 1
0.000000 292 1 1
0.000000 293 1 1
0.000000 294 1 1
0.000000 295 1 1
0.000000 296 1 1
0.000000 297 1 1
0.000000 298 1 1
0.000000 300 1 1
0.000000 301 1 1
0.000000 302 1 1
0.000000 303 1 1
0.000000 304 1 1
0.000000 305 1 1
0.000000 306 1 1
0.000000 307 1 1
0.000000 310 1 1
0.000000 311 1 1
0.000000 312 1 1
0.000000 313 1 1
0.000000 314 1 1
0.000000 315 1 1
0.000000 316 1 1
0.000000 317 1 1
0.000000 318 1 1
0.000000 320 1 1
0.000000 321 1 1
0.000000 322 1 1
0.000000 323 1 1
0.000000 324 1 1
0.000000 325 1 1
0.000000 326 1 1
0.000000 327 1 1
0.000000 328 1 1
0.000000 329 1 1
0.000000 330 1 1
0.000000 331 1 1
0.000000 332 1 1
0.000000 333 1 1
0.000000 334 1 1
0.000000 335 1 1
0.000000 336 1 1
0.000000 337 1 1
0.000000 338 1 1
0.000000 339 1 1
0.000000 340 1 1
0.000000 341 1 1
0.000000 343 1 1
0.000000 344 1 1
0.000000 345 1 1
0.000000 347 1 1
0.000000 348 1 1
0.000000 349 1 1
0.000000 350 1 1
0.000000 351 1 1
0.000000 352 1 1
0.000000 353 1 1
0.000000 354 1 1
0.000000 355 1 1
0.000000 356 1 1
0.000000 357 1 1
0.000000 358 1 1
0.000000 359 1 1
0.000000 360 1 1
0.000000 361 1 1
0.000000 362 1 1
0.000000 363 1 1
0.000000 364 1 1
0.000000 365 1 1
0.000000 366 1 1
0.000000 367 1 1
0.000000 368 1 1
0.000000 369 1 1
0.000000 370 1 1
0.000000 371 1 1
0.000000 372 1 1
0.000000 374 1 1
0.000000 375 1 1
0.000000 376 1 1
0.000000 377 1 1
0.000000 379 1 1
0.000000 381 1 1
0.000000 382 1 1
0.000000 383 1 1
0.000000 384 1 1
0.000000 385 1 1
0.000000 386 1 1
0.000000 387 1 1
0.000000 388 1 1
0.000000 389 1 1
0.000000 390 1 1
0.000000 392 1 1
0.000000 393 1 1
0.000000 394 1 1
0.000000 395 1 1
0.000000 396 1 1
0.000000 397 1 1
0.000000 398 1 1
0.000000 399 1 1
0.000000 400 1 1
0.000000 401 1 1
0.000000 402 1 1
0.000000 403 1 1
0.000000 405 1 1
0.000000 406 1 1
0.000000 407 1 1
0.000000 408 1 1
0.000000 409 1 1
0.000000 411 1 1
0.000000 412 1 1
0.000000 413 1 1
0.000000 414 1 1
0.000000 415 1 1
0.000000 416 1 1
0.000000 417 1 1
0.000000 419 1 1
0.000000 420 1 1
0.000000 421 1 1
0.000000 422 1 1
0.000000 423 1 1
0.000000 424 1 1
0.000000 425 1 1
0.000000 426 1 1
0.000000 427 1 1
0.000000 428 1 1
0.000000 429 1 1
0.000000 430 1 1
0.000000 431 1 1
0.000000 432 1 1
0.000000 434 1 1
0.000000 435 1 1
0.000000 436 1 1
0.000000 437 1 1
0.000000 438 1 1
0.000000 439 1 1
0.000000 440 1 1
0.000000 441 1 1
0.000000 442 1 1
0.000000 443 1 1
0.000000 444 1 1
0.000000 445 1 1
0.000000 446 1 1
0.000000 447 1 1
0.000000 448 1 1
0.000000 449 1 1
0.000000 450 1 1
0.000000 451 1 1
0.000000 452 1 1
0.000000 453 1 1
0.000000 454 1 1
0.000000 455 1 1
0.000000 456 1 1
0.000000 457 1 1
0.000000 458 1 1
0.000000 459 1 1
0.000000 460 1 1
0.000000 461 1 1
0.000000 462 1 1
0.000000 464 1 1
0.000000 465 1 1
0.000000 466 1 1
0.000000 467 1 1
0.000000 468 1 1
0.000000 469 1 1
0.000000 470 1 1
0.000000 471 1 1
0.000000 473 1 1
0.000000 475 1 1
0.000000 476 1 1
0.000000 477 1 1
0.000000 478 1 1
0.000000 479 1 1
0.000000 480 1 1
0.000000 481 1 1
0.000000 482 1 1
0.000000 483 1 1
0.000000 484 1 1
0.000000 485 1 1
0.000000 486 1 1
0.000000 487 1 1
0.000000 488 1 1
0.000000 489 1 1
0.000000 491 1 1
0.000000 492 1 1
0.000000 493 1 1
0.000000 494 1 1
0.000000 495 1 1
0.000000 496 1 1
0.000000 497 1 1
0.000000 498 1 1
0.000000 499 1 1
0.000000 500 1 1
0.000000 501 1 1
0.000000 502 1 1
0.000000 503 1 1
0.000000 505 1 1
0.000000 506 1 1
0.000000 507 1 1
0.000000 508 1 1
0.000000 509 1 1
0.000000 510 1 1
0.000000 511 1 1
0.000000 512 1 1
0.000000 513 1 1
0.000000 514 1 1
0.000000 515 1 1
0.000000 517 1 1
0.000000 518 1 1
0.000000 519 1 1
0.000000 520 1 1
0.000000 521 1 1
0.000000 522 1 1
0.000000 523 1 1
0.000000 524 1 1
0.000000 525 1 1
0.000000 526 1 1
0.000000 528 1 1
0.000000 529 1 1
0.000000 530 1 1
0.000000 531 1 1
0.000000 532 1 1
0.000000 533 1 1
0.000000 534 1 1
0.000000 535 1 1
0.000000 536 1 1
0.000000 537 1 1
0.000000 538 1 1
0.000000 539 1 1
0.000000 540 1 1
0.000000 542 1 1
0.000000 543 1 1
0.000000 544 1 1
0.000000 545 1 1
0.000000 546 1 1
0.000000 547 1 1
0.000000 548 1 1
1.000031 0 1 1
1.000031 1 2 2
1.000031 2 1 1
1.000031 3 2 2
1.000031 4 1 1
1.000031 5 2 2
1.000031 6 1 1
1.000031 7 1 1
1.000031 8 1 1
1.000031 9 2 2
1.000031 10 2 2
1.000031 11 2 2
1.000031 12 2 2
1.000031 13 2 2
1.000031 14 1 1
1.000031 15 1 1
1.000031 16 1 1
1.000031 17 1 1
1.000031 18 1 1
1.000031 19 2 2
1.000031 20 1 1
1.000031 21 1 1
1.000031 22 2 2
1.000031 23 1 1
1.000031 24 1 1
1.000031 25 2 2
1.000031 26 1 1
1.000031 27 1 1
1.000031 28 2 2
1.000031 29 2 2
1.000031 30 1 1
1.000031 31 1 1
1.000031 32 1 1
1.000031 33 1 1
1.000031 34 1 1
1.000031 35 2 2
1.000031 36 1 1
1.000031 37 1 1
1.000031 38 1 1
1.000031 39 1 1
1.000031 40 2 2
1.000031 41 2 2
1.000031 42 2 2
1.000031 43 2 2
1.000031 45 1 1
1.000031 46 1 1
1.000031 48 1 1
1.000031 49 1 1
1.000031 50 2 2
1.000031 51 1 1
1.000031 52 1 1
1.000031 53 2 2
1.000031 54 2 2
1.000031 55 1 1
1.000031 57 1 1
1.000031 58 1 1
1.000031 59 1 1
1.000031 60 1 1
1.000031 61 2 2
1.000031 62 1 1
1.000031 63 2 2
1.000031 64 1 1
1.000031 65 1 1
1.000031 66 1 1
1.000031 67 1 1
1.000031 68 2 2
1.000031 70 2 2
1.000031 71 2 2
1.000031 72 2 2
1.000031 73 1 1
1.000031 74 2 2
1.000031 75 2 2
1.000031 76 1 1
1.000031 78 1 1
1.000031 79 2 2
1.000031 80 1 1
1.000031 81 2 2
1.000031 82 2 2
1.000031 83 2 2
1.000031 84 1 1
1.000031 85 2 2
1.000031 86 2 2
1.000031 87 1 1
1.000031 88 2 2
1.000031 89 2 2
1.000031 90 1 1
1.000031 91 2 2
1.000031 92 1 1
1.000031 93 2 2
1.000031 94 2 2
1.000031 95 1 1
1.000031 96 1 1
1.000031 97 1 1
1.000031 98 1 1
1.000031 99 1 1
1.000031 100 2 2
1.000031 101 1 1
1.000031 102 1 1
1.000031 103 2 2
1.000031 104 2 2
1.000031 105 2 2
1.000031 106 2 2
1.000031 107 2 2
1.000031 108 2 2
1.000031 109 1 1
1.000031 110 1 1
1.000031 111 1 1
1.000031 112 1 1
1.000031 113 2 2
1.000031 114 1 1
1.000031 115 2 2
1.000031 116 1 1
1.000031 117 2 2
1.000031 118 1 1
1.000031 119 1 1
1.000031 120 2 2
1.000031 121 2 2
1.000031 122 2 2
1.000031 123 1 1
1.000031 124 1 1
1.000031 125 1 1
1.000031 126 1 1
1.000031 127 2 2
1.000031 128 1 1
1.000031 129 1 1
1.000031 130 2 2
1.000031 131 2 2
1.000031 132 1 1
1.000031 133 2 2
1.000031 135 1 1
1.000031 136 2 2
1.000031 137 1 1
1.000031 138 1 1
1.000031 139 2 2
1.000031 140 1 1
1.000031 141 2 2
1.000031 142 1 1
1.000031 143 2 2
1.000031 144 2 2
1.000031 145 2 2
1.000031 146 2 2
1.000031 147 1 1
1.000031 149 2 2
1.000031 150 2 2
1.000031 151 2 2
1.000031 152 2 2
1.000031 153 2 2
1.000031 154 2 2
1.000031 156 1 1
1.000031 157 1 1
1.000031 158 2 2
1.000031 159 1 1
1.000031 160 1 1
1.000031 161 1 1
1.000031 162 2 2
1.000031 163 2 2
1.000031 164 2 2
1.000031 165 1 1
1.000031 166 2 2
1.000031 167 1 1
1.000031 168 2 2
1.000031 169 1 1
1.000031 170 2 2
1.000031 171 1 1
1.000031 172 1 1
1.000031 173 2 2
1.000031 174 1 1
1.000031 175 1 1
1.000031 176 2 2
1.000031 179 2 2
1.000031 180 1 1
1.000031 181 2 2
1.000031 182 1 1
1.000031 184 2 2
1.000031 185 2 2
1.000031 186 2 2
1.000031 187 2 2
1.000031 188 2 2
1.000031 189 1 1
1.000031 190 1 1
1.000031 191 2 2
1.000031 192 2 2
1.000031 193 2 2
1.000031 194 2 2
1.000031 195 2 2
1.000031 197 2 2
1.000031 198 2 2
1.000031 199 2 2
1.000031 200 1 1
1.000031 201 1 1
1.000031 202 2 2
1.000031 203 1 1
1.000031 204 1 1
1.000031 205 1 1
1.000031 206 2 2
1.000031 207 2 2
1.000031 208 2 2
1.000031 209 2 2
1.000031 210 1 1
1.000031 211 2 2
1.000031 212 1 1
1.000031 213 2 2
1.000031 214 2 2
1.000031 215 2 2
1.000031 216 2 2
1.000031 217 2 2
1.000031 218 2 2
1.000031 219 1 1
1.000031 220 1 1
1.000031 221 2 2
1.000031 222 1 1
1.000031 223 2 2
1.000031 224 2 2
1.000031 225 1 1
1.000031 226 2 2
1.000031 227 2 2
1.000031 228 2 2
1.000031 229 1 1
1.000031 230 2 2
1.000031 231 2 2
1.000031 233 2 2
1.000031 234 2 2
1.000031 235 2 2
1.000031 238 2 2
1.000031 239 1 1
1.000031 240 1 1
1.000031 241 1 1
1.000031 243 1 1
1.000031 245 2 2
1.000031 246 1 1
1.000031 249 1 1
1.000031 250 2 2
1.000031 251 2 2
1.000031 252 2 2
1.000031 253 2 2
1.000031 254 2 2
1.000031 255 2 2
1.000031 256 2 2
1.000031 257 2 2
1.000031 258 2 2
1.000031 259 2 2
1.000031 260 2 2
1.000031 261 2 2
1.000031 262 2 2
1.000031 263 1 1
1.000031 264 2 2
1.000031 265 2 2
1.000031 266 2 2
1.000031 267 1 1
1.000031 268 2 2
1.000031 269 2 2
1.000031 270 2 2
1.000031 273 1 1
1.000031 274 1 1
1.000031 275 1 1
1.000031 276 2 2
1.000031 277 2 2
1.000031 278 2 2
1.000031 279 2 2
1.000031 280 2 2
1.000031 281 1 1
1.000031 282 2 2
1.000031 283 2 2
1.000031 284 2 2
1.000031 285 1 1
1.000031 286 1 1
1.000031 287 2 2
1.000031 288 2 2
1.000031 289 1 1
1.000031 290 2 2
1.000031 291 1 1
1.000031 292 2 2
1.000031 293 1 1
1.000031 294 2 2
1.000031 295 1 1
1.000031 296 2 2
1.000031 297 1 1
1.000031 298 1 1
1.000031 300 2 2
1.000031 301 1 1
1.000031 302 2 2
1.000031 303 1 1
1.000031 304 1 1
1.000031 305 2 2
1.000031 306 2 2
1.000031 307 2 2
1.000031 310 2 2
1.000031 311 1 1
1.000031 312 2 2
1.000031 313 1 1
1.000031 314 2 2
1.000031 315 2 2
1.000031 316 1 1
1.000031 317 2 2
1.000031 318 1 1
1.000031 320 1 1
1.000031 321 2 2
1.000031 322 1 1
1.000031 323 1 1
1.000031 324 2 2
1.000031 325 1 1
1.000031 326 2 2
1.000031 327 2 2
1.000031 328 1 1
1.000031 329 1 1
1.000031 330 1 1
1.000031 331 2 2
1.000031 332 2 2
1.000031 333 2 2
1.000031 334 2 2
1.000031 335 2 2
1.000031 336 2 2
1.000031 337 1 1
1.000031 338 1 1
1.000031 339 1 1
1.000031 340 1 1
1.000031 341 2 2
1.000031 343 1 1
1.000031 344 2 2
1.000031 345 1 1
1.000031 347 1 1
1.000031 348 2 2
1.000031 349 2 2
1.000031 350 2 2
1.000031 351 2 2
1.000031 352 1 1
1.000031 353 1 1
1.000031 354 1 1
1.000031 355 1 1
1.000031 356 1 1
1.000031 357 2 2
1.000031 358 2 2
1.000031 359 2 2
1.000031 360 1 1
1.000031 361 1 1
1.000031 362 1 1
1.000031 363 1 1
1.000031 364 1 1
1.000031 365 2 2
1.000031 366 1 1
1.000031 367 1 1
1.000031 368 2 2
1.000031 369 2 2
1.000031 370 1 1
1.000031 371 1 1
1.000031 372 2 2
1.000031 374 2 2
1.000031 375 1 1
1.000031 376 1 1
1.000031 377 2 2
1.000031 379 1 1
1.000031 381 1 1
1.000031 382 1 1
1.000031 383 1 1
1.000031 384 1 1
1.000031 385 2 2
1.000031 386 2 2
1.000031 387 1 1
1.000031 388 1 1
1.000031 389 2 2
1.000031 390 1 1
1.000031 392 1 1
1.000031 393 1 1
1.000031 394 1 1
1.000031 395 2 2
1.000031 396 2 2
1.000031 397 1 1
1.000031 398 2 2
1.000031 399 1 1
1.000031 400 1 1
1.000031 401 1 1
1.000031 402 1 1
1.000031 403 2 2
1.000031 405 2 2
1.000031 406 1 1
1.000031 407 2 2
1.000031 408 2 2
1.000031 409 2 2
1.000031 411 2 2
1.000031 412 2 2
1.000031 413 1 1
1.000031 414 1 1
1.000031 415 1 1
1.000031 416 1 1
1.000031 417 1 1
1.000031 419 1 1
1.000031 420 2 2
1.000031 421 1 1
1.000031 422 1 1
1.000031 423 1 1
1.000031 424 1 1
1.000031 425 2 2
1.000031 426 2 2
1.000031 427 2 2
1.000031 428 1 1
1.000031 429 1 1
1.000031 430 1 1
1.000031 431 2 2
1.000031 432 2 2
1.000031 434 2 2
1.000031 435 2 2
1.000031 436 2 2
1.000031 437 2 2
1.000031 438 2 2
1.000031 439 1 1
1.000031 440 2 2
1.000031 441 1 1
1.000031 442 2 2
1.000031 443 2 2
1.000031 444 1 1
1.000031 445 1 1
1.000031 446 1 1
1.000031 447 2 2
1.000031 448 1 1
1.000031 449 2 2
1.000031 450 2 2
1.000031 451 1 1
1.000031 452 2 2
1.000031 453 1 1
1.000031 454 2 2
1.000031 455 2 2
1.000031 456 2 2
1.000031 457 2 2
1.000031 458 1 1
1.000031 459 2 2
1.000031 460 1 1
1.000031 461 2 2
1.000031 462 1 1
1.000031 464 2 2
1.000031 465 1 1
1.000031 466 1 1
1.000031 467 1 1
1.000031 468 1 1
1.000031 469 2 2
1.000031 470 2 2
1.000031 471 1 1
1.000031 473 1 1
1.000031 475 2 2
1.000031 476 1 1
1.000031 477 2 2
1.000031 478 2 2
1.000031 479 1 1
1.000031 480 1 1
1.000031 481 2 2
1.000031 482 2 2
1.000031 483 1 1
1.000031 484 2 2
1.000031 485 1 1
1.000031 486 1 1
1.000031 487 1 1
1.000031 488 2 2
1.000031 489 1 1
1.000031 491 1 1
1.000031 492 1 1
1.000031 493 2 2
1.000031 494 1 1
1.000031 495 2 2
1.000031 496 1 1
1.000031 497 2 2
1.000031 498 2 2
1.000031 499 1 1
1.000031 500 2 2
1.000031 501 1 1
1.000031 502 2 2
1.000031 503 2 2
1.000031 505 1 1
1.000031 506 2 2
1.000031 507 1 1
1.000031 508 1 1
1.000031 509 2 2
1.000031 510 2 2
1.000031 511 2 2
1.000031 512 2 2
1.000031 513 1 1
1.000031 514 1 1
1.000031 515 1 1
1.000031 517 2 2
1.000031 518 1 1
1.000031 519 2 2
1.000031 520 2 2
1.000031 521 2 2
1.000031 522 2 2
1.000031 523 2 2
1.000031 524 2 2
1.000031 525 1 1
1.000031 526 2 2
1.000031 528 1 1
1.000031 529 2 2
1.000031 530 2 2
1.000031 531 2 2
1.000031 532 1 1
1.000031 533 1 1
1.000031 534 2 2
1.000031 535 1 1
1.000031 536 1 1
1.000031 537 2 2
1.000031 538 2 2
1.000031 539 2 2
1.000031 540 1 1
1.000031 542 1 1
1.000031 543 2 2
1.000031 544 1 1
1.000031 545 2 2
1.000031 546 1 1
1.000031 547 1 1
1.000031 548 2 2
2.000061 0 2 2
2.000061 1 3 3
2.000061 2 2 2
2.000061 3 3 3
2.000061 4 2 2
2.000061 5 2 2
2.000061 6 2 2
2.000061 7 2 2
2.000061 8 2 2
2.000061 9 2 2
2.000061 10 2 2
2.000061 11 3 3
2.000061 12 2 2
2.000061 13 2 2
2.000061 14 2 2
2.000061 15 2 2
2.000061 16 2 2
2.000061 17 2 2
2.000061 18 2 2
2.000061 19 2 2
2.000061 20 2 2
2.000061 21 2 2
2.000061 22 2 2
2.000061 23 2 2
2.000061 24 2 2
2.000061 25 2 2
2.000061 26 3 3
2.000061 27 2 2
2.000061 28 2 2
2.000061 29 2 2
2.000061 30 2 2
2.000061 31 1 1
2.000061 32 2 2
2.000061 33 2 2
2.000061 34 2 2
2.000061 35 2 2
2.000061 36 2 2
2.000061 37 2 2
2.000061 38 2 2
2.000061 39 2 2
2.000061 40 3 3
2.000061 41 3 3
2.000061 42 2 2
2.000061 43 3 3
2.000061 45 2 2
2.000061 46 2 2
2.000061 48 2 2
2.000061 49 2 2
2.000061 50 3 3
2.000061 51 2 2
2.000061 52 2 2
2.000061 53 2 2
2.000061 54 3 3
2.000061 55 2 2
2.000061 57 2 2
2.000061 58 2 2
2.000061 59 2 2
2.000061 60 2 2
2.000061 61 2 2
2.000061 62 2 2
2.000061 63 2 2
2.000061 64 2 2
2.000061 65 2 2
2.000061 66 2 2
2.000061 67 2 2
2.000061 68 2 2
2.000061 70 2 2
2.000061 71 3 3
2.000061 72 2 2
2.000061 73 2 2
2.000061 74 2 2
2.000061 75 2 2
2.000061 76 2 2
2.000061 78 2 2
2.000061 79 2 2
2.000061 80 2 2
2.000061 81 2 2
2.000061 82 3 3
2.000061 83 2 2
2.000061 84 2 2
2.000061 85 2 2
2.000061 86 3 3
2.000061 87 2 2
2.000061 88 3 3
2.000061 89 2 2
2.000061 90 2 2
2.000061 91 2 2
2.000061 92 2 2
2.000061 93 2 2
2.000061 94 3 3
2.000061 95 2 2
2.000061 96 2 2
2.000061 97 2 2
2.000061 98 2 2
2.000061 99 2 2
2.000061 100 2 2
2.000061 101 2 2
2.000061 102 2 2
2.000061 103 2 2
2.000061 104 2 2
2.000061 105 2 2
2.000061 106 3 3
2.000061 107 2 2
2.000061 108 2 2
2.000061 109 2 2
2.000061 110 2 2
2.000061 111 2 2
2.000061 112 2 2
2.000061 113 3 3
2.000061 114 2 2
2.000061 115 2 2
2.000061 116 2 2
2.000061 117 2 2
2.000061 118 2 2
2.000061 119 2 2
2.000061 120 3 3
2.000061 121 2 2
2.000061 122 2 2
2.000061 123 2 2
2.000061 124 2 2
2.000061 125 2 2
2.000061 126 2 2
2.000061 127 3 3
2.000061 128 2 2
2.000061 129 2 2
2.000061 130 2 2
2.000061 131 2 2
2.000061 132 2 2
2.000061 133 2 2
2.000061 135 2 2
2.000061 136 2 2
2.000061 137 2 2
2.000061 138 2 2
2.000061 139 3 3
2.000061 140 2 2
2.000061 141 2 2
2.000061 142 2 2
2.000061 143 2 2
2.000061 144 2 2
2.000061 145 2 2
2.000061 146 2 2
2.000061 147 2 2
2.000061 149 2 2
2.000061 150 2 2
2.000061 151 2 2
2.000061 152 2 2
2.000061 153 2 2
2.000061 154 2 2
2.000061 156 2 2
2.000061 157 2 2
2.000061 158 3 3
2.000061 159 2 2
2.000061 160 2 2
2.000061 161 2 2
2.000061 162 2 2
2.000061 163 3 3
2.000061 164 2 2
2.000061 165 2 2
2.000061 166 2 2
2.000061 167 2 2
2.000061 168 2 2
2.000061 169 2 2
2.000061 170 2 2
2.000061 171 2 2
2.000061 172 2 2
2.000061 173 3 3
2.000061 174 2 2
2.000061 175 2 2
2.000061 176 2 2
2.000061 179 2 2
2.000061 180 2 2
2.000061 181 2 2
2.000061 182 2 2
2.000061 184 2 2
2.000061 185 2 2
2.000061 186 2 2
2.000061 187 2 2
2.000061 188 2 2
2.000061 189 2 2
2.000061 190 2 2
2.000061 191 2 2
2.000061 192 2 2
2.000061 193 3 3
2.000061 194 2 2
2.000061 195 2 2
2.000061 197 2 2
2.000061 198 2 2
2.000061 199 2 2
2.000061 200 2 2
2.000061 201 2 2
2.000061 202 2 2
2.000061 203 2 2
2.000061 204 2 2
2.000061 205 2 2
2.000061 206 2 2
2.000061 207 2 2
2.000061 208 2 2
2.000061 209 2 2
2.000061 210 2 2
2.000061 211 2 2
2.000061 212 2 2
2.000061 213 2 2
2.000061 214 2 2
2.000061 215 2 2
2.000061 216 2 2
2.000061 217 2 2
2.000061 218 2 2
2.000061 219 2 2
2.000061 220 2 2
2.000061 221 2 2
2.000061 222 2 2
2.000061 223 2 2
2.000061 224 3 3
2.000061 225 2 2
2.000061 226 2 2
2.000061 227 3 3
2.000061 228 2 2
2.000061 229 2 2
2.000061 230 2 2
2.000061 231 2 2
2.000061 233 2 2
2.000061 234 2 2
2.000061 235 2 2
2.000061 238 2 2
2.000061 239 2 2
2.000061 240 2 2
2.000061 241 2 2
2.000061 243 2 2
2.000061 245 2 2
2.000061 246 2 2
2.000061 249 2 2
2.000061 250 2 2
2.000061 251 2 2
2.000061 252 2 2
2.000061 253 2 2
2.000061 254 2 2
2.000061 255 2 2
2.000061 256 2 2
2.000061 257 2 2
2.000061 258 2 2
2.000061 259 2 2
2.000061 260 2 2
2.000061 261 2 2
2.000061 262 2 2
2.000061 263 2 2
2.000061 264 2 2
2.000061 265 2 2
2.000061 266 2 2
2.000061 267 2 2
2.000061 268 2 2
2.000061 269 2 2
2.000061 270 2 2
2.000061 273 3 3
2.000061 274 2 2
2.000061 275 2 2
2.000061 276 2 2
2.000061 277 3 3
2.000061 278 2 2
2.000061 279 2 2
2.000061 280 2 2
2.000061 281 2 2
2.000061 282 2 2
2.000061 283 2 2
2.000061 284 2 2
2.000061 285 2 2
2.000061 286 3 3
2.000061 287 1 1
2.000061 288 2 2
2.000061 289 2 2
2.000061 290 3 3
2.000061 291 2 2
2.000061 292 2 2
2.000061 293 2 2
2.000061 294 3 3
2.000061 295 2 2
2.000061 296 2 2
2.000061 297 2 2
2.000061 298 2 2
2.000061 300 3 3
2.000061 301 2 2
2.000061 302 2 2
2.000061 303 2 2
2.000061 304 2 2
2.000061 305 2 2
2.000061 306 2 2
2.000061 307 2 2
2.000061 310 3 3
2.000061 311 2 2
2.000061 312 1 1
2.000061 313 2 2
2.000061 314 2 2
2.000061 315 2 2
2.000061 316 3 3
2.000061 317 2 2
2.000061 318 2 2
2.000061 320 2 2
2.000061 321 2 2
2.000061 322 2 2
2.000061 323 2 2
2.000061 324 3 3
2.000061 325 3 3
2.000061 326 2 2
2.000061 327 2 2
2.000061 328 2 2
2.000061 329 2 2
2.000061 330 2 2
2.000061 331 2 2
2.000061 332 2 2
2.000061 333 2 2
2.000061 334 2 2
2.000061 335 2 2
2.000061 336 3 3
2.000061 337 2 2
2.000061 338 2 2
2.000061 339 2 2
2.000061 340 2 2
2.000061 341 2 2
2.000061 343 2 2
2.000061 344 2 2
2.000061 345 2 2
2.000061 347 2 2
2.000061 348 2 2
2.000061 349 2 2
2.000061 350 2 2
2.000061 351 3 3
2.000061 352 2 2
2.000061 353 1 1
2.000061 354 2 2
2.000061 355 2 2
2.000061 356 2 2
2.000061 357 3 3
2.000061 358 2 2
2.000061 359 2 2
2.000061 360 2 2
2.000061 361 2 2
2.000061 362 2 2
2.000061 363 2 2
2.000061 364 2 2
2.000061 365 2 2
2.000061 366 2 2
2.000061 367 1 1
2.000061 368 2 2
2.000061 369 3 3
2.000061 370 2 2
2.000061 371 2 2
2.000061 372 3 3
2.000061 374 2 2
2.000061 375 2 2
2.000061 376 1 1
2.000061 377 4 4
2.000061 379 2 2
2.000061 381 2 2
2.000061 382 2 2
2.000061 383 2 2
2.000061 384 2 2
2.000061 385 2 2
2.000061 386 3 3
2.000061 387 2 2
2.000061 388 2 2
2.000061 389 2 2
2.000061 390 2 2
2.000061 392 2 2
2.000061 393 2 2
2.000061 394 2 2
2.000061 395 2 2
2.000061 396 3 3
2.000061 397 2 2
2.000061 398 2 2
2.000061 399 2 2
2.000061 400 2 2
2.000061 401 2 2
2.000061 402 2 2
2.000061 403 3 3
2.000061 405 2 2
2.000061 406 2 2
2.000061 407 3 3
2.000061 408 2 2
2.000061 409 2 2
2.000061 411 2 2
2.000061 412 2 2
2.000061 413 2 2
2.000061 414 2 2
2.000061 415 2 2
2.000061 416 2 2
2.000061 417 2 2
2.000061 419 2 2
2.000061 420 2 2
2.000061 421 2 2
2.000061 422 2 2
2.000061 423 2 2
2.000061 424 2 2
2.000061 425 2 2
2.000061 426 3 3
2.000061 427 2 2
2.000061 428 2 2
2.000061 429 2 2
2.000061 430 2 2
2.000061 431 2 2
2.000061 432 2 2
2.000061 434 3 3
2.000061 435 2 2
2.000061 436 2 2
2.000061 437 2 2
2.000061 438 2 2
2.000061 439 2 2
2.000061 440 2 2
2.000061 441 2 2
2.000061 442 2 2
2.000061 443 2 2
2.000061 444 2 2
2.000061 445 2 2
2.000061 446 2 2
2.000061 447 2 2
2.000061 448 2 2
2.000061 449 2 2
2.000061 450 2 2
2.000061 451 2 2
2.000061 452 2 2
2.000061 453 2 2
2.000061 454 2 2
2.000061 455 2 2
2.000061 456 3 3
2.000061 457 2 2
2.000061 458 2 2
2.000061 459 2 2
2.000061 460 2 2
2.000061 461 2 2
2.000061 462 2 2
2.000061 464 2 2
2.000061 465 2 2
2.000061 466 2 2
2.000061 467 2 2
2.000061 468 2 2
2.000061 469 2 2
2.000061 470 2 2
2.000061 471 2 2
2.000061 473 2 2
2.000061 475 2 2
2.000061 476 2 2
2.000061 477 2 2
2.000061 478 2 2
2.000061 479 2 2
2.000061 480 3 3
2.000061 481 2 2
2.000061 482 2 2
2.000061 483 2 2
2.000061 484 2 2
2.000061 485 2 2
2.000061 486 2 2
2.000061 487 2 2
2.000061 488 3 3
2.000061 489 3 3
2.000061 491 2 2
2.000061 492 2 2
2.000061 493 2 2
2.000061 494 2 2
2.000061 495 4 4
2.000061 496 2 2
2.000061 497 2 2
2.000061 498 2 2
2.000061 499 2 2
2.000061 500 3 3
2.000061 501 2 2
2.000061 502 2 2
2.000061 503 2 2
2.000061 505 2 2
2.000061 506 3 3
2.000061 507 2 2
2.000061 508 2 2
2.000061 509 3 3
2.000061 510 3 3
2.000061 511 2 2
2.000061 512 4 4
2.000061 513 2 2
2.000061 514 2 2
2.000061 515 2 2
2.000061 517 2 2
2.000061 518 3 3
2.000061 519 2 2
2.000061 520 2 2
2.000061 521 2 2
2.000061 522 2 2
2.000061 523 2 2
2.000061 524 2 2
2.000061 525 2 2
2.000061 526 3 3
2.000061 528 2 2
2.000061 529 3 3
2.000061 530 2 2
2.000061 531 2 2
2.000061 532 2 2
2.000061 533 2 2
2.000061 534 2 2
2.000061 535 2 2
2.000061 536 3 3
2.000061 537 2 2
2.000061 538 2 2
2.000061 539 2 2
2.000061 540 2 2
2.000061 542 2 2
2.000061 543 2 2
2.000061 544 2 2
2.000061 545 3 3
2.000061 546 2 2
2.000061 547 2 2
2.000061 548 2 2
3.000092 0 3 3
3.000092 1 4 4
3.000092 2 4 4
3.000092 3 4 4
3.000092 4 4 4
3.000092 5 4 4
3.000092 6 4 4
3.000092 7 4 4
3.000092 8 3 3
3.000092 9 4 4
3.000092 10 4 4
3.000092 11 5 5
3.000092 12 4 4
3.000092 13 4 4
3.000092 14 4 4
3.000092 15 4 4
3.000092 16 4 4
3.000092 17 3 3
3.000092 18 4 4
3.000092 19 4 4
3.000092 20 4 4
3.000092 21 4 4
3.000092 22 4 4
3.000092 23 4 4
3.000092 24 4 4
3.000092 25 4 4
3.000092 26 4 4
3.000092 27 4 4
3.000092 28 4 4
3.000092 29 4 4
3.000092 30 4 4
3.000092 31 1 1
3.000092 32 4 4
3.000092 33 4 4
3.000092 34 3 3
3.000092 35 4 4
3.000092 36 4 4
3.000092 37 4 4
3.000092 38 4 4
3.000092 39 4 4
3.000092 40 5 5
3.000092 41 4 4
3.000092 42 4 4
3.000092 43 4 4
3.000092 45 4 4
3.000092 46 3 3
3.000092 48 4 4
3.000092 49 4 4
3.000092 50 4 4
3.000092 51 3 3
3.000092 52 4 4
3.000092 53 4 4
3.000092 54 4 4
3.000092 55 3 3
3.000092 57 4 4
3.000092 58 3 3
3.000092 59 4 4
3.000092 60 4 4
3.000092 61 4 4
3.000092 62 4 4
3.000092 63 4 4
3.000092 64 4 4
3.000092 65 4 4
3.000092 66 4 4
3.000092 67 4 4
3.000092 68 4 4
3.000092 70 3 3
3.000092 71 5 5
3.000092 72 3 3
3.000092 73 4 4
3.000092 74 4 4
3.000092 75 4 4
3.000092 76 3 3
3.000092 78 4 4
3.000092 79 4 4
3.000092 80 4 4
3.000092 81 4 4
3.000092 82 4 4
3.000092 83 4 4
3.000092 84 4 4
3.000092 85 4 4
3.000092 86 4 4
3.000092 87 4 4
3.000092 88 4 4
3.000092 89 3 3
3.000092 90 4 4
3.000092 91 4 4
3.000092 92 4 4
3.000092 93 4 4
3.000092 94 4 4
3.000092 95 4 4
3.000092 96 4 4
3.000092 97 4 4
3.000092 98 4 4
3.000092 99 3 3
3.000092 100 4 4
3.000092 101 4 4
3.000092 102 4 4
3.000092 103 4 4
3.000092 104 4 4
3.000092 105 4 4
3.000092 106 5 5
3.000092 107 4 4
3.000092 108 4 4
3.000092 109 4 4
3.000092 110 4 4
3.000092 111 4 4
3.000092 112 4 4
3.000092 113 5 5
3.000092 114 4 4
3.000092 115 4 4
3.000092 116 4 4
3.000092 117 4 4
3.000092 118 3 3
3.000092 119 4 4
3.000092 120 4 4
3.000092 121 3 3
3.000092 122 4 4
3.000092 123 3 3
3.000092 124 4 4
3.000092 125 4 4
3.000092 126 4 4
3.000092 127 5 5
3.000092 128 3 3
3.000092 129 4 4
3.000092 130 4 4
3.000092 131 4 4
3.000092 132 4 4
3.000092 133 4 4
3.000092 135 4 4
3.000092 136 4 4
3.000092 137 4 4
3.000092 138 4 4
3.000092 139 4 4
3.000092 140 4 4
3.000092 141 4 4
3.000092 142 4 4
3.000092 143 4 4
3.000092 144 3 3
3.000092 145 4 4
3.000092 146 4 4
3.000092 147 3 3
3.000092 149 4 4
3.000092 150 3 3
3.000092 151 4 4
3.000092 152 4 4
3.000092 153 4 4
3.000092 154 3 3
3.000092 156 3 3
3.000092 157 4 4
3.000092 158 4 4
3.000092 159 4 4
3.000092 160 4 4
3.000092 161 4 4
3.000092 162 4 4
3.000092 163 4 4
3.000092 164 4 4
3.000092 165 4 4
3.000092 166 4 4
3.000092 167 4 4
3.000092 168 4 4
3.000092 169 4 4
3.000092 170 4 4
3.000092 171 3 3
3.000092 172 4 4
3.000092 173 4 4
3.000092 174 4 4
3.000092 175 3 3
3.000092 176 4 4
3.000092 179 4 4
3.000092 180 4 4
3.000092 181 4 4
3.000092 182 4 4
3.000092 184 4 4
3.000092 185 4 4
3.000092 186 4 4
3.000092 187 4 4
3.000092 188 4 4
3.000092 189 4 4
3.000092 190 3 3
3.000092 191 4 4
3.000092 192 4 4
3.000092 193 4 4
3.000092 194 4 4
3.000092 195 4 4
3.000092 197 4 4
3.000092 198 3 3
3.000092 199 4 4
3.000092 200 4 4
3.000092 201 3 3
3.000092 202 4 4
3.000092 203 4 4
3.000092 204 4 4
3.000092 205 4 4
3.000092 206 4 4
3.000092 207 4 4
3.000092 208 4 4
3.000092 209 4 4
3.000092 210 4 4
3.000092 211 4 4
3.000092 212 4 4
3.000092 213 4 4
3.000092 214 4 4
3.000092 215 3 3
3.000092 216 4 4
3.000092 217 4 4
3.000092 218 4 4
3.000092 219 4 4
3.000092 220 4 4
3.000092 221 4 4
3.000092 222 4 4
3.000092 223 4 4
3.000092 224 5 5
3.000092 225 4 4
3.000092 226 4 4
3.000092 227 4 4
3.000092 228 4 4
3.000092 229 4 4
3.000092 230 4 4
3.000092 231 4 4
3.000092 233 4 4
3.000092 234 4 4
3.000092 235 4 4
3.000092 238 4 4
3.000092 239 4 4
3.000092 240 4 4
3.000092 241 4 4
3.000092 243 4 4
3.000092 245 4 4
3.000092 246 4 4
3.000092 249 4 4
3.000092 250 3 3
3.000092 251 4 4
3.000092 252 4 4
3.000092 253 4 4
3.000092 254 4 4
3.000092 255 4 4
3.000092 256 4 4
3.000092 257 4 4
3.000092 258 4 4
3.000092 259 4 4
3.000092 260 4 4
3.000092 261 4 4
3.000092 262 4 4
3.000092 263 4 4
3.000092 264 4 4
3.000092 265 4 4
3.000092 266 4 4
3.000092 267 4 4
3.000092 268 4 4
3.000092 269 4 4
3.000092 270 4 4
3.000092 273 4 4
3.000092 274 4 4
3.000092 275 4 4
3.000092 276 4 4
3.000092 277 4 4
3.000092 278 4 4
3.000092 279 4 4
3.000092 280 4 4
3.000092 281 4 4
3.000092 282 4 4
3.000092 283 4 4
3.000092 284 4 4
3.000092 285 3 3
3.000092 286 5 5
3.000092 287 2 2
3.000092 288 3 3
3.000092 289 4 4
3.000092 290 4 4
3.000092 291 4 4
3.000092 292 4 4
3.000092 293 4 4
3.000092 294 3 3
3.000092 295 4 4
3.000092 296 4 4
3.000092 297 4 4
3.000092 298 4 4
3.000092 300 4 4
3.000092 301 4 4
3.000092 302 4 4
3.000092 303 4 4
3.000092 304 4 4
3.000092 305 4 4
3.000092 306 4 4
3.000092 307 4 4
3.000092 310 4 4
3.000092 311 3 3
3.000092 312 2 2
3.000092 313 4 4
3.000092 314 4 4
3.000092 315 4 4
3.000092 316 4 4
3.000092 317 4 4
3.000092 318 4 4
3.000092 320 4 4
3.000092 321 4 4
3.000092 322 4 4
3.000092 323 4 4
3.000092 324 4 4
3.000092 325 4 4
3.000092 326 4 4
3.000092 327 4 4
3.000092 328 3 3
3.000092 329 4 4
3.000092 330 3 3
3.000092 331 4 4
3.000092 332 4 4
3.000092 333 4 4
3.000092 334 4 4
3.000092 335 4 4
3.000092 336 3 3
3.000092 337 4 4
3.000092 338 4 4
3.000092 339 4 4
3.000092 340 4 4
3.000092 341 4 4
3.000092 343 4 4
3.000092 344 4 4
3.000092 345 4 4
3.000092 347 4 4
3.000092 348 4 4
3.000092 349 4 4
3.000092 350 4 4
3.000092 351 4 4
3.000092 352 4 4
3.000092 353 2 2
3.000092 354 4 4
3.000092 355 4 4
3.000092 356 4 4
3.000092 357 4 4
3.000092 358 4 4
3.000092 359 4 4
3.000092 360 4 4
3.000092 361 3 3
3.000092 362 3 3
3.000092 363 4 4
3.000092 364 4 4
3.000092 365 4 4
3.000092 366 4 4
3.000092 367 2 2
3.000092 368 4 4
3.000092 369 4 4
3.000092 370 4 4
3.000092 371 4 4
3.000092 372 4 4
3.000092 374 4 4
3.000092 375 4 4
3.000092 376 2 2
3.000092 377 6 6
3.000092 379 4 4
3.000092 381 4 4
3.000092 382 4 4
3.000092 383 4 4
3.000092 384 2 2
3.000092 385 4 4
3.000092 386 3 3
3.000092 387 4 4
3.000092 388 4 4
3.000092 389 4 4
3.000092 390 3 3
3.000092 392 4 4
3.000092 393 3 3
3.000092 394 4 4
3.000092 395 4 4
3.000092 396 4 4
3.000092 397 4 4
3.000092 398 4 4
3.000092 399 4 4
3.000092 400 4 4
3.000092 401 4 4
3.000092 402 3 3
3.000092 403 4 4
3.000092 405 4 4
3.000092 406 4 4
3.000092 407 5 5
3.000092 408 4 4
3.000092 409 4 4
3.000092 411 3 3
3.000092 412 4 4
3.000092 413 4 4
3.000092 414 4 4
3.000092 415 4 4
3.000092 416 4 4
3.000092 417 4 4
3.000092 419 4 4
3.000092 420 4 4
3.000092 421 2 2
3.000092 422 4 4
3.000092 423 4 4
3.000092 424 4 4
3.000092 425 4 4
3.000092 426 4 4
3.000092 427 5 5
3.000092 428 3 3
3.000092 429 4 4
3.000092 430 4 4
3.000092 431 4 4
3.000092 432 4 4
3.000092 434 5 5
3.000092 435 4 4
3.000092 436 4 4
3.000092 437 4 4
3.000092 438 4 4
3.000092 439 4 4
3.000092 440 4 4
3.000092 441 3 3
3.000092 442 4 4
3.000092 443 4 4
3.000092 444 4 4
3.000092 445 4 4
3.000092 446 4 4
3.000092 447 4 4
3.000092 448 3 3
3.000092 449 4 4
3.000092 450 4 4
3.000092 451 4 4
3.000092 452 4 4
3.000092 453 4 4
3.000092 454 4 4
3.000092 455 4 4
3.000092 456 4 4
3.000092 457 4 4
3.000092 458 3 3
3.000092 459 4 4
3.000092 460 4 4
3.000092 461 4 4
3.000092 462 4 4
3.000092 464 4 4
3.000092 465 3 3
3.000092 466 4 4
3.000092 467 4 4
3.000092 468 3 3
3.000092 469 4 4
3.000092 470 4 4
3.000092 471 4 4
3.000092 473 4 4
3.000092 475 4 4
3.000092 476 4 4
3.000092 477 4 4
3.000092 478 4 4
3.000092 479 4 4
3.000092 480 4 4
3.000092 481 4 4
3.000092 482 4 4
3.000092 483 4 4
3.000092 484 4 4
3.000092 485 4 4
3.000092 486 3 3
3.000092 487 4 4
3.000092 488 4 4
3.000092 489 4 4
3.000092 491 4 4
3.000092 492 4 4
3.000092 493 4 4
3.000092 494 4 4
3.000092 495 4 4
3.000092 496 4 4
3.000092 497 4 4
3.000092 498 4 4
3.000092 499 4 4
3.000092 500 4 4
3.000092 501 4 4
3.000092 502 4 4
3.000092 503 4 4
3.000092 505 4 4
3.000092 506 4 4
3.000092 507 4 4
3.000092 508 4 4
3.000092 509 4 4
3.000092 510 4 4
3.000092 511 4 4
3.000092 512 6 6
3.000092 513 4 4
3.000092 514 4 4
3.000092 515 3 3
3.000092 517 4 4
3.000092 518 4 4
3.000092 519 3 3
3.000092 520 4 4
3.000092 521 4 4
3.000092 522 4 4
3.000092 523 4 4
3.000092 524 4 4
3.000092 525 4 4
3.000092 526 4 4
3.000092 528 3 3
3.000092 529 4 4
3.000092 530 4 4
3.000092 531 4 4
3.000092 532 4 4
3.000092 533 4 4
3.000092 534 4 4
3.000092 535 4 4
3.000092 536 3 3
3.000092 537 4 4
3.000092 538 4 4
3.000092 539 4 4
3.000092 540 4 4
3.000092 542 4 4
3.000092 543 4 4
3.000092 544 4 4
3.000092 545 4 4
3.000092 546 4 4
3.000092 547 4 4
3.000092 548 4 4
4.000122 0 5 5
4.000122 1 7 7
4.000122 2 5 5
4.000122 3 8 8
4.000122 4 6 6
4.000122 5 7 7
4.000122 6 6 6
4.000122 7 6 6
4.000122 8 4 4
4.000122 9 6 6
4.000122 10 6 6
4.000122 11 8 8
4.000122 12 6 6
4.000122 13 6 6
4.000122 14 7 7
4.000122 15 6 6
4.000122 16 6 6
4.000122 17 5 5
4.000122 18 5 5
4.000122 19 6 6
4.000122 20 4 4
4.000122 21 7 7
4.000122 22 8 8
4.000122 23 5 5
4.000122 24 4 4
4.000122 25 6 6
4.000122 26 7 7
4.000122 27 4 4
4.000122 28 6 6
4.000122 29 8 8
4.000122 30 4 4
4.000122 31 2 2
4.000122 32 7 7
4.000122 33 6 6
4.000122 34 4 4
4.000122 35 5 5
4.000122 36 7 7
4.000122 37 4 4
4.000122 38 7 7
4.000122 39 4 4
4.000122 40 7 7
4.000122 41 8 8
4.000122 42 5 5
4.000122 43 6 6
4.000122 45 5 5
4.000122 46 5 5
4.000122 48 4 4
4.000122 49 6 6
4.000122 50 8 8
4.000122 51 4 4
4.000122 52 4 4
4.000122 53 6 6
4.000122 54 6 6
4.000122 55 4 4
4.000122 57 7 7
4.000122 58 5 5
4.000122 59 5 5
4.000122 60 5 5
4.000122 61 8 8
4.000122 62 4 4
4.000122 63 6 6
4.000122 64 5 5
4.000122 65 7 7
4.000122 66 4 4
4.000122 67 7 7
4.000122 68 7 7
4.000122 70 5 5
4.000122 71 7 7
4.000122 72 5 5
4.000122 73 5 5
4.000122 74 7 7
4.000122 75 7 7
4.000122 76 7 7
4.000122 78 6 6
4.000122 79 7 7
4.000122 80 5 5
4.000122 81 8 8
4.000122 82 6 6
4.000122 83 5 5
4.000122 84 7 7
4.000122 85 7 7
4.000122 86 8 8
4.000122 87 7 7
4.000122 88 7 7
4.000122 89 5 5
4.000122 90 6 6
4.000122 91 7 7
4.000122 92 5 5
4.000122 93 6 6
4.000122 94 7 7
4.000122 95 6 6
4.000122 96 7 7
4.000122 97 4 4
4.000122 98 4 4
4.000122 99 5 5
4.000122 100 5 5
4.000122 101 6 6
4.000122 102 5 5
4.000122 103 7 7
4.000122 104 6 6
4.000122 105 6 6
4.000122 106 8 8
4.000122 107 7 7
4.000122 108 7 7
4.000122 109 5 5
4.000122 110 7 7
4.000122 111 6 6
4.000122 112 6 6
4.000122 113 7 7
4.000122 114 6 6
4.000122 115 8 8
4.000122 116 4 4
4.000122 117 6 6
4.000122 118 6 6
4.000122 119 4 4
4.000122 120 8 8
4.000122 121 5 5
4.000122 122 6 6
4.000122 123 5 5
4.000122 124 5 5
4.000122 125 4 4
4.000122 126 4 4
4.000122 127 7 7
4.000122 128 4 4
4.000122 129 7 7
4.000122 130 7 7
4.000122 131 7 7
4.000122 132 6 6
4.000122 133 7 7
4.000122 135 6 6
4.000122 136 5 5
4.000122 137 6 6
4.000122 138 4 4
4.000122 139 6 6
4.000122 140 7 7
4.000122 141 6 6
4.000122 142 5 5
4.000122 143 7 7
4.000122 144 7 7
4.000122 145 7 7
4.000122 146 7 7
4.000122 147 5 5
4.000122 149 8 8
4.000122 150 6 6
4.000122 151 6 6
4.000122 152 8 8
4.000122 153 6 6
4.000122 154 5 5
4.000122 156 4 4
4.000122 157 6 6
4.000122 158 7 7
4.000122 159 4 4
4.000122 160 6 6
4.000122 161 5 5
4.000122 162 7 7
4.000122 163 8 8
4.000122 164 6 6
4.000122 165 4 4
4.000122 166 7 7
4.000122 167 6 6
4.000122 168 7 7
4.000122 169 5 5
4.000122 170 8 8
4.000122 171 5 5
4.000122 172 6 6
4.000122 173 6 6
4.000122 174 6 6
4.000122 175 4 4
4.000122 176 7 7
4.000122 179 7 7
4.000122 180 6 6
4.000122 181 7 7
4.000122 182 4 4
4.000122 184 7 7
4.000122 185 7 7
4.000122 186 7 7
4.000122 187 8 8
4.000122 188 8 8
4.000122 189 5 5
4.000122 190 5 5
4.000122 191 6 6
4.000122 192 6 6
4.000122 193 6 6
4.000122 194 5 5
4.000122 195 5 5
4.000122 197 7 7
4.000122 198 4 4
4.000122 199 6 6
4.000122 200 5 5
4.000122 201 4 4
4.000122 202 7 7
4.000122 203 6 6
4.000122 204 5 5
4.000122 205 5 5
4.000122 206 6 6
4.000122 207 7 7
4.000122 208 6 6
4.000122 209 7 7
4.000122 210 7 7
4.000122 211 6 6
4.000122 212 6 6
4.000122 213 7 7
4.000122 214 4 4
4.000122 215 5 5
4.000122 216 8 8
4.000122 217 5 5
4.000122 218 8 8
4.000122 219 7 7
4.000122 220 5 5
4.000122 221 7 7
4.000122 222 5 5
4.000122 223 6 6
4.000122 224 7 7
4.000122 225 4 4
4.000122 226 5 5
4.000122 227 7 7
4.000122 228 6 6
4.000122 229 5 5
4.000122 230 7 7
4.000122 231 5 5
4.000122 233 8 8
4.000122 234 8 8
4.000122 235 6 6
4.000122 238 7 7
4.000122 239 6 6
4.000122 240 5 5
4.000122 241 6 6
4.000122 243 5 5
4.000122 245 7 7
4.000122 246 6 6
4.000122 249 8 8
4.000122 250 6 6
4.000122 251 7 7
4.000122 252 8 8
4.000122 253 6 6
4.000122 254 8 8
4.000122 255 6 6
4.000122 256 6 6
4.000122 257 7 7
4.000122 258 8 8
4.000122 259 7 7
4.000122 260 5 5
4.000122 261 6 6
4.000122 262 8 8
4.000122 263 4 4
4.000122 264 6 6
4.000122 265 8 8
4.000122 266 5 5
4.000122 267 5 5
4.000122 268 6 6
4.000122 269 5 5
4.000122 270 5 5
4.000122 273 6 6
4.000122 274 6 6
4.000122 275 6 6
4.000122 276 6 6
4.000122 277 6 6
4.000122 278 7 7
4.000122 279 6 6
4.000122 280 7 7
4.000122 281 5 5
4.000122 282 5 5
4.000122 283 6 6
4.000122 284 6 6
4.000122 285 6 6
4.000122 286 7 7
4.000122 287 3 3
4.000122 288 6 6
4.000122 289 5 5
4.000122 290 8 8
4.000122 291 6 6
4.000122 292 6 6
4.000122 293 5 5
4.000122 294 6 6
4.000122 295 5 5
4.000122 296 4 4
4.000122 297 4 4
4.000122 298 5 5
4.000122 300 6 6
4.000122 301 7 7
4.000122 302 8 8
4.000122 303 6 6
4.000122 304 6 6
4.000122 305 6 6
4.000122 306 7 7
4.000122 307 7 7
4.000122 310 7 7
4.000122 311 6 6
4.000122 312 3 3
4.000122 313 6 6
4.000122 314 6 6
4.000122 315 7 7
4.000122 316 7 7
4.000122 317 7 7
4.000122 318 4 4
4.000122 320 5 5
4.000122 321 6 6
4.000122 322 6 6
4.000122 323 5 5
4.000122 324 8 8
4.000122 325 6 6
4.000122 326 8 8
4.000122 327 6 6
4.000122 328 6 6
4.000122 329 4 4
4.000122 330 4 4
4.000122 331 7 7
4.000122 332 6 6
4.000122 333 7 7
4.000122 334 8 8
4.000122 335 5 5
4.000122 336 6 6
4.000122 337 5 5
4.000122 338 4 4
4.000122 339 5 5
4.000122 340 5 5
4.000122 341 6 6
4.000122 343 6 6
4.000122 344 6 6
4.000122 345 5 5
4.000122 347 4 4
4.000122 348 7 7
4.000122 349 6 6
4.000122 350 8 8
4.000122 351 6 6
4.000122 352 5 5
4.000122 353 1 1
4.000122 354 7 7
4.000122 355 4 4
4.000122 356 7 7
4.000122 357 8 8
4.000122 358 5 5
4.000122 359 8 8
4.000122 360 4 4
4.000122 361 5 5
4.000122 362 5 5
4.000122 363 5 5
4.000122 364 4 4
4.000122 365 7 7
4.000122 366 6 6
4.000122 367 3 3
4.000122 368 8 8
4.000122 369 8 8
4.000122 370 4 4
4.000122 371 5 5
4.000122 372 6 6
4.000122 374 6 6
4.000122 375 4 4
4.000122 376 3 3
4.000122 377 10 10
4.000122 379 5 5
4.000122 381 4 4
4.000122 382 6 6
4.000122 383 6 6
4.000122 384 3 3
4.000122 385 7 7
4.000122 386 5 5
4.000122 387 5 5
4.000122 388 7 7
4.000122 389 8 8
4.000122 390 3 3
4.000122 392 4 4
4.000122 393 5 5
4.000122 394 5 5
4.000122 395 5 5
4.000122 396 8 8
4.000122 397 5 5
4.000122 398 7 7
4.000122 399 5 5
4.000122 400 6 6
4.000122 401 7 7
4.000122 402 6 6
4.000122 403 5 5
4.000122 405 8 8
4.000122 406 5 5
4.000122 407 7 7
4.000122 408 6 6
4.000122 409 8 8
4.000122 411 6 6
4.000122 412 6 6
4.000122 413 8 8
4.000122 414 3 3
4.000122 415 6 6
4.000122 416 5 5
4.000122 417 4 4
4.000122 419 4 4
4.000122 420 6 6
4.000122 421 4 4
4.000122 422 6 6
4.000122 423 7 7
4.000122 424 6 6
4.000122 425 5 5
4.000122 426 7 7
4.000122 427 8 8
4.000122 428 5 5
4.000122 429 5 5
4.000122 430 5 5
4.000122 431 6 6
4.000122 432 8 8
4.000122 434 8 8
4.000122 435 8 8
4.000122 436 7 7
4.000122 437 4 4
4.000122 438 6 6
4.000122 439 5 5
4.000122 440 6 6
4.000122 441 6 6
4.000122 442 8 8
4.000122 443 7 7
4.000122 444 4 4
4.000122 445 6 6
4.000122 446 7 7
4.000122 447 7 7
4.000122 448 3 3
4.000122 449 5 5
4.000122 450 6 6
4.000122 451 5 5
4.000122 452 7 7
4.000122 453 6 6
4.000122 454 8 8
4.000122 455 8 8
4.000122 456 6 6
4.000122 457 6 6
4.000122 458 6 6
4.000122 459 6 6
4.000122 460 5 5
4.000122 461 5 5
4.000122 462 5 5
4.000122 464 6 6
4.000122 465 5 5
4.000122 466 4 4
4.000122 467 6 6
4.000122 468 5 5
4.000122 469 7 7
4.000122 470 4 4
4.000122 471 5 5
4.000122 473 4 4
4.000122 475 6 6
4.000122 476 5 5
4.000122 477 7 7
4.000122 478 4 4
4.000122 479 7 7
4.000122 480 6 6
4.000122 481 5 5
4.000122 482 7 7
4.000122 483 5 5
4.000122 484 7 7
4.000122 485 6 6
4.000122 486 6 6
4.000122 487 6 6
4.000122 488 8 8
4.000122 489 7 7
4.000122 491 5 5
4.000122 492 6 6
4.000122 493 6 6
4.000122 494 6 6
4.000122 495 8 8
4.000122 496 7 7
4.000122 497 6 6
4.000122 498 4 4
4.000122 499 7 7
4.000122 500 6 6
4.000122 501 4 4
4.000122 502 6 6
4.000122 503 6 6
4.000122 505 5 5
4.000122 506 6 6
4.000122 507 4 4
4.000122 508 5 5
4.000122 509 8 8
4.000122 510 7 7
4.000122 511 6 6
4.000122 512 8 8
4.000122 513 4 4
4.000122 514 7 7
4.000122 515 5 5
4.000122 517 7 7
4.000122 518 5 5
4.000122 519 6 6
4.000122 520 7 7
4.000122 521 5 5
4.000122 522 7 7
4.000122 523 5 5
4.000122 524 5 5
4.000122 525 5 5
4.000122 526 8 8
4.000122 528 3 3
4.000122 529 8 8
4.000122 530 7 7
4.000122 531 6 6
4.000122 532 5 5
4.000122 533 7 7
4.000122 534 8 8
4.000122 535 5 5
4.000122 536 6 6
4.000122 537 6 6
4.000122 538 6 6
4.000122 539 5 5
4.000122 540 6 6
4.000122 542 5 5
4.000122 543 5 5
4.000122 544 6 6
4.000122 545 6 6
4.000122 546 4 4
4.000122 547 5 5
4.000122 548 8 8
5.000153 0 9 9
5.000153 1 9 9
5.000153 2 9 9
5.000153 3 10 10
5.000153 4 8 8
5.000153 5 8 8
5.000153 6 9 9
5.000153 7 10 10
5.000153 8 8 8
5.000153 9 10 10
5.000153 10 8 8
5.000153 11 13 13
5.000153 12 10 10
5.000153 13 9 9
5.000153 14 9 9
5.000153 15 8 8
5.000153 16 8 8
5.000153 17 8 8
5.000153 18 9 9
5.000153 19 8 8
5.000153 20 8 8
5.000153 21 9 9
5.000153 22 8 8
5.000153 23 10 10
5.000153 24 8 8
5.000153 25 10 10
5.000153 26 11 11
5.000153 27 8 8
5.000153 28 8 8
5.000153 29 13 13
5.000153 30 8 8
5.000153 31 2 2
5.000153 32 12 12
5.000153 33 10 10
5.000153 34 9 9
5.000153 35 8 8
5.000153 36 9 9
5.000153 37 8 8
5.000153 38 9 9
5.000153 39 7 7
5.000153 40 9 9
5.000153 41 10 10
5.000153 42 9 9
5.000153 43 9 9
5.000153 45 9 9
5.000153 46 9 9
5.000153 48 8 8
5.000153 49 8 8
5.000153 50 11 11
5.000153 51 7 7
5.000153 52 8 8
5.000153 53 7 7
5.000153 54 9 9
5.000153 55 8 8
5.000153 57 8 8
5.000153 58 8 8
5.000153 59 8 8
5.000153 60 10 10
5.000153 61 12 12
5.000153 62 8 8
5.000153 63 9 9
5.000153 64 9 9
5.000153 65 9 9
5.000153 66 8 8
5.000153 67 9 9
5.000153 68 10 10
5.000153 70 9 9
5.000153 71 12 12
5.000153 72 9 9
5.000153 73 8 8
5.000153 74 10 10
5.000153 75 8 8
5.000153 76 9 9
5.000153 78 9 9
5.000153 79 11 11
5.000153 80 8 8
5.000153 81 9 9
5.000153 82 10 10
5.000153 83 9 9
5.000153 84 9 9
5.000153 85 10 10
5.000153 86 13 13
5.000153 87 8 8
5.000153 88 10 10
5.000153 89 8 8
5.000153 90 9 9
5.000153 91 8 8
5.000153 92 8 8
5.000153 93 10 10
5.000153 94 10 10
5.000153 95 10 10
5.000153 96 11 11
5.000153 97 8 8
5.000153 98 8 8
5.000153 99 8 8
5.000153 100 8 8
5.000153 101 8 8
5.000153 102 8 8
5.000153 103 11 11
5.000153 104 8 8
5.000153 105 9 9
5.000153 106 11 11
5.000153 107 10 10
5.000153 108 9 9
5.000153 109 9 9
5.000153 110 9 9
5.000153 111 8 8
5.000153 112 8 8
5.000153 113 13 13
5.000153 114 10 10
5.000153 115 9 9
5.000153 116 9 9
5.000153 117 9 9
5.000153 118 8 8
5.000153 119 8 8
5.000153 120 12 12
5.000153 121 7 7
5.000153 122 10 10
5.000153 123 8 8
5.000153 124 8 8
5.000153 125 8 8
5.000153 126 8 8
5.000153 127 13 13
5.000153 128 8 8
5.000153 129 9 9
5.000153 130 11 11
5.000153 131 12 12
5.000153 132 8 8
5.000153 133 10 10
5.000153 135 8 8
5.000153 136 9 9
5.000153 137 10 10
5.000153 138 8 8
5.000153 139 9 9
5.000153 140 11 11
5.000153 141 9 9
5.000153 142 8 8
5.000153 143 12 12
5.000153 144 8 8
5.000153 145 10 10
5.000153 146 10 10
5.000153 147 8 8
5.000153 149 9 9
5.000153 150 9 9
5.000153 151 10 10
5.000153 152 9 9
5.000153 153 9 9
5.000153 154 10 10
5.000153 156 8 8
5.000153 157 9 9
5.000153 158 9 9
5.000153 159 8 8
5.000153 160 8 8
5.000153 161 8 8
5.000153 162 9 9
5.000153 163 10 10
5.000153 164 8 8
5.000153 165 8 8
5.000153 166 8 8
5.000153 167 10 10
5.000153 168 8 8
5.000153 169 9 9
5.000153 170 9 9
5.000153 171 8 8
5.000153 172 9 9
5.000153 173 11 11
5.000153 174 8 8
5.000153 175 8 8
5.000153 176 9 9
5.000153 179 9 9
5.000153 180 8 8
5.000153 181 11 11
5.000153 182 8 8
5.000153 184 9 9
5.000153 185 11 11
5.000153 186 11 11
5.000153 187 11 11
5.000153 188 10 10
5.000153 189 8 8
5.000153 190 8 8
5.000153 191 9 9
5.000153 192 10 10
5.000153 193 11 11
5.000153 194 8 8
5.000153 195 8 8
5.000153 197 8 8
5.000153 199 10 10
5.000153 200 8 8
5.000153 201 7 7
5.000153 202 9 9
5.000153 203 9 9
5.000153 204 9 9
5.000153 205 9 9
5.000153 206 8 8
5.000153 207 9 9
5.000153 208 8 8
5.000153 209 11 11
5.000153 210 9 9
5.000153 211 10 10
5.000153 212 10 10
5.000153 213 12 12
5.000153 214 8 8
5.000153 215 10 10
5.000153 216 11 11
5.000153 217 10 10
5.000153 218 8 8
5.000153 219 10 10
5.000153 220 8 8
5.000153 221 9 9
5.000153 222 8 8
5.000153 223 8 8
5.000153 224 12 12
5.000153 225 8 8
5.000153 226 9 9
5.000153 227 10 10
5.000153 228 12 12
5.000153 229 8 8
5.000153 230 11 11
5.000153 231 8 8
5.000153 233 10 10
5.000153 234 10 10
5.000153 235 10 10
5.000153 238 8 8
5.000153 239 9 9
5.000153 240 9 9
5.000153 241 10 10
5.000153 243 8 8
5.000153 245 9 9
5.000153 246 9 9
5.000153 249 8 8
5.000153 250 7 7
5.000153 251 11 11
5.000153 252 10 10
5.000153 253 9 9
5.000153 254 12 12
5.000153 255 8 8
5.000153 256 8 8
5.000153 257 10 10
5.000153 258 10 10
5.000153 259 10 10
5.000153 260 8 8
5.000153 261 10 10
5.000153 262 12 12
5.000153 263 8 8
5.000153 264 8 8
5.000153 265 10 10
5.000153 266 9 9
5.000153 267 9 9
5.000153 268 10 10
5.000153 269 8 8
5.000153 270 11 11
5.000153 273 11 11
5.000153 274 10 10
5.000153 275 8 8
5.000153 276 9 9
5.000153 277 10 10
5.000153 278 9 9
5.000153 279 8 8
5.000153 280 10 10
5.000153 281 8 8
5.000153 282 8 8
5.000153 283 8 8
5.000153 284 10 10
5.000153 285 7 7
5.000153 286 11 11
5.000153 287 2 2
5.000153 288 9 9
5.000153 289 9 9
5.000153 290 11 11
5.000153 291 7 7
5.000153 292 10 10
5.000153 293 8 8
5.000153 294 11 11
5.000153 295 8 8
5.000153 296 8 8
5.000153 297 8 8
5.000153 298 10 10
5.000153 300 10 10
5.000153 301 8 8
5.000153 302 11 11
5.000153 303 10 10
5.000153 304 8 8
5.000153 305 10 10
5.000153 306 11 11
5.000153 307 11 11
5.000153 310 11 11
5.000153 311 8 8
5.000153 312 3 3
5.000153 313 9 9
5.000153 314 9 9
5.000153 315 13 13
5.000153 316 12 12
5.000153 317 9 9
5.000153 318 8 8
5.000153 320 8 8
5.000153 321 9 9
5.000153 322 9 9
5.000153 323 8 8
5.000153 324 14 14
5.000153 325 10 10
5.000153 326 10 10
5.000153 327 9 9
5.000153 328 7 7
5.000153 329 8 8
5.000153 330 8 8
5.000153 331 11 11
5.000153 332 9 9
5.000153 333 9 9
5.000153 334 13 13
5.000153 335 11 11
5.000153 336 9 9
5.000153 337 9 9
5.000153 338 9 9
5.000153 339 8 8
5.000153 340 9 9
5.000153 341 8 8
5.000153 343 8 8
5.000153 344 8 8
5.000153 345 9 9
5.000153 347 8 8
5.000153 348 9 9
5.000153 349 8 8
5.000153 350 11 11
5.000153 351 12 12
5.000153 352 10 10
5.000153 353 2 2
5.000153 354 9 9
5.000153 355 8 8
5.000153 356 9 9
5.000153 357 10 10
5.000153 358 8 8
5.000153 359 9 9
5.000153 360 8 8
5.000153 361 5 5
5.000153 362 9 9
5.000153 363 5 5
5.000153 364 8 8
5.000153 365 12 12
5.000153 366 10 10
5.000153 367 3 3
5.000153 368 11 11
5.000153 369 14 14
5.000153 370 8 8
5.000153 371 8 8
5.000153 372 10 10
5.000153 374 9 9
5.000153 375 8 8
5.000153 376 3 3
5.000153 377 14 14
5.000153 379 9 9
5.000153 381 8 8
5.000153 382 9 9
5.000153 383 9 9
5.000153 384 3 3
5.000153 385 9 9
5.000153 386 10 10
5.000153 387 8 8
5.000153 388 11 11
5.000153 389 9 9
5.000153 392 8 8
5.000153 393 7 7
5.000153 394 8 8
5.000153 395 8 8
5.000153 396 12 12
5.000153 397 8 8
5.000153 398 10 10
5.000153 399 10 10
5.000153 400 8 8
5.000153 401 9 9
5.000153 402 8 8
5.000153 403 9 9
5.000153 405 13 13
5.000153 406 8 8
5.000153 407 13 13
5.000153 408 8 8
5.000153 409 12 12
5.000153 411 8 8
5.000153 412 1 1
5.000153 413 10 10
5.000153 414 2 2
5.000153 415 9 9
5.000153 416 9 9
5.000153 417 8 8
5.000153 419 8 8
5.000153 420 9 9
5.000153 421 8 8
5.000153 422 8 8
5.000153 423 14 14
5.000153 424 8 8
5.000153 425 8 8
5.000153 426 11 11
5.000153 427 11 11
5.000153 428 8 8
5.000153 429 8 8
5.000153 430 8 8
5.000153 431 9 9
5.000153 432 13 13
5.000153 434 12 12
5.000153 435 12 12
5.000153 436 10 10
5.000153 437 8 8
5.000153 438 9 9
5.000153 439 8 8
5.000153 440 10 10
5.000153 441 8 8
5.000153 442 8 8
5.000153 443 8 8
5.000153 444 8 8
5.000153 445 8 8
5.000153 446 10 10
5.000153 447 9 9
5.000153 448 5 5
5.000153 449 8 8
5.000153 450 10 10
5.000153 451 8 8
5.000153 452 8 8
5.000153 453 9 9
5.000153 454 11 11
5.000153 455 10 10
5.000153 456 10 10
5.000153 457 9 9
5.000153 458 9 9
5.000153 459 9 9
5.000153 460 8 8
5.000153 461 8 8
5.000153 462 9 9
5.000153 464 9 9
5.000153 465 8 8
5.000153 466 8 8
5.000153 467 9 9
5.000153 468 8 8
5.000153 469 10 10
5.000153 470 8 8
5.000153 471 8 8
5.000153 473 8 8
5.000153 475 8 8
5.000153 476 8 8
5.000153 477 9 9
5.000153 478 8 8
5.000153 479 8 8
5.000153 480 10 10
5.000153 481 8 8
5.000153 482 10 10
5.000153 483 8 8
5.000153 484 11 11
5.000153 485 8 8
5.000153 486 8 8
5.000153 487 8 8
5.000153 488 11 11
5.000153 489 10 10
5.000153 491 8 8
5.000153 492 8 8
5.000153 493 9 9
5.000153 494 8 8
5.000153 495 10 10
5.000153 496 9 9
5.000153 497 6 6
5.000153 498 8 8
5.000153 499 8 8
5.000153 500 11 11
5.000153 501 8 8
5.000153 502 10 10
5.000153 503 10 10
5.000153 505 9 9
5.000153 506 10 10
5.000153 507 9 9
5.000153 508 8 8
5.000153 509 13 13
5.000153 510 11 11
5.000153 511 11 11
5.000153 512 14 14
5.000153 513 8 8
5.000153 514 8 8
5.000153 515 9 9
5.000153 517 10 10
5.000153 518 10 10
5.000153 519 8 8
5.000153 520 9 9
5.000153 521 10 10
5.000153 522 11 11
5.000153 523 9 9
5.000153 524 8 8
5.000153 525 8 8
5.000153 526 11 11
5.000153 528 3 3
5.000153 529 5 5
5.000153 530 9 9
5.000153 531 9 9
5.000153 532 8 8
5.000153 533 10 10
5.000153 534 9 9
5.000153 535 7 7
5.000153 536 9 9
5.000153 537 9 9
5.000153 538 9 9
5.000153 539 10 10
5.000153 540 9 9
5.000153 542 10 10
5.000153 543 10 10
5.000153 544 9 9
5.000153 545 10 10
5.000153 546 8 8
5.000153 547 9 9
5.000153 548 10 10
6.000183 0 13 13
6.000183 1 16 16
6.000183 2 14 14
6.000183 4 14 14
6.000183 5 16 16
6.000183 7 14 14
6.000183 8 12 12
6.000183 9 16 16
6.000183 10 16 16
6.000183 11 13 13
6.000183 12 14 14
6.000183 13 16 16
6.000183 14 17 17
6.000183 17 15 15
6.000183 20 16 16
6.000183 21 1 1
6.000183 22 17 17
6.000183 23 15 15
6.000183 24 15 15
6.000183 25 17 17
6.000183 26 18 18
6.000183 28 16 16
6.000183 29 18 18
6.000183 32 20 20
6.000183 33 18 18
6.000183 35 15 15
6.000183 36 15 15
6.000183 37 13 13
6.000183 38 17 17
6.000183 40 18 18
6.000183 41 17 17
6.000183 42 16 16
6.000183 43 17 17
6.000183 45 16 16
6.000183 48 13 13
6.000183 50 19 19
6.000183 51 12 12
6.000183 52 14 14
6.000183 55 12 12
6.000183 57 15 15
6.000183 59 10 10
6.000183 61 17 17
6.000183 62 14 14
6.000183 63 14 14
6.000183 65 2 2
6.000183 66 15 15
6.000183 68 13 13
6.000183 70 14 14
6.000183 71 18 18
6.000183 72 14 14
6.000183 73 15 15
6.000183 75 16 16
6.000183 76 14 14
6.000183 78 16 16
6.000183 79 17 17
6.000183 80 15 15
6.000183 81 16 16
6.000183 82 17 17
6.000183 83 16 16
6.000183 84 15 15
6.000183 85 16 16
6.000183 86 19 19
6.000183 87 15 15
6.000183 88 18 18
6.000183 89 13 13
6.000183 90 16 16
6.000183 91 15 15
6.000183 93 15 15
6.000183 94 16 16
6.000183 95 16 16
6.000183 96 18 18
6.000183 98 14 14
6.000183 99 14 14
6.000183 100 14 14
6.000183 101 15 15
6.000183 102 15 15
6.000183 103 16 16
6.000183 104 15 15
6.000183 105 15 15
6.000183 107 16 16
6.000183 108 15 15
6.000183 109 15 15
6.000183 110 15 15
6.000183 111 2 2
6.000183 112 16 16
6.000183 113 19 19
6.000183 114 14 14
6.000183 115 16 16
6.000183 116 16 16
6.000183 117 15 15
6.000183 118 12 12
6.000183 119 6 6
6.000183 120 20 20
6.000183 121 10 10
6.000183 122 14 14
6.000183 123 9 9
6.000183 124 14 14
6.000183 125 14 14
6.000183 126 14 14
6.000183 127 19 19
6.000183 128 14 14
6.000183 129 16 16
6.000183 130 17 17
6.000183 131 18 18
6.000183 132 16 16
6.000183 133 14 14
6.000183 135 15 15
6.000183 136 16 16
6.000183 137 15 15
6.000183 138 13 13
6.000183 139 17 17
6.000183 140 16 16
6.000183 141 15 15
6.000183 142 16 16
6.000183 144 15 15
6.000183 145 18 18
6.000183 146 16 16
6.000183 147 14 14
6.000183 149 16 16
6.000183 150 13 13
6.000183 151 17 17
6.000183 152 16 16
6.000183 153 16 16
6.000183 154 14 14
6.000183 156 13 13
6.000183 157 15 15
6.000183 158 17 17
6.000183 160 15 15
6.000183 161 13 13
6.000183 162 16 16
6.000183 163 18 18
6.000183 164 16 16
6.000183 165 14 14
6.000183 166 16 16
6.000183 167 16 16
6.000183 168 15 15
6.000183 169 15 15
6.000183 170 16 16
6.000183 171 14 14
6.000183 172 17 17
6.000183 173 17 17
6.000183 175 14 14
6.000183 179 15 15
6.000183 182 10 10
6.000183 184 15 15
6.000183 186 17 17
6.000183 187 15 15
6.000183 188 17 17
6.000183 189 2 2
6.000183 190 13 13
6.000183 192 15 15
6.000183 193 15 15
6.000183 195 14 14
6.000183 197 14 14
6.000183 199 17 17
6.000183 200 13 13
6.000183 201 10 10
6.000183 202 17 17
6.000183 203 13 13
6.000183 205 17 17
6.000183 206 15 15
6.000183 207 15 15
6.000183 209 16 16
6.000183 210 17 17
6.000183 211 15 15
6.000183 212 15 15
6.000183 213 18 18
6.000183 214 14 14
6.000183 215 15 15
6.000183 216 17 17
6.000183 217 14 14
6.000183 218 17 17
6.000183 220 14 14
6.000183 222 13 13
6.000183 223 14 14
6.000183 225 16 16
6.000183 227 18 18
6.000183 230 17 17
6.000183 231 15 15
6.000183 233 16 16
6.000183 234 16 16
6.000183 235 16 16
6.000183 238 16 16
6.000183 239 15 15
6.000183 240 15 15
6.000183 241 17 17
6.000183 243 15 15
6.000183 245 16 16
6.000183 246 16 16
6.000183 249 16 16
6.000183 250 12 12
6.000183 251 16 16
6.000183 254 18 18
6.000183 255 16 16
6.000183 257 16 16
6.000183 258 16 16
6.000183 259 17 17
6.000183 260 14 14
6.000183 262 16 16
6.000183 264 16 16
6.000183 268 14 14
6.000183 269 15 15
6.000183 270 16 16
6.000183 274 13 13
6.000183 275 16 16
6.000183 276 13 13
6.000183 277 18 18
6.000183 278 16 16
6.000183 280 15 15
6.000183 281 16 16
6.000183 282 16 16
6.000183 283 16 16
6.000183 285 12 12
6.000183 286 18 18
6.000183 288 12 12
6.000183 291 13 13
6.000183 292 1 1
6.000183 293 15 15
6.000183 295 16 16
6.000183 296 15 15
6.000183 297 13 13
6.000183 298 14 14
6.000183 300 15 15
6.000183 301 16 16
6.000183 302 2 2
6.000183 306 18 18
6.000183 311 14 14
6.000183 313 14 14
6.000183 314 18 18
6.000183 317 17 17
6.000183 318 15 15
6.000183 320 14 14
6.000183 322 14 14
6.000183 323 14 14
6.000183 324 20 20
6.000183 325 20 20
6.000183 326 16 16
6.000183 327 14 14
6.000183 328 12 12
6.000183 329 15 15
6.000183 331 17 17
6.000183 332 1 1
6.000183 333 16 16
6.000183 334 19 19
6.000183 335 18 18
6.000183 336 11 11
6.000183 337 14 14
6.000183 338 4 4
6.000183 339 14 14
6.000183 340 17 17
6.000183 341 14 14
6.000183 343 13 13
6.000183 344 14 14
6.000183 345 14 14
6.000183 347 14 14
6.000183 348 15 15
6.000183 349 14 14
6.000183 350 16 16
6.000183 351 18 18
6.000183 354 16 16
6.000183 355 11 11
6.000183 357 17 17
6.000183 358 15 15
6.000183 360 15 15
6.000183 362 14 14
6.000183 364 12 12
6.000183 366 17 17
6.000183 368 17 17
6.000183 369 18 18
6.000183 370 14 14
6.000183 374 16 16
6.000183 375 15 15
6.000183 377 20 20
6.000183 379 1 1
6.000183 381 13 13
6.000183 382 15 15
6.000183 385 16 16
6.000183 386 16 16
6.000183 387 14 14
6.000183 388 18 18
6.000183 389 8 8
6.000183 392 15 15
6.000183 394 14 14
6.000183 396 18 18
6.000183 398 17 17
6.000183 399 15 15
6.000183 400 16 16
6.000183 401 15 15
6.000183 402 13 13
6.000183 403 16 16
6.000183 405 17 17
6.000183 406 14 14
6.000183 408 16 16
6.000183 411 14 14
6.000183 416 15 15
6.000183 419 13 13
6.000183 420 16 16
6.000183 421 10 10
6.000183 422 16 16
6.000183 423 18 18
6.000183 424 16 16
6.000183 425 16 16
6.000183 426 17 17
6.000183 427 19 19
6.000183 428 10 10
6.000183 429 16 16
6.000183 430 16 16
6.000183 431 15 15
6.000183 432 16 16
6.000183 434 19 19
6.000183 435 17 17
6.000183 437 14 14
6.000183 439 13 13
6.000183 442 16 16
6.000183 443 8 8
6.000183 444 11 11
6.000183 445 16 16
6.000183 446 17 17
6.000183 447 17 17
6.000183 449 15 15
6.000183 450 13 13
6.000183 451 16 16
6.000183 452 16 16
6.000183 453 2 2
6.000183 455 16 16
6.000183 456 16 16
6.000183 457 15 15
6.000183 458 14 14
6.000183 459 15 15
6.000183 460 13 13
6.000183 462 14 14
6.000183 464 15 15
6.000183 465 1 1
6.000183 466 15 15
6.000183 467 13 13
6.000183 469 17 17
6.000183 470 7 7
6.000183 471 14 14
6.000183 473 12 12
6.000183 475 13 13
6.000183 477 15 15
6.000183 478 1 1
6.000183 479 16 16
6.000183 480 17 17
6.000183 481 15 15
6.000183 482 16 16
6.000183 483 13 13
6.000183 485 16 16
6.000183 486 14 14
6.000183 487 13 13
6.000183 488 18 18
6.000183 489 15 15
6.000183 491 15 15
6.000183 494 15 15
6.000183 495 19 19
6.000183 496 14 14
6.000183 498 15 15
6.000183 499 15 15
6.000183 500 17 17
6.000183 501 14 14
6.000183 502 16 16
6.000183 503 17 17
6.000183 505 14 14
6.000183 507 17 17
6.000183 508 6 6
6.000183 509 22 22
6.000183 510 16 16
6.000183 511 8 8
6.000183 512 19 19
6.000183 513 14 14
6.000183 514 15 15
6.000183 515 14 14
6.000183 517 16 16
6.000183 518 15 15
6.000183 519 16 16
6.000183 520 15 15
6.000183 521 18 18
6.000183 522 15 15
6.000183 525 13 13
6.000183 530 16 16
6.000183 531 17 17
6.000183 532 15 15
6.000183 533 15 15
6.000183 534 16 16
6.000183 535 11 11
6.000183 536 14 14
6.000183 537 16 16
6.000183 538 16 16
6.000183 539 14 14
6.000183 542 16 16
6.000183 544 16 16
6.000183 545 19 19
6.000183 546 13 13
6.000183 547 14 14
6.000183 548 16 16
7.000214 0 21 21
7.000214 1 12 12
7.000214 4 6 6
7.000214 5 24 24
7.000214 9 25 25
7.000214 10 6 6
7.000214 12 24 24
7.000214 13 22 22
7.000214 14 24 24
7.000214 22 28 28
7.000214 23 25 25
7.000214 25 26 26
7.000214 28 23 23
7.000214 29 29 29
7.000214 33 2 2
7.000214 35 20 20
7.000214 36 27 27
7.000214 37 19 19
7.000214 40 2 2
7.000214 41 29 29
7.000214 48 17 17
7.000214 51 20 20
7.000214 52 18 18
7.000214 55 2 2
7.000214 57 26 26
7.000214 61 34 34
7.000214 62 21 21
7.000214 63 23 23
7.000214 66 19 19
7.000214 70 21 21
7.000214 71 32 32
7.000214 72 10 10
7.000214 73 22 22
7.000214 75 26 26
7.000214 76 27 27
7.000214 78 28 28
7.000214 79 27 27
7.000214 80 18 18
7.000214 81 29 29
7.000214 83 23 23
7.000214 85 29 29
7.000214 87 25 25
7.000214 88 21 21
7.000214 89 21 21
7.000214 90 18 18
7.000214 91 25 25
7.000214 94 26 26
7.000214 96 28 28
7.000214 98 17 17
7.000214 100 24 24
7.000214 101 25 25
7.000214 102 24 24
7.000214 103 29 29
7.000214 107 20 20
7.000214 109 22 22
7.000214 112 23 23
7.000214 113 32 32
7.000214 114 23 23
7.000214 117 22 22
7.000214 118 23 23
7.000214 120 32 32
7.000214 124 22 22
7.000214 126 22 22
7.000214 127 32 32
7.000214 129 28 28
7.000214 131 30 30
7.000214 132 24 24
7.000214 135 24 24
7.000214 136 22 22
7.000214 137 25 25
7.000214 138 18 18
7.000214 139 11 11
7.000214 141 22 22
7.000214 142 26 26
7.000214 144 27 27
7.000214 146 24 24
7.000214 147 22 22
7.000214 149 27 27
7.000214 151 9 9
7.000214 152 26 26
7.000214 153 21 21
7.000214 156 19 19
7.000214 157 24 24
7.000214 158 25 25
7.000214 160 25 25
7.000214 161 21 21
7.000214 163 32 32
7.000214 165 13 13
7.000214 166 25 25
7.000214 167 28 28
7.000214 169 20 20
7.000214 172 25 25
7.000214 173 26 26
7.000214 182 16 16
7.000214 184 29 29
7.000214 186 4 4
7.000214 188 29 29
7.000214 197 25 25
7.000214 199 23 23
7.000214 200 21 21
7.000214 201 16 16
7.000214 202 22 22
7.000214 203 24 24
7.000214 205 27 27
7.000214 206 25 25
7.000214 207 26 26
7.000214 209 25 25
7.000214 210 26 26
7.000214 213 29 29
7.000214 214 19 19
7.000214 215 22 22
7.000214 216 30 30
7.000214 217 22 22
7.000214 218 27 27
7.000214 220 19 19
7.000214 222 19 19
7.000214 223 21 21
7.000214 227 15 15
7.000214 231 22 22
7.000214 235 28 28
7.000214 239 23 23
7.000214 240 23 23
7.000214 241 24 24
7.000214 245 26 26
7.000214 246 23 23
7.000214 249 30 30
7.000214 250 21 21
7.000214 251 28 28
7.000214 257 27 27
7.000214 259 26 26
7.000214 260 22 22
7.000214 262 17 17
7.000214 268 22 22
7.000214 269 24 24
7.000214 275 22 22
7.000214 277 27 27
7.000214 281 20 20
7.000214 283 23 23
7.000214 286 29 29
7.000214 288 24 24
7.000214 293 25 25
7.000214 295 20 20
7.000214 296 9 9
7.000214 297 20 20
7.000214 298 22 22
7.000214 300 24 24
7.000214 301 27 27
7.000214 306 31 31
7.000214 311 2 2
7.000214 313 19 19
7.000214 314 28 28
7.000214 317 25 25
7.000214 320 20 20
7.000214 322 23 23
7.000214 324 30 30
7.000214 325 27 27
7.000214 326 31 31
7.000214 328 21 21
7.000214 329 18 18
7.000214 331 26 26
7.000214 334 34 34
7.000214 335 24 24
7.000214 340 22 22
7.000214 341 4 4
7.000214 344 21 21
7.000214 345 20 20
7.000214 347 18 18
7.000214 348 25 25
7.000214 350 30 30
7.000214 351 27 27
7.000214 354 30 30
7.000214 357 29 29
7.000214 358 24 24
7.000214 360 17 17
7.000214 362 23 23
7.000214 364 16 16
7.000214 366 28 28
7.000214 377 35 35
7.000214 387 20 20
7.000214 392 23 23
7.000214 394 22 22
7.000214 396 32 32
7.000214 398 23 23
7.000214 399 25 25
7.000214 400 24 24
7.000214 401 24 24
7.000214 402 22 22
7.000214 403 22 22
7.000214 406 2 2
7.000214 408 22 22
7.000214 411 21 21
7.000214 416 23 23
7.000214 419 1 1
7.000214 420 24 24
7.000214 421 18 18
7.000214 422 25 25
7.000214 424 25 25
7.000214 425 23 23
7.000214 426 27 27
7.000214 427 31 31
7.000214 429 5 5
7.000214 431 24 24
7.000214 432 31 31
7.000214 434 29 29
7.000214 435 30 30
7.000214 437 22 22
7.000214 439 23 23
7.000214 442 28 28
7.000214 444 18 18
7.000214 445 23 23
7.000214 447 25 25
7.000214 449 22 22
7.000214 450 22 22
7.000214 451 25 25
7.000214 452 26 26
7.000214 455 29 29
7.000214 456 25 25
7.000214 458 21 21
7.000214 459 23 23
7.000214 460 4 4
7.000214 462 22 22
7.000214 464 24 24
7.000214 466 21 21
7.000214 469 15 15
7.000214 471 21 21
7.000214 473 16 16
7.000214 477 11 11
7.000214 479 23 23
7.000214 480 28 28
7.000214 481 23 23
7.000214 482 26 26
7.000214 483 21 21
7.000214 485 24 24
7.000214 486 24 24
7.000214 488 28 28
7.000214 491 20 20
7.000214 494 16 16
7.000214 495 26 26
7.000214 496 25 25
7.000214 498 20 20
7.000214 499 26 26
7.000214 502 25 25
7.000214 503 9 9
7.000214 505 25 25
7.000214 509 33 33
7.000214 510 30 30
7.000214 512 36 36
7.000214 519 22 22
7.000214 520 24 24
7.000214 521 26 26
7.000214 522 26 26
7.000214 530 7 7
7.000214 531 28 28
7.000214 532 18 18
7.000214 533 27 27
7.000214 534 28 28
7.000214 535 18 18
7.000214 537 24 24
7.000214 538 24 24
7.000214 539 21 21
7.000214 542 23 23
7.000214 545 4 4
7.000214 546 20 20
7.000214 548 31 31
8.000244 0 35 35
8.000244 5 32 32
8.000244 9 14 14
8.000244 12 42 42
8.000244 13 37 37
8.000244 14 40 40
8.000244 22 38 38
8.000244 23 41 41
8.000244 25 10 10
8.000244 28 38 38
8.000244 29 48 48
8.000244 35 32 32
8.000244 37 32 32
8.000244 41 42 42
8.000244 48 1 1
8.000244 51 31 31
8.000244 52 4 4
8.000244 57 36 36
8.000244 62 32 32
8.000244 63 36 36
8.000244 66 22 22
8.000244 70 35 35
8.000244 71 50 50
8.000244 73 31 31
8.000244 75 38 38
8.000244 76 40 40
8.000244 78 37 37
8.000244 79 39 39
8.000244 80 33 33
8.000244 81 41 41
8.000244 83 38 38
8.000244 85 43 43
8.000244 89 35 35
8.000244 91 34 34
8.000244 94 39 39
8.000244 98 33 33
8.000244 100 18 18
8.000244 101 39 39
8.000244 102 34 34
8.000244 103 43 43
8.000244 109 35 35
8.000244 112 34 34
8.000244 113 21 21
8.000244 114 39 39
8.000244 117 37 37
8.000244 118 35 35
8.000244 126 34 34
8.000244 127 50 50
8.000244 129 36 36
8.000244 131 49 49
8.000244 132 23 23
8.000244 135 39 39
8.000244 136 37 37
8.000244 137 37 37
8.000244 138 32 32
8.000244 141 37 37
8.000244 142 4 4
8.000244 144 32 32
8.000244 147 33 33
8.000244 149 33 33
8.000244 152 37 37
8.000244 153 35 35
8.000244 157 41 41
8.000244 158 39 39
8.000244 160 35 35
8.000244 161 33 33
8.000244 163 49 49
8.000244 166 32 32
8.000244 167 43 43
8.000244 169 35 35
8.000244 182 31 31
8.000244 184 34 34
8.000244 188 41 41
8.000244 197 34 34
8.000244 199 41 41
8.000244 200 35 35
8.000244 202 38 38
8.000244 205 41 41
8.000244 206 38 38
8.000244 209 43 43
8.000244 210 40 40
8.000244 214 8 8
8.000244 215 40 40
8.000244 216 14 14
8.000244 217 37 37
8.000244 218 31 31
8.000244 222 32 32
8.000244 223 35 35
8.000244 231 33 33
8.000244 239 37 37
8.000244 240 36 36
8.000244 241 41 41
8.000244 246 37 37
8.000244 249 39 39
8.000244 250 31 31
8.000244 251 5 5
8.000244 259 16 16
8.000244 269 39 39
8.000244 277 30 30
8.000244 286 39 39
8.000244 295 35 35
8.000244 297 32 32
8.000244 298 36 36
8.000244 300 42 42
8.000244 301 37 37
8.000244 314 42 42
8.000244 317 37 37
8.000244 320 32 32
8.000244 322 33 33
8.000244 326 40 40
8.000244 328 30 30
8.000244 329 31 31
8.000244 331 45 45
8.000244 334 52 52
8.000244 335 4 4
8.000244 340 37 37
8.000244 347 8 8
8.000244 348 39 39
8.000244 350 45 45
8.000244 351 45 45
8.000244 354 45 45
8.000244 357 39 39
8.000244 358 35 35
8.000244 360 32 32
8.000244 362 35 35
8.000244 387 33 33
8.000244 396 47 47
8.000244 399 34 34
8.000244 402 32 32
8.000244 408 34 34
8.000244 411 31 31
8.000244 420 38 38
8.000244 424 36 36
8.000244 425 31 31
8.000244 426 32 32
8.000244 427 6 6
8.000244 435 44 44
8.000244 442 40 40
8.000244 444 33 33
8.000244 445 38 38
8.000244 449 34 34
8.000244 450 37 37
8.000244 452 39 39
8.000244 455 46 46
8.000244 458 25 25
8.000244 459 37 37
8.000244 462 36 36
8.000244 464 39 39
8.000244 466 31 31
8.000244 471 25 25
8.000244 473 32 32
8.000244 479 36 36
8.000244 480 22 22
8.000244 485 38 38
8.000244 486 34 34
8.000244 491 33 33
8.000244 496 9 9
8.000244 498 32 32
8.000244 499 36 36
8.000244 505 33 33
8.000244 509 46 46
8.000244 510 43 43
8.000244 519 19 19
8.000244 521 25 25
8.000244 531 38 38
8.000244 533 41 41
8.000244 534 46 46
8.000244 535 30 30
8.000244 538 18 18
8.000244 539 35 35
8.000244 542 39 39
8.000244 546 32 32
8.000244 548 1 1
9.000275 0 53 53
9.000275 5 60 60
9.000275 12 60 60
9.000275 13 39 39
9.000275 14 63 63
9.000275 22 63 63
9.000275 23 66 66
9.000275 28 49 49
9.000275 29 77 77
9.000275 41 70 70
9.000275 51 50 50
9.000275 57 56 56
9.000275 62 52 52
9.000275 63 43 43
9.000275 70 47 47
9.000275 75 63 63
9.000275 76 64 64
9.000275 78 63 63
9.000275 79 22 22
9.000275 80 56 56
9.000275 81 65 65
9.000275 83 59 59
9.000275 85 72 72
9.000275 91 27 27
9.000275 101 65 65
9.000275 102 60 60
9.000275 103 67 67
9.000275 109 21 21
9.000275 112 60 60
9.000275 114 4 4
9.000275 118 54 54
9.000275 126 24 24
9.000275 127 78 78
9.000275 129 66 66
9.000275 131 72 72
9.000275 135 60 60
9.000275 137 16 16
9.000275 138 48 48
9.000275 141 61 61
9.000275 144 61 61
9.000275 147 58 58
9.000275 152 63 63
9.000275 153 59 59
9.000275 157 62 62
9.000275 158 67 67
9.000275 160 3 3
9.000275 161 55 55
9.000275 163 11 11
9.000275 166 20 20
9.000275 167 67 67
9.000275 169 60 60
9.000275 182 16 16
9.000275 188 25 25
9.000275 199 64 64
9.000275 200 47 47
9.000275 205 65 65
9.000275 206 62 62
9.000275 209 69 69
9.000275 210 17 17
9.000275 222 15 15
9.000275 223 55 55
9.000275 231 47 47
9.000275 239 12 12
9.000275 241 64 64
9.000275 246 1 1
9.000275 249 68 68
9.000275 250 3 3
9.000275 269 60 60
9.000275 286 6 6
9.000275 295 57 57
9.000275 297 54 54
9.000275 298 62 62
9.000275 300 64 64
9.000275 301 65 65
9.000275 314 69 69
9.000275 317 61 61
9.000275 320 17 17
9.000275 322 4 4
9.000275 329 55 55
9.000275 331 4 4
9.000275 334 77 77
9.000275 340 4 4
9.000275 348 60 60
9.000275 350 64 64
9.000275 351 72 72
9.000275 354 66 66
9.000275 357 59 59
9.000275 358 62 62
9.000275 360 56 56
9.000275 362 60 60
9.000275 387 55 55
9.000275 396 59 59
9.000275 402 36 36
9.000275 408 64 64
9.000275 420 10 10
9.000275 424 43 43
9.000275 435 69 69
9.000275 442 66 66
9.000275 445 58 58
9.000275 450 8 8
9.000275 452 1 1
9.000275 455 68 68
9.000275 459 58 58
9.000275 462 64 64
9.000275 464 62 62
9.000275 466 55 55
9.000275 473 28 28
9.000275 479 62 62
9.000275 486 58 58
9.000275 491 51 51
9.000275 498 55 55
9.000275 499 58 58
9.000275 505 55 55
9.000275 510 71 71
9.000275 531 69 69
9.000275 533 64 64
9.000275 534 5 5
9.000275 535 43 43
9.000275 539 19 19
9.000275 542 66 66
9.000275 546 45 45
10.000305 0 55 55
10.000305 5 84 84
10.000305 12 32 32
10.000305 14 89 89
10.000305 22 108 108
10.000305 23 4 4
10.000305 29 10 10
10.000305 41 116 116
10.000305 51 83 83
10.000305 57 9 9
10.000305 62 11 11
10.000305 75 8 8
10.000305 76 96 96
10.000305 78 104 104
10.000305 80 82 82
10.000305 81 44 44
10.000305 83 93 93
10.000305 85 122 122
10.000305 101 104 104
10.000305 102 92 92
10.000305 103 93 93
10.000305 112 95 95
10.000305 118 63 63
10.000305 127 65 65
10.000305 129 103 103
10.000305 131 110 110
10.000305 135 51 51
10.000305 138 74 74
10.000305 141 60 60
10.000305 144 103 103
10.000305 147 38 38
10.000305 152 104 104
10.000305 153 86 86
10.000305 157 99 99
10.000305 158 101 101
10.000305 161 89 89
10.000305 167 112 112
10.000305 169 88 88
10.000305 199 101 101
10.000305 205 110 110
10.000305 206 90 90
10.000305 209 106 106
10.000305 223 53 53
10.000305 231 33 33
10.000305 241 97 97
10.000305 249 115 115
10.000305 269 27 27
10.000305 295 83 83
10.000305 297 77 77
10.000305 298 93 93
10.000305 300 6 6
10.000305 301 24 24
10.000305 314 3 3
10.000305 317 94 94
10.000305 329 80 80
10.000305 334 136 136
10.000305 348 99 99
10.000305 350 15 15
10.000305 351 58 58
10.000305 357 30 30
10.000305 358 95 95
10.000305 360 83 83
10.000305 387 83 83
10.000305 408 88 88
10.000305 435 117 117
10.000305 442 99 99
10.000305 445 52 52
10.000305 455 118 118
10.000305 462 59 59
10.000305 466 30 30
10.000305 473 4 4
10.000305 479 47 47
10.000305 486 96 96
10.000305 491 30 30
10.000305 498 80 80
10.000305 499 9 9
10.000305 505 87 87
10.000305 510 118 118
10.000305 531 111 111
10.000305 533 104 104
10.000305 535 14 14
10.000305 542 32 32
10.000305 546 75 75
11.000336 0 34 34
11.000336 5 89 89
11.000336 14 13 13
11.000336 22 52 52
11.000336 41 87 87
11.000336 51 81 81
11.000336 76 4 4
11.000336 78 132 132
11.000336 80 130 130
11.000336 83 147 147
11.000336 85 48 48
11.000336 101 149 149
11.000336 102 92 92
11.000336 103 31 31
11.000336 112 134 134
11.000336 118 5 5
11.000336 127 5 5
11.000336 129 96 96
11.000336 131 88 88
11.000336 138 121 121
11.000336 141 6 6
11.000336 144 145 145
11.000336 147 15 15
11.000336 152 154 154
11.000336 153 142 142
11.000336 157 163 163
11.000336 158 157 157
11.000336 161 142 142
11.000336 167 123 123
11.000336 169 121 121
11.000336 199 96 96
11.000336 205 117 117
11.000336 206 6 6
11.000336 209 138 138
11.000336 223 11 11
11.000336 241 107 107
11.000336 249 169 169
11.000336 295 12 12
11.000336 297 52 52
11.000336 298 152 152
11.000336 317 106 106
11.000336 329 113 113
11.000336 334 199 199
11.000336 348 25 25
11.000336 358 156 156
11.000336 360 132 132
11.000336 387 134 134
11.000336 408 145 145
11.000336 435 177 177
11.000336 442 72 72
11.000336 455 175 175
11.000336 462 27 27
11.000336 466 4 4
11.000336 486 47 47
11.000336 498 134 134
11.000336 505 105 105
11.000336 510 183 183
11.000336 531 161 161
11.000336 533 163 163
11.000336 546 100 100
12.000366 5 84 84
12.000366 22 38 38
12.000366 51 71 71
12.000366 78 60 60
12.000366 80 153 153
12.000366 83 215 215
12.000366 85 16 16
12.000366 101 101 101
12.000366 102 7 7
12.000366 112 170 170
12.000366 129 67 67
12.000366 131 23 23
12.000366 138 138 138
12.000366 144 189 189
12.000366 152 253 253
12.000366 153 213 213
12.000366 157 251 251
12.000366 158 242 242
12.000366 161 185 185
12.000366 167 37 37
12.000366 169 111 111
12.000366 199 26 26
12.000366 205 79 79
12.000366 209 138 138
12.000366 241 109 109
12.000366 249 247 247
12.000366 297 23 23
12.000366 298 229 229
12.000366 317 124 124
12.000366 329 7 7
12.000366 334 219 219
12.000366 358 235 235
12.000366 360 192 192
12.000366 387 174 174
12.000366 408 126 126
12.000366 435 271 271
12.000366 442 1 1
12.000366 455 208 208
12.000366 462 16 16
12.000366 498 213 213
12.000366 505 25 25
12.000366 510 235 235
12.000366 531 234 234
12.000366 533 175 175
12.000366 546 96 96
13.000397 5 83 83
13.000397 22 33 33
13.000397 51 87 87
13.000397 80 90 90
13.000397 83 268 268
13.000397 85 2 2
13.000397 101 104 104
13.000397 112 140 140
13.000397 129 50 50
13.000397 131 6 6
13.000397 138 81 81
13.000397 144 238 238
13.000397 152 341 341
13.000397 153 224 224
13.000397 157 307 307
13.000397 158 230 230
13.000397 161 190 190
13.000397 167 17 17
13.000397 169 78 78
13.000397 205 64 64
13.000397 209 107 107
13.000397 241 54 54
13.000397 249 389 389
13.000397 297 8 8
13.000397 298 273 273
13.000397 317 119 119
13.000397 334 218 218
13.000397 358 257 257
13.000397 360 240 240
13.000397 387 144 144
13.000397 408 64 64
13.000397 435 377 377
13.000397 455 173 173
13.000397 462 4 4
13.000397 498 317 317
13.000397 510 215 215
13.000397 531 185 185
13.000397 533 139 139
13.000397 546 77 77
14.000427 5 109 109
14.000427 51 98 98
14.000427 80 87 87
14.000427 83 353 353
14.000427 101 96 96
14.000427 112 114 114
14.000427 129 56 56
14.000427 138 77 77
14.000427 144 187 187
14.000427 152 407 407
14.000427 153 224 224
14.000427 157 327 327
14.000427 158 196 196
14.000427 161 214 214
14.000427 169 36 36
14.000427 205 69 69
14.000427 209 120 120
14.000427 241 20 20
14.000427 249 466 466
14.000427 298 303 303
14.000427 317 153 153
14.000427 334 152 152
14.000427 358 269 269
14.000427 360 221 221
14.000427 387 86 86
14.000427 408 68 68
14.000427 435 349 349
14.000427 455 157 157
14.000427 498 419 419
14.000427 510 239 239
14.000427 531 183 183
14.000427 533 84 84
14.000427 546 27 27
15.000458 5 64 64
15.000458 51 95 95
15.000458 80 42 42
15.000458 83 438 438
15.000458 101 95 95
15.000458 112 120 120
15.000458 129 47 47
15.000458 138 33 33
15.000458 144 157 157
15.000458 152 524 524
15.000458 153 176 176
15.000458 157 350 350
15.000458 158 208 208
15.000458 161 260 260
15.000458 169 8 8
15.000458 205 86 86
15.000458 209 141 141
15.000458 241 6 6
15.000458 249 550 550
15.000458 298 298 298
15.000458 317 157 157
15.000458 334 43 43
15.000458 358 273 273
15.000458 360 175 175
15.000458 387 103 103
15.000458 408 50 50
15.000458 435 282 282
15.000458 455 130 130
15.000458 498 520 520
15.000458 510 321 321
15.000458 531 192 192
15.000458 533 57 57
16.000488 5 5 5
16.000488 51 32 32
16.000488 80 19 19
16.000488 83 526 526
16.000488 101 72 72
16.000488 112 126 126
16.000488 129 45 45
16.000488 138 26 26
16.000488 144 76 76
16.000488 152 648 648
16.000488 153 130 130
16.000488 157 392 392
16.000488 158 173 173
16.000488 161 279 279
16.000488 205 66 66
16.000488 209 149 149
16.000488 249 648 648
16.000488 298 339 339
16.000488 317 205 205
16.000488 358 309 309
16.000488 360 153 153
16.000488 387 125 125
16.000488 408 24 24
16.000488 435 294 294
16.000488 455 74 74
16.000488 498 518 518
16.000488 510 287 287
16.000488 531 213 213
16.000488 533 27 27
17.000519 83 621 621
17.000519 101 55 55
17.000519 112 101 101
17.000519 129 19 19
17.000519 138 19 19
17.000519 144 38 38
17.000519 152 586 586
17.000519 153 79 79
17.000519 157 443 443
17.000519 158 131 131
17.000519 161 259 259
17.000519 205 56 56
17.000519 209 186 186
17.000519 249 804 804
17.000519 298 406 406
17.000519 317 291 291
17.000519 358 357 357
17.000519 360 138 138
17.000519 387 160 160
17.000519 435 295 295
17.000519 455 49 49
17.000519 498 475 475
17.000519 510 223 223
17.000519 531 200 200
17.000519 533 12 12
18.000549 83 754 754
18.000549 101 38 38
18.000549 112 97 97
18.000549 129 3 3
18.000549 138 7 7
18.000549 144 21 21
18.000549 152 420 420
18.000549 153 8 8
18.000549 157 356 356
18.000549 158 81 81
18.000549 161 295 295
18.000549 205 38 38
18.000549 209 233 233
18.000549 249 1050 1050
18.000549 298 407 407
18.000549 317 390 390
18.000549 358 435 435
18.000549 360 109 109
18.000549 387 241 241
18.000549 435 287 287
18.000549 455 37 37
18.000549 498 388 388
18.000549 510 173 173
18.000549 531 136 136
19.000580 83 701 701
19.000580 101 33 33
19.000580 112 67 67
19.000580 144 12 12
19.000580 152 291 291
19.000580 157 352 352
19.000580 158 44 44
19.000580 161 354 354
19.000580 205 1 1
19.000580 209 254 254
19.000580 249 1324 1324
19.000580 298 398 398
19.000580 317 442 442
19.000580 358 517 517
19.000580 360 100 100
19.000580 387 257 257
19.000580 435 221 221
19.000580 455 61 61
19.000580 498 317 317
19.000580 510 138 138
19.000580 531 128 128
20.000610 83 625 625
20.000610 101 26 26
20.000610 112 40 40
20.000610 144 2 2
20.000610 152 243 243
20.000610 157 338 338
20.000610 158 41 41
20.000610 161 344 344
20.000610 209 193 193
20.000610 249 1557 1557
20.000610 298 392 392
20.000610 317 497 497
20.000610 358 532 532
20.000610 360 89 89
20.000610 387 221 221
20.000610 435 234 234
20.000610 455 75 75
20.000610 498 260 260
20.000610 510 187 187
20.000610 531 128 128
21.000641 83 523 523
21.000641 101 15 15
21.000641 112 15 15
21.000641 152 142 142
21.000641 157 347 347
21.000641 158 34 34
21.000641 161 313 313
21.000641 209 178 178
21.000641 249 1789 1789
21.000641 298 371 371
21.000641 317 544 544
21.000641 358 602 602
21.000641 360 52 52
21.000641 387 177 177
21.000641 435 239 239
21.000641 455 85 85
21.000641 498 207 207
21.000641 510 246 246
21.000641 531 105 105
22.000671 83 495 495
22.000671 152 84 84
22.000671 157 248 248
22.000671 158 35 35
22.000671 161 310 310
22.000671 209 142 142
22.000671 249 1988 1988
22.000671 298 394 394
22.000671 317 585 585
22.000671 358 589 589
22.000671 360 13 13
22.000671 387 149 149
22.000671 435 251 251
22.000671 455 120 120
22.000671 498 162 162
22.000671 510 312 312
22.000671 531 105 105
23.000702 83 462 462
23.000702 152 55 55
23.000702 157 95 95
23.000702 158 52 52
23.000702 161 323 323
23.000702 209 147 147
23.000702 249 2206 2206
23.000702 298 376 376
23.000702 317 583 583
23.000702 358 543 543
23.000702 387 137 137
23.000702 435 227 227
23.000702 455 163 163
23.000702 498 132 132
23.000702 510 397 397
23.000702 531 102 102
24.000732 83 427 427
24.000732 152 14 14
24.000732 157 25 25
24.000732 158 58 58
24.000732 161 337 337
24.000732 209 132 132
24.000732 249 2315 2315
24.000732 298 404 404
24.000732 317 581 581
24.000732 358 517 517
24.000732 387 136 136
24.000732 435 218 218
24.000732 455 244 244
24.000732 498 121 121
24.000732 510 420 420
24.000732 531 71 71
25.000763 83 462 462
25.000763 157 4 4
25.000763 158 60 60
25.000763 161 331 331
25.000763 209 48 48
25.000763 249 2366 2366
25.000763 298 411 411
25.000763 317 565 565
25.000763 358 411 411
25.000763 387 103 103
25.000763 435 237 237
25.000763 455 320 320
25.000763 498 146 146
25.000763 510 530 530
25.000763 531 24 24
26.000793 83 399 399
26.000793 158 75 75
26.000793 161 313 313
26.000793 209 28 28
26.000793 249 2378 2378
26.000793 298 455 455
26.000793 317 490 490
26.000793 358 386 386
26.000793 387 117 117
26.000793 435 245 245
26.000793 455 305 305
26.000793 498 195 195
26.000793 510 599 599
27.000824 83 381 381
27.000824 158 80 80
27.000824 161 256 256
27.000824 249 2359 2359
27.000824 298 506 506
27.000824 317 394 394
27.000824 358 379 379
27.000824 387 91 91
27.000824 435 200 200
27.000824 455 377 377
27.000824 498 237 237
27.000824 510 769 769
28.000854 83 346 346
28.000854 158 100 100
28.000854 161 198 198
28.000854 249 2361 2361
28.000854 298 538 538
28.000854 317 294 294
28.000854 358 317 317
28.000854 387 75 75
28.000854 435 97 97
28.000854 455 414 414
28.000854 498 287 287
28.000854 510 957 957
29.000885 83 305 305
29.000885 158 84 84
29.000885 161 81 81
29.000885 249 2478 2478
29.000885 298 520 520
29.000885 317 235 235
29.000885 358 383 383
29.000885 387 23 23
29.000885 435 65 65
29.000885 455 350 350
29.000885 498 351 351
29.000885 510 1144 1144
30.000916 83 233 233
30.000916 158 83 83
30.000916 161 84 84
30.000916 249 2582 2582
30.000916 298 589 589
30.000916 317 238 238
30.000916 358 368 368
30.000916 435 21 21
30.000916 455 241 241
30.000916 498 398 398
30.000916 510 1195 1195
31.000946 83 211 211
31.000946 158 78 78
31.000946 161 42 42
31.000946 249 2564 2564
31.000946 298 677 677
31.000946 317 235 235
31.000946 358 367 367
31.000946 455 155 155
31.000946 498 452 452
31.000946 510 1167 1167
32.000977 83 168 168
32.000977 158 60 60
32.000977 161 10 10
32.000977 249 2675 2675
32.000977 298 708 708
32.000977 317 233 233
32.000977 358 449 449
32.000977 455 81 81
32.000977 498 455 455
32.000977 510 1181 1181
33.001007 83 157 157
33.001007 158 30 30
33.001007 249 2687 2687
33.001007 298 794 794
33.001007 317 189 189
33.001007 358 405 405
33.001007 455 13 13
33.001007 498 508 508
33.001007 510 1280 1280
34.001038 83 149 149
34.001038 158 16 16
34.001038 249 2580 2580
34.001038 298 798 798
34.001038 317 149 149
34.001038 358 448 448
34.001038 498 498 498
34.001038 510 1318 1318
35.001068 83 103 103
35.001068 249 2462 2462
35.001068 298 789 789
35.001068 317 144 144
35.001068 358 562 562
35.001068 498 433 433
35.001068 510 1501 1501
36.001099 83 51 51
36.001099 249 2341 2341
36.001099 298 707 707
36.001099 317 141 141
36.001099 358 699 699
36.001099 498 362 362
36.001099 510 1667 1667
37.001129 83 22 22
37.001129 249 2259 2259
37.001129 298 684 684
37.001129 317 118 118
37.001129 358 866 866
37.001129 498 325 325
37.001129 510 1752 1752
38.001160 83 3 3
38.001160 249 2250 2250
38.001160 298 640 640
38.001160 317 99 99
38.001160 358 964 964
38.001160 498 284 284
38.001160 510 1744 1744
39.001190 249 2242 2242
39.001190 298 539 539
39.001190 317 62 62
39.001190 358 1114 1114
39.001190 498 276 276
39.001190 510 1730 1730
40.001221 249 2393 2393
40.001221 298 404 404
40.001221 317 26 26
40.001221 358 1263 1263
40.001221 498 256 256
40.001221 510 1702 1702
41.001251 249 2513 2513
41.001251 298 301 301
41.001251 317 20 20
41.001251 358 1339 1339
41.001251 498 121 121
41.001251 510 1693 1693
42.001282 249 2535 2535
42.001282 298 240 240
42.001282 317 2 2
42.001282 358 1376 1376
42.001282 498 96 96
42.001282 510 1753 1753
43.001312 249 2508 2508
43.001312 298 200 200
43.001312 358 1377 1377
43.001312 498 68 68
43.001312 510 1820 1820
44.001343 249 2576 2576
44.001343 298 233 233
44.001343 358 1266 1266
44.001343 498 34 34
44.001343 510 1880 1880
45.001373 249 2571 2571
45.001373 298 266 266
45.001373 358 1222 1222
45.001373 498 13 13
45.001373 510 1953 1953
46.001404 249 2620 2620
46.001404 298 231 231
46.001404 358 1161 1161
46.001404 510 1941 1941
47.001434 249 2703 2703
47.001434 298 267 267
47.001434 358 1044 1044
47.001434 510 1990 1990
48.001465 249 2757 2757
48.001465 298 269 269
48.001465 358 968 968
48.001465 510 2037 2037
49.001495 249 2782 2782
49.001495 298 255 255
49.001495 358 835 835
49.001495 510 2114 2114
50.001526 249 2924 2924
50.001526 298 200 200
50.001526 358 799 799
50.001526 510 2066 2066
51.001556 249 2966 2966
51.001556 298 214 214
51.001556 358 730 730
51.001556 510 2093 2093
52.001587 249 3011 3011
52.001587 298 231 231
52.001587 358 688 688
52.001587 510 2060 2060
53.001617 249 3090 3090
53.001617 298 238 238
53.001617 358 594 594
53.001617 510 2082 2082
54.001648 249 3211 3211
54.001648 298 249 249
54.001648 358 555 555
54.001648 510 1992 1992
55.001678 249 3277 3277
55.001678 298 224 224
55.001678 358 568 568
55.001678 510 1933 1933
56.001709 249 3248 3248
56.001709 298 206 206
56.001709 358 629 629
56.001709 510 1942 1942
57.001740 249 3325 3325
57.001740 298 195 195
57.001740 358 590 590
57.001740 510 1881 1881
58.001770 249 3378 3378
58.001770 298 127 127
58.001770 358 659 659
58.001770 510 1844 1844
59.001801 249 3348 3348
59.001801 298 35 35
59.001801 358 796 796
59.001801 510 1830 1830
60.001831 249 3251 3251
60.001831 298 15 15
60.001831 358 895 895
60.001831 510 1851 1851
61.001862 249 3137 3137
61.001862 358 994 994
61.001862 510 1857 1857
62.001892 249 3112 3112
62.001892 358 1112 1112
62.001892 510 1775 1775
63.001923 249 3095 3095
63.001923 358 1189 1189
63.001923 510 1715 1715
64.001953 249 2999 2999
64.001953 358 1253 1253
64.001953 510 1743 1743
65.001984 249 2913 2913
65.001984 358 1306 1306
65.001984 510 1780 1780
66.002014 249 2929 2929
66.002014 358 1347 1347
66.002014 510 1713 1713
67.002045 249 2787 2787
67.002045 358 1330 1330
67.002045 510 1869 1869
68.002075 249 2695 2695
68.002075 358 1308 1308
68.002075 510 2008 2008
69.002106 249 2590 2590
69.002106 358 1311 1311
69.002106 510 2084 2084
70.002136 249 2635 2635
70.002136 358 1287 1287
70.002136 510 2095 2095
71.002167 249 2663 2663
71.002167 358 1302 1302
71.002167 510 2050 2050
