0.000000 0 1 1
0.000000 1 1 1
0.000000 2 1 1
0.000000 3 1 1
0.000000 4 1 1
0.000000 5 1 1
0.000000 7 1 1
0.000000 8 1 1
0.000000 9 1 1
0.000000 10 1 1
0.000000 11 1 1
0.000000 12 1 1
0.000000 13 1 1
0.000000 14 1 1
0.000000 15 1 1
0.000000 16 1 1
0.000000 17 1 1
0.000000 18 1 1
0.000000 19 1 1
0.000000 20 1 1
0.000000 21 1 1
0.000000 22 1 1
0.000000 23 1 1
0.000000 24 1 1
0.000000 25 1 1
0.000000 26 1 1
0.000000 27 1 1
0.000000 28 1 1
0.000000 30 1 1
0.000000 31 1 1
0.000000 32 1 1
0.000000 33 1 1
0.000000 34 1 1
0.000000 35 1 1
0.000000 36 1 1
0.000000 37 1 1
0.000000 38 1 1
0.000000 39 1 1
0.000000 40 1 1
0.000000 41 1 1
0.000000 42 1 1
0.000000 44 1 1
0.000000 45 1 1
0.000000 46 1 1
0.000000 47 1 1
0.000000 48 1 1
0.000000 49 1 1
0.000000 50 1 1
0.000000 51 1 1
0.000000 52 1 1
0.000000 53 1 1
0.000000 54 1 1
0.000000 55 1 1
0.000000 56 1 1
0.000000 57 1 1
0.000000 58 1 1
0.000000 59 1 1
0.000000 60 1 1
0.000000 61 1 1
0.000000 62 1 1
0.000000 63 1 1
0.000000 64 1 1
0.000000 65 1 1
0.000000 66 1 1
0.000000 67 1 1
0.000000 68 1 1
0.000000 69 1 1
0.000000 70 1 1
0.000000 71 1 1
0.000000 72 1 1
0.000000 73 1 1
0.000000 74 1 1
0.000000 75 1 1
0.000000 76 1 1
0.000000 77 1 1
0.000000 78 1 1
0.000000 79 1 1
0.000000 80 1 1
0.000000 81 1 1
0.000000 82 1 1
0.000000 84 1 1
0.000000 85 1 1
0.000000 86 1 1
0.000000 87 1 1
0.000000 89 1 1
0.000000 90 1 1
0.000000 91 1 1
0.000000 92 1 1
0.000000 93 1 1
0.000000 94 1 1
0.000000 95 1 1
0.000000 96 1 1
0.000000 97 1 1
0.000000 98 1 1
0.000000 99 1 1
0.000000 100 1 1
0.000000 101 1 1
0.000000 102 1 1
0.000000 103 1 1
0.000000 104 1 1
0.000000 105 1 1
0.000000 106 1 1
0.000000 107 1 1
0.000000 108 1 1
0.000000 109 1 1
0.000000 110 1 1
0.000000 111 1 1
0.000000 112 1 1
0.000000 113 1 1
0.000000 114 1 1
0.000000 115 1 1
0.000000 116 1 1
0.000000 118 1 1
0.000000 119 1 1
0.000000 120 1 1
0.000000 121 1 1
0.000000 122 1 1
0.000000 123 1 1
0.000000 124 1 1
0.000000 125 1 1
0.000000 126 1 1
0.000000 128 1 1
0.000000 129 1 1
0.000000 130 1 1
0.000000 131 1 1
0.000000 133 1 1
0.000000 134 1 1
0.000000 135 1 1
0.000000 136 1 1
0.000000 137 1 1
0.000000 138 1 1
0.000000 139 1 1
0.000000 140 1 1
0.000000 141 1 1
0.000000 142 1 1
0.000000 143 1 1
0.000000 144 1 1
0.000000 145 1 1
0.000000 146 1 1
0.000000 147 1 1
0.000000 151 1 1
0.000000 152 1 1
0.000000 153 1 1
0.000000 155 1 1
0.000000 156 1 1
0.000000 157 1 1
0.000000 158 1 1
0.000000 159 1 1
0.000000 160 1 1
0.000000 161 1 1
0.000000 162 1 1
0.000000 163 1 1
0.000000 164 1 1
0.000000 165 1 1
0.000000 166 1 1
0.000000 167 1 1
0.000000 168 1 1
0.000000 169 1 1
0.000000 170 1 1
0.000000 171 1 1
0.000000 172 1 1
0.000000 173 1 1
0.000000 174 1 1
0.000000 175 1 1
0.000000 176 1 1
0.000000 177 1 1
0.000000 178 1 1
0.000000 179 1 1
0.000000 180 1 1
0.000000 181 1 1
0.000000 182 1 1
0.000000 183 1 1
0.000000 184 1 1
0.000000 185 1 1
0.000000 186 1 1
0.000000 187 1 1
0.000000 188 1 1
0.000000 189 1 1
0.000000 190 1 1
0.000000 191 1 1
0.000000 192 1 1
0.000000 193 1 1
0.000000 194 1 1
0.000000 195 1 1
0.000000 196 1 1
0.000000 197 1 1
0.000000 198 1 1
0.000000 199 1 1
0.000000 200 1 1
0.000000 201 1 1
0.000000 202 1 1
0.000000 203 1 1
0.000000 204 1 1
0.000000 205 1 1
0.000000 206 1 1
0.000000 207 1 1
0.000000 208 1 1
0.000000 209 1 1
0.000000 210 1 1
0.000000 211 1 1
0.000000 212 1 1
0.000000 213 1 1
0.000000 214 1 1
0.000000 215 1 1
0.000000 216 1 1
0.000000 217 1 1
0.000000 219 1 1
0.000000 220 1 1
0.000000 222 1 1
0.000000 223 1 1
0.000000 224 1 1
0.000000 225 1 1
0.000000 226 1 1
0.000000 227 1 1
0.000000 228 1 1
0.000000 229 1 1
0.000000 230 1 1
0.000000 231 1 1
0.000000 232 1 1
0.000000 233 1 1
0.000000 234 1 1
0.000000 235 1 1
0.000000 236 1 1
0.000000 237 1 1
0.000000 239 1 1
0.000000 241 1 1
0.000000 242 1 1
0.000000 243 1 1
0.000000 245 1 1
0.000000 246 1 1
0.000000 247 1 1
0.000000 248 1 1
0.000000 249 1 1
0.000000 250 1 1
0.000000 251 1 1
0.000000 253 1 1
0.000000 254 1 1
0.000000 255 1 1
0.000000 256 1 1
0.000000 257 1 1
0.000000 259 1 1
0.000000 260 1 1
0.000000 261 1 1
0.000000 262 1 1
0.000000 263 1 1
0.000000 265 1 1
0.000000 266 1 1
0.000000 267 1 1
0.000000 269 1 1
0.000000 270 1 1
0.000000 271 1 1
0.000000 272 1 1
0.000000 273 1 1
0.000000 274 1 1
0.000000 275 1 1
0.000000 276 1 1
0.000000 277 1 1
0.000000 278 1 1
0.000000 279 1 1
0.000000 280 1 1
0.000000 281 1 1
0.000000 282 1 1
0.000000 283 1 1
0.000000 285 1 1
0.000000 286 1 1
0.000000 287 1 1
0.000000 288 1 1
0.000000 289 1 1
0.000000 290 1 1
0.000000 291 1 1
0.000000 292 1 1
0.000000 293 1 1
0.000000 294 1 1
0.000000 295 1 1
0.000000 296 1 1
0.000000 297 1 1
0.000000 298 1 1
0.000000 299 1 1
0.000000 300 1 1
0.000000 301 1 1
0.000000 302 1 1
0.000000 303 1 1
0.000000 304 1 1
0.000000 305 1 1
0.000000 306 1 1
0.000000 307 1 1
0.000000 308 1 1
0.000000 309 1 1
0.000000 310 1 1
0.000000 311 1 1
0.000000 312 1 1
0.000000 314 1 1
0.000000 315 1 1
0.000000 316 1 1
0.000000 317 1 1
0.000000 318 1 1
0.000000 319 1 1
0.000000 320 1 1
0.000000 321 1 1
0.000000 322 1 1
0.000000 323 1 1
0.000000 324 1 1
0.000000 325 1 1
0.000000 326 1 1
0.000000 327 1 1
0.000000 328 1 1
0.000000 329 1 1
0.000000 330 1 1
0.000000 331 1 1
0.000000 332 1 1
0.000000 333 1 1
0.000000 334 1 1
0.000000 335 1 1
0.000000 336 1 1
0.000000 338 1 1
0.000000 339 1 1
0.000000 340 1 1
0.000000 341 1 1
0.000000 342 1 1
0.000000 343 1 1
0.000000 344 1 1
0.000000 346 1 1
0.000000 347 1 1
0.000000 348 1 1
0.000000 349 1 1
0.000000 350 1 1
0.000000 351 1 1
0.000000 352 1 1
0.000000 353 1 1
0.000000 354 1 1
0.000000 355 1 1
0.000000 356 1 1
0.000000 357 1 1
0.000000 358 1 1
0.000000 359 1 1
0.000000 360 1 1
0.000000 361 1 1
0.000000 364 1 1
0.000000 365 1 1
0.000000 366 1 1
0.000000 367 1 1
0.000000 368 1 1
0.000000 369 1 1
0.000000 370 1 1
0.000000 371 1 1
0.000000 372 1 1
0.000000 373 1 1
0.000000 374 1 1
0.000000 375 1 1
0.000000 377 1 1
0.000000 378 1 1
0.000000 379 1 1
0.000000 380 1 1
0.000000 381 1 1
0.000000 382 1 1
0.000000 383 1 1
0.000000 385 1 1
0.000000 386 1 1
0.000000 387 1 1
0.000000 388 1 1
0.000000 389 1 1
0.000000 390 1 1
0.000000 391 1 1
0.000000 392 1 1
0.000000 393 1 1
0.000000 394 1 1
0.000000 395 1 1
0.000000 396 1 1
0.000000 398 1 1
0.000000 399 1 1
0.000000 400 1 1
0.000000 401 1 1
0.000000 402 1 1
0.000000 403 1 1
0.000000 404 1 1
0.000000 405 1 1
0.000000 406 1 1
0.000000 407 1 1
0.000000 408 1 1
0.000000 409 1 1
0.000000 410 1 1
0.000000 411 1 1
0.000000 412 1 1
0.000000 413 1 1
0.000000 414 1 1
0.000000 415 1 1
0.000000 417 1 1
0.000000 418 1 1
0.000000 419 1 1
0.000000 420 1 1
0.000000 421 1 1
0.000000 422 1 1
0.000000 423 1 1
0.000000 424 1 1
0.000000 425 1 1
0.000000 426 1 1
0.000000 427 1 1
0.000000 428 1 1
0.000000 429 1 1
0.000000 430 1 1
0.000000 431 1 1
0.000000 432 1 1
0.000000 433 1 1
0.000000 434 1 1
0.000000 435 1 1
0.000000 436 1 1
0.000000 437 1 1
0.000000 438 1 1
0.000000 439 1 1
0.000000 440 1 1
0.000000 442 1 1
0.000000 443 1 1
0.000000 444 1 1
0.000000 445 1 1
0.000000 446 1 1
0.000000 447 1 1
0.000000 448 1 1
0.000000 449 1 1
0.000000 450 1 1
0.000000 451 1 1
0.000000 452 1 1
0.000000 454 1 1
0.000000 455 1 1
0.000000 456 1 1
0.000000 457 1 1
0.000000 459 1 1
0.000000 460 1 1
0.000000 461 1 1
0.000000 462 1 1
0.000000 463 1 1
0.000000 464 1 1
0.000000 465 1 1
0.000000 466 1 1
0.000000 467 1 1
0.000000 468 1 1
0.000000 470 1 1
0.000000 471 1 1
0.000000 472 1 1
0.000000 473 1 1
0.000000 474 1 1
0.000000 476 1 1
0.000000 477 1 1
0.000000 478 1 1
0.000000 479 1 1
0.000000 480 1 1
0.000000 481 1 1
0.000000 482 1 1
0.000000 483 1 1
0.000000 484 1 1
0.000000 485 1 1
0.000000 486 1 1
0.000000 487 1 1
0.000000 488 1 1
0.000000 489 1 1
0.000000 490 1 1
0.000000 491 1 1
0.000000 492 1 1
0.000000 493 1 1
0.000000 494 1 1
0.000000 495 1 1
0.000000 496 1 1
0.000000 497 1 1
0.000000 498 1 1
0.000000 499 1 1
0.000000 501 1 1
0.000000 502 1 1
0.000000 503 1 1
0.000000 504 1 1
0.000000 505 1 1
0.000000 506 1 1
0.000000 507 1 1
0.000000 508 1 1
0.000000 509 1 1
0.000000 510 1 1
0.000000 511 1 1
0.000000 512 1 1
0.000000 513 1 1
0.000000 514 1 1
0.000000 515 1 1
0.000000 516 1 1
0.000000 517 1 1
0.000000 518 1 1
0.000000 519 1 1
0.000000 520 1 1
0.000000 521 1 1
0.000000 522 1 1
0.000000 523 1 1
0.000000 524 1 1
0.000000 525 1 1
0.000000 526 1 1
0.000000 527 1 1
0.000000 528 1 1
0.000000 529 1 1
0.000000 530 1 1
0.000000 531 1 1
0.000000 532 1 1
0.000000 533 1 1
0.000000 534 1 1
0.000000 535 1 1
0.000000 537 1 1
0.000000 538 1 1
0.000000 539 1 1
0.000000 540 1 1
0.000000 541 1 1
0.000000 542 1 1
0.000000 543 1 1
0.000000 545 1 1
0.000000 546 1 1
0.000000 547 1 1
0.000000 548 1 1
0.000000 549 1 1
1.000031 0 2 2
1.000031 1 1 1
1.000031 2 1 1
1.000031 3 2 2
1.000031 4 1 1
1.000031 5 1 1
1.000031 7 1 1
1.000031 8 1 1
1.000031 9 1 1
1.000031 10 2 2
1.000031 11 2 2
1.000031 12 2 2
1.000031 13 2 2
1.000031 14 2 2
1.000031 15 1 1
1.000031 16 2 2
1.000031 17 1 1
1.000031 18 1 1
1.000031 19 1 1
1.000031 20 2 2
1.000031 21 2 2
1.000031 22 2 2
1.000031 23 2 2
1.000031 24 1 1
1.000031 25 2 2
1.000031 26 1 1
1.000031 27 2 2
1.000031 28 2 2
1.000031 30 2 2
1.000031 31 2 2
1.000031 32 2 2
1.000031 33 1 1
1.000031 34 2 2
1.000031 35 2 2
1.000031 36 2 2
1.000031 37 1 1
1.000031 38 1 1
1.000031 39 2 2
1.000031 40 2 2
1.000031 41 1 1
1.000031 42 2 2
1.000031 44 1 1
1.000031 45 2 2
1.000031 46 1 1
1.000031 47 2 2
1.000031 48 1 1
1.000031 49 2 2
1.000031 50 1 1
1.000031 51 2 2
1.000031 52 2 2
1.000031 53 2 2
1.000031 54 2 2
1.000031 55 2 2
1.000031 56 1 1
1.000031 57 1 1
1.000031 58 1 1
1.000031 59 2 2
1.000031 60 2 2
1.000031 61 1 1
1.000031 62 1 1
1.000031 63 2 2
1.000031 64 1 1
1.000031 65 1 1
1.000031 66 1 1
1.000031 67 2 2
1.000031 68 1 1
1.000031 69 2 2
1.000031 70 2 2
1.000031 71 2 2
1.000031 72 1 1
1.000031 73 1 1
1.000031 74 1 1
1.000031 75 1 1
1.000031 76 2 2
1.000031 77 1 1
1.000031 78 1 1
1.000031 79 1 1
1.000031 80 2 2
1.000031 81 2 2
1.000031 82 1 1
1.000031 84 2 2
1.000031 85 1 1
1.000031 86 2 2
1.000031 87 2 2
1.000031 89 2 2
1.000031 90 2 2
1.000031 91 2 2
1.000031 92 1 1
1.000031 93 1 1
1.000031 94 2 2
1.000031 95 2 2
1.000031 96 2 2
1.000031 97 1 1
1.000031 98 1 1
1.000031 99 1 1
1.000031 100 2 2
1.000031 101 2 2
1.000031 102 1 1
1.000031 103 1 1
1.000031 104 2 2
1.000031 105 2 2
1.000031 106 2 2
1.000031 107 1 1
1.000031 108 2 2
1.000031 109 2 2
1.000031 110 2 2
1.000031 111 1 1
1.000031 112 1 1
1.000031 113 1 1
1.000031 114 2 2
1.000031 115 1 1
1.000031 116 2 2
1.000031 118 1 1
1.000031 119 1 1
1.000031 120 2 2
1.000031 121 2 2
1.000031 122 1 1
1.000031 123 2 2
1.000031 124 1 1
1.000031 125 2 2
1.000031 126 2 2
1.000031 128 2 2
1.000031 129 1 1
1.000031 130 2 2
1.000031 131 1 1
1.000031 133 1 1
1.000031 134 1 1
1.000031 135 2 2
1.000031 136 1 1
1.000031 137 1 1
1.000031 138 2 2
1.000031 139 1 1
1.000031 140 1 1
1.000031 141 1 1
1.000031 142 2 2
1.000031 143 2 2
1.000031 144 1 1
1.000031 145 2 2
1.000031 146 1 1
1.000031 147 1 1
1.000031 151 1 1
1.000031 152 2 2
1.000031 153 2 2
1.000031 155 1 1
1.000031 156 2 2
1.000031 157 1 1
1.000031 158 1 1
1.000031 159 1 1
1.000031 160 2 2
1.000031 161 2 2
1.000031 162 2 2
1.000031 163 2 2
1.000031 164 1 1
1.000031 165 1 1
1.000031 166 1 1
1.000031 167 2 2
1.000031 168 2 2
1.000031 169 1 1
1.000031 170 1 1
1.000031 171 2 2
1.000031 172 1 1
1.000031 173 1 1
1.000031 174 1 1
1.000031 175 2 2
1.000031 176 2 2
1.000031 177 2 2
1.000031 178 1 1
1.000031 179 2 2
1.000031 180 2 2
1.000031 181 2 2
1.000031 182 1 1
1.000031 183 2 2
1.000031 184 1 1
1.000031 185 2 2
1.000031 186 2 2
1.000031 187 2 2
1.000031 188 2 2
1.000031 189 1 1
1.000031 190 1 1
1.000031 191 2 2
1.000031 192 1 1
1.000031 193 1 1
1.000031 194 1 1
1.000031 195 2 2
1.000031 196 2 2
1.000031 197 1 1
1.000031 198 2 2
1.000031 199 2 2
1.000031 200 1 1
1.000031 201 1 1
1.000031 202 1 1
1.000031 203 1 1
1.000031 204 1 1
1.000031 205 1 1
1.000031 206 1 1
1.000031 207 1 1
1.000031 208 2 2
1.000031 209 2 2
1.000031 210 2 2
1.000031 211 2 2
1.000031 212 2 2
1.000031 213 1 1
1.000031 214 1 1
1.000031 215 1 1
1.000031 216 1 1
1.000031 217 1 1
1.000031 219 1 1
1.000031 220 2 2
1.000031 222 2 2
1.000031 223 1 1
1.000031 224 2 2
1.000031 225 2 2
1.000031 226 2 2
1.000031 227 2 2
1.000031 228 1 1
1.000031 229 2 2
1.000031 230 2 2
1.000031 231 2 2
1.000031 232 2 2
1.000031 233 1 1
1.000031 234 2 2
1.000031 235 2 2
1.000031 236 2 2
1.000031 237 2 2
1.000031 239 2 2
1.000031 241 2 2
1.000031 242 1 1
1.000031 243 2 2
1.000031 245 2 2
1.000031 246 2 2
1.000031 247 2 2
1.000031 248 2 2
1.000031 249 1 1
1.000031 250 1 1
1.000031 251 1 1
1.000031 253 1 1
1.000031 254 1 1
1.000031 255 1 1
1.000031 256 2 2
1.000031 257 2 2
1.000031 259 1 1
1.000031 260 1 1
1.000031 261 1 1
1.000031 262 2 2
1.000031 263 1 1
1.000031 265 2 2
1.000031 266 1 1
1.000031 267 2 2
1.000031 269 2 2
1.000031 270 1 1
1.000031 271 2 2
1.000031 272 1 1
1.000031 273 2 2
1.000031 274 1 1
1.000031 275 1 1
1.000031 276 1 1
1.000031 277 2 2
1.000031 278 1 1
1.000031 279 1 1
1.000031 280 2 2
1.000031 281 2 2
1.000031 282 1 1
1.000031 283 1 1
1.000031 285 1 1
1.000031 286 1 1
1.000031 287 2 2
1.000031 288 1 1
1.000031 289 2 2
1.000031 290 2 2
1.000031 291 1 1
1.000031 292 2 2
1.000031 293 1 1
1.000031 294 1 1
1.000031 295 2 2
1.000031 296 2 2
1.000031 297 1 1
1.000031 298 1 1
1.000031 299 1 1
1.000031 300 2 2
1.000031 301 1 1
1.000031 302 2 2
1.000031 303 1 1
1.000031 304 2 2
1.000031 305 1 1
1.000031 306 1 1
1.000031 307 1 1
1.000031 308 2 2
1.000031 309 2 2
1.000031 310 2 2
1.000031 311 1 1
1.000031 312 2 2
1.000031 314 1 1
1.000031 315 1 1
1.000031 316 2 2
1.000031 317 2 2
1.000031 318 2 2
1.000031 319 2 2
1.000031 320 1 1
1.000031 321 1 1
1.000031 322 1 1
1.000031 323 2 2
1.000031 324 2 2
1.000031 325 1 1
1.000031 326 2 2
1.000031 327 1 1
1.000031 328 2 2
1.000031 329 1 1
1.000031 330 2 2
1.000031 331 2 2
1.000031 332 2 2
1.000031 333 1 1
1.000031 334 1 1
1.000031 335 2 2
1.000031 336 2 2
1.000031 338 2 2
1.000031 339 2 2
1.000031 340 1 1
1.000031 341 1 1
1.000031 342 2 2
1.000031 343 2 2
1.000031 344 2 2
1.000031 346 2 2
1.000031 347 2 2
1.000031 348 2 2
1.000031 349 2 2
1.000031 350 1 1
1.000031 351 2 2
1.000031 352 2 2
1.000031 353 2 2
1.000031 354 1 1
1.000031 355 2 2
1.000031 356 2 2
1.000031 357 1 1
1.000031 358 2 2
1.000031 359 2 2
1.000031 360 1 1
1.000031 361 2 2
1.000031 364 2 2
1.000031 365 2 2
1.000031 366 1 1
1.000031 367 1 1
1.000031 368 1 1
1.000031 369 2 2
1.000031 370 2 2
1.000031 371 1 1
1.000031 372 1 1
1.000031 373 2 2
1.000031 374 2 2
1.000031 375 2 2
1.000031 377 2 2
1.000031 378 1 1
1.000031 379 1 1
1.000031 380 1 1
1.000031 381 1 1
1.000031 382 2 2
1.000031 383 2 2
1.000031 385 2 2
1.000031 386 2 2
1.000031 387 2 2
1.000031 388 1 1
1.000031 389 2 2
1.000031 390 1 1
1.000031 391 1 1
1.000031 392 2 2
1.000031 393 2 2
1.000031 394 1 1
1.000031 395 2 2
1.000031 396 2 2
1.000031 398 1 1
1.000031 399 1 1
1.000031 400 1 1
1.000031 401 1 1
1.000031 402 1 1
1.000031 403 1 1
1.000031 404 2 2
1.000031 405 1 1
1.000031 406 2 2
1.000031 407 1 1
1.000031 408 2 2
1.000031 409 2 2
1.000031 410 1 1
1.000031 411 2 2
1.000031 412 1 1
1.000031 413 1 1
1.000031 414 2 2
1.000031 415 2 2
1.000031 417 2 2
1.000031 418 2 2
1.000031 419 1 1
1.000031 420 2 2
1.000031 421 2 2
1.000031 422 2 2
1.000031 423 1 1
1.000031 424 1 1
1.000031 425 1 1
1.000031 426 1 1
1.000031 427 2 2
1.000031 428 1 1
1.000031 429 2 2
1.000031 430 1 1
1.000031 431 1 1
1.000031 432 2 2
1.000031 433 2 2
1.000031 434 1 1
1.000031 435 1 1
1.000031 436 1 1
1.000031 437 2 2
1.000031 438 2 2
1.000031 439 2 2
1.000031 440 2 2
1.000031 442 2 2
1.000031 443 2 2
1.000031 444 1 1
1.000031 445 2 2
1.000031 446 1 1
1.000031 447 1 1
1.000031 448 2 2
1.000031 449 2 2
1.000031 450 2 2
1.000031 451 2 2
1.000031 452 2 2
1.000031 454 1 1
1.000031 455 1 1
1.000031 456 2 2
1.000031 457 1 1
1.000031 459 2 2
1.000031 460 2 2
1.000031 461 2 2
1.000031 462 1 1
1.000031 463 1 1
1.000031 464 1 1
1.000031 465 2 2
1.000031 466 2 2
1.000031 467 2 2
1.000031 468 2 2
1.000031 470 1 1
1.000031 471 2 2
1.000031 472 1 1
1.000031 473 2 2
1.000031 474 1 1
1.000031 476 1 1
1.000031 477 2 2
1.000031 478 1 1
1.000031 479 2 2
1.000031 480 2 2
1.000031 481 1 1
1.000031 482 1 1
1.000031 483 2 2
1.000031 484 2 2
1.000031 485 2 2
1.000031 486 2 2
1.000031 487 2 2
1.000031 488 2 2
1.000031 489 1 1
1.000031 490 2 2
1.000031 491 1 1
1.000031 492 2 2
1.000031 493 1 1
1.000031 494 2 2
1.000031 495 1 1
1.000031 496 1 1
1.000031 497 1 1
1.000031 498 2 2
1.000031 499 1 1
1.000031 501 2 2
1.000031 502 2 2
1.000031 503 2 2
1.000031 504 1 1
1.000031 505 2 2
1.000031 506 2 2
1.000031 507 2 2
1.000031 508 2 2
1.000031 509 1 1
1.000031 510 1 1
1.000031 511 1 1
1.000031 512 2 2
1.000031 513 2 2
1.000031 514 2 2
1.000031 515 2 2
1.000031 516 1 1
1.000031 517 2 2
1.000031 518 1 1
1.000031 519 2 2
1.000031 520 2 2
1.000031 521 1 1
1.000031 522 2 2
1.000031 523 1 1
1.000031 524 2 2
1.000031 525 1 1
1.000031 526 2 2
1.000031 527 2 2
1.000031 528 1 1
1.000031 529 2 2
1.000031 530 1 1
1.000031 531 2 2
1.000031 532 2 2
1.000031 533 2 2
1.000031 534 1 1
1.000031 535 1 1
1.000031 537 1 1
1.000031 538 2 2
1.000031 539 2 2
1.000031 540 2 2
1.000031 541 2 2
1.000031 542 1 1
1.000031 543 1 1
1.000031 545 1 1
1.000031 546 1 1
1.000031 547 2 2
1.000031 548 1 1
1.000031 549 1 1
2.000061 0 2 2
2.000061 1 2 2
2.000061 2 2 2
2.000061 3 2 2
2.000061 4 2 2
2.000061 5 2 2
2.000061 7 2 2
2.000061 8 2 2
2.000061 9 2 2
2.000061 10 2 2
2.000061 11 2 2
2.000061 12 2 2
2.000061 13 2 2
2.000061 14 2 2
2.000061 15 2 2
2.000061 16 2 2
2.000061 17 2 2
2.000061 18 2 2
2.000061 19 2 2
2.000061 20 3 3
2.000061 21 2 2
2.000061 22 2 2
2.000061 23 2 2
2.000061 24 2 2
2.000061 25 2 2
2.000061 26 2 2
2.000061 27 2 2
2.000061 28 2 2
2.000061 30 3 3
2.000061 31 2 2
2.000061 32 3 3
2.000061 33 2 2
2.000061 34 2 2
2.000061 35 2 2
2.000061 36 2 2
2.000061 37 2 2
2.000061 38 2 2
2.000061 39 3 3
2.000061 40 2 2
2.000061 41 2 2
2.000061 42 2 2
2.000061 44 2 2
2.000061 45 2 2
2.000061 46 2 2
2.000061 47 2 2
2.000061 48 2 2
2.000061 49 2 2
2.000061 50 2 2
2.000061 51 3 3
2.000061 52 2 2
2.000061 53 3 3
2.000061 54 2 2
2.000061 55 2 2
2.000061 56 3 3
2.000061 57 2 2
2.000061 58 2 2
2.000061 59 3 3
2.000061 60 2 2
2.000061 61 2 2
2.000061 62 2 2
2.000061 63 2 2
2.000061 64 2 2
2.000061 65 2 2
2.000061 66 2 2
2.000061 67 2 2
2.000061 68 2 2
2.000061 69 2 2
2.000061 70 2 2
2.000061 71 2 2
2.000061 72 2 2
2.000061 73 3 3
2.000061 74 2 2
2.000061 75 2 2
2.000061 76 2 2
2.000061 77 2 2
2.000061 78 2 2
2.000061 79 2 2
2.000061 80 2 2
2.000061 81 2 2
2.000061 82 2 2
2.000061 84 3 3
2.000061 85 2 2
2.000061 86 3 3
2.000061 87 2 2
2.000061 89 2 2
2.000061 90 2 2
2.000061 91 2 2
2.000061 92 2 2
2.000061 93 2 2
2.000061 94 2 2
2.000061 95 2 2
2.000061 96 2 2
2.000061 97 2 2
2.000061 98 2 2
2.000061 99 2 2
2.000061 100 2 2
2.000061 101 2 2
2.000061 102 2 2
2.000061 103 2 2
2.000061 104 2 2
2.000061 105 2 2
2.000061 106 3 3
2.000061 107 2 2
2.000061 108 2 2
2.000061 109 2 2
2.000061 110 2 2
2.000061 111 2 2
2.000061 112 2 2
2.000061 113 2 2
2.000061 114 2 2
2.000061 115 2 2
2.000061 116 2 2
2.000061 118 2 2
2.000061 119 2 2
2.000061 120 2 2
2.000061 121 2 2
2.000061 122 2 2
2.000061 123 2 2
2.000061 124 2 2
2.000061 125 3 3
2.000061 126 3 3
2.000061 128 2 2
2.000061 129 1 1
2.000061 130 2 2
2.000061 131 2 2
2.000061 133 2 2
2.000061 134 2 2
2.000061 135 4 4
2.000061 136 2 2
2.000061 137 2 2
2.000061 138 3 3
2.000061 139 2 2
2.000061 140 2 2
2.000061 141 2 2
2.000061 142 2 2
2.000061 143 2 2
2.000061 144 2 2
2.000061 145 2 2
2.000061 146 2 2
2.000061 147 2 2
2.000061 151 2 2
2.000061 152 4 4
2.000061 153 3 3
2.000061 155 2 2
2.000061 156 2 2
2.000061 157 2 2
2.000061 158 1 1
2.000061 159 3 3
2.000061 160 2 2
2.000061 161 2 2
2.000061 162 2 2
2.000061 163 2 2
2.000061 164 2 2
2.000061 165 2 2
2.000061 166 2 2
2.000061 167 2 2
2.000061 168 2 2
2.000061 169 2 2
2.000061 170 3 3
2.000061 171 2 2
2.000061 172 2 2
2.000061 173 2 2
2.000061 174 2 2
2.000061 175 2 2
2.000061 176 2 2
2.000061 177 3 3
2.000061 178 2 2
2.000061 179 3 3
2.000061 180 2 2
2.000061 181 2 2
2.000061 182 2 2
2.000061 183 2 2
2.000061 184 2 2
2.000061 185 2 2
2.000061 186 2 2
2.000061 187 2 2
2.000061 188 2 2
2.000061 189 2 2
2.000061 190 2 2
2.000061 191 2 2
2.000061 192 2 2
2.000061 193 2 2
2.000061 194 3 3
2.000061 195 2 2
2.000061 196 2 2
2.000061 197 2 2
2.000061 198 2 2
2.000061 199 2 2
2.000061 200 2 2
2.000061 201 2 2
2.000061 202 2 2
2.000061 203 2 2
2.000061 204 2 2
2.000061 205 3 3
2.000061 206 2 2
2.000061 207 2 2
2.000061 208 2 2
2.000061 209 2 2
2.000061 210 2 2
2.000061 211 2 2
2.000061 212 3 3
2.000061 213 2 2
2.000061 214 1 1
2.000061 215 2 2
2.000061 216 2 2
2.000061 217 2 2
2.000061 219 2 2
2.000061 220 2 2
2.000061 222 2 2
2.000061 223 2 2
2.000061 224 2 2
2.000061 225 2 2
2.000061 226 3 3
2.000061 227 3 3
2.000061 228 2 2
2.000061 229 2 2
2.000061 230 2 2
2.000061 231 2 2
2.000061 232 2 2
2.000061 233 2 2
2.000061 234 2 2
2.000061 235 2 2
2.000061 236 3 3
2.000061 237 2 2
2.000061 239 2 2
2.000061 241 2 2
2.000061 242 2 2
2.000061 243 2 2
2.000061 245 2 2
2.000061 246 2 2
2.000061 247 2 2
2.000061 248 2 2
2.000061 249 2 2
2.000061 250 2 2
2.000061 251 2 2
2.000061 253 2 2
2.000061 254 2 2
2.000061 255 2 2
2.000061 256 2 2
2.000061 257 2 2
2.000061 259 2 2
2.000061 260 3 3
2.000061 261 2 2
2.000061 262 2 2
2.000061 263 2 2
2.000061 265 2 2
2.000061 266 2 2
2.000061 267 2 2
2.000061 269 2 2
2.000061 270 2 2
2.000061 271 2 2
2.000061 272 2 2
2.000061 273 2 2
2.000061 274 2 2
2.000061 275 2 2
2.000061 276 2 2
2.000061 277 2 2
2.000061 278 2 2
2.000061 279 2 2
2.000061 280 2 2
2.000061 281 2 2
2.000061 282 2 2
2.000061 283 2 2
2.000061 285 2 2
2.000061 286 2 2
2.000061 287 2 2
2.000061 288 2 2
2.000061 289 4 4
2.000061 290 2 2
2.000061 291 2 2
2.000061 292 2 2
2.000061 293 2 2
2.000061 294 2 2
2.000061 295 1 1
2.000061 296 2 2
2.000061 297 2 2
2.000061 298 2 2
2.000061 299 2 2
2.000061 300 2 2
2.000061 301 2 2
2.000061 302 2 2
2.000061 303 2 2
2.000061 304 2 2
2.000061 305 2 2
2.000061 306 2 2
2.000061 307 2 2
2.000061 308 2 2
2.000061 309 2 2
2.000061 310 2 2
2.000061 311 2 2
2.000061 312 2 2
2.000061 314 2 2
2.000061 315 2 2
2.000061 316 2 2
2.000061 317 2 2
2.000061 318 2 2
2.000061 319 2 2
2.000061 320 2 2
2.000061 321 1 1
2.000061 322 2 2
2.000061 323 2 2
2.000061 324 2 2
2.000061 325 2 2
2.000061 326 2 2
2.000061 327 2 2
2.000061 328 2 2
2.000061 329 2 2
2.000061 330 2 2
2.000061 331 2 2
2.000061 332 2 2
2.000061 333 3 3
2.000061 334 2 2
2.000061 335 2 2
2.000061 336 3 3
2.000061 338 2 2
2.000061 339 2 2
2.000061 340 2 2
2.000061 341 2 2
2.000061 342 2 2
2.000061 343 2 2
2.000061 344 2 2
2.000061 346 3 3
2.000061 347 2 2
2.000061 348 2 2
2.000061 349 2 2
2.000061 350 2 2
2.000061 351 2 2
2.000061 352 2 2
2.000061 353 2 2
2.000061 354 2 2
2.000061 355 2 2
2.000061 356 2 2
2.000061 357 2 2
2.000061 358 2 2
2.000061 359 2 2
2.000061 360 2 2
2.000061 361 2 2
2.000061 364 2 2
2.000061 365 3 3
2.000061 366 2 2
2.000061 367 2 2
2.000061 368 2 2
2.000061 369 2 2
2.000061 370 2 2
2.000061 371 2 2
2.000061 372 2 2
2.000061 373 2 2
2.000061 374 2 2
2.000061 375 3 3
2.000061 377 2 2
2.000061 378 2 2
2.000061 379 2 2
2.000061 380 2 2
2.000061 381 2 2
2.000061 382 2 2
2.000061 383 2 2
2.000061 385 2 2
2.000061 386 2 2
2.000061 387 3 3
2.000061 388 3 3
2.000061 389 2 2
2.000061 390 2 2
2.000061 391 2 2
2.000061 392 2 2
2.000061 393 2 2
2.000061 394 2 2
2.000061 395 2 2
2.000061 396 2 2
2.000061 398 2 2
2.000061 399 2 2
2.000061 400 2 2
2.000061 401 2 2
2.000061 402 2 2
2.000061 403 2 2
2.000061 404 2 2
2.000061 405 2 2
2.000061 406 2 2
2.000061 407 2 2
2.000061 408 2 2
2.000061 409 2 2
2.000061 410 2 2
2.000061 411 2 2
2.000061 412 2 2
2.000061 413 2 2
2.000061 414 2 2
2.000061 415 3 3
2.000061 417 2 2
2.000061 418 2 2
2.000061 419 2 2
2.000061 420 3 3
2.000061 421 2 2
2.000061 422 2 2
2.000061 423 1 1
2.000061 424 2 2
2.000061 425 2 2
2.000061 426 2 2
2.000061 427 3 3
2.000061 428 2 2
2.000061 429 2 2
2.000061 430 2 2
2.000061 431 2 2
2.000061 432 3 3
2.000061 433 2 2
2.000061 434 2 2
2.000061 435 2 2
2.000061 436 2 2
2.000061 437 2 2
2.000061 438 2 2
2.000061 439 2 2
2.000061 440 3 3
2.000061 442 2 2
2.000061 443 4 4
2.000061 444 2 2
2.000061 445 2 2
2.000061 446 2 2
2.000061 447 2 2
2.000061 448 2 2
2.000061 449 2 2
2.000061 450 2 2
2.000061 451 2 2
2.000061 452 3 3
2.000061 454 2 2
2.000061 455 2 2
2.000061 456 2 2
2.000061 457 2 2
2.000061 459 2 2
2.000061 460 2 2
2.000061 461 2 2
2.000061 462 1 1
2.000061 463 2 2
2.000061 464 2 2
2.000061 465 3 3
2.000061 466 2 2
2.000061 467 2 2
2.000061 468 3 3
2.000061 470 2 2
2.000061 471 2 2
2.000061 472 2 2
2.000061 473 2 2
2.000061 474 3 3
2.000061 476 2 2
2.000061 477 3 3
2.000061 478 2 2
2.000061 479 2 2
2.000061 480 3 3
2.000061 481 2 2
2.000061 482 2 2
2.000061 483 2 2
2.000061 484 2 2
2.000061 485 3 3
2.000061 486 2 2
2.000061 487 2 2
2.000061 488 2 2
2.000061 489 2 2
2.000061 490 2 2
2.000061 491 2 2
2.000061 492 2 2
2.000061 493 2 2
2.000061 494 2 2
2.000061 495 2 2
2.000061 496 2 2
2.000061 497 2 2
2.000061 498 2 2
2.000061 499 2 2
2.000061 501 2 2
2.000061 502 3 3
2.000061 503 2 2
2.000061 504 2 2
2.000061 505 2 2
2.000061 506 2 2
2.000061 507 2 2
2.000061 508 2 2
2.000061 509 2 2
2.000061 510 2 2
2.000061 511 2 2
2.000061 512 3 3
2.000061 513 2 2
2.000061 514 2 2
2.000061 515 2 2
2.000061 516 2 2
2.000061 517 2 2
2.000061 518 2 2
2.000061 519 2 2
2.000061 520 2 2
2.000061 521 2 2
2.000061 522 2 2
2.000061 523 2 2
2.000061 524 2 2
2.000061 525 2 2
2.000061 526 2 2
2.000061 527 2 2
2.000061 528 2 2
2.000061 529 2 2
2.000061 530 2 2
2.000061 531 2 2
2.000061 532 2 2
2.000061 533 2 2
2.000061 534 3 3
2.000061 535 2 2
2.000061 537 2 2
2.000061 538 2 2
2.000061 539 3 3
2.000061 540 2 2
2.000061 541 2 2
2.000061 542 2 2
2.000061 543 2 2
2.000061 545 2 2
2.000061 546 2 2
2.000061 547 2 2
2.000061 548 2 2
2.000061 549 2 2
3.000092 0 4 4
3.000092 1 4 4
3.000092 2 4 4
3.000092 3 4 4
3.000092 4 4 4
3.000092 5 4 4
3.000092 7 4 4
3.000092 8 4 4
3.000092 9 4 4
3.000092 10 4 4
3.000092 11 4 4
3.000092 12 4 4
3.000092 13 4 4
3.000092 14 4 4
3.000092 15 4 4
3.000092 16 4 4
3.000092 17 4 4
3.000092 18 2 2
3.000092 19 4 4
3.000092 20 4 4
3.000092 21 4 4
3.000092 22 4 4
3.000092 23 4 4
3.000092 24 4 4
3.000092 25 4 4
3.000092 26 4 4
3.000092 27 4 4
3.000092 28 4 4
3.000092 30 5 5
3.000092 31 4 4
3.000092 32 5 5
3.000092 33 4 4
3.000092 34 4 4
3.000092 35 4 4
3.000092 36 4 4
3.000092 37 4 4
3.000092 38 4 4
3.000092 39 5 5
3.000092 40 3 3
3.000092 41 4 4
3.000092 42 4 4
3.000092 44 4 4
3.000092 45 4 4
3.000092 46 4 4
3.000092 47 4 4
3.000092 48 4 4
3.000092 49 4 4
3.000092 50 4 4
3.000092 51 4 4
3.000092 52 4 4
3.000092 53 4 4
3.000092 54 4 4
3.000092 55 4 4
3.000092 56 4 4
3.000092 57 4 4
3.000092 58 3 3
3.000092 59 4 4
3.000092 60 4 4
3.000092 61 4 4
3.000092 62 4 4
3.000092 63 4 4
3.000092 64 3 3
3.000092 65 4 4
3.000092 66 4 4
3.000092 67 4 4
3.000092 68 4 4
3.000092 69 3 3
3.000092 70 4 4
3.000092 71 4 4
3.000092 72 4 4
3.000092 73 5 5
3.000092 74 4 4
3.000092 75 3 3
3.000092 76 4 4
3.000092 77 3 3
3.000092 78 4 4
3.000092 79 4 4
3.000092 80 4 4
3.000092 81 4 4
3.000092 82 4 4
3.000092 84 5 5
3.000092 85 3 3
3.000092 86 4 4
3.000092 87 4 4
3.000092 89 4 4
3.000092 90 4 4
3.000092 91 4 4
3.000092 92 4 4
3.000092 93 4 4
3.000092 94 4 4
3.000092 95 3 3
3.000092 96 4 4
3.000092 97 4 4
3.000092 98 4 4
3.000092 99 4 4
3.000092 100 4 4
3.000092 101 4 4
3.000092 102 4 4
3.000092 103 3 3
3.000092 104 4 4
3.000092 105 4 4
3.000092 106 4 4
3.000092 107 3 3
3.000092 108 4 4
3.000092 109 4 4
3.000092 110 4 4
3.000092 111 3 3
3.000092 112 4 4
3.000092 113 4 4
3.000092 114 4 4
3.000092 115 4 4
3.000092 116 4 4
3.000092 118 4 4
3.000092 119 4 4
3.000092 120 4 4
3.000092 121 4 4
3.000092 122 4 4
3.000092 123 4 4
3.000092 124 2 2
3.000092 125 5 5
3.000092 126 5 5
3.000092 128 4 4
3.000092 129 1 1
3.000092 130 4 4
3.000092 131 4 4
3.000092 133 4 4
3.000092 134 3 3
3.000092 135 4 4
3.000092 136 4 4
3.000092 137 4 4
3.000092 138 4 4
3.000092 139 3 3
3.000092 140 4 4
3.000092 141 4 4
3.000092 142 4 4
3.000092 143 4 4
3.000092 144 3 3
3.000092 145 4 4
3.000092 146 4 4
3.000092 147 4 4
3.000092 151 3 3
3.000092 152 6 6
3.000092 153 4 4
3.000092 155 4 4
3.000092 156 4 4
3.000092 157 3 3
3.000092 158 2 2
3.000092 159 4 4
3.000092 160 4 4
3.000092 161 4 4
3.000092 162 4 4
3.000092 163 4 4
3.000092 164 4 4
3.000092 165 3 3
3.000092 166 4 4
3.000092 167 4 4
3.000092 168 4 4
3.000092 169 4 4
3.000092 170 5 5
3.000092 171 4 4
3.000092 172 4 4
3.000092 173 3 3
3.000092 174 4 4
3.000092 175 4 4
3.000092 176 4 4
3.000092 177 4 4
3.000092 178 3 3
3.000092 179 5 5
3.000092 180 4 4
3.000092 181 4 4
3.000092 182 4 4
3.000092 183 4 4
3.000092 184 4 4
3.000092 185 4 4
3.000092 186 4 4
3.000092 187 4 4
3.000092 188 4 4
3.000092 189 3 3
3.000092 190 3 3
3.000092 191 4 4
3.000092 192 4 4
3.000092 193 4 4
3.000092 194 4 4
3.000092 195 4 4
3.000092 196 4 4
3.000092 197 4 4
3.000092 198 4 4
3.000092 199 4 4
3.000092 200 4 4
3.000092 201 4 4
3.000092 202 4 4
3.000092 203 4 4
3.000092 204 4 4
3.000092 205 5 5
3.000092 206 4 4
3.000092 207 4 4
3.000092 208 4 4
3.000092 209 3 3
3.000092 210 4 4
3.000092 211 4 4
3.000092 212 4 4
3.000092 213 4 4
3.000092 214 2 2
3.000092 215 4 4
3.000092 216 4 4
3.000092 217 4 4
3.000092 219 4 4
3.000092 220 4 4
3.000092 222 4 4
3.000092 223 4 4
3.000092 224 4 4
3.000092 225 4 4
3.000092 226 5 5
3.000092 227 3 3
3.000092 228 4 4
3.000092 229 4 4
3.000092 230 4 4
3.000092 231 4 4
3.000092 232 4 4
3.000092 233 4 4
3.000092 234 4 4
3.000092 235 4 4
3.000092 236 3 3
3.000092 237 4 4
3.000092 239 4 4
3.000092 241 4 4
3.000092 242 4 4
3.000092 243 2 2
3.000092 245 4 4
3.000092 246 4 4
3.000092 247 4 4
3.000092 248 4 4
3.000092 249 3 3
3.000092 250 4 4
3.000092 251 4 4
3.000092 253 3 3
3.000092 254 4 4
3.000092 255 4 4
3.000092 256 4 4
3.000092 257 4 4
3.000092 259 4 4
3.000092 260 4 4
3.000092 261 4 4
3.000092 262 4 4
3.000092 263 4 4
3.000092 265 3 3
3.000092 266 3 3
3.000092 267 4 4
3.000092 269 3 3
3.000092 270 3 3
3.000092 271 4 4
3.000092 272 3 3
3.000092 273 4 4
3.000092 274 4 4
3.000092 275 4 4
3.000092 276 4 4
3.000092 277 4 4
3.000092 278 4 4
3.000092 279 4 4
3.000092 280 4 4
3.000092 281 4 4
3.000092 282 4 4
3.000092 283 4 4
3.000092 285 4 4
3.000092 286 4 4
3.000092 287 4 4
3.000092 288 4 4
3.000092 289 5 5
3.000092 290 4 4
3.000092 291 4 4
3.000092 292 4 4
3.000092 293 4 4
3.000092 294 4 4
3.000092 295 2 2
3.000092 296 4 4
3.000092 297 4 4
3.000092 298 4 4
3.000092 299 4 4
3.000092 300 4 4
3.000092 301 3 3
3.000092 302 4 4
3.000092 303 4 4
3.000092 304 4 4
3.000092 305 4 4
3.000092 306 4 4
3.000092 307 4 4
3.000092 308 4 4
3.000092 309 4 4
3.000092 310 4 4
3.000092 311 4 4
3.000092 312 4 4
3.000092 314 3 3
3.000092 315 4 4
3.000092 316 4 4
3.000092 317 4 4
3.000092 318 4 4
3.000092 319 3 3
3.000092 320 4 4
3.000092 321 2 2
3.000092 322 4 4
3.000092 323 4 4
3.000092 324 4 4
3.000092 325 3 3
3.000092 326 4 4
3.000092 327 4 4
3.000092 328 4 4
3.000092 329 4 4
3.000092 330 4 4
3.000092 331 4 4
3.000092 332 4 4
3.000092 333 5 5
3.000092 334 4 4
3.000092 335 4 4
3.000092 336 4 4
3.000092 338 4 4
3.000092 339 4 4
3.000092 340 4 4
3.000092 341 4 4
3.000092 342 4 4
3.000092 343 4 4
3.000092 344 4 4
3.000092 346 4 4
3.000092 347 4 4
3.000092 348 4 4
3.000092 349 4 4
3.000092 350 4 4
3.000092 351 4 4
3.000092 352 4 4
3.000092 353 4 4
3.000092 354 4 4
3.000092 355 4 4
3.000092 356 4 4
3.000092 357 4 4
3.000092 358 4 4
3.000092 359 4 4
3.000092 360 4 4
3.000092 361 4 4
3.000092 364 4 4
3.000092 365 5 5
3.000092 366 3 3
3.000092 367 3 3
3.000092 368 4 4
3.000092 369 4 4
3.000092 370 4 4
3.000092 371 4 4
3.000092 372 3 3
3.000092 373 3 3
3.000092 374 4 4
3.000092 375 4 4
3.000092 377 4 4
3.000092 378 4 4
3.000092 379 4 4
3.000092 380 4 4
3.000092 381 4 4
3.000092 382 4 4
3.000092 383 4 4
3.000092 385 4 4
3.000092 386 4 4
3.000092 387 4 4
3.000092 388 4 4
3.000092 389 4 4
3.000092 390 3 3
3.000092 391 3 3
3.000092 392 4 4
3.000092 393 4 4
3.000092 394 3 3
3.000092 395 4 4
3.000092 396 4 4
3.000092 398 4 4
3.000092 399 4 4
3.000092 400 4 4
3.000092 401 4 4
3.000092 402 4 4
3.000092 403 4 4
3.000092 404 4 4
3.000092 405 3 3
3.000092 406 4 4
3.000092 407 4 4
3.000092 408 4 4
3.000092 409 4 4
3.000092 410 4 4
3.000092 411 4 4
3.000092 412 4 4
3.000092 413 4 4
3.000092 414 4 4
3.000092 415 4 4
3.000092 417 4 4
3.000092 418 4 4
3.000092 419 3 3
3.000092 420 4 4
3.000092 421 4 4
3.000092 422 3 3
3.000092 423 1 1
3.000092 424 4 4
3.000092 425 3 3
3.000092 426 4 4
3.000092 427 4 4
3.000092 428 4 4
3.000092 429 4 4
3.000092 430 4 4
3.000092 431 4 4
3.000092 432 4 4
3.000092 433 4 4
3.000092 434 3 3
3.000092 435 4 4
3.000092 436 4 4
3.000092 437 4 4
3.000092 438 4 4
3.000092 439 4 4
3.000092 440 4 4
3.000092 442 4 4
3.000092 443 4 4
3.000092 444 4 4
3.000092 445 4 4
3.000092 446 3 3
3.000092 447 4 4
3.000092 448 4 4
3.000092 449 4 4
3.000092 450 4 4
3.000092 451 4 4
3.000092 452 4 4
3.000092 454 4 4
3.000092 455 4 4
3.000092 456 4 4
3.000092 457 4 4
3.000092 459 4 4
3.000092 460 4 4
3.000092 461 4 4
3.000092 463 4 4
3.000092 464 3 3
3.000092 465 4 4
3.000092 466 4 4
3.000092 467 4 4
3.000092 468 5 5
3.000092 470 4 4
3.000092 471 4 4
3.000092 472 3 3
3.000092 473 3 3
3.000092 474 4 4
3.000092 476 4 4
3.000092 477 5 5
3.000092 478 4 4
3.000092 479 3 3
3.000092 480 4 4
3.000092 481 4 4
3.000092 482 2 2
3.000092 483 4 4
3.000092 484 4 4
3.000092 485 4 4
3.000092 486 5 5
3.000092 487 4 4
3.000092 488 4 4
3.000092 489 3 3
3.000092 490 4 4
3.000092 491 4 4
3.000092 492 4 4
3.000092 493 4 4
3.000092 494 4 4
3.000092 495 3 3
3.000092 496 4 4
3.000092 497 4 4
3.000092 498 4 4
3.000092 499 4 4
3.000092 501 4 4
3.000092 502 4 4
3.000092 503 4 4
3.000092 504 4 4
3.000092 505 4 4
3.000092 506 5 5
3.000092 507 4 4
3.000092 508 3 3
3.000092 509 4 4
3.000092 510 4 4
3.000092 511 4 4
3.000092 512 5 5
3.000092 513 4 4
3.000092 514 4 4
3.000092 515 3 3
3.000092 516 4 4
3.000092 517 4 4
3.000092 518 4 4
3.000092 519 4 4
3.000092 520 4 4
3.000092 521 4 4
3.000092 522 4 4
3.000092 523 3 3
3.000092 524 4 4
3.000092 525 4 4
3.000092 526 4 4
3.000092 527 4 4
3.000092 528 4 4
3.000092 529 4 4
3.000092 530 4 4
3.000092 531 4 4
3.000092 532 4 4
3.000092 533 4 4
3.000092 534 4 4
3.000092 535 3 3
3.000092 537 4 4
3.000092 538 3 3
3.000092 539 4 4
3.000092 540 4 4
3.000092 541 4 4
3.000092 542 4 4
3.000092 543 4 4
3.000092 545 3 3
3.000092 546 4 4
3.000092 547 4 4
3.000092 548 4 4
3.000092 549 4 4
4.000122 0 7 7
4.000122 1 5 5
4.000122 2 4 4
4.000122 3 8 8
4.000122 4 6 6
4.000122 5 4 4
4.000122 7 6 6
4.000122 8 4 4
4.000122 9 5 5
4.000122 10 6 6
4.000122 11 6 6
4.000122 12 7 7
4.000122 13 6 6
4.000122 14 7 7
4.000122 15 6 6
4.000122 16 7 7
4.000122 17 4 4
4.000122 18 4 4
4.000122 19 5 5
4.000122 20 7 7
4.000122 21 7 7
4.000122 22 7 7
4.000122 23 7 7
4.000122 24 4 4
4.000122 25 7 7
4.000122 26 4 4
4.000122 27 7 7
4.000122 28 7 7
4.000122 30 7 7
4.000122 31 8 8
4.000122 32 8 8
4.000122 33 5 5
4.000122 34 8 8
4.000122 35 5 5
4.000122 36 5 5
4.000122 37 5 5
4.000122 38 6 6
4.000122 39 8 8
4.000122 40 5 5
4.000122 41 5 5
4.000122 42 6 6
4.000122 44 5 5
4.000122 45 8 8
4.000122 46 6 6
4.000122 47 6 6
4.000122 48 4 4
4.000122 49 6 6
4.000122 50 5 5
4.000122 51 5 5
4.000122 52 5 5
4.000122 53 6 6
4.000122 54 6 6
4.000122 55 8 8
4.000122 56 6 6
4.000122 57 7 7
4.000122 58 4 4
4.000122 59 7 7
4.000122 60 7 7
4.000122 61 6 6
4.000122 62 5 5
4.000122 63 7 7
4.000122 64 5 5
4.000122 65 6 6
4.000122 66 5 5
4.000122 67 5 5
4.000122 68 5 5
4.000122 69 4 4
4.000122 70 7 7
4.000122 71 5 5
4.000122 72 7 7
4.000122 73 8 8
4.000122 74 5 5
4.000122 75 5 5
4.000122 76 5 5
4.000122 77 5 5
4.000122 78 6 6
4.000122 79 5 5
4.000122 80 6 6
4.000122 81 7 7
4.000122 82 6 6
4.000122 84 9 9
4.000122 85 4 4
4.000122 86 6 6
4.000122 87 7 7
4.000122 89 6 6
4.000122 90 5 5
4.000122 91 5 5
4.000122 92 7 7
4.000122 93 7 7
4.000122 94 7 7
4.000122 95 5 5
4.000122 96 7 7
4.000122 97 7 7
4.000122 98 5 5
4.000122 99 5 5
4.000122 100 8 8
4.000122 101 7 7
4.000122 102 5 5
4.000122 103 4 4
4.000122 104 6 6
4.000122 105 8 8
4.000122 106 8 8
4.000122 107 5 5
4.000122 108 8 8
4.000122 109 8 8
4.000122 110 5 5
4.000122 111 6 6
4.000122 112 4 4
4.000122 113 5 5
4.000122 114 6 6
4.000122 115 8 8
4.000122 116 6 6
4.000122 118 6 6
4.000122 119 7 7
4.000122 120 7 7
4.000122 121 5 5
4.000122 122 6 6
4.000122 123 8 8
4.000122 124 4 4
4.000122 125 5 5
4.000122 126 8 8
4.000122 128 6 6
4.000122 129 1 1
4.000122 130 5 5
4.000122 131 6 6
4.000122 133 5 5
4.000122 134 4 4
4.000122 135 8 8
4.000122 136 6 6
4.000122 137 5 5
4.000122 138 7 7
4.000122 139 6 6
4.000122 140 5 5
4.000122 141 5 5
4.000122 142 7 7
4.000122 143 6 6
4.000122 144 4 4
4.000122 145 6 6
4.000122 146 6 6
4.000122 147 6 6
4.000122 151 4 4
4.000122 152 8 8
4.000122 153 8 8
4.000122 155 5 5
4.000122 156 8 8
4.000122 157 6 6
4.000122 158 2 2
4.000122 159 5 5
4.000122 160 7 7
4.000122 161 7 7
4.000122 162 5 5
4.000122 163 7 7
4.000122 164 4 4
4.000122 165 6 6
4.000122 166 6 6
4.000122 167 6 6
4.000122 168 7 7
4.000122 169 7 7
4.000122 170 7 7
4.000122 171 5 5
4.000122 172 6 6
4.000122 173 4 4
4.000122 174 4 4
4.000122 175 7 7
4.000122 176 7 7
4.000122 177 7 7
4.000122 178 6 6
4.000122 179 8 8
4.000122 180 6 6
4.000122 181 8 8
4.000122 182 6 6
4.000122 183 8 8
4.000122 184 7 7
4.000122 185 8 8
4.000122 186 5 5
4.000122 187 6 6
4.000122 188 8 8
4.000122 189 5 5
4.000122 190 4 4
4.000122 191 5 5
4.000122 192 4 4
4.000122 193 5 5
4.000122 194 7 7
4.000122 195 6 6
4.000122 196 6 6
4.000122 197 7 7
4.000122 198 6 6
4.000122 199 5 5
4.000122 200 5 5
4.000122 201 6 6
4.000122 202 4 4
4.000122 203 6 6
4.000122 204 6 6
4.000122 205 8 8
4.000122 206 7 7
4.000122 207 6 6
4.000122 208 8 8
4.000122 209 6 6
4.000122 210 7 7
4.000122 211 7 7
4.000122 212 8 8
4.000122 213 5 5
4.000122 214 2 2
4.000122 215 6 6
4.000122 216 4 4
4.000122 217 6 6
4.000122 219 7 7
4.000122 220 8 8
4.000122 222 7 7
4.000122 223 6 6
4.000122 224 7 7
4.000122 225 7 7
4.000122 226 9 9
4.000122 227 7 7
4.000122 228 7 7
4.000122 229 6 6
4.000122 230 6 6
4.000122 231 7 7
4.000122 232 6 6
4.000122 233 6 6
4.000122 234 6 6
4.000122 235 6 6
4.000122 236 5 5
4.000122 237 5 5
4.000122 239 6 6
4.000122 241 5 5
4.000122 242 5 5
4.000122 243 2 2
4.000122 245 8 8
4.000122 246 6 6
4.000122 247 8 8
4.000122 248 8 8
4.000122 249 4 4
4.000122 250 4 4
4.000122 251 5 5
4.000122 253 6 6
4.000122 254 6 6
4.000122 255 5 5
4.000122 256 4 4
4.000122 257 7 7
4.000122 259 6 6
4.000122 260 7 7
4.000122 261 4 4
4.000122 262 7 7
4.000122 263 6 6
4.000122 265 3 3
4.000122 266 5 5
4.000122 267 6 6
4.000122 269 7 7
4.000122 270 5 5
4.000122 271 8 8
4.000122 272 5 5
4.000122 273 6 6
4.000122 274 6 6
4.000122 275 6 6
4.000122 276 5 5
4.000122 277 5 5
4.000122 278 6 6
4.000122 279 5 5
4.000122 280 7 7
4.000122 281 7 7
4.000122 282 4 4
4.000122 283 6 6
4.000122 285 6 6
4.000122 286 4 4
4.000122 287 8 8
4.000122 288 5 5
4.000122 289 8 8
4.000122 290 7 7
4.000122 291 6 6
4.000122 292 7 7
4.000122 293 4 4
4.000122 294 5 5
4.000122 296 8 8
4.000122 297 6 6
4.000122 298 5 5
4.000122 299 6 6
4.000122 300 5 5
4.000122 301 4 4
4.000122 302 7 7
4.000122 303 4 4
4.000122 304 7 7
4.000122 305 6 6
4.000122 306 8 8
4.000122 307 5 5
4.000122 308 5 5
4.000122 309 6 6
4.000122 310 7 7
4.000122 311 5 5
4.000122 312 5 5
4.000122 314 5 5
4.000122 315 4 4
4.000122 316 6 6
4.000122 317 5 5
4.000122 318 5 5
4.000122 319 5 5
4.000122 320 6 6
4.000122 322 4 4
4.000122 323 6 6
4.000122 324 7 7
4.000122 325 7 7
4.000122 326 7 7
4.000122 327 6 6
4.000122 328 6 6
4.000122 329 6 6
4.000122 330 6 6
4.000122 331 7 7
4.000122 332 7 7
4.000122 333 6 6
4.000122 334 5 5
4.000122 335 6 6
4.000122 336 8 8
4.000122 338 8 8
4.000122 339 5 5
4.000122 340 4 4
4.000122 341 6 6
4.000122 342 6 6
4.000122 343 8 8
4.000122 344 6 6
4.000122 346 8 8
4.000122 347 8 8
4.000122 348 7 7
4.000122 349 6 6
4.000122 350 6 6
4.000122 351 5 5
4.000122 352 8 8
4.000122 353 7 7
4.000122 354 6 6
4.000122 355 6 6
4.000122 356 6 6
4.000122 357 5 5
4.000122 358 5 5
4.000122 359 4 4
4.000122 360 6 6
4.000122 361 8 8
4.000122 364 8 8
4.000122 365 6 6
4.000122 366 4 4
4.000122 367 5 5
4.000122 368 6 6
4.000122 369 5 5
4.000122 370 6 6
4.000122 371 6 6
4.000122 372 5 5
4.000122 373 5 5
4.000122 374 8 8
4.000122 375 6 6
4.000122 377 8 8
4.000122 378 6 6
4.000122 379 6 6
4.000122 380 6 6
4.000122 381 6 6
4.000122 382 7 7
4.000122 383 6 6
4.000122 385 6 6
4.000122 386 8 8
4.000122 387 6 6
4.000122 388 6 6
4.000122 389 7 7
4.000122 390 7 7
4.000122 391 4 4
4.000122 392 8 8
4.000122 393 8 8
4.000122 394 4 4
4.000122 395 7 7
4.000122 396 7 7
4.000122 398 6 6
4.000122 399 4 4
4.000122 400 8 8
4.000122 401 8 8
4.000122 402 4 4
4.000122 403 4 4
4.000122 404 6 6
4.000122 405 5 5
4.000122 406 6 6
4.000122 407 5 5
4.000122 408 6 6
4.000122 409 7 7
4.000122 410 5 5
4.000122 411 7 7
4.000122 412 5 5
4.000122 413 5 5
4.000122 414 6 6
4.000122 415 8 8
4.000122 417 7 7
4.000122 418 5 5
4.000122 419 4 4
4.000122 420 8 8
4.000122 421 5 5
4.000122 422 6 6
4.000122 423 1 1
4.000122 424 8 8
4.000122 425 6 6
4.000122 426 7 7
4.000122 427 8 8
4.000122 428 8 8
4.000122 429 6 6
4.000122 430 6 6
4.000122 431 4 4
4.000122 432 8 8
4.000122 433 6 6
4.000122 434 5 5
4.000122 435 5 5
4.000122 436 4 4
4.000122 437 7 7
4.000122 438 6 6
4.000122 439 8 8
4.000122 440 8 8
4.000122 442 5 5
4.000122 443 8 8
4.000122 444 7 7
4.000122 445 5 5
4.000122 446 4 4
4.000122 447 5 5
4.000122 448 5 5
4.000122 449 8 8
4.000122 450 7 7
4.000122 451 7 7
4.000122 452 8 8
4.000122 454 7 7
4.000122 455 4 4
4.000122 456 8 8
4.000122 457 5 5
4.000122 459 6 6
4.000122 460 7 7
4.000122 461 7 7
4.000122 463 4 4
4.000122 464 5 5
4.000122 465 7 7
4.000122 466 8 8
4.000122 467 6 6
4.000122 468 9 9
4.000122 470 7 7
4.000122 471 6 6
4.000122 472 4 4
4.000122 473 5 5
4.000122 474 6 6
4.000122 476 6 6
4.000122 477 8 8
4.000122 478 5 5
4.000122 479 5 5
4.000122 480 6 6
4.000122 481 5 5
4.000122 482 4 4
4.000122 483 7 7
4.000122 484 6 6
4.000122 485 7 7
4.000122 486 9 9
4.000122 487 7 7
4.000122 488 6 6
4.000122 489 6 6
4.000122 490 5 5
4.000122 491 4 4
4.000122 492 7 7
4.000122 493 6 6
4.000122 494 7 7
4.000122 495 4 4
4.000122 496 5 5
4.000122 497 6 6
4.000122 498 6 6
4.000122 499 5 5
4.000122 501 8 8
4.000122 502 7 7
4.000122 503 6 6
4.000122 504 5 5
4.000122 505 7 7
4.000122 506 8 8
4.000122 507 7 7
4.000122 508 6 6
4.000122 509 5 5
4.000122 510 6 6
4.000122 511 5 5
4.000122 512 7 7
4.000122 513 6 6
4.000122 514 6 6
4.000122 515 6 6
4.000122 516 4 4
4.000122 517 7 7
4.000122 518 5 5
4.000122 519 8 8
4.000122 520 6 6
4.000122 521 5 5
4.000122 522 8 8
4.000122 523 4 4
4.000122 524 6 6
4.000122 525 6 6
4.000122 526 7 7
4.000122 527 5 5
4.000122 528 7 7
4.000122 529 7 7
4.000122 530 6 6
4.000122 531 7 7
4.000122 532 7 7
4.000122 533 7 7
4.000122 534 7 7
4.000122 535 5 5
4.000122 537 5 5
4.000122 538 5 5
4.000122 539 8 8
4.000122 540 4 4
4.000122 541 7 7
4.000122 542 6 6
4.000122 543 5 5
4.000122 545 5 5
4.000122 546 4 4
4.000122 547 6 6
4.000122 548 5 5
4.000122 549 6 6
5.000153 0 10 10
5.000153 1 8 8
5.000153 2 8 8
5.000153 3 9 9
5.000153 4 9 9
5.000153 5 9 9
5.000153 7 10 10
5.000153 8 8 8
5.000153 9 8 8
5.000153 10 9 9
5.000153 11 9 9
5.000153 12 8 8
5.000153 13 8 8
5.000153 14 12 12
5.000153 15 10 10
5.000153 16 9 9
5.000153 17 8 8
5.000153 18 7 7
5.000153 19 8 8
5.000153 20 11 11
5.000153 21 8 8
5.000153 22 9 9
5.000153 23 9 9
5.000153 24 8 8
5.000153 25 9 9
5.000153 26 8 8
5.000153 27 10 10
5.000153 28 9 9
5.000153 30 13 13
5.000153 31 10 10
5.000153 32 10 10
5.000153 33 8 8
5.000153 34 11 11
5.000153 35 8 8
5.000153 36 8 8
5.000153 37 10 10
5.000153 38 9 9
5.000153 39 12 12
5.000153 40 7 7
5.000153 41 8 8
5.000153 42 10 10
5.000153 44 10 10
5.000153 45 9 9
5.000153 46 10 10
5.000153 47 8 8
5.000153 48 8 8
5.000153 49 9 9
5.000153 50 2 2
5.000153 51 10 10
5.000153 52 8 8
5.000153 53 11 11
5.000153 54 11 11
5.000153 55 9 9
5.000153 56 4 4
5.000153 57 8 8
5.000153 58 8 8
5.000153 59 11 11
5.000153 60 9 9
5.000153 61 10 10
5.000153 62 9 9
5.000153 63 9 9
5.000153 64 8 8
5.000153 65 11 11
5.000153 66 8 8
5.000153 67 10 10
5.000153 68 8 8
5.000153 70 10 10
5.000153 71 8 8
5.000153 72 9 9
5.000153 73 10 10
5.000153 74 8 8
5.000153 75 8 8
5.000153 76 8 8
5.000153 77 9 9
5.000153 78 8 8
5.000153 79 10 10
5.000153 80 8 8
5.000153 81 10 10
5.000153 82 8 8
5.000153 84 13 13
5.000153 85 7 7
5.000153 86 11 11
5.000153 87 11 11
5.000153 89 8 8
5.000153 90 12 12
5.000153 91 8 8
5.000153 92 10 10
5.000153 93 10 10
5.000153 94 10 10
5.000153 95 8 8
5.000153 96 9 9
5.000153 97 12 12
5.000153 98 11 11
5.000153 99 10 10
5.000153 100 11 11
5.000153 101 8 8
5.000153 102 9 9
5.000153 103 8 8
5.000153 104 8 8
5.000153 105 10 10
5.000153 106 11 11
5.000153 107 8 8
5.000153 108 9 9
5.000153 109 12 12
5.000153 110 8 8
5.000153 111 7 7
5.000153 112 2 2
5.000153 113 8 8
5.000153 114 8 8
5.000153 115 11 11
5.000153 116 9 9
5.000153 118 9 9
5.000153 119 9 9
5.000153 120 9 9
5.000153 121 8 8
5.000153 122 8 8
5.000153 123 9 9
5.000153 124 8 8
5.000153 126 12 12
5.000153 128 10 10
5.000153 130 9 9
5.000153 131 12 12
5.000153 133 8 8
5.000153 134 7 7
5.000153 135 11 11
5.000153 136 10 10
5.000153 137 8 8
5.000153 138 9 9
5.000153 139 9 9
5.000153 140 8 8
5.000153 141 8 8
5.000153 142 8 8
5.000153 143 8 8
5.000153 144 8 8
5.000153 145 10 10
5.000153 146 9 9
5.000153 147 8 8
5.000153 151 8 8
5.000153 152 12 12
5.000153 153 11 11
5.000153 155 8 8
5.000153 156 11 11
5.000153 157 11 11
5.000153 158 2 2
5.000153 159 10 10
5.000153 160 8 8
5.000153 161 8 8
5.000153 162 8 8
5.000153 163 8 8
5.000153 164 8 8
5.000153 165 8 8
5.000153 166 8 8
5.000153 167 10 10
5.000153 168 11 11
5.000153 169 8 8
5.000153 170 10 10
5.000153 171 8 8
5.000153 172 8 8
5.000153 173 7 7
5.000153 174 8 8
5.000153 175 9 9
5.000153 176 10 10
5.000153 177 13 13
5.000153 178 8 8
5.000153 179 13 13
5.000153 180 8 8
5.000153 181 9 9
5.000153 182 8 8
5.000153 183 10 10
5.000153 184 8 8
5.000153 185 3 3
5.000153 186 9 9
5.000153 187 9 9
5.000153 188 11 11
5.000153 189 8 8
5.000153 190 8 8
5.000153 191 8 8
5.000153 192 8 8
5.000153 193 8 8
5.000153 194 12 12
5.000153 195 10 10
5.000153 196 9 9
5.000153 197 10 10
5.000153 198 10 10
5.000153 199 8 8
5.000153 200 9 9
5.000153 201 10 10
5.000153 202 9 9
5.000153 203 11 11
5.000153 204 10 10
5.000153 205 11 11
5.000153 206 9 9
5.000153 207 10 10
5.000153 208 8 8
5.000153 209 6 6
5.000153 210 8 8
5.000153 211 11 11
5.000153 212 14 14
5.000153 213 8 8
5.000153 214 2 2
5.000153 215 8 8
5.000153 216 8 8
5.000153 217 8 8
5.000153 219 10 10
5.000153 220 12 12
5.000153 222 10 10
5.000153 223 8 8
5.000153 224 10 10
5.000153 225 9 9
5.000153 226 11 11
5.000153 227 9 9
5.000153 228 9 9
5.000153 229 9 9
5.000153 230 9 9
5.000153 231 9 9
5.000153 232 9 9
5.000153 233 9 9
5.000153 234 8 8
5.000153 235 9 9
5.000153 236 9 9
5.000153 237 8 8
5.000153 239 8 8
5.000153 241 9 9
5.000153 242 10 10
5.000153 245 10 10
5.000153 246 9 9
5.000153 247 11 11
5.000153 248 8 8
5.000153 249 8 8
5.000153 250 8 8
5.000153 251 9 9
5.000153 253 8 8
5.000153 254 9 9
5.000153 255 9 9
5.000153 256 9 9
5.000153 257 9 9
5.000153 259 9 9
5.000153 260 8 8
5.000153 261 8 8
5.000153 262 11 11
5.000153 263 11 11
5.000153 266 9 9
5.000153 267 9 9
5.000153 269 8 8
5.000153 270 8 8
5.000153 271 9 9
5.000153 272 9 9
5.000153 273 9 9
5.000153 274 8 8
5.000153 275 9 9
5.000153 276 10 10
5.000153 277 10 10
5.000153 278 8 8
5.000153 279 9 9
5.000153 280 10 10
5.000153 281 8 8
5.000153 282 10 10
5.000153 283 9 9
5.000153 285 8 8
5.000153 286 8 8
5.000153 287 10 10
5.000153 288 9 9
5.000153 289 12 12
5.000153 290 11 11
5.000153 291 8 8
5.000153 292 11 11
5.000153 293 8 8
5.000153 294 8 8
5.000153 296 10 10
5.000153 297 8 8
5.000153 298 8 8
5.000153 299 9 9
5.000153 300 8 8
5.000153 301 8 8
5.000153 302 10 10
5.000153 303 8 8
5.000153 304 10 10
5.000153 305 8 8
5.000153 306 9 9
5.000153 307 9 9
5.000153 308 9 9
5.000153 309 8 8
5.000153 310 9 9
5.000153 311 9 9
5.000153 312 10 10
5.000153 314 8 8
5.000153 315 8 8
5.000153 316 9 9
5.000153 317 8 8
5.000153 318 10 10
5.000153 319 10 10
5.000153 320 10 10
5.000153 322 8 8
5.000153 323 11 11
5.000153 324 10 10
5.000153 325 8 8
5.000153 326 8 8
5.000153 327 8 8
5.000153 328 8 8
5.000153 329 9 9
5.000153 330 7 7
5.000153 331 9 9
5.000153 332 9 9
5.000153 333 12 12
5.000153 334 4 4
5.000153 335 5 5
5.000153 336 12 12
5.000153 338 12 12
5.000153 339 6 6
5.000153 340 8 8
5.000153 341 11 11
5.000153 342 8 8
5.000153 343 8 8
5.000153 344 11 11
5.000153 346 12 12
5.000153 347 12 12
5.000153 348 10 10
5.000153 349 10 10
5.000153 350 8 8
5.000153 351 8 8
5.000153 352 10 10
5.000153 353 10 10
5.000153 354 9 9
5.000153 355 9 9
5.000153 356 10 10
5.000153 357 9 9
5.000153 358 8 8
5.000153 359 9 9
5.000153 360 1 1
5.000153 361 9 9
5.000153 364 9 9
5.000153 365 11 11
5.000153 366 7 7
5.000153 367 9 9
5.000153 368 9 9
5.000153 369 8 8
5.000153 370 12 12
5.000153 371 9 9
5.000153 372 8 8
5.000153 373 7 7
5.000153 374 10 10
5.000153 375 9 9
5.000153 377 10 10
5.000153 378 8 8
5.000153 379 10 10
5.000153 380 9 9
5.000153 381 8 8
5.000153 382 11 11
5.000153 383 9 9
5.000153 385 9 9
5.000153 386 11 11
5.000153 387 10 10
5.000153 388 10 10
5.000153 389 10 10
5.000153 390 6 6
5.000153 391 7 7
5.000153 392 11 11
5.000153 393 9 9
5.000153 394 6 6
5.000153 395 10 10
5.000153 396 11 11
5.000153 398 9 9
5.000153 399 8 8
5.000153 400 9 9
5.000153 401 10 10
5.000153 402 8 8
5.000153 403 8 8
5.000153 404 9 9
5.000153 405 8 8
5.000153 406 10 10
5.000153 407 8 8
5.000153 408 8 8
5.000153 409 11 11
5.000153 410 9 9
5.000153 411 9 9
5.000153 412 8 8
5.000153 413 8 8
5.000153 414 8 8
5.000153 415 11 11
5.000153 417 9 9
5.000153 418 8 8
5.000153 419 8 8
5.000153 420 10 10
5.000153 421 8 8
5.000153 422 9 9
5.000153 424 6 6
5.000153 425 8 8
5.000153 426 8 8
5.000153 427 14 14
5.000153 428 8 8
5.000153 429 10 10
5.000153 430 9 9
5.000153 431 8 8
5.000153 432 10 10
5.000153 433 8 8
5.000153 434 9 9
5.000153 435 8 8
5.000153 436 8 8
5.000153 437 10 10
5.000153 438 3 3
5.000153 439 10 10
5.000153 440 13 13
5.000153 442 9 9
5.000153 443 13 13
5.000153 444 9 9
5.000153 445 8 8
5.000153 446 8 8
5.000153 447 6 6
5.000153 448 8 8
5.000153 449 9 9
5.000153 450 9 9
5.000153 451 8 8
5.000153 452 12 12
5.000153 454 8 8
5.000153 455 8 8
5.000153 456 10 10
5.000153 457 8 8
5.000153 459 9 9
5.000153 460 9 9
5.000153 461 10 10
5.000153 463 8 8
5.000153 464 8 8
5.000153 465 10 10
5.000153 466 9 9
5.000153 467 9 9
5.000153 468 12 12
5.000153 470 9 9
5.000153 471 9 9
5.000153 472 8 8
5.000153 473 9 9
5.000153 474 9 9
5.000153 476 11 11
5.000153 477 9 9
5.000153 478 9 9
5.000153 479 8 8
5.000153 480 9 9
5.000153 481 9 9
5.000153 482 7 7
5.000153 483 8 8
5.000153 484 8 8
5.000153 485 10 10
5.000153 486 11 11
5.000153 487 8 8
5.000153 488 9 9
5.000153 489 10 10
5.000153 490 8 8
5.000153 491 8 8
5.000153 492 9 9
5.000153 493 9 9
5.000153 494 9 9
5.000153 495 7 7
5.000153 496 8 8
5.000153 497 7 7
5.000153 498 10 10
5.000153 499 8 8
5.000153 501 10 10
5.000153 502 10 10
5.000153 503 10 10
5.000153 504 7 7
5.000153 506 11 11
5.000153 507 10 10
5.000153 508 9 9
5.000153 509 8 8
5.000153 510 8 8
5.000153 511 8 8
5.000153 512 11 11
5.000153 513 8 8
5.000153 514 11 11
5.000153 515 10 10
5.000153 516 8 8
5.000153 517 9 9
5.000153 518 8 8
5.000153 519 9 9
5.000153 520 10 10
5.000153 521 8 8
5.000153 522 10 10
5.000153 523 5 5
5.000153 524 11 11
5.000153 525 9 9
5.000153 526 11 11
5.000153 527 8 8
5.000153 528 10 10
5.000153 529 9 9
5.000153 530 8 8
5.000153 531 8 8
5.000153 532 8 8
5.000153 533 10 10
5.000153 534 10 10
5.000153 535 7 7
5.000153 537 8 8
5.000153 538 8 8
5.000153 539 10 10
5.000153 540 8 8
5.000153 541 11 11
5.000153 542 8 8
5.000153 543 8 8
5.000153 545 7 7
5.000153 546 8 8
5.000153 547 10 10
5.000153 548 8 8
5.000153 549 8 8
6.000183 0 17 17
6.000183 1 14 14
6.000183 2 15 15
6.000183 7 13 13
6.000183 9 16 16
6.000183 11 16 16
6.000183 12 16 16
6.000183 13 14 14
6.000183 14 16 16
6.000183 16 17 17
6.000183 18 9 9
6.000183 19 16 16
6.000183 20 17 17
6.000183 21 16 16
6.000183 22 16 16
6.000183 23 16 16
6.000183 24 13 13
6.000183 25 16 16
6.000183 26 14 14
6.000183 27 15 15
6.000183 28 17 17
6.000183 30 19 19
6.000183 31 16 16
6.000183 33 13 13
6.000183 34 17 17
6.000183 35 15 15
6.000183 36 16 16
6.000183 37 3 3
6.000183 38 16 16
6.000183 40 14 14
6.000183 41 15 15
6.000183 42 15 15
6.000183 44 15 15
6.000183 45 16 16
6.000183 46 16 16
6.000183 47 15 15
6.000183 48 11 11
6.000183 49 12 12
6.000183 51 18 18
6.000183 52 16 16
6.000183 53 18 18
6.000183 54 17 17
6.000183 55 17 17
6.000183 57 16 16
6.000183 58 12 12
6.000183 60 16 16
6.000183 62 12 12
6.000183 63 16 16
6.000183 64 12 12
6.000183 66 16 16
6.000183 67 13 13
6.000183 70 17 17
6.000183 71 15 15
6.000183 72 15 15
6.000183 73 18 18
6.000183 74 16 16
6.000183 75 9 9
6.000183 76 14 14
6.000183 77 13 13
6.000183 78 16 16
6.000183 79 16 16
6.000183 80 14 14
6.000183 82 16 16
6.000183 84 19 19
6.000183 85 13 13
6.000183 86 17 17
6.000183 87 17 17
6.000183 89 13 13
6.000183 90 19 19
6.000183 92 15 15
6.000183 93 16 16
6.000183 95 12 12
6.000183 97 17 17
6.000183 98 15 15
6.000183 99 16 16
6.000183 101 16 16
6.000183 102 15 15
6.000183 103 14 14
6.000183 105 16 16
6.000183 106 17 17
6.000183 108 17 17
6.000183 113 2 2
6.000183 114 16 16
6.000183 115 18 18
6.000183 116 15 15
6.000183 118 16 16
6.000183 119 14 14
6.000183 120 16 16
6.000183 121 14 14
6.000183 124 10 10
6.000183 126 19 19
6.000183 128 15 15
6.000183 130 17 17
6.000183 131 20 20
6.000183 134 12 12
6.000183 135 19 19
6.000183 140 13 13
6.000183 142 14 14
6.000183 143 16 16
6.000183 144 12 12
6.000183 145 19 19
6.000183 146 17 17
6.000183 147 13 13
6.000183 151 13 13
6.000183 152 21 21
6.000183 153 19 19
6.000183 156 17 17
6.000183 157 17 17
6.000183 159 16 16
6.000183 160 15 15
6.000183 161 15 15
6.000183 163 16 16
6.000183 164 2 2
6.000183 165 14 14
6.000183 166 16 16
6.000183 167 14 14
6.000183 168 19 19
6.000183 169 15 15
6.000183 171 15 15
6.000183 172 13 13
6.000183 173 13 13
6.000183 174 15 15
6.000183 175 17 17
6.000183 176 19 19
6.000183 177 19 19
6.000183 178 15 15
6.000183 180 15 15
6.000183 182 16 16
6.000183 183 11 11
6.000183 184 16 16
6.000183 186 14 14
6.000183 187 16 16
6.000183 188 17 17
6.000183 189 14 14
6.000183 191 15 15
6.000183 195 16 16
6.000183 196 14 14
6.000183 197 16 16
6.000183 198 8 8
6.000183 199 12 12
6.000183 201 14 14
6.000183 202 17 17
6.000183 203 16 16
6.000183 205 19 19
6.000183 206 15 15
6.000183 207 16 16
6.000183 211 17 17
6.000183 212 18 18
6.000183 213 13 13
6.000183 215 15 15
6.000183 216 14 14
6.000183 219 16 16
6.000183 220 16 16
6.000183 222 15 15
6.000183 223 15 15
6.000183 224 17 17
6.000183 225 16 16
6.000183 226 19 19
6.000183 229 15 15
6.000183 230 14 14
6.000183 231 17 17
6.000183 232 16 16
6.000183 233 13 13
6.000183 235 17 17
6.000183 236 13 13
6.000183 237 15 15
6.000183 239 16 16
6.000183 241 16 16
6.000183 242 17 17
6.000183 246 15 15
6.000183 247 18 18
6.000183 248 16 16
6.000183 249 12 12
6.000183 250 15 15
6.000183 251 14 14
6.000183 253 15 15
6.000183 254 16 16
6.000183 255 16 16
6.000183 256 6 6
6.000183 257 13 13
6.000183 259 15 15
6.000183 261 14 14
6.000183 262 4 4
6.000183 263 6 6
6.000183 266 12 12
6.000183 267 16 16
6.000183 269 13 13
6.000183 271 6 6
6.000183 272 14 14
6.000183 273 14 14
6.000183 274 13 13
6.000183 276 16 16
6.000183 277 16 16
6.000183 278 15 15
6.000183 279 14 14
6.000183 280 17 17
6.000183 281 16 16
6.000183 282 16 16
6.000183 283 15 15
6.000183 285 14 14
6.000183 286 15 15
6.000183 287 16 16
6.000183 288 16 16
6.000183 289 20 20
6.000183 291 14 14
6.000183 292 18 18
6.000183 293 15 15
6.000183 294 14 14
6.000183 297 16 16
6.000183 299 16 16
6.000183 300 15 15
6.000183 301 11 11
6.000183 302 15 15
6.000183 303 13 13
6.000183 304 16 16
6.000183 305 7 7
6.000183 306 16 16
6.000183 307 14 14
6.000183 308 12 12
6.000183 309 16 16
6.000183 310 16 16
6.000183 311 15 15
6.000183 314 14 14
6.000183 315 14 14
6.000183 317 14 14
6.000183 318 14 14
6.000183 319 16 16
6.000183 320 15 15
6.000183 322 13 13
6.000183 323 17 17
6.000183 324 17 17
6.000183 325 15 15
6.000183 327 14 14
6.000183 328 16 16
6.000183 329 16 16
6.000183 331 17 17
6.000183 333 16 16
6.000183 338 17 17
6.000183 340 15 15
6.000183 343 16 16
6.000183 344 19 19
6.000183 346 19 19
6.000183 347 17 17
6.000183 349 17 17
6.000183 350 13 13
6.000183 351 15 15
6.000183 352 16 16
6.000183 353 4 4
6.000183 355 14 14
6.000183 356 16 16
6.000183 357 16 16
6.000183 358 16 16
6.000183 359 14 14
6.000183 361 16 16
6.000183 364 16 16
6.000183 367 15 15
6.000183 368 15 15
6.000183 369 16 16
6.000183 370 17 17
6.000183 371 15 15
6.000183 372 13 13
6.000183 373 12 12
6.000183 374 16 16
6.000183 375 16 16
6.000183 377 17 17
6.000183 378 14 14
6.000183 379 17 17
6.000183 380 16 16
6.000183 381 13 13
6.000183 382 18 18
6.000183 383 16 16
6.000183 385 9 9
6.000183 386 12 12
6.000183 387 17 17
6.000183 388 16 16
6.000183 392 18 18
6.000183 393 16 16
6.000183 395 15 15
6.000183 396 16 16
6.000183 398 16 16
6.000183 399 12 12
6.000183 400 16 16
6.000183 401 16 16
6.000183 402 13 13
6.000183 403 13 13
6.000183 404 4 4
6.000183 406 15 15
6.000183 407 14 14
6.000183 408 15 15
6.000183 409 18 18
6.000183 410 16 16
6.000183 411 16 16
6.000183 412 13 13
6.000183 413 9 9
6.000183 414 15 15
6.000183 415 17 17
6.000183 417 17 17
6.000183 418 14 14
6.000183 419 12 12
6.000183 420 17 17
6.000183 421 12 12
6.000183 425 12 12
6.000183 426 15 15
6.000183 428 16 16
6.000183 429 16 16
6.000183 430 14 14
6.000183 432 18 18
6.000183 433 16 16
6.000183 435 14 14
6.000183 437 14 14
6.000183 439 17 17
6.000183 440 19 19
6.000183 442 13 13
6.000183 443 20 20
6.000183 444 16 16
6.000183 448 14 14
6.000183 449 16 16
6.000183 450 7 7
6.000183 451 15 15
6.000183 452 17 17
6.000183 454 15 15
6.000183 455 14 14
6.000183 456 16 16
6.000183 457 15 15
6.000183 459 15 15
6.000183 461 15 15
6.000183 463 15 15
6.000183 464 2 2
6.000183 465 16 16
6.000183 467 16 16
6.000183 468 19 19
6.000183 470 18 18
6.000183 471 12 12
6.000183 472 13 13
6.000183 473 1 1
6.000183 476 9 9
6.000183 477 16 16
6.000183 478 16 16
6.000183 479 13 13
6.000183 481 15 15
6.000183 482 13 13
6.000183 483 3 3
6.000183 484 14 14
6.000183 485 19 19
6.000183 486 19 19
6.000183 487 16 16
6.000183 488 17 17
6.000183 490 13 13
6.000183 491 13 13
6.000183 492 16 16
6.000183 493 15 15
6.000183 494 15 15
6.000183 496 12 12
6.000183 499 16 16
6.000183 501 16 16
6.000183 502 16 16
6.000183 503 15 15
6.000183 506 10 10
6.000183 507 16 16
6.000183 508 16 16
6.000183 509 15 15
6.000183 510 16 16
6.000183 511 15 15
6.000183 512 19 19
6.000183 513 16 16
6.000183 514 16 16
6.000183 515 16 16
6.000183 517 17 17
6.000183 518 16 16
6.000183 519 3 3
6.000183 520 15 15
6.000183 521 15 15
6.000183 522 18 18
6.000183 524 16 16
6.000183 525 16 16
6.000183 526 16 16
6.000183 527 15 15
6.000183 528 6 6
6.000183 529 17 17
6.000183 530 13 13
6.000183 531 16 16
6.000183 533 11 11
6.000183 538 15 15
6.000183 539 18 18
6.000183 540 14 14
6.000183 541 17 17
6.000183 542 16 16
6.000183 545 13 13
6.000183 546 13 13
6.000183 547 16 16
6.000183 548 16 16
6.000183 549 16 16
7.000214 9 20 20
7.000214 12 25 25
7.000214 13 20 20
7.000214 16 25 25
7.000214 18 16 16
7.000214 21 28 28
7.000214 22 22 22
7.000214 23 25 25
7.000214 24 16 16
7.000214 26 17 17
7.000214 27 25 25
7.000214 28 26 26
7.000214 30 29 29
7.000214 31 29 29
7.000214 33 20 20
7.000214 34 29 29
7.000214 35 25 25
7.000214 36 22 22
7.000214 38 25 25
7.000214 40 21 21
7.000214 41 18 18
7.000214 42 19 19
7.000214 45 29 29
7.000214 46 25 25
7.000214 47 24 24
7.000214 49 22 22
7.000214 52 21 21
7.000214 53 26 26
7.000214 54 12 12
7.000214 55 30 30
7.000214 57 24 24
7.000214 58 19 19
7.000214 60 3 3
7.000214 62 21 21
7.000214 63 28 28
7.000214 64 19 19
7.000214 66 25 25
7.000214 67 21 21
7.000214 70 26 26
7.000214 71 19 19
7.000214 72 25 25
7.000214 73 28 28
7.000214 74 22 22
7.000214 77 19 19
7.000214 78 23 23
7.000214 79 22 22
7.000214 80 24 24
7.000214 85 20 20
7.000214 86 27 27
7.000214 87 29 29
7.000214 89 21 21
7.000214 90 26 26
7.000214 98 24 24
7.000214 101 27 27
7.000214 105 27 27
7.000214 106 33 33
7.000214 108 31 31
7.000214 114 22 22
7.000214 115 30 30
7.000214 116 22 22
7.000214 118 24 24
7.000214 119 27 27
7.000214 120 29 29
7.000214 126 30 30
7.000214 128 25 25
7.000214 130 21 21
7.000214 131 29 29
7.000214 134 16 16
7.000214 142 24 24
7.000214 143 22 22
7.000214 144 19 19
7.000214 145 25 25
7.000214 146 25 25
7.000214 147 10 10
7.000214 152 37 37
7.000214 153 33 33
7.000214 156 28 28
7.000214 163 28 28
7.000214 165 25 25
7.000214 166 22 22
7.000214 169 27 27
7.000214 171 21 21
7.000214 172 23 23
7.000214 174 21 21
7.000214 175 24 24
7.000214 176 11 11
7.000214 177 31 31
7.000214 180 22 22
7.000214 182 23 23
7.000214 184 27 27
7.000214 186 19 19
7.000214 189 20 20
7.000214 191 22 22
7.000214 195 26 26
7.000214 197 28 28
7.000214 199 18 18
7.000214 201 9 9
7.000214 202 20 20
7.000214 203 23 23
7.000214 205 29 29
7.000214 206 24 24
7.000214 211 28 28
7.000214 212 19 19
7.000214 213 18 18
7.000214 215 22 22
7.000214 216 8 8
7.000214 219 28 28
7.000214 220 28 28
7.000214 223 22 22
7.000214 224 27 27
7.000214 225 28 28
7.000214 226 30 30
7.000214 230 18 18
7.000214 231 28 28
7.000214 233 24 24
7.000214 236 7 7
7.000214 239 14 14
7.000214 242 21 21
7.000214 246 24 24
7.000214 247 29 29
7.000214 250 19 19
7.000214 251 3 3
7.000214 253 21 21
7.000214 254 1 1
7.000214 255 23 23
7.000214 259 22 22
7.000214 261 18 18
7.000214 267 24 24
7.000214 272 22 22
7.000214 273 11 11
7.000214 274 22 22
7.000214 276 24 24
7.000214 277 22 22
7.000214 278 22 22
7.000214 279 16 16
7.000214 280 23 23
7.000214 283 25 25
7.000214 285 22 22
7.000214 286 18 18
7.000214 287 28 28
7.000214 288 22 22
7.000214 289 30 30
7.000214 292 27 27
7.000214 299 25 25
7.000214 300 24 24
7.000214 301 19 19
7.000214 302 26 26
7.000214 303 17 17
7.000214 306 28 28
7.000214 310 25 25
7.000214 314 20 20
7.000214 315 19 19
7.000214 317 22 22
7.000214 318 22 22
7.000214 319 23 23
7.000214 322 20 20
7.000214 323 27 27
7.000214 324 28 28
7.000214 325 28 28
7.000214 327 20 20
7.000214 328 26 26
7.000214 329 28 28
7.000214 331 25 25
7.000214 333 18 18
7.000214 340 15 15
7.000214 343 28 28
7.000214 344 29 29
7.000214 346 28 28
7.000214 349 28 28
7.000214 352 12 12
7.000214 356 26 26
7.000214 358 22 22
7.000214 359 23 23
7.000214 364 25 25
7.000214 367 23 23
7.000214 368 25 25
7.000214 370 29 29
7.000214 371 24 24
7.000214 372 21 21
7.000214 373 20 20
7.000214 379 26 26
7.000214 380 8 8
7.000214 381 22 22
7.000214 382 29 29
7.000214 383 27 27
7.000214 387 26 26
7.000214 398 24 24
7.000214 399 18 18
7.000214 401 27 27
7.000214 402 21 21
7.000214 403 18 18
7.000214 406 24 24
7.000214 407 21 21
7.000214 410 22 22
7.000214 411 24 24
7.000214 412 20 20
7.000214 414 24 24
7.000214 419 19 19
7.000214 420 28 28
7.000214 421 22 22
7.000214 426 24 24
7.000214 428 29 29
7.000214 429 24 24
7.000214 432 32 32
7.000214 435 19 19
7.000214 439 29 29
7.000214 443 13 13
7.000214 444 26 26
7.000214 448 19 19
7.000214 449 16 16
7.000214 451 28 28
7.000214 454 22 22
7.000214 455 17 17
7.000214 456 29 29
7.000214 459 25 25
7.000214 461 28 28
7.000214 463 18 18
7.000214 465 29 29
7.000214 467 24 24
7.000214 468 32 32
7.000214 470 26 26
7.000214 471 23 23
7.000214 472 10 10
7.000214 477 27 27
7.000214 479 20 20
7.000214 482 20 20
7.000214 484 25 25
7.000214 486 36 36
7.000214 487 25 25
7.000214 488 28 28
7.000214 491 18 18
7.000214 492 21 21
7.000214 493 25 25
7.000214 496 21 21
7.000214 503 23 23
7.000214 507 30 30
7.000214 509 22 22
7.000214 510 7 7
7.000214 511 21 21
7.000214 512 32 32
7.000214 513 23 23
7.000214 514 28 28
7.000214 517 27 27
7.000214 518 20 20
7.000214 520 25 25
7.000214 521 22 22
7.000214 522 33 33
7.000214 525 27 27
7.000214 526 26 26
7.000214 527 21 21
7.000214 529 28 28
7.000214 530 20 20
7.000214 531 20 20
7.000214 539 31 31
7.000214 540 21 21
7.000214 542 4 4
7.000214 545 19 19
7.000214 546 19 19
7.000214 548 21 21
8.000244 12 37 37
8.000244 16 39 39
8.000244 18 26 26
8.000244 21 42 42
8.000244 23 36 36
8.000244 24 26 26
8.000244 26 8 8
8.000244 28 44 44
8.000244 30 18 18
8.000244 31 43 43
8.000244 33 33 33
8.000244 34 45 45
8.000244 35 38 38
8.000244 36 35 35
8.000244 38 34 34
8.000244 40 34 34
8.000244 41 29 29
8.000244 45 40 40
8.000244 47 35 35
8.000244 49 28 28
8.000244 52 36 36
8.000244 53 42 42
8.000244 55 39 39
8.000244 58 33 33
8.000244 62 35 35
8.000244 63 9 9
8.000244 64 32 32
8.000244 66 35 35
8.000244 67 36 36
8.000244 70 42 42
8.000244 73 45 45
8.000244 74 35 35
8.000244 77 31 31
8.000244 78 35 35
8.000244 79 38 38
8.000244 80 9 9
8.000244 85 15 15
8.000244 87 29 29
8.000244 90 44 44
8.000244 98 43 43
8.000244 101 37 37
8.000244 105 43 43
8.000244 106 18 18
8.000244 108 2 2
8.000244 114 34 34
8.000244 115 43 43
8.000244 118 8 8
8.000244 119 39 39
8.000244 120 42 42
8.000244 128 12 12
8.000244 130 38 38
8.000244 143 36 36
8.000244 144 33 33
8.000244 145 42 42
8.000244 152 33 33
8.000244 153 49 49
8.000244 156 41 41
8.000244 163 39 39
8.000244 165 34 34
8.000244 166 34 34
8.000244 169 19 19
8.000244 171 34 34
8.000244 174 34 34
8.000244 175 39 39
8.000244 177 50 50
8.000244 180 34 34
8.000244 182 37 37
8.000244 184 39 39
8.000244 189 31 31
8.000244 195 41 41
8.000244 199 29 29
8.000244 202 35 35
8.000244 205 48 48
8.000244 206 39 39
8.000244 211 43 43
8.000244 213 32 32
8.000244 215 33 33
8.000244 219 50 50
8.000244 220 43 43
8.000244 224 38 38
8.000244 226 49 49
8.000244 231 38 38
8.000244 246 13 13
8.000244 247 47 47
8.000244 253 32 32
8.000244 267 37 37
8.000244 272 37 37
8.000244 278 35 35
8.000244 283 39 39
8.000244 285 33 33
8.000244 288 36 36
8.000244 292 44 44
8.000244 301 31 31
8.000244 302 42 42
8.000244 303 31 31
8.000244 306 40 40
8.000244 310 38 38
8.000244 314 32 32
8.000244 315 32 32
8.000244 317 33 33
8.000244 322 32 32
8.000244 323 45 45
8.000244 324 41 41
8.000244 325 40 40
8.000244 327 34 34
8.000244 328 38 38
8.000244 329 2 2
8.000244 331 40 40
8.000244 343 39 39
8.000244 344 41 41
8.000244 349 35 35
8.000244 356 40 40
8.000244 359 36 36
8.000244 364 21 21
8.000244 367 34 34
8.000244 368 37 37
8.000244 370 4 4
8.000244 382 43 43
8.000244 383 37 37
8.000244 387 36 36
8.000244 399 32 32
8.000244 401 43 43
8.000244 402 33 33
8.000244 403 30 30
8.000244 406 38 38
8.000244 407 35 35
8.000244 410 37 37
8.000244 411 37 37
8.000244 412 36 36
8.000244 419 33 33
8.000244 420 40 40
8.000244 421 32 32
8.000244 426 21 21
8.000244 432 46 46
8.000244 435 34 34
8.000244 439 40 40
8.000244 444 39 39
8.000244 451 42 42
8.000244 454 34 34
8.000244 455 32 32
8.000244 456 41 41
8.000244 459 41 41
8.000244 461 39 39
8.000244 465 30 30
8.000244 468 49 49
8.000244 470 11 11
8.000244 477 5 5
8.000244 479 32 32
8.000244 486 44 44
8.000244 491 32 32
8.000244 493 38 38
8.000244 496 33 33
8.000244 503 40 40
8.000244 507 41 41
8.000244 509 6 6
8.000244 512 49 49
8.000244 513 37 37
8.000244 514 47 47
8.000244 517 41 41
8.000244 520 40 40
8.000244 521 36 36
8.000244 522 1 1
8.000244 525 37 37
8.000244 526 44 44
8.000244 527 34 34
8.000244 529 39 39
8.000244 530 32 32
8.000244 539 37 37
8.000244 540 32 32
8.000244 546 32 32
9.000275 16 68 68
9.000275 18 41 41
9.000275 21 67 67
9.000275 23 62 62
9.000275 28 71 71
9.000275 31 64 64
9.000275 33 22 22
9.000275 35 64 64
9.000275 36 59 59
9.000275 38 43 43
9.000275 40 54 54
9.000275 45 59 59
9.000275 52 57 57
9.000275 53 73 73
9.000275 55 67 67
9.000275 58 50 50
9.000275 62 12 12
9.000275 64 46 46
9.000275 66 61 61
9.000275 70 64 64
9.000275 74 61 61
9.000275 78 58 58
9.000275 79 37 37
9.000275 98 63 63
9.000275 101 63 63
9.000275 115 70 70
9.000275 119 65 65
9.000275 120 69 69
9.000275 130 57 57
9.000275 143 25 25
9.000275 144 50 50
9.000275 145 71 71
9.000275 153 2 2
9.000275 163 64 64
9.000275 165 60 60
9.000275 171 53 53
9.000275 174 59 59
9.000275 175 41 41
9.000275 177 82 82
9.000275 180 60 60
9.000275 182 27 27
9.000275 184 63 63
9.000275 189 51 51
9.000275 195 54 54
9.000275 202 61 61
9.000275 205 31 31
9.000275 206 61 61
9.000275 211 5 5
9.000275 213 50 50
9.000275 220 68 68
9.000275 224 12 12
9.000275 226 78 78
9.000275 231 61 61
9.000275 253 56 56
9.000275 272 33 33
9.000275 278 48 48
9.000275 283 64 64
9.000275 285 54 54
9.000275 288 59 59
9.000275 292 65 65
9.000275 302 66 66
9.000275 303 51 51
9.000275 310 65 65
9.000275 314 53 53
9.000275 315 14 14
9.000275 317 6 6
9.000275 322 43 43
9.000275 323 66 66
9.000275 324 67 67
9.000275 325 62 62
9.000275 327 53 53
9.000275 328 64 64
9.000275 331 68 68
9.000275 344 22 22
9.000275 356 65 65
9.000275 359 60 60
9.000275 367 57 57
9.000275 368 58 58
9.000275 382 8 8
9.000275 383 67 67
9.000275 399 49 49
9.000275 401 67 67
9.000275 403 3 3
9.000275 406 59 59
9.000275 407 58 58
9.000275 411 52 52
9.000275 420 68 68
9.000275 421 43 43
9.000275 432 74 74
9.000275 435 55 55
9.000275 439 44 44
9.000275 444 64 64
9.000275 451 67 67
9.000275 454 40 40
9.000275 455 57 57
9.000275 456 26 26
9.000275 459 65 65
9.000275 461 68 68
9.000275 468 82 82
9.000275 486 8 8
9.000275 491 45 45
9.000275 493 63 63
9.000275 496 49 49
9.000275 503 58 58
9.000275 512 36 36
9.000275 513 62 62
9.000275 514 70 70
9.000275 517 2 2
9.000275 520 36 36
9.000275 521 58 58
9.000275 525 63 63
9.000275 526 13 13
9.000275 527 59 59
9.000275 529 17 17
9.000275 530 46 46
9.000275 540 46 46
10.000305 16 102 102
10.000305 18 58 58
10.000305 21 113 113
10.000305 23 103 103
10.000305 28 109 109
10.000305 31 13 13
10.000305 35 102 102
10.000305 36 85 85
10.000305 40 87 87
10.000305 52 87 87
10.000305 53 73 73
10.000305 55 117 117
10.000305 58 77 77
10.000305 64 75 75
10.000305 70 30 30
10.000305 74 14 14
10.000305 78 95 95
10.000305 98 102 102
10.000305 101 106 106
10.000305 115 39 39
10.000305 119 104 104
10.000305 120 68 68
10.000305 130 93 93
10.000305 144 81 81
10.000305 145 108 108
10.000305 163 103 103
10.000305 165 70 70
10.000305 171 10 10
10.000305 174 13 13
10.000305 177 125 125
10.000305 180 87 87
10.000305 184 105 105
10.000305 189 79 79
10.000305 202 92 92
10.000305 206 28 28
10.000305 213 85 85
10.000305 220 26 26
10.000305 226 121 121
10.000305 231 9 9
10.000305 253 86 86
10.000305 278 10 10
10.000305 283 75 75
10.000305 285 62 62
10.000305 288 18 18
10.000305 292 35 35
10.000305 302 26 26
10.000305 303 72 72
10.000305 310 30 30
10.000305 314 85 85
10.000305 322 24 24
10.000305 323 108 108
10.000305 324 26 26
10.000305 325 106 106
10.000305 327 87 87
10.000305 328 96 96
10.000305 331 64 64
10.000305 356 107 107
10.000305 359 75 75
10.000305 367 92 92
10.000305 368 52 52
10.000305 383 89 89
10.000305 401 109 109
10.000305 406 91 91
10.000305 407 40 40
10.000305 420 100 100
10.000305 432 104 104
10.000305 435 82 82
10.000305 444 40 40
10.000305 451 66 66
10.000305 455 24 24
10.000305 459 101 101
10.000305 461 98 98
10.000305 468 119 119
10.000305 491 64 64
10.000305 493 95 95
10.000305 503 41 41
10.000305 513 38 38
10.000305 514 118 118
10.000305 521 89 89
10.000305 525 98 98
10.000305 527 93 93
10.689789 16 139 139
10.689789 18 23 23
10.689789 21 149 149
10.689789 23 135 135
10.689789 28 151 151
10.689789 35 106 106
10.689789 36 40 40
10.689789 40 130 130
10.689789 52 123 123
10.689789 53 21 21
10.689789 55 149 149
10.689789 58 110 110
10.689789 64 104 104
10.689789 70 1 1
10.689789 78 127 127
10.689789 98 143 143
10.689789 101 136 136
10.689789 115 9 9
10.689789 119 143 143
10.689789 120 47 47
10.689789 130 129 129
10.689789 144 112 112
10.689789 145 159 159
10.689789 163 138 138
10.689789 165 62 62
10.689789 177 176 176
10.689789 180 120 120
10.689789 184 125 125
10.689789 189 111 111
10.689789 202 129 129
10.689789 206 8 8
10.689789 213 115 115
10.689789 226 148 148
10.689789 253 122 122
10.689789 283 41 41
10.689789 285 9 9
10.689789 292 11 11
10.689789 303 114 114
10.689789 310 6 6
10.689789 314 120 120
10.689789 323 97 97
10.689789 325 87 87
10.689789 327 109 109
10.689789 328 113 113
10.689789 331 38 38
10.689789 356 92 92
10.689789 359 30 30
10.689789 367 120 120
10.689789 368 38 38
10.689789 383 32 32
10.689789 401 104 104
10.689789 406 104 104
10.689789 407 30 30
10.689789 420 67 67
10.689789 432 35 35
10.689789 435 112 112
10.689789 444 35 35
10.689789 451 1 1
10.689789 455 11 11
10.689789 459 143 143
10.689789 461 68 68
10.689789 468 101 101
10.689789 491 9 9
10.689789 493 136 136
10.689789 503 15 15
10.689789 513 27 27
10.689789 514 99 99
10.689789 521 109 109
10.689789 525 122 122
10.689789 527 126 126
11.689804 16 226 226
11.689804 21 245 245
11.689804 23 225 225
11.689804 28 180 180
11.689804 35 7 7
11.689804 40 193 193
11.689804 52 147 147
11.689804 55 206 206
11.689804 58 108 108
11.689804 64 138 138
11.689804 78 89 89
11.689804 98 228 228
11.689804 101 222 222
11.689804 119 188 188
11.689804 130 173 173
11.689804 144 84 84
11.689804 145 243 243
11.689804 163 227 227
11.689804 177 274 274
11.689804 180 56 56
11.689804 184 109 109
11.689804 189 126 126
11.689804 202 206 206
11.689804 213 178 178
11.689804 226 153 153
11.689804 253 195 195
11.689804 303 173 173
11.689804 314 111 111
11.689804 323 59 59
11.689804 325 50 50
11.689804 327 183 183
11.689804 328 30 30
11.689804 331 4 4
11.689804 356 19 19
11.689804 367 130 130
11.689804 368 37 37
11.689804 401 81 81
11.689804 406 71 71
11.689804 420 27 27
11.689804 432 5 5
11.689804 435 90 90
11.689804 459 222 222
11.689804 461 23 23
11.689804 468 6 6
11.689804 493 185 185
11.689804 514 9 9
11.689804 521 35 35
11.689804 525 107 107
11.689804 527 182 182
12.689819 16 294 294
12.689819 21 362 362
12.689819 23 326 326
12.689819 28 183 183
12.689819 40 314 314
12.689819 52 178 178
12.689819 55 228 228
12.689819 58 50 50
12.689819 64 122 122
12.689819 78 24 24
12.689819 98 306 306
12.689819 101 280 280
12.689819 119 60 60
12.689819 130 138 138
12.689819 144 20 20
12.689819 145 376 376
12.689819 163 219 219
12.689819 177 260 260
12.689819 180 9 9
12.689819 184 119 119
12.689819 189 125 125
12.689819 202 175 175
12.689819 213 276 276
12.689819 226 156 156
12.689819 253 239 239
12.689819 303 148 148
12.689819 314 27 27
12.689819 323 26 26
12.689819 325 10 10
12.689819 327 283 283
12.689819 367 114 114
12.689819 368 25 25
12.689819 401 50 50
12.689819 406 35 35
12.689819 420 9 9
12.689819 435 5 5
12.689819 459 307 307
12.689819 493 142 142
12.689819 525 8 8
12.689819 527 169 169
13.689835 16 294 294
13.689835 21 450 450
13.689835 23 431 431
13.689835 28 211 211
13.689835 40 481 481
13.689835 52 211 211
13.689835 55 254 254
13.689835 58 10 10
13.689835 64 38 38
13.689835 78 5 5
13.689835 98 363 363
13.689835 101 232 232
13.689835 119 18 18
13.689835 130 21 21
13.689835 144 2 2
13.689835 145 542 542
13.689835 163 129 129
13.689835 177 279 279
13.689835 184 83 83
13.689835 189 153 153
13.689835 202 160 160
13.689835 213 326 326
13.689835 226 137 137
13.689835 253 338 338
13.689835 303 148 148
13.689835 325 1 1
13.689835 327 390 390
13.689835 367 87 87
13.689835 368 5 5
13.689835 401 19 19
13.689835 459 311 311
13.689835 493 61 61
13.689835 527 72 72
14.689850 16 330 330
14.689850 21 476 476
14.689850 23 540 540
14.689850 28 199 199
14.689850 40 632 632
14.689850 52 261 261
14.689850 55 127 127
14.689850 64 22 22
14.689850 98 353 353
14.689850 101 143 143
14.689850 130 13 13
14.689850 145 613 613
14.689850 163 101 101
14.689850 177 277 277
14.689850 184 4 4
14.689850 189 204 204
14.689850 202 155 155
14.689850 213 366 366
14.689850 226 100 100
14.689850 253 295 295
14.689850 303 132 132
14.689850 327 523 523
14.689850 367 79 79
14.689850 459 288 288
14.689850 493 16 16
14.689850 527 46 46
15.689865 16 281 281
15.689865 21 457 457
15.689865 23 670 670
15.689865 28 128 128
15.689865 40 915 915
15.689865 52 297 297
15.689865 55 36 36
15.689865 64 21 21
15.689865 98 348 348
15.689865 101 107 107
15.689865 130 6 6
15.689865 145 621 621
15.689865 163 86 86
15.689865 177 118 118
15.689865 189 284 284
15.689865 202 157 157
15.689865 213 339 339
15.689865 226 82 82
15.689865 253 254 254
15.689865 303 136 136
15.689865 327 618 618
15.689865 367 45 45
15.689865 459 251 251
15.689865 527 18 18
16.689880 16 269 269
16.689880 21 433 433
16.689880 23 770 770
16.689880 28 45 45
16.689880 40 1062 1062
16.689880 52 292 292
16.689880 55 4 4
16.689880 64 20 20
16.689880 98 320 320
16.689880 101 47 47
16.689880 145 708 708
16.689880 163 103 103
16.689880 177 35 35
16.689880 189 283 283
16.689880 202 184 184
16.689880 213 334 334
16.689880 226 54 54
16.689880 253 273 273
16.689880 303 136 136
16.689880 327 665 665
16.689880 367 22 22
16.689880 459 214 214
17.689896 16 261 261
17.689896 21 413 413
17.689896 23 896 896
17.689896 28 22 22
17.689896 40 1202 1202
17.689896 52 189 189
17.689896 64 14 14
17.689896 98 264 264
17.689896 101 20 20
17.689896 145 771 771
17.689896 163 137 137
17.689896 177 7 7
17.689896 189 253 253
17.689896 202 254 254
17.689896 213 252 252
17.689896 226 15 15
17.689896 253 304 304
17.689896 303 130 130
17.689896 327 692 692
17.689896 459 226 226
18.689911 16 217 217
18.689911 21 349 349
18.689911 23 956 956
18.689911 40 1391 1391
18.689911 52 139 139
18.689911 98 263 263
18.689911 101 2 2
18.689911 145 797 797
18.689911 163 92 92
18.689911 189 221 221
18.689911 202 322 322
18.689911 213 184 184
18.689911 253 316 316
18.689911 303 141 141
18.689911 327 748 748
18.689911 459 161 161
19.689926 16 183 183
19.689926 21 278 278
19.689926 23 952 952
19.689926 40 1637 1637
19.689926 52 59 59
19.689926 98 260 260
19.689926 145 922 922
19.689926 163 36 36
19.689926 189 172 172
19.689926 202 296 296
19.689926 213 193 193
19.689926 253 300 300
19.689926 303 122 122
19.689926 327 765 765
19.689926 459 116 116
20.689941 16 162 162
20.689941 21 277 277
20.689941 23 844 844
20.689941 40 1762 1762
20.689941 52 39 39
20.689941 98 257 257
20.689941 145 1072 1072
20.689941 163 26 26
20.689941 189 85 85
20.689941 202 293 293
20.689941 213 266 266
20.689941 253 279 279
20.689941 303 90 90
20.689941 327 812 812
20.689941 459 93 93
21.689957 16 151 151
21.689957 21 312 312
21.689957 23 695 695
21.689957 40 1808 1808
21.689957 52 41 41
21.689957 98 354 354
21.689957 145 1062 1062
21.689957 163 27 27
21.689957 189 55 55
21.689957 202 261 261
21.689957 213 352 352
21.689957 253 222 222
21.689957 303 61 61
21.689957 327 862 862
21.689957 459 70 70
22.689972 16 124 124
22.689972 21 324 324
22.689972 23 625 625
22.689972 40 1855 1855
22.689972 52 41 41
22.689972 98 335 335
22.689972 145 1103 1103
22.689972 163 9 9
22.689972 202 193 193
22.689972 213 498 498
22.689972 253 165 165
22.689972 303 32 32
22.689972 327 899 899
22.689972 459 71 71
23.689987 16 58 58
23.689987 21 298 298
23.689987 23 622 622
23.689987 40 1952 1952
23.689987 52 19 19
23.689987 98 267 267
23.689987 145 1099 1099
23.689987 202 145 145
23.689987 213 548 548
23.689987 253 93 93
23.689987 303 32 32
23.689987 327 1023 1023
23.689987 459 92 92
24.690002 16 25 25
24.690002 21 305 305
24.690002 23 504 504
24.690002 40 2007 2007
24.690002 98 227 227
24.690002 145 1157 1157
24.690002 202 144 144
24.690002 213 585 585
24.690002 253 70 70
24.690002 303 21 21
24.690002 327 1120 1120
24.690002 459 83 83
25.690018 16 7 7
25.690018 21 291 291
25.690018 23 446 446
25.690018 40 2120 2120
25.690018 98 141 141
25.690018 145 1250 1250
25.690018 202 168 168
25.690018 213 634 634
25.690018 253 87 87
25.690018 303 1 1
25.690018 327 1137 1137
25.690018 459 78 78
26.690033 21 234 234
26.690033 23 437 437
26.690033 40 2240 2240
26.690033 98 85 85
26.690033 145 1368 1368
26.690033 202 158 158
26.690033 213 533 533
26.690033 253 21 21
26.690033 327 1165 1165
26.690033 459 98 98
27.690048 21 214 214
27.690048 23 474 474
27.690048 40 2331 2331
27.690048 98 40 40
27.690048 145 1414 1414
27.690048 202 175 175
27.690048 213 425 425
27.690048 253 5 5
27.690048 327 1113 1113
27.690048 459 80 80
28.690063 21 191 191
28.690063 23 493 493
28.690063 40 2377 2377
28.690063 98 29 29
28.690063 145 1470 1470
28.690063 202 154 154
28.690063 213 446 446
28.690063 327 1083 1083
28.690063 459 69 69
29.690079 21 159 159
29.690079 23 521 521
29.690079 40 2477 2477
29.690079 98 23 23
29.690079 145 1448 1448
29.690079 202 176 176
29.690079 213 404 404
29.690079 327 1042 1042
29.690079 459 53 53
30.690094 21 120 120
30.690094 23 508 508
30.690094 40 2508 2508
30.690094 98 28 28
30.690094 145 1483 1483
30.690094 202 191 191
30.690094 213 370 370
30.690094 327 1018 1018
30.690094 459 44 44
31.690109 21 78 78
31.690109 23 528 528
31.690109 40 2606 2606
31.690109 98 39 39
31.690109 145 1613 1613
31.690109 202 117 117
31.690109 213 309 309
31.690109 327 1022 1022
31.690109 459 10 10
32.690125 21 72 72
32.690125 23 506 506
32.690125 40 2616 2616
32.690125 98 30 30
32.690125 145 1665 1665
32.690125 202 68 68
32.690125 213 354 354
32.690125 327 1044 1044
33.690140 21 46 46
33.690140 23 489 489
33.690140 40 2672 2672
33.690140 98 24 24
33.690140 145 1645 1645
33.690140 202 72 72
33.690140 213 345 345
33.690140 327 1024 1024
34.690155 21 23 23
34.690155 23 450 450
34.690155 40 2698 2698
34.690155 98 22 22
34.690155 145 1660 1660
34.690155 202 77 77
34.690155 213 329 329
34.690155 327 1020 1020
35.690170 21 31 31
35.690170 23 434 434
35.690170 40 2716 2716
35.690170 98 19 19
35.690170 145 1655 1655
35.690170 202 58 58
35.690170 213 336 336
35.690170 327 1071 1071
36.690186 21 19 19
36.690186 23 451 451
36.690186 40 2662 2662
36.690186 98 8 8
36.690186 145 1671 1671
36.690186 202 37 37
36.690186 213 320 320
36.690186 327 1129 1129
37.690201 21 2 2
37.690201 23 372 372
37.690201 40 2746 2746
37.690201 145 1737 1737
37.690201 213 265 265
37.690201 327 1143 1143
38.690216 23 299 299
38.690216 40 2784 2784
38.690216 145 1731 1731
38.690216 213 280 280
38.690216 327 1166 1166
39.690231 23 294 294
39.690231 40 2793 2793
39.690231 145 1693 1693
39.690231 213 268 268
39.690231 327 1239 1239
40.690247 23 338 338
40.690247 40 2587 2587
40.690247 145 1753 1753
40.690247 213 339 339
40.690247 327 1253 1253
41.690262 23 334 334
41.690262 40 2466 2466
41.690262 145 1819 1819
41.690262 213 352 352
41.690262 327 1337 1337
42.690277 23 343 343
42.690277 40 2575 2575
42.690277 145 1800 1800
42.690277 213 343 343
42.690277 327 1279 1279
43.690292 23 354 354
43.690292 40 2682 2682
43.690292 145 1804 1804
43.690292 213 322 322
43.690292 327 1112 1112
44.690308 23 388 388
44.690308 40 2787 2787
44.690308 145 1849 1849
44.690308 213 309 309
44.690308 327 1006 1006
45.690323 23 359 359
45.690323 40 2843 2843
45.690323 145 1826 1826
45.690323 213 329 329
45.690323 327 942 942
46.690338 23 347 347
46.690338 40 2815 2815
46.690338 145 1818 1818
46.690338 213 416 416
46.690338 327 893 893
47.690353 23 354 354
47.690353 40 2784 2784
47.690353 145 1855 1855
47.690353 213 479 479
47.690353 327 833 833
48.690369 23 348 348
48.690369 40 2902 2902
48.690369 145 1873 1873
48.690369 213 401 401
48.690369 327 767 767
49.690384 23 293 293
49.690384 40 3084 3084
49.690384 145 1856 1856
49.690384 213 372 372
49.690384 327 733 733
50.690399 23 272 272
50.690399 40 3128 3128
50.690399 145 1807 1807
50.690399 213 354 354
50.690399 327 694 694
51.690414 23 270 270
51.690414 40 3085 3085
51.690414 145 1929 1929
51.690414 213 319 319
51.690414 327 722 722
52.690430 23 339 339
52.690430 40 2948 2948
52.690430 145 1936 1936
52.690430 213 314 314
52.690430 327 814 814
53.690445 23 412 412
53.690445 40 2899 2899
53.690445 145 1845 1845
53.690445 213 303 303
53.690445 327 862 862
54.690460 23 549 549
54.690460 40 2863 2863
54.690460 145 1717 1717
54.690460 213 335 335
54.690460 327 840 840
55.690475 23 733 733
55.690475 40 2981 2981
55.690475 145 1554 1554
55.690475 213 328 328
55.690475 327 727 727
56.690491 23 747 747
56.690491 40 3170 3170
56.690491 145 1504 1504
56.690491 213 265 265
56.690491 327 612 612
57.690506 23 773 773
57.690506 40 3308 3308
57.690506 145 1537 1537
57.690506 213 170 170
57.690506 327 533 533
58.690521 23 813 813
58.690521 40 3222 3222
58.690521 145 1584 1584
58.690521 213 117 117
58.690521 327 510 510
59.690536 23 774 774
59.690536 40 3286 3286
59.690536 145 1682 1682
59.690536 213 62 62
59.690536 327 514 514
60.690552 23 800 800
60.690552 40 3254 3254
60.690552 145 1686 1686
60.690552 213 17 17
60.690552 327 533 533
61.690567 23 871 871
61.690567 40 3125 3125
61.690567 145 1672 1672
61.690567 213 8 8
61.690567 327 606 606
62.690582 23 903 903
62.690582 40 3006 3006
62.690582 145 1687 1687
62.690582 327 714 714
63.690598 23 957 957
63.690598 40 2806 2806
63.690598 145 1645 1645
63.690598 327 878 878
64.690613 23 993 993
64.690613 40 2642 2642
64.690613 145 1713 1713
64.690613 327 958 958
65.690628 23 1083 1083
65.690628 40 2426 2426
65.690628 145 1710 1710
65.690628 327 1087 1087
66.690643 23 1119 1119
66.690643 40 2458 2458
66.690643 145 1687 1687
66.690643 327 1057 1057
67.690659 23 1067 1067
67.690659 40 2442 2442
67.690659 145 1741 1741
67.690659 327 983 983
68.690674 23 1116 1116
68.690674 40 2503 2503
68.690674 145 1800 1800
68.690674 327 869 869
69.690689 23 1145 1145
69.690689 40 2511 2511
69.690689 145 1725 1725
69.690689 327 896 896
70.690704 23 1200 1200
70.690704 40 2502 2502
70.690704 145 1599 1599
70.690704 327 912 912
71.690720 23 1217 1217
71.690720 40 2556 2556
71.690720 145 1633 1633
71.690720 327 878 878
