0.000000 0 1 1
0.000000 1 1 1
0.000000 2 1 1
0.000000 3 1 1
0.000000 4 1 1
0.000000 5 1 1
0.000000 6 1 1
0.000000 7 1 1
0.000000 8 1 1
0.000000 9 1 1
0.000000 10 1 1
0.000000 11 1 1
0.000000 12 1 1
0.000000 13 1 1
0.000000 14 1 1
0.000000 15 1 1
0.000000 16 1 1
0.000000 17 1 1
0.000000 18 1 1
0.000000 19 1 1
0.000000 20 1 1
0.000000 21 1 1
0.000000 22 1 1
0.000000 23 1 1
0.000000 24 1 1
0.000000 26 1 1
0.000000 27 1 1
0.000000 28 1 1
0.000000 29 1 1
0.000000 30 1 1
0.000000 31 1 1
0.000000 32 1 1
0.000000 33 1 1
0.000000 34 1 1
0.000000 35 1 1
0.000000 36 1 1
0.000000 37 1 1
0.000000 38 1 1
0.000000 39 1 1
0.000000 40 1 1
0.000000 41 1 1
0.000000 42 1 1
0.000000 43 1 1
0.000000 44 1 1
0.000000 47 1 1
0.000000 48 1 1
0.000000 49 1 1
0.000000 50 1 1
0.000000 51 1 1
0.000000 52 1 1
0.000000 53 1 1
0.000000 54 1 1
0.000000 55 1 1
0.000000 56 1 1
0.000000 57 1 1
0.000000 58 1 1
0.000000 59 1 1
0.000000 60 1 1
0.000000 61 1 1
0.000000 62 1 1
0.000000 63 1 1
0.000000 64 1 1
0.000000 65 1 1
0.000000 66 1 1
0.000000 67 1 1
0.000000 69 1 1
0.000000 70 1 1
0.000000 72 1 1
0.000000 73 1 1
0.000000 75 1 1
0.000000 76 1 1
0.000000 77 1 1
0.000000 78 1 1
0.000000 79 1 1
0.000000 80 1 1
0.000000 81 1 1
0.000000 82 1 1
0.000000 83 1 1
0.000000 85 1 1
0.000000 87 1 1
0.000000 89 1 1
0.000000 90 1 1
0.000000 91 1 1
0.000000 92 1 1
0.000000 93 1 1
0.000000 94 1 1
0.000000 95 1 1
0.000000 96 1 1
0.000000 97 1 1
0.000000 98 1 1
0.000000 99 1 1
0.000000 100 1 1
0.000000 101 1 1
0.000000 102 1 1
0.000000 103 1 1
0.000000 104 1 1
0.000000 105 1 1
0.000000 106 1 1
0.000000 107 1 1
0.000000 108 1 1
0.000000 109 1 1
0.000000 110 1 1
0.000000 111 1 1
0.000000 112 1 1
0.000000 113 1 1
0.000000 114 1 1
0.000000 115 1 1
0.000000 116 1 1
0.000000 117 1 1
0.000000 118 1 1
0.000000 119 1 1
0.000000 121 1 1
0.000000 122 1 1
0.000000 124 1 1
0.000000 125 1 1
0.000000 126 1 1
0.000000 127 1 1
0.000000 128 1 1
0.000000 129 1 1
0.000000 130 1 1
0.000000 131 1 1
0.000000 132 1 1
0.000000 133 1 1
0.000000 134 1 1
0.000000 135 1 1
0.000000 137 1 1
0.000000 138 1 1
0.000000 139 1 1
0.000000 140 1 1
0.000000 141 1 1
0.000000 142 1 1
0.000000 143 1 1
0.000000 144 1 1
0.000000 145 1 1
0.000000 146 1 1
0.000000 147 1 1
0.000000 148 1 1
0.000000 149 1 1
0.000000 150 1 1
0.000000 151 1 1
0.000000 152 1 1
0.000000 153 1 1
0.000000 154 1 1
0.000000 155 1 1
0.000000 156 1 1
0.000000 157 1 1
0.000000 158 1 1
0.000000 159 1 1
0.000000 160 1 1
0.000000 161 1 1
0.000000 162 1 1
0.000000 164 1 1
0.000000 165 1 1
0.000000 166 1 1
0.000000 167 1 1
0.000000 168 1 1
0.000000 169 1 1
0.000000 171 1 1
0.000000 172 1 1
0.000000 173 1 1
0.000000 174 1 1
0.000000 175 1 1
0.000000 177 1 1
0.000000 178 1 1
0.000000 179 1 1
0.000000 180 1 1
0.000000 181 1 1
0.000000 182 1 1
0.000000 183 1 1
0.000000 184 1 1
0.000000 185 1 1
0.000000 186 1 1
0.000000 187 1 1
0.000000 188 1 1
0.000000 189 1 1
0.000000 190 1 1
0.000000 191 1 1
0.000000 192 1 1
0.000000 193 1 1
0.000000 194 1 1
0.000000 195 1 1
0.000000 196 1 1
0.000000 197 1 1
0.000000 199 1 1
0.000000 200 1 1
0.000000 202 1 1
0.000000 203 1 1
0.000000 204 1 1
0.000000 205 1 1
0.000000 206 1 1
0.000000 207 1 1
0.000000 208 1 1
0.000000 209 1 1
0.000000 210 1 1
0.000000 211 1 1
0.000000 212 1 1
0.000000 213 1 1
0.000000 214 1 1
0.000000 215 1 1
0.000000 216 1 1
0.000000 217 1 1
0.000000 218 1 1
0.000000 219 1 1
0.000000 221 1 1
0.000000 222 1 1
0.000000 223 1 1
0.000000 224 1 1
0.000000 226 1 1
0.000000 227 1 1
0.000000 228 1 1
0.000000 229 1 1
0.000000 230 1 1
0.000000 231 1 1
0.000000 232 1 1
0.000000 233 1 1
0.000000 234 1 1
0.000000 235 1 1
0.000000 236 1 1
0.000000 237 1 1
0.000000 238 1 1
0.000000 239 1 1
0.000000 240 1 1
0.000000 241 1 1
0.000000 242 1 1
0.000000 243 1 1
0.000000 244 1 1
0.000000 245 1 1
0.000000 246 1 1
0.000000 247 1 1
0.000000 248 1 1
0.000000 249 1 1
0.000000 250 1 1
0.000000 251 1 1
0.000000 252 1 1
0.000000 253 1 1
0.000000 254 1 1
0.000000 255 1 1
0.000000 256 1 1
0.000000 257 1 1
0.000000 258 1 1
0.000000 259 1 1
0.000000 260 1 1
0.000000 261 1 1
0.000000 262 1 1
0.000000 263 1 1
0.000000 264 1 1
0.000000 265 1 1
0.000000 266 1 1
0.000000 267 1 1
0.000000 268 1 1
0.000000 269 1 1
0.000000 270 1 1
0.000000 271 1 1
0.000000 272 1 1
0.000000 274 1 1
0.000000 275 1 1
0.000000 276 1 1
0.000000 277 1 1
0.000000 278 1 1
0.000000 279 1 1
0.000000 280 1 1
0.000000 281 1 1
0.000000 283 1 1
0.000000 284 1 1
0.000000 285 1 1
0.000000 286 1 1
0.000000 288 1 1
0.000000 289 1 1
0.000000 290 1 1
0.000000 291 1 1
0.000000 292 1 1
0.000000 293 1 1
0.000000 294 1 1
0.000000 295 1 1
0.000000 296 1 1
0.000000 297 1 1
0.000000 298 1 1
0.000000 299 1 1
0.000000 300 1 1
0.000000 301 1 1
0.000000 302 1 1
0.000000 304 1 1
0.000000 305 1 1
0.000000 307 1 1
0.000000 308 1 1
0.000000 309 1 1
0.000000 310 1 1
0.000000 312 1 1
0.000000 313 1 1
0.000000 314 1 1
0.000000 315 1 1
0.000000 316 1 1
0.000000 317 1 1
0.000000 318 1 1
0.000000 320 1 1
0.000000 321 1 1
0.000000 322 1 1
0.000000 323 1 1
0.000000 324 1 1
0.000000 325 1 1
0.000000 327 1 1
0.000000 329 1 1
0.000000 330 1 1
0.000000 331 1 1
0.000000 332 1 1
0.000000 333 1 1
0.000000 334 1 1
0.000000 335 1 1
0.000000 336 1 1
0.000000 337 1 1
0.000000 338 1 1
0.000000 339 1 1
0.000000 340 1 1
0.000000 341 1 1
0.000000 342 1 1
0.000000 343 1 1
0.000000 345 1 1
0.000000 347 1 1
0.000000 348 1 1
0.000000 349 1 1
0.000000 350 1 1
0.000000 351 1 1
0.000000 352 1 1
0.000000 353 1 1
0.000000 355 1 1
0.000000 356 1 1
0.000000 357 1 1
0.000000 358 1 1
0.000000 359 1 1
0.000000 360 1 1
0.000000 361 1 1
0.000000 362 1 1
0.000000 363 1 1
0.000000 365 1 1
0.000000 366 1 1
0.000000 367 1 1
0.000000 368 1 1
0.000000 369 1 1
0.000000 370 1 1
0.000000 371 1 1
0.000000 372 1 1
0.000000 373 1 1
0.000000 374 1 1
0.000000 375 1 1
0.000000 376 1 1
0.000000 377 1 1
0.000000 378 1 1
0.000000 379 1 1
0.000000 380 1 1
0.000000 382 1 1
0.000000 383 1 1
0.000000 384 1 1
0.000000 385 1 1
0.000000 386 1 1
0.000000 387 1 1
0.000000 388 1 1
0.000000 389 1 1
0.000000 390 1 1
0.000000 391 1 1
0.000000 392 1 1
0.000000 394 1 1
0.000000 395 1 1
0.000000 396 1 1
0.000000 397 1 1
0.000000 398 1 1
0.000000 399 1 1
0.000000 400 1 1
0.000000 401 1 1
0.000000 402 1 1
0.000000 403 1 1
0.000000 404 1 1
0.000000 405 1 1
0.000000 406 1 1
0.000000 407 1 1
0.000000 409 1 1
0.000000 411 1 1
0.000000 412 1 1
0.000000 413 1 1
0.000000 414 1 1
0.000000 415 1 1
0.000000 416 1 1
0.000000 417 1 1
0.000000 418 1 1
0.000000 419 1 1
0.000000 420 1 1
0.000000 421 1 1
0.000000 423 1 1
0.000000 424 1 1
0.000000 425 1 1
0.000000 426 1 1
0.000000 427 1 1
0.000000 429 1 1
0.000000 430 1 1
0.000000 431 1 1
0.000000 433 1 1
0.000000 434 1 1
0.000000 435 1 1
0.000000 436 1 1
0.000000 437 1 1
0.000000 438 1 1
0.000000 439 1 1
0.000000 441 1 1
0.000000 442 1 1
0.000000 443 1 1
0.000000 444 1 1
0.000000 445 1 1
0.000000 446 1 1
0.000000 447 1 1
0.000000 448 1 1
0.000000 449 1 1
0.000000 450 1 1
0.000000 451 1 1
0.000000 452 1 1
0.000000 453 1 1
0.000000 454 1 1
0.000000 456 1 1
0.000000 457 1 1
0.000000 458 1 1
0.000000 459 1 1
0.000000 460 1 1
0.000000 461 1 1
0.000000 462 1 1
0.000000 463 1 1
0.000000 464 1 1
0.000000 465 1 1
0.000000 466 1 1
0.000000 467 1 1
0.000000 468 1 1
0.000000 469 1 1
0.000000 470 1 1
0.000000 471 1 1
0.000000 472 1 1
0.000000 473 1 1
0.000000 474 1 1
0.000000 475 1 1
0.000000 476 1 1
0.000000 477 1 1
0.000000 478 1 1
0.000000 479 1 1
0.000000 480 1 1
0.000000 481 1 1
0.000000 482 1 1
0.000000 483 1 1
0.000000 484 1 1
0.000000 485 1 1
0.000000 486 1 1
0.000000 487 1 1
0.000000 488 1 1
0.000000 489 1 1
0.000000 490 1 1
0.000000 491 1 1
0.000000 492 1 1
0.000000 493 1 1
0.000000 494 1 1
0.000000 495 1 1
0.000000 496 1 1
0.000000 497 1 1
0.000000 498 1 1
0.000000 499 1 1
0.000000 500 1 1
0.000000 501 1 1
0.000000 502 1 1
0.000000 505 1 1
0.000000 506 1 1
0.000000 507 1 1
0.000000 508 1 1
0.000000 509 1 1
0.000000 510 1 1
0.000000 511 1 1
0.000000 512 1 1
0.000000 513 1 1
0.000000 514 1 1
0.000000 515 1 1
0.000000 516 1 1
0.000000 517 1 1
0.000000 518 1 1
0.000000 520 1 1
0.000000 521 1 1
0.000000 522 1 1
0.000000 523 1 1
0.000000 524 1 1
0.000000 525 1 1
0.000000 526 1 1
0.000000 527 1 1
0.000000 528 1 1
0.000000 529 1 1
0.000000 530 1 1
0.000000 531 1 1
0.000000 533 1 1
0.000000 534 1 1
0.000000 535 1 1
0.000000 536 1 1
0.000000 537 1 1
0.000000 538 1 1
0.000000 539 1 1
0.000000 540 1 1
0.000000 541 1 1
0.000000 542 1 1
0.000000 543 1 1
0.000000 544 1 1
0.000000 545 1 1
0.000000 546 1 1
0.000000 547 1 1
0.000000 548 1 1
0.000000 549 1 1
1.000031 0 1 1
1.000031 1 1 1
1.000031 2 1 1
1.000031 3 1 1
1.000031 4 2 2
1.000031 5 2 2
1.000031 6 2 2
1.000031 7 2 2
1.000031 8 2 2
1.000031 9 2 2
1.000031 10 2 2
1.000031 11 2 2
1.000031 12 2 2
1.000031 13 1 1
1.000031 14 2 2
1.000031 15 2 2
1.000031 16 1 1
1.000031 17 2 2
1.000031 18 2 2
1.000031 19 2 2
1.000031 20 2 2
1.000031 21 2 2
1.000031 22 1 1
1.000031 23 2 2
1.000031 24 2 2
1.000031 26 2 2
1.000031 27 2 2
1.000031 28 1 1
1.000031 29 1 1
1.000031 30 2 2
1.000031 31 2 2
1.000031 32 2 2
1.000031 33 2 2
1.000031 34 2 2
1.000031 35 2 2
1.000031 36 2 2
1.000031 37 1 1
1.000031 38 2 2
1.000031 39 1 1
1.000031 40 2 2
1.000031 41 2 2
1.000031 42 1 1
1.000031 43 2 2
1.000031 44 2 2
1.000031 47 2 2
1.000031 48 2 2
1.000031 49 1 1
1.000031 50 2 2
1.000031 51 1 1
1.000031 52 1 1
1.000031 53 1 1
1.000031 54 2 2
1.000031 55 1 1
1.000031 56 2 2
1.000031 57 1 1
1.000031 58 1 1
1.000031 59 1 1
1.000031 60 1 1
1.000031 61 1 1
1.000031 62 2 2
1.000031 63 1 1
1.000031 64 2 2
1.000031 65 1 1
1.000031 66 2 2
1.000031 67 2 2
1.000031 69 2 2
1.000031 70 2 2
1.000031 72 2 2
1.000031 73 2 2
1.000031 75 1 1
1.000031 76 1 1
1.000031 77 1 1
1.000031 78 1 1
1.000031 79 2 2
1.000031 80 1 1
1.000031 81 2 2
1.000031 82 2 2
1.000031 83 1 1
1.000031 85 2 2
1.000031 87 2 2
1.000031 89 1 1
1.000031 90 2 2
1.000031 91 2 2
1.000031 92 1 1
1.000031 93 2 2
1.000031 94 2 2
1.000031 95 2 2
1.000031 96 1 1
1.000031 97 2 2
1.000031 98 2 2
1.000031 99 1 1
1.000031 100 2 2
1.000031 101 1 1
1.000031 102 2 2
1.000031 103 2 2
1.000031 104 2 2
1.000031 105 1 1
1.000031 106 1 1
1.000031 107 2 2
1.000031 108 2 2
1.000031 109 2 2
1.000031 110 2 2
1.000031 111 2 2
1.000031 112 1 1
1.000031 113 2 2
1.000031 114 2 2
1.000031 115 1 1
1.000031 116 1 1
1.000031 117 1 1
1.000031 118 1 1
1.000031 119 1 1
1.000031 121 2 2
1.000031 122 1 1
1.000031 124 2 2
1.000031 125 2 2
1.000031 126 1 1
1.000031 127 1 1
1.000031 128 2 2
1.000031 129 1 1
1.000031 130 1 1
1.000031 131 1 1
1.000031 132 1 1
1.000031 133 1 1
1.000031 134 1 1
1.000031 135 2 2
1.000031 137 2 2
1.000031 138 2 2
1.000031 139 1 1
1.000031 140 1 1
1.000031 141 2 2
1.000031 142 1 1
1.000031 143 1 1
1.000031 144 2 2
1.000031 145 2 2
1.000031 146 2 2
1.000031 147 2 2
1.000031 148 1 1
1.000031 149 2 2
1.000031 150 2 2
1.000031 151 2 2
1.000031 152 2 2
1.000031 153 1 1
1.000031 154 2 2
1.000031 155 2 2
1.000031 156 1 1
1.000031 157 2 2
1.000031 158 2 2
1.000031 159 1 1
1.000031 160 2 2
1.000031 161 2 2
1.000031 162 1 1
1.000031 164 2 2
1.000031 165 2 2
1.000031 166 1 1
1.000031 167 2 2
1.000031 168 1 1
1.000031 169 1 1
1.000031 171 1 1
1.000031 172 2 2
1.000031 173 1 1
1.000031 174 2 2
1.000031 175 2 2
1.000031 177 2 2
1.000031 178 2 2
1.000031 179 2 2
1.000031 180 1 1
1.000031 181 1 1
1.000031 182 1 1
1.000031 183 2 2
1.000031 184 2 2
1.000031 185 1 1
1.000031 186 1 1
1.000031 187 2 2
1.000031 188 1 1
1.000031 189 1 1
1.000031 190 1 1
1.000031 191 2 2
1.000031 192 2 2
1.000031 193 1 1
1.000031 194 1 1
1.000031 195 1 1
1.000031 196 2 2
1.000031 197 2 2
1.000031 199 2 2
1.000031 200 1 1
1.000031 202 2 2
1.000031 203 2 2
1.000031 204 2 2
1.000031 205 2 2
1.000031 206 1 1
1.000031 207 2 2
1.000031 208 2 2
1.000031 209 1 1
1.000031 210 1 1
1.000031 211 1 1
1.000031 212 2 2
1.000031 213 1 1
1.000031 214 1 1
1.000031 215 1 1
1.000031 216 1 1
1.000031 217 1 1
1.000031 218 2 2
1.000031 219 2 2
1.000031 221 2 2
1.000031 222 2 2
1.000031 223 2 2
1.000031 224 2 2
1.000031 226 2 2
1.000031 227 2 2
1.000031 228 2 2
1.000031 229 1 1
1.000031 230 2 2
1.000031 231 2 2
1.000031 232 1 1
1.000031 233 1 1
1.000031 234 1 1
1.000031 235 2 2
1.000031 236 2 2
1.000031 237 2 2
1.000031 238 1 1
1.000031 239 1 1
1.000031 240 1 1
1.000031 241 1 1
1.000031 242 2 2
1.000031 243 2 2
1.000031 244 2 2
1.000031 245 2 2
1.000031 246 1 1
1.000031 247 2 2
1.000031 248 1 1
1.000031 249 2 2
1.000031 250 2 2
1.000031 251 1 1
1.000031 252 1 1
1.000031 253 1 1
1.000031 254 2 2
1.000031 255 1 1
1.000031 256 2 2
1.000031 257 2 2
1.000031 258 2 2
1.000031 259 1 1
1.000031 260 1 1
1.000031 261 2 2
1.000031 262 2 2
1.000031 263 2 2
1.000031 264 1 1
1.000031 265 2 2
1.000031 266 2 2
1.000031 267 1 1
1.000031 268 2 2
1.000031 269 1 1
1.000031 270 2 2
1.000031 271 2 2
1.000031 272 2 2
1.000031 274 2 2
1.000031 275 2 2
1.000031 276 2 2
1.000031 277 2 2
1.000031 278 1 1
1.000031 279 2 2
1.000031 280 2 2
1.000031 281 1 1
1.000031 283 2 2
1.000031 284 2 2
1.000031 285 2 2
1.000031 286 1 1
1.000031 288 1 1
1.000031 289 2 2
1.000031 290 1 1
1.000031 291 2 2
1.000031 292 2 2
1.000031 293 2 2
1.000031 294 2 2
1.000031 295 2 2
1.000031 296 1 1
1.000031 297 2 2
1.000031 298 1 1
1.000031 299 2 2
1.000031 300 1 1
1.000031 301 2 2
1.000031 302 2 2
1.000031 304 1 1
1.000031 305 2 2
1.000031 307 2 2
1.000031 308 2 2
1.000031 309 2 2
1.000031 310 1 1
1.000031 312 2 2
1.000031 313 1 1
1.000031 314 1 1
1.000031 315 1 1
1.000031 316 2 2
1.000031 317 2 2
1.000031 318 1 1
1.000031 320 1 1
1.000031 321 1 1
1.000031 322 2 2
1.000031 323 1 1
1.000031 324 2 2
1.000031 325 2 2
1.000031 327 1 1
1.000031 329 1 1
1.000031 330 2 2
1.000031 331 2 2
1.000031 332 1 1
1.000031 333 1 1
1.000031 334 2 2
1.000031 335 1 1
1.000031 336 1 1
1.000031 337 2 2
1.000031 338 1 1
1.000031 339 2 2
1.000031 340 2 2
1.000031 341 1 1
1.000031 342 1 1
1.000031 343 2 2
1.000031 345 1 1
1.000031 347 1 1
1.000031 348 2 2
1.000031 349 2 2
1.000031 350 1 1
1.000031 351 1 1
1.000031 352 2 2
1.000031 353 1 1
1.000031 355 2 2
1.000031 356 1 1
1.000031 357 2 2
1.000031 358 2 2
1.000031 359 2 2
1.000031 360 1 1
1.000031 361 2 2
1.000031 362 1 1
1.000031 363 2 2
1.000031 365 2 2
1.000031 366 2 2
1.000031 367 2 2
1.000031 368 2 2
1.000031 369 2 2
1.000031 370 1 1
1.000031 371 1 1
1.000031 372 2 2
1.000031 373 1 1
1.000031 374 1 1
1.000031 375 1 1
1.000031 376 2 2
1.000031 377 2 2
1.000031 378 1 1
1.000031 379 1 1
1.000031 380 1 1
1.000031 382 1 1
1.000031 383 1 1
1.000031 384 1 1
1.000031 385 1 1
1.000031 386 1 1
1.000031 387 1 1
1.000031 388 1 1
1.000031 389 1 1
1.000031 390 1 1
1.000031 391 2 2
1.000031 392 2 2
1.000031 394 2 2
1.000031 395 2 2
1.000031 396 2 2
1.000031 397 1 1
1.000031 398 1 1
1.000031 399 2 2
1.000031 400 2 2
1.000031 401 1 1
1.000031 402 2 2
1.000031 403 2 2
1.000031 404 2 2
1.000031 405 1 1
1.000031 406 1 1
1.000031 407 1 1
1.000031 409 1 1
1.000031 411 1 1
1.000031 412 2 2
1.000031 413 1 1
1.000031 414 2 2
1.000031 415 2 2
1.000031 416 1 1
1.000031 417 2 2
1.000031 418 2 2
1.000031 419 2 2
1.000031 420 2 2
1.000031 421 2 2
1.000031 423 1 1
1.000031 424 2 2
1.000031 425 2 2
1.000031 426 1 1
1.000031 427 2 2
1.000031 429 1 1
1.000031 430 2 2
1.000031 431 2 2
1.000031 433 2 2
1.000031 434 2 2
1.000031 435 2 2
1.000031 436 1 1
1.000031 437 1 1
1.000031 438 1 1
1.000031 439 2 2
1.000031 441 1 1
1.000031 442 1 1
1.000031 443 2 2
1.000031 444 2 2
1.000031 445 1 1
1.000031 446 1 1
1.000031 447 2 2
1.000031 448 2 2
1.000031 449 1 1
1.000031 450 2 2
1.000031 451 2 2
1.000031 452 2 2
1.000031 453 1 1
1.000031 454 1 1
1.000031 456 2 2
1.000031 457 2 2
1.000031 458 2 2
1.000031 459 1 1
1.000031 460 2 2
1.000031 461 1 1
1.000031 462 2 2
1.000031 463 1 1
1.000031 464 1 1
1.000031 465 1 1
1.000031 466 1 1
1.000031 467 1 1
1.000031 468 2 2
1.000031 469 2 2
1.000031 470 1 1
1.000031 471 2 2
1.000031 472 1 1
1.000031 473 2 2
1.000031 474 2 2
1.000031 475 2 2
1.000031 476 2 2
1.000031 477 2 2
1.000031 478 1 1
1.000031 479 2 2
1.000031 480 1 1
1.000031 481 1 1
1.000031 482 2 2
1.000031 483 1 1
1.000031 484 1 1
1.000031 485 2 2
1.000031 486 2 2
1.000031 487 1 1
1.000031 488 1 1
1.000031 489 1 1
1.000031 490 1 1
1.000031 491 2 2
1.000031 492 2 2
1.000031 493 2 2
1.000031 494 2 2
1.000031 495 1 1
1.000031 496 2 2
1.000031 497 1 1
1.000031 498 1 1
1.000031 499 2 2
1.000031 500 2 2
1.000031 501 2 2
1.000031 502 1 1
1.000031 505 2 2
1.000031 506 1 1
1.000031 507 1 1
1.000031 508 1 1
1.000031 509 1 1
1.000031 510 2 2
1.000031 511 2 2
1.000031 512 2 2
1.000031 513 2 2
1.000031 514 2 2
1.000031 515 2 2
1.000031 516 2 2
1.000031 517 2 2
1.000031 518 2 2
1.000031 520 2 2
1.000031 521 1 1
1.000031 522 2 2
1.000031 523 1 1
1.000031 524 2 2
1.000031 525 1 1
1.000031 526 1 1
1.000031 527 1 1
1.000031 528 2 2
1.000031 529 1 1
1.000031 530 2 2
1.000031 531 2 2
1.000031 533 1 1
1.000031 534 1 1
1.000031 535 2 2
1.000031 536 1 1
1.000031 537 2 2
1.000031 538 2 2
1.000031 539 1 1
1.000031 540 2 2
1.000031 541 2 2
1.000031 542 2 2
1.000031 543 1 1
1.000031 544 2 2
1.000031 545 1 1
1.000031 546 2 2
1.000031 547 2 2
1.000031 548 2 2
1.000031 549 2 2
2.000061 0 2 2
2.000061 1 2 2
2.000061 2 2 2
2.000061 3 2 2
2.000061 4 2 2
2.000061 5 2 2
2.000061 6 3 3
2.000061 7 2 2
2.000061 8 2 2
2.000061 9 2 2
2.000061 10 2 2
2.000061 11 3 3
2.000061 12 2 2
2.000061 13 2 2
2.000061 14 2 2
2.000061 15 1 1
2.000061 16 2 2
2.000061 17 2 2
2.000061 18 2 2
2.000061 19 2 2
2.000061 20 2 2
2.000061 21 2 2
2.000061 22 2 2
2.000061 23 2 2
2.000061 24 2 2
2.000061 26 2 2
2.000061 27 2 2
2.000061 28 2 2
2.000061 29 2 2
2.000061 30 3 3
2.000061 31 2 2
2.000061 32 2 2
2.000061 33 2 2
2.000061 34 2 2
2.000061 35 3 3
2.000061 36 2 2
2.000061 37 3 3
2.000061 38 2 2
2.000061 39 2 2
2.000061 40 2 2
2.000061 41 2 2
2.000061 42 2 2
2.000061 43 2 2
2.000061 44 3 3
2.000061 47 2 2
2.000061 48 2 2
2.000061 49 2 2
2.000061 50 2 2
2.000061 51 2 2
2.000061 52 2 2
2.000061 53 2 2
2.000061 54 3 3
2.000061 55 2 2
2.000061 56 3 3
2.000061 57 3 3
2.000061 58 2 2
2.000061 59 2 2
2.000061 60 2 2
2.000061 61 2 2
2.000061 62 2 2
2.000061 63 2 2
2.000061 64 2 2
2.000061 65 2 2
2.000061 66 3 3
2.000061 67 2 2
2.000061 69 3 3
2.000061 70 2 2
2.000061 72 2 2
2.000061 73 2 2
2.000061 75 2 2
2.000061 76 2 2
2.000061 77 2 2
2.000061 78 2 2
2.000061 79 3 3
2.000061 80 2 2
2.000061 81 2 2
2.000061 82 2 2
2.000061 83 2 2
2.000061 85 2 2
2.000061 87 2 2
2.000061 89 2 2
2.000061 90 3 3
2.000061 91 1 1
2.000061 92 2 2
2.000061 93 2 2
2.000061 94 2 2
2.000061 95 3 3
2.000061 96 2 2
2.000061 97 3 3
2.000061 98 3 3
2.000061 99 2 2
2.000061 100 3 3
2.000061 101 3 3
2.000061 102 3 3
2.000061 103 2 2
2.000061 104 2 2
2.000061 105 2 2
2.000061 106 2 2
2.000061 107 2 2
2.000061 108 2 2
2.000061 109 3 3
2.000061 110 2 2
2.000061 111 2 2
2.000061 112 2 2
2.000061 113 2 2
2.000061 114 2 2
2.000061 115 2 2
2.000061 116 2 2
2.000061 117 2 2
2.000061 118 2 2
2.000061 119 2 2
2.000061 121 2 2
2.000061 122 2 2
2.000061 124 2 2
2.000061 125 3 3
2.000061 126 2 2
2.000061 127 2 2
2.000061 128 2 2
2.000061 129 2 2
2.000061 130 2 2
2.000061 131 2 2
2.000061 132 2 2
2.000061 133 2 2
2.000061 134 2 2
2.000061 135 3 3
2.000061 137 2 2
2.000061 138 1 1
2.000061 139 2 2
2.000061 140 2 2
2.000061 141 2 2
2.000061 142 2 2
2.000061 143 2 2
2.000061 144 2 2
2.000061 145 2 2
2.000061 146 2 2
2.000061 147 2 2
2.000061 148 2 2
2.000061 149 2 2
2.000061 150 2 2
2.000061 151 2 2
2.000061 152 2 2
2.000061 153 2 2
2.000061 154 2 2
2.000061 155 2 2
2.000061 156 2 2
2.000061 157 2 2
2.000061 158 2 2
2.000061 159 2 2
2.000061 160 2 2
2.000061 161 2 2
2.000061 162 2 2
2.000061 164 2 2
2.000061 165 2 2
2.000061 166 2 2
2.000061 167 2 2
2.000061 168 2 2
2.000061 169 2 2
2.000061 171 1 1
2.000061 172 2 2
2.000061 173 2 2
2.000061 174 2 2
2.000061 175 2 2
2.000061 177 3 3
2.000061 178 2 2
2.000061 179 2 2
2.000061 180 2 2
2.000061 181 2 2
2.000061 182 2 2
2.000061 183 2 2
2.000061 184 3 3
2.000061 185 2 2
2.000061 186 2 2
2.000061 187 2 2
2.000061 188 2 2
2.000061 189 2 2
2.000061 190 2 2
2.000061 191 2 2
2.000061 192 2 2
2.000061 193 2 2
2.000061 194 2 2
2.000061 195 2 2
2.000061 196 2 2
2.000061 197 2 2
2.000061 199 2 2
2.000061 200 2 2
2.000061 202 2 2
2.000061 203 3 3
2.000061 204 2 2
2.000061 205 2 2
2.000061 206 2 2
2.000061 207 3 3
2.000061 208 3 3
2.000061 209 2 2
2.000061 210 2 2
2.000061 211 2 2
2.000061 212 2 2
2.000061 213 2 2
2.000061 214 2 2
2.000061 215 2 2
2.000061 216 2 2
2.000061 217 2 2
2.000061 218 2 2
2.000061 219 2 2
2.000061 221 2 2
2.000061 222 2 2
2.000061 223 2 2
2.000061 224 2 2
2.000061 226 2 2
2.000061 227 2 2
2.000061 228 2 2
2.000061 229 2 2
2.000061 230 2 2
2.000061 231 2 2
2.000061 232 2 2
2.000061 233 2 2
2.000061 234 2 2
2.000061 235 2 2
2.000061 236 2 2
2.000061 237 2 2
2.000061 238 2 2
2.000061 239 2 2
2.000061 240 3 3
2.000061 241 2 2
2.000061 242 2 2
2.000061 243 2 2
2.000061 244 2 2
2.000061 245 3 3
2.000061 246 2 2
2.000061 247 2 2
2.000061 248 2 2
2.000061 249 2 2
2.000061 250 2 2
2.000061 251 2 2
2.000061 252 2 2
2.000061 253 2 2
2.000061 254 2 2
2.000061 255 2 2
2.000061 256 2 2
2.000061 257 2 2
2.000061 258 3 3
2.000061 259 2 2
2.000061 260 2 2
2.000061 261 2 2
2.000061 262 2 2
2.000061 263 2 2
2.000061 264 2 2
2.000061 265 2 2
2.000061 266 2 2
2.000061 267 2 2
2.000061 268 3 3
2.000061 269 2 2
2.000061 270 2 2
2.000061 271 2 2
2.000061 272 2 2
2.000061 274 2 2
2.000061 275 2 2
2.000061 276 2 2
2.000061 277 2 2
2.000061 278 2 2
2.000061 279 2 2
2.000061 280 2 2
2.000061 281 2 2
2.000061 283 2 2
2.000061 284 2 2
2.000061 285 2 2
2.000061 286 2 2
2.000061 288 2 2
2.000061 289 2 2
2.000061 290 2 2
2.000061 291 3 3
2.000061 292 2 2
2.000061 293 2 2
2.000061 294 2 2
2.000061 295 2 2
2.000061 296 2 2
2.000061 297 3 3
2.000061 298 2 2
2.000061 299 2 2
2.000061 300 2 2
2.000061 301 2 2
2.000061 302 2 2
2.000061 304 2 2
2.000061 305 2 2
2.000061 307 2 2
2.000061 308 2 2
2.000061 309 3 3
2.000061 310 2 2
2.000061 312 2 2
2.000061 313 2 2
2.000061 314 2 2
2.000061 315 2 2
2.000061 316 2 2
2.000061 317 2 2
2.000061 318 2 2
2.000061 320 2 2
2.000061 321 2 2
2.000061 322 2 2
2.000061 323 2 2
2.000061 324 2 2
2.000061 325 2 2
2.000061 327 2 2
2.000061 329 2 2
2.000061 330 2 2
2.000061 331 2 2
2.000061 332 2 2
2.000061 333 2 2
2.000061 334 2 2
2.000061 335 2 2
2.000061 336 3 3
2.000061 337 2 2
2.000061 338 2 2
2.000061 339 2 2
2.000061 340 2 2
2.000061 341 2 2
2.000061 342 2 2
2.000061 343 2 2
2.000061 345 2 2
2.000061 347 2 2
2.000061 348 2 2
2.000061 349 3 3
2.000061 350 2 2
2.000061 351 2 2
2.000061 352 2 2
2.000061 353 2 2
2.000061 355 3 3
2.000061 356 2 2
2.000061 357 2 2
2.000061 358 3 3
2.000061 359 2 2
2.000061 360 2 2
2.000061 361 2 2
2.000061 362 2 2
2.000061 363 2 2
2.000061 365 2 2
2.000061 366 3 3
2.000061 367 2 2
2.000061 368 2 2
2.000061 369 2 2
2.000061 370 2 2
2.000061 371 2 2
2.000061 372 3 3
2.000061 373 2 2
2.000061 374 3 3
2.000061 375 2 2
2.000061 376 2 2
2.000061 377 2 2
2.000061 378 2 2
2.000061 379 2 2
2.000061 380 2 2
2.000061 382 2 2
2.000061 383 2 2
2.000061 384 2 2
2.000061 385 2 2
2.000061 386 2 2
2.000061 387 2 2
2.000061 388 2 2
2.000061 389 2 2
2.000061 390 2 2
2.000061 391 2 2
2.000061 392 2 2
2.000061 394 2 2
2.000061 395 3 3
2.000061 396 2 2
2.000061 397 2 2
2.000061 398 2 2
2.000061 399 2 2
2.000061 400 2 2
2.000061 401 2 2
2.000061 402 3 3
2.000061 403 4 4
2.000061 404 2 2
2.000061 405 2 2
2.000061 406 2 2
2.000061 407 2 2
2.000061 409 2 2
2.000061 411 2 2
2.000061 412 2 2
2.000061 413 2 2
2.000061 414 2 2
2.000061 415 2 2
2.000061 416 2 2
2.000061 417 2 2
2.000061 418 4 4
2.000061 419 2 2
2.000061 420 2 2
2.000061 421 2 2
2.000061 423 2 2
2.000061 424 2 2
2.000061 425 3 3
2.000061 426 2 2
2.000061 427 2 2
2.000061 429 2 2
2.000061 430 2 2
2.000061 431 3 3
2.000061 433 2 2
2.000061 434 2 2
2.000061 435 2 2
2.000061 436 2 2
2.000061 437 2 2
2.000061 438 2 2
2.000061 439 2 2
2.000061 441 2 2
2.000061 442 2 2
2.000061 443 3 3
2.000061 444 2 2
2.000061 445 2 2
2.000061 446 2 2
2.000061 447 2 2
2.000061 448 2 2
2.000061 449 2 2
2.000061 450 2 2
2.000061 451 2 2
2.000061 452 2 2
2.000061 453 2 2
2.000061 454 2 2
2.000061 456 2 2
2.000061 457 2 2
2.000061 458 3 3
2.000061 459 2 2
2.000061 460 2 2
2.000061 461 2 2
2.000061 462 2 2
2.000061 463 2 2
2.000061 464 2 2
2.000061 465 2 2
2.000061 466 2 2
2.000061 467 2 2
2.000061 468 2 2
2.000061 469 2 2
2.000061 470 2 2
2.000061 471 2 2
2.000061 472 2 2
2.000061 473 2 2
2.000061 474 2 2
2.000061 475 3 3
2.000061 476 3 3
2.000061 477 3 3
2.000061 478 2 2
2.000061 479 2 2
2.000061 480 2 2
2.000061 481 2 2
2.000061 482 2 2
2.000061 483 2 2
2.000061 484 2 2
2.000061 485 3 3
2.000061 486 3 3
2.000061 487 2 2
2.000061 488 2 2
2.000061 489 2 2
2.000061 490 2 2
2.000061 491 2 2
2.000061 492 2 2
2.000061 493 2 2
2.000061 494 3 3
2.000061 495 2 2
2.000061 496 3 3
2.000061 497 2 2
2.000061 498 2 2
2.000061 499 2 2
2.000061 500 3 3
2.000061 501 2 2
2.000061 502 2 2
2.000061 505 2 2
2.000061 506 2 2
2.000061 507 2 2
2.000061 508 2 2
2.000061 509 2 2
2.000061 510 2 2
2.000061 511 3 3
2.000061 512 2 2
2.000061 513 2 2
2.000061 514 2 2
2.000061 515 2 2
2.000061 516 2 2
2.000061 517 2 2
2.000061 518 2 2
2.000061 520 3 3
2.000061 521 2 2
2.000061 522 2 2
2.000061 523 2 2
2.000061 524 2 2
2.000061 525 2 2
2.000061 526 2 2
2.000061 527 2 2
2.000061 528 3 3
2.000061 529 2 2
2.000061 530 2 2
2.000061 531 2 2
2.000061 533 3 3
2.000061 534 1 1
2.000061 535 2 2
2.000061 536 2 2
2.000061 537 2 2
2.000061 538 2 2
2.000061 539 2 2
2.000061 540 2 2
2.000061 541 2 2
2.000061 542 2 2
2.000061 543 2 2
2.000061 544 3 3
2.000061 545 2 2
2.000061 546 2 2
2.000061 547 2 2
2.000061 548 2 2
2.000061 549 2 2
3.000092 0 4 4
3.000092 1 4 4
3.000092 2 4 4
3.000092 3 4 4
3.000092 4 4 4
3.000092 5 4 4
3.000092 6 4 4
3.000092 7 4 4
3.000092 8 4 4
3.000092 9 4 4
3.000092 10 4 4
3.000092 11 4 4
3.000092 12 4 4
3.000092 13 4 4
3.000092 14 4 4
3.000092 15 2 2
3.000092 16 4 4
3.000092 17 4 4
3.000092 18 4 4
3.000092 19 3 3
3.000092 20 4 4
3.000092 21 4 4
3.000092 22 3 3
3.000092 23 4 4
3.000092 24 4 4
3.000092 26 4 4
3.000092 27 4 4
3.000092 28 4 4
3.000092 29 4 4
3.000092 30 4 4
3.000092 31 4 4
3.000092 32 4 4
3.000092 33 4 4
3.000092 34 4 4
3.000092 35 4 4
3.000092 36 4 4
3.000092 37 4 4
3.000092 38 4 4
3.000092 39 4 4
3.000092 40 4 4
3.000092 41 4 4
3.000092 42 4 4
3.000092 43 5 5
3.000092 44 5 5
3.000092 47 4 4
3.000092 48 4 4
3.000092 49 3 3
3.000092 50 4 4
3.000092 51 4 4
3.000092 52 4 4
3.000092 53 3 3
3.000092 54 3 3
3.000092 55 4 4
3.000092 56 4 4
3.000092 57 4 4
3.000092 58 4 4
3.000092 59 4 4
3.000092 60 3 3
3.000092 61 4 4
3.000092 62 4 4
3.000092 63 4 4
3.000092 64 4 4
3.000092 65 4 4
3.000092 66 5 5
3.000092 67 4 4
3.000092 69 5 5
3.000092 70 4 4
3.000092 72 4 4
3.000092 73 4 4
3.000092 75 3 3
3.000092 76 4 4
3.000092 77 4 4
3.000092 78 4 4
3.000092 79 4 4
3.000092 80 4 4
3.000092 81 4 4
3.000092 82 4 4
3.000092 83 4 4
3.000092 85 4 4
3.000092 87 4 4
3.000092 89 3 3
3.000092 90 5 5
3.000092 91 2 2
3.000092 92 4 4
3.000092 93 4 4
3.000092 94 4 4
3.000092 95 4 4
3.000092 96 4 4
3.000092 97 4 4
3.000092 98 4 4
3.000092 99 4 4
3.000092 100 4 4
3.000092 101 4 4
3.000092 102 5 5
3.000092 103 3 3
3.000092 104 4 4
3.000092 105 4 4
3.000092 106 3 3
3.000092 107 4 4
3.000092 108 4 4
3.000092 109 4 4
3.000092 110 3 3
3.000092 111 4 4
3.000092 112 4 4
3.000092 113 4 4
3.000092 114 4 4
3.000092 115 3 3
3.000092 116 3 3
3.000092 117 4 4
3.000092 118 4 4
3.000092 119 4 4
3.000092 121 4 4
3.000092 122 4 4
3.000092 124 4 4
3.000092 125 4 4
3.000092 126 4 4
3.000092 127 4 4
3.000092 128 4 4
3.000092 129 4 4
3.000092 130 4 4
3.000092 131 3 3
3.000092 132 4 4
3.000092 133 4 4
3.000092 134 3 3
3.000092 135 4 4
3.000092 137 4 4
3.000092 138 1 1
3.000092 139 4 4
3.000092 140 4 4
3.000092 141 4 4
3.000092 142 3 3
3.000092 143 4 4
3.000092 144 4 4
3.000092 145 3 3
3.000092 146 4 4
3.000092 147 4 4
3.000092 148 3 3
3.000092 149 4 4
3.000092 150 4 4
3.000092 151 4 4
3.000092 152 4 4
3.000092 153 4 4
3.000092 154 4 4
3.000092 155 4 4
3.000092 156 4 4
3.000092 157 4 4
3.000092 158 4 4
3.000092 159 4 4
3.000092 160 4 4
3.000092 161 4 4
3.000092 162 3 3
3.000092 164 4 4
3.000092 165 4 4
3.000092 166 4 4
3.000092 167 4 4
3.000092 168 4 4
3.000092 169 4 4
3.000092 171 2 2
3.000092 172 4 4
3.000092 173 3 3
3.000092 174 4 4
3.000092 175 4 4
3.000092 177 4 4
3.000092 178 4 4
3.000092 179 4 4
3.000092 180 4 4
3.000092 181 4 4
3.000092 182 3 3
3.000092 183 4 4
3.000092 184 4 4
3.000092 185 3 3
3.000092 186 4 4
3.000092 187 4 4
3.000092 188 4 4
3.000092 189 4 4
3.000092 190 4 4
3.000092 191 4 4
3.000092 192 4 4
3.000092 193 4 4
3.000092 194 4 4
3.000092 195 4 4
3.000092 196 4 4
3.000092 197 4 4
3.000092 199 4 4
3.000092 200 4 4
3.000092 202 4 4
3.000092 203 4 4
3.000092 204 4 4
3.000092 205 4 4
3.000092 206 3 3
3.000092 207 4 4
3.000092 208 4 4
3.000092 209 3 3
3.000092 210 4 4
3.000092 211 3 3
3.000092 212 4 4
3.000092 213 4 4
3.000092 214 4 4
3.000092 215 4 4
3.000092 216 4 4
3.000092 217 4 4
3.000092 218 4 4
3.000092 219 4 4
3.000092 221 4 4
3.000092 222 4 4
3.000092 223 4 4
3.000092 224 4 4
3.000092 226 4 4
3.000092 227 4 4
3.000092 228 4 4
3.000092 229 4 4
3.000092 230 4 4
3.000092 231 4 4
3.000092 232 4 4
3.000092 233 4 4
3.000092 234 3 3
3.000092 235 4 4
3.000092 236 3 3
3.000092 237 4 4
3.000092 238 4 4
3.000092 239 4 4
3.000092 240 5 5
3.000092 241 4 4
3.000092 242 4 4
3.000092 243 4 4
3.000092 244 4 4
3.000092 245 4 4
3.000092 246 4 4
3.000092 247 4 4
3.000092 248 4 4
3.000092 249 4 4
3.000092 250 4 4
3.000092 251 3 3
3.000092 252 2 2
3.000092 253 4 4
3.000092 254 4 4
3.000092 255 4 4
3.000092 256 4 4
3.000092 257 4 4
3.000092 258 4 4
3.000092 259 4 4
3.000092 260 4 4
3.000092 261 4 4
3.000092 262 4 4
3.000092 263 4 4
3.000092 264 4 4
3.000092 265 3 3
3.000092 266 4 4
3.000092 267 4 4
3.000092 268 4 4
3.000092 269 3 3
3.000092 270 4 4
3.000092 271 4 4
3.000092 272 4 4
3.000092 274 4 4
3.000092 275 4 4
3.000092 276 4 4
3.000092 277 4 4
3.000092 278 4 4
3.000092 279 4 4
3.000092 280 4 4
3.000092 281 4 4
3.000092 283 4 4
3.000092 284 4 4
3.000092 285 4 4
3.000092 286 4 4
3.000092 288 2 2
3.000092 289 4 4
3.000092 290 3 3
3.000092 291 4 4
3.000092 292 4 4
3.000092 293 4 4
3.000092 294 4 4
3.000092 295 4 4
3.000092 296 2 2
3.000092 297 5 5
3.000092 298 4 4
3.000092 299 4 4
3.000092 300 3 3
3.000092 301 4 4
3.000092 302 4 4
3.000092 304 4 4
3.000092 305 4 4
3.000092 307 4 4
3.000092 308 4 4
3.000092 309 5 5
3.000092 310 4 4
3.000092 312 4 4
3.000092 313 4 4
3.000092 314 4 4
3.000092 315 4 4
3.000092 316 4 4
3.000092 317 4 4
3.000092 318 4 4
3.000092 320 4 4
3.000092 321 4 4
3.000092 322 4 4
3.000092 323 4 4
3.000092 324 4 4
3.000092 325 4 4
3.000092 327 4 4
3.000092 329 4 4
3.000092 330 4 4
3.000092 331 4 4
3.000092 332 3 3
3.000092 333 3 3
3.000092 334 4 4
3.000092 335 4 4
3.000092 336 4 4
3.000092 337 4 4
3.000092 338 4 4
3.000092 339 4 4
3.000092 340 3 3
3.000092 341 4 4
3.000092 342 4 4
3.000092 343 4 4
3.000092 345 3 3
3.000092 347 4 4
3.000092 348 4 4
3.000092 349 5 5
3.000092 350 4 4
3.000092 351 4 4
3.000092 352 4 4
3.000092 353 3 3
3.000092 355 4 4
3.000092 356 4 4
3.000092 357 3 3
3.000092 358 5 5
3.000092 359 4 4
3.000092 360 4 4
3.000092 361 4 4
3.000092 362 4 4
3.000092 363 3 3
3.000092 365 4 4
3.000092 366 4 4
3.000092 367 3 3
3.000092 368 4 4
3.000092 369 4 4
3.000092 370 4 4
3.000092 371 4 4
3.000092 372 5 5
3.000092 373 4 4
3.000092 374 4 4
3.000092 375 3 3
3.000092 376 4 4
3.000092 377 4 4
3.000092 378 4 4
3.000092 379 4 4
3.000092 380 4 4
3.000092 382 4 4
3.000092 383 4 4
3.000092 384 4 4
3.000092 385 3 3
3.000092 386 4 4
3.000092 387 4 4
3.000092 388 4 4
3.000092 389 4 4
3.000092 390 4 4
3.000092 391 4 4
3.000092 392 4 4
3.000092 394 4 4
3.000092 395 4 4
3.000092 396 4 4
3.000092 397 4 4
3.000092 398 4 4
3.000092 399 4 4
3.000092 400 4 4
3.000092 401 3 3
3.000092 402 4 4
3.000092 403 4 4
3.000092 404 4 4
3.000092 405 3 3
3.000092 406 4 4
3.000092 407 4 4
3.000092 409 4 4
3.000092 411 4 4
3.000092 412 4 4
3.000092 413 4 4
3.000092 414 4 4
3.000092 415 4 4
3.000092 416 4 4
3.000092 417 4 4
3.000092 418 4 4
3.000092 419 4 4
3.000092 420 4 4
3.000092 421 4 4
3.000092 423 4 4
3.000092 424 4 4
3.000092 425 4 4
3.000092 426 4 4
3.000092 427 4 4
3.000092 429 3 3
3.000092 430 4 4
3.000092 431 4 4
3.000092 433 4 4
3.000092 434 4 4
3.000092 435 4 4
3.000092 436 4 4
3.000092 437 4 4
3.000092 438 4 4
3.000092 439 4 4
3.000092 441 3 3
3.000092 442 4 4
3.000092 443 4 4
3.000092 444 4 4
3.000092 445 4 4
3.000092 446 4 4
3.000092 447 4 4
3.000092 448 4 4
3.000092 449 3 3
3.000092 450 4 4
3.000092 451 4 4
3.000092 452 4 4
3.000092 453 4 4
3.000092 454 4 4
3.000092 456 4 4
3.000092 457 4 4
3.000092 458 4 4
3.000092 459 4 4
3.000092 460 4 4
3.000092 461 4 4
3.000092 462 4 4
3.000092 463 4 4
3.000092 464 4 4
3.000092 465 4 4
3.000092 466 4 4
3.000092 467 4 4
3.000092 468 4 4
3.000092 469 4 4
3.000092 470 4 4
3.000092 471 4 4
3.000092 472 3 3
3.000092 473 4 4
3.000092 474 4 4
3.000092 475 4 4
3.000092 476 4 4
3.000092 477 4 4
3.000092 478 4 4
3.000092 479 4 4
3.000092 480 4 4
3.000092 481 4 4
3.000092 482 4 4
3.000092 483 4 4
3.000092 484 3 3
3.000092 485 2 2
3.000092 486 5 5
3.000092 487 4 4
3.000092 488 4 4
3.000092 489 4 4
3.000092 490 4 4
3.000092 491 4 4
3.000092 492 4 4
3.000092 493 4 4
3.000092 494 4 4
3.000092 495 4 4
3.000092 496 4 4
3.000092 497 3 3
3.000092 498 4 4
3.000092 499 4 4
3.000092 500 5 5
3.000092 501 4 4
3.000092 502 4 4
3.000092 505 4 4
3.000092 506 4 4
3.000092 507 3 3
3.000092 508 4 4
3.000092 509 4 4
3.000092 510 4 4
3.000092 511 4 4
3.000092 512 4 4
3.000092 513 4 4
3.000092 514 4 4
3.000092 515 4 4
3.000092 516 4 4
3.000092 517 4 4
3.000092 518 4 4
3.000092 520 5 5
3.000092 521 4 4
3.000092 522 4 4
3.000092 523 4 4
3.000092 524 4 4
3.000092 525 3 3
3.000092 526 4 4
3.000092 527 4 4
3.000092 528 4 4
3.000092 529 3 3
3.000092 530 4 4
3.000092 531 4 4
3.000092 533 4 4
3.000092 534 2 2
3.000092 535 4 4
3.000092 536 4 4
3.000092 537 4 4
3.000092 538 4 4
3.000092 539 4 4
3.000092 540 4 4
3.000092 541 4 4
3.000092 542 4 4
3.000092 543 4 4
3.000092 544 4 4
3.000092 545 4 4
3.000092 546 4 4
3.000092 547 4 4
3.000092 548 4 4
3.000092 549 4 4
4.000122 0 5 5
4.000122 1 5 5
4.000122 2 6 6
4.000122 3 5 5
4.000122 4 8 8
4.000122 5 6 6
4.000122 6 8 8
4.000122 7 7 7
4.000122 8 5 5
4.000122 9 5 5
4.000122 10 8 8
4.000122 11 8 8
4.000122 12 7 7
4.000122 13 7 7
4.000122 14 5 5
4.000122 15 3 3
4.000122 16 6 6
4.000122 17 7 7
4.000122 18 5 5
4.000122 19 5 5
4.000122 20 7 7
4.000122 21 6 6
4.000122 22 4 4
4.000122 23 5 5
4.000122 24 7 7
4.000122 26 8 8
4.000122 27 6 6
4.000122 28 7 7
4.000122 29 4 4
4.000122 30 7 7
4.000122 31 8 8
4.000122 32 7 7
4.000122 33 8 8
4.000122 34 5 5
4.000122 35 7 7
4.000122 36 6 6
4.000122 37 6 6
4.000122 38 6 6
4.000122 39 5 5
4.000122 40 7 7
4.000122 41 7 7
4.000122 42 5 5
4.000122 43 7 7
4.000122 44 8 8
4.000122 47 6 6
4.000122 48 6 6
4.000122 49 5 5
4.000122 50 8 8
4.000122 51 5 5
4.000122 52 5 5
4.000122 53 5 5
4.000122 54 6 6
4.000122 55 6 6
4.000122 56 6 6
4.000122 57 6 6
4.000122 58 4 4
4.000122 59 5 5
4.000122 60 4 4
4.000122 61 6 6
4.000122 62 7 7
4.000122 63 7 7
4.000122 64 7 7
4.000122 65 5 5
4.000122 66 7 7
4.000122 67 5 5
4.000122 69 8 8
4.000122 70 8 8
4.000122 72 7 7
4.000122 73 6 6
4.000122 75 4 4
4.000122 76 5 5
4.000122 77 7 7
4.000122 78 6 6
4.000122 79 6 6
4.000122 80 7 7
4.000122 81 7 7
4.000122 82 8 8
4.000122 83 7 7
4.000122 85 6 6
4.000122 87 7 7
4.000122 89 4 4
4.000122 90 6 6
4.000122 91 2 2
4.000122 92 6 6
4.000122 93 8 8
4.000122 94 6 6
4.000122 95 8 8
4.000122 96 6 6
4.000122 97 6 6
4.000122 98 6 6
4.000122 99 5 5
4.000122 100 6 6
4.000122 101 6 6
4.000122 102 8 8
4.000122 103 5 5
4.000122 104 7 7
4.000122 105 6 6
4.000122 106 5 5
4.000122 107 7 7
4.000122 108 7 7
4.000122 109 6 6
4.000122 110 5 5
4.000122 111 6 6
4.000122 112 6 6
4.000122 113 7 7
4.000122 114 8 8
4.000122 115 4 4
4.000122 116 6 6
4.000122 117 5 5
4.000122 118 5 5
4.000122 119 5 5
4.000122 121 6 6
4.000122 122 4 4
4.000122 124 8 8
4.000122 125 7 7
4.000122 126 7 7
4.000122 127 6 6
4.000122 128 7 7
4.000122 129 7 7
4.000122 130 6 6
4.000122 131 5 5
4.000122 132 6 6
4.000122 133 4 4
4.000122 134 4 4
4.000122 135 7 7
4.000122 137 5 5
4.000122 138 1 1
4.000122 139 7 7
4.000122 140 6 6
4.000122 141 8 8
4.000122 142 4 4
4.000122 143 6 6
4.000122 144 7 7
4.000122 145 6 6
4.000122 146 5 5
4.000122 147 8 8
4.000122 148 4 4
4.000122 149 7 7
4.000122 150 8 8
4.000122 151 7 7
4.000122 152 6 6
4.000122 153 6 6
4.000122 154 8 8
4.000122 155 5 5
4.000122 156 5 5
4.000122 157 7 7
4.000122 158 8 8
4.000122 159 6 6
4.000122 160 8 8
4.000122 161 7 7
4.000122 162 4 4
4.000122 164 6 6
4.000122 165 7 7
4.000122 166 6 6
4.000122 167 4 4
4.000122 168 5 5
4.000122 169 5 5
4.000122 171 3 3
4.000122 172 7 7
4.000122 173 4 4
4.000122 174 6 6
4.000122 175 6 6
4.000122 177 8 8
4.000122 178 6 6
4.000122 179 6 6
4.000122 180 4 4
4.000122 181 5 5
4.000122 182 4 4
4.000122 183 6 6
4.000122 184 6 6
4.000122 185 6 6
4.000122 186 4 4
4.000122 187 8 8
4.000122 188 5 5
4.000122 189 4 4
4.000122 190 5 5
4.000122 191 6 6
4.000122 192 8 8
4.000122 193 6 6
4.000122 194 6 6
4.000122 195 5 5
4.000122 196 6 6
4.000122 197 7 7
4.000122 199 6 6
4.000122 200 5 5
4.000122 202 7 7
4.000122 203 7 7
4.000122 204 6 6
4.000122 205 7 7
4.000122 206 5 5
4.000122 207 7 7
4.000122 208 7 7
4.000122 209 4 4
4.000122 210 5 5
4.000122 211 4 4
4.000122 212 6 6
4.000122 213 6 6
4.000122 214 7 7
4.000122 215 7 7
4.000122 216 4 4
4.000122 217 6 6
4.000122 218 8 8
4.000122 219 8 8
4.000122 221 6 6
4.000122 222 8 8
4.000122 223 7 7
4.000122 224 6 6
4.000122 226 6 6
4.000122 227 7 7
4.000122 228 6 6
4.000122 229 5 5
4.000122 230 8 8
4.000122 231 6 6
4.000122 232 7 7
4.000122 233 7 7
4.000122 234 4 4
4.000122 235 5 5
4.000122 236 6 6
4.000122 237 6 6
4.000122 238 6 6
4.000122 239 5 5
4.000122 240 7 7
4.000122 241 5 5
4.000122 242 6 6
4.000122 243 8 8
4.000122 244 7 7
4.000122 245 7 7
4.000122 246 5 5
4.000122 247 5 5
4.000122 248 7 7
4.000122 249 5 5
4.000122 250 7 7
4.000122 251 6 6
4.000122 252 4 4
4.000122 253 7 7
4.000122 254 6 6
4.000122 255 4 4
4.000122 256 6 6
4.000122 257 6 6
4.000122 258 8 8
4.000122 259 5 5
4.000122 260 7 7
4.000122 261 8 8
4.000122 262 8 8
4.000122 263 6 6
4.000122 264 5 5
4.000122 265 6 6
4.000122 266 7 7
4.000122 267 5 5
4.000122 268 6 6
4.000122 269 4 4
4.000122 270 6 6
4.000122 271 8 8
4.000122 272 5 5
4.000122 274 7 7
4.000122 275 7 7
4.000122 276 6 6
4.000122 277 7 7
4.000122 278 6 6
4.000122 279 6 6
4.000122 280 8 8
4.000122 281 6 6
4.000122 283 7 7
4.000122 284 7 7
4.000122 285 6 6
4.000122 286 4 4
4.000122 288 4 4
4.000122 289 6 6
4.000122 290 4 4
4.000122 291 7 7
4.000122 292 6 6
4.000122 293 6 6
4.000122 294 7 7
4.000122 295 6 6
4.000122 296 5 5
4.000122 297 8 8
4.000122 298 5 5
4.000122 299 7 7
4.000122 300 5 5
4.000122 301 6 6
4.000122 302 7 7
4.000122 304 6 6
4.000122 305 7 7
4.000122 307 6 6
4.000122 308 6 6
4.000122 309 7 7
4.000122 310 7 7
4.000122 312 5 5
4.000122 313 6 6
4.000122 314 8 8
4.000122 315 6 6
4.000122 316 8 8
4.000122 317 6 6
4.000122 318 4 4
4.000122 320 5 5
4.000122 321 5 5
4.000122 322 8 8
4.000122 323 5 5
4.000122 324 7 7
4.000122 325 8 8
4.000122 327 4 4
4.000122 329 6 6
4.000122 330 8 8
4.000122 331 7 7
4.000122 332 6 6
4.000122 333 7 7
4.000122 334 8 8
4.000122 335 6 6
4.000122 336 6 6
4.000122 337 6 6
4.000122 338 5 5
4.000122 339 8 8
4.000122 340 6 6
4.000122 341 6 6
4.000122 342 5 5
4.000122 343 8 8
4.000122 345 5 5
4.000122 347 5 5
4.000122 348 6 6
4.000122 349 8 8
4.000122 350 7 7
4.000122 351 5 5
4.000122 352 7 7
4.000122 353 3 3
4.000122 355 7 7
4.000122 356 5 5
4.000122 357 6 6
4.000122 358 9 9
4.000122 359 7 7
4.000122 360 5 5
4.000122 361 6 6
4.000122 362 6 6
4.000122 363 5 5
4.000122 365 7 7
4.000122 366 6 6
4.000122 367 6 6
4.000122 368 8 8
4.000122 369 6 6
4.000122 370 5 5
4.000122 371 6 6
4.000122 372 9 9
4.000122 373 7 7
4.000122 374 6 6
4.000122 375 5 5
4.000122 376 8 8
4.000122 377 5 5
4.000122 378 5 5
4.000122 379 7 7
4.000122 380 6 6
4.000122 382 5 5
4.000122 383 5 5
4.000122 384 6 6
4.000122 385 4 4
4.000122 386 7 7
4.000122 387 4 4
4.000122 388 6 6
4.000122 389 6 6
4.000122 390 5 5
4.000122 391 8 8
4.000122 392 5 5
4.000122 394 6 6
4.000122 395 7 7
4.000122 396 6 6
4.000122 397 7 7
4.000122 398 6 6
4.000122 399 8 8
4.000122 400 7 7
4.000122 401 4 4
4.000122 402 8 8
4.000122 403 8 8
4.000122 404 7 7
4.000122 405 7 7
4.000122 406 5 5
4.000122 407 5 5
4.000122 409 5 5
4.000122 411 4 4
4.000122 412 7 7
4.000122 413 5 5
4.000122 414 8 8
4.000122 415 7 7
4.000122 416 4 4
4.000122 417 6 6
4.000122 418 8 8
4.000122 419 7 7
4.000122 420 6 6
4.000122 421 8 8
4.000122 423 4 4
4.000122 424 6 6
4.000122 425 7 7
4.000122 426 6 6
4.000122 427 6 6
4.000122 429 5 5
4.000122 430 5 5
4.000122 431 6 6
4.000122 433 5 5
4.000122 434 4 4
4.000122 435 8 8
4.000122 436 6 6
4.000122 437 4 4
4.000122 438 4 4
4.000122 439 6 6
4.000122 441 4 4
4.000122 442 5 5
4.000122 443 7 7
4.000122 444 7 7
4.000122 445 5 5
4.000122 446 6 6
4.000122 447 6 6
4.000122 448 7 7
4.000122 449 4 4
4.000122 450 6 6
4.000122 451 7 7
4.000122 452 8 8
4.000122 453 5 5
4.000122 454 6 6
4.000122 456 7 7
4.000122 457 7 7
4.000122 458 8 8
4.000122 459 7 7
4.000122 460 7 7
4.000122 461 5 5
4.000122 462 7 7
4.000122 463 7 7
4.000122 464 6 6
4.000122 465 7 7
4.000122 466 7 7
4.000122 467 6 6
4.000122 468 4 4
4.000122 469 6 6
4.000122 470 5 5
4.000122 471 7 7
4.000122 472 3 3
4.000122 473 7 7
4.000122 474 7 7
4.000122 475 8 8
4.000122 476 8 8
4.000122 477 7 7
4.000122 478 6 6
4.000122 479 8 8
4.000122 480 5 5
4.000122 481 4 4
4.000122 482 7 7
4.000122 483 6 6
4.000122 484 3 3
4.000122 485 4 4
4.000122 486 9 9
4.000122 487 8 8
4.000122 488 5 5
4.000122 489 6 6
4.000122 490 5 5
4.000122 491 5 5
4.000122 492 8 8
4.000122 493 8 8
4.000122 494 8 8
4.000122 495 5 5
4.000122 496 7 7
4.000122 497 6 6
4.000122 498 5 5
4.000122 499 6 6
4.000122 500 6 6
4.000122 501 5 5
4.000122 502 6 6
4.000122 505 7 7
4.000122 506 5 5
4.000122 507 4 4
4.000122 508 5 5
4.000122 509 4 4
4.000122 510 5 5
4.000122 511 8 8
4.000122 512 7 7
4.000122 513 6 6
4.000122 514 8 8
4.000122 515 8 8
4.000122 516 7 7
4.000122 517 8 8
4.000122 518 5 5
4.000122 520 9 9
4.000122 521 6 6
4.000122 522 7 7
4.000122 523 6 6
4.000122 524 8 8
4.000122 525 4 4
4.000122 526 6 6
4.000122 527 7 7
4.000122 528 7 7
4.000122 529 7 7
4.000122 530 7 7
4.000122 531 8 8
4.000122 533 6 6
4.000122 534 2 2
4.000122 535 6 6
4.000122 536 5 5
4.000122 537 7 7
4.000122 538 6 6
4.000122 539 4 4
4.000122 540 8 8
4.000122 541 7 7
4.000122 542 8 8
4.000122 543 7 7
4.000122 544 8 8
4.000122 545 4 4
4.000122 546 6 6
4.000122 547 5 5
4.000122 548 7 7
4.000122 549 8 8
5.000153 0 8 8
5.000153 1 8 8
5.000153 2 8 8
5.000153 3 8 8
5.000153 4 10 10
5.000153 5 11 11
5.000153 6 10 10
5.000153 7 11 11
5.000153 8 9 9
5.000153 9 8 8
5.000153 10 13 13
5.000153 11 12 12
5.000153 12 11 11
5.000153 13 9 9
5.000153 14 10 10
5.000153 16 11 11
5.000153 17 9 9
5.000153 18 8 8
5.000153 19 8 8
5.000153 20 14 14
5.000153 21 3 3
5.000153 22 8 8
5.000153 23 8 8
5.000153 24 9 9
5.000153 26 9 9
5.000153 27 9 9
5.000153 28 9 9
5.000153 29 8 8
5.000153 30 11 11
5.000153 31 8 8
5.000153 32 11 11
5.000153 33 10 10
5.000153 34 9 9
5.000153 35 11 11
5.000153 36 9 9
5.000153 37 10 10
5.000153 38 8 8
5.000153 39 9 9
5.000153 40 9 9
5.000153 41 9 9
5.000153 42 8 8
5.000153 43 12 12
5.000153 44 14 14
5.000153 47 9 9
5.000153 48 9 9
5.000153 49 8 8
5.000153 50 9 9
5.000153 51 8 8
5.000153 52 8 8
5.000153 53 7 7
5.000153 54 5 5
5.000153 55 9 9
5.000153 56 11 11
5.000153 57 11 11
5.000153 58 6 6
5.000153 59 8 8
5.000153 60 7 7
5.000153 61 11 11
5.000153 62 10 10
5.000153 63 10 10
5.000153 64 8 8
5.000153 65 8 8
5.000153 66 10 10
5.000153 67 9 9
5.000153 69 12 12
5.000153 70 8 8
5.000153 72 12 12
5.000153 73 9 9
5.000153 75 8 8
5.000153 76 8 8
5.000153 77 10 10
5.000153 78 9 9
5.000153 79 9 9
5.000153 80 8 8
5.000153 81 9 9
5.000153 82 9 9
5.000153 83 9 9
5.000153 85 9 9
5.000153 87 10 10
5.000153 89 8 8
5.000153 90 9 9
5.000153 92 9 9
5.000153 93 10 10
5.000153 94 9 9
5.000153 95 12 12
5.000153 96 9 9
5.000153 97 11 11
5.000153 98 10 10
5.000153 99 8 8
5.000153 100 11 11
5.000153 101 11 11
5.000153 102 13 13
5.000153 103 10 10
5.000153 104 11 11
5.000153 105 9 9
5.000153 106 7 7
5.000153 107 11 11
5.000153 108 9 9
5.000153 109 10 10
5.000153 110 8 8
5.000153 111 9 9
5.000153 112 9 9
5.000153 114 11 11
5.000153 115 8 8
5.000153 116 8 8
5.000153 117 8 8
5.000153 118 8 8
5.000153 119 10 10
5.000153 121 9 9
5.000153 122 8 8
5.000153 124 11 11
5.000153 125 11 11
5.000153 126 2 2
5.000153 127 8 8
5.000153 128 9 9
5.000153 129 12 12
5.000153 130 8 8
5.000153 131 8 8
5.000153 132 9 9
5.000153 133 8 8
5.000153 134 7 7
5.000153 135 6 6
5.000153 137 9 9
5.000153 139 9 9
5.000153 140 10 10
5.000153 141 6 6
5.000153 142 8 8
5.000153 143 8 8
5.000153 144 8 8
5.000153 145 7 7
5.000153 146 8 8
5.000153 147 10 10
5.000153 148 8 8
5.000153 149 10 10
5.000153 150 12 12
5.000153 151 8 8
5.000153 152 8 8
5.000153 153 8 8
5.000153 154 13 13
5.000153 155 9 9
5.000153 156 8 8
5.000153 157 10 10
5.000153 158 11 11
5.000153 159 8 8
5.000153 160 11 11
5.000153 161 9 9
5.000153 162 8 8
5.000153 164 10 10
5.000153 165 12 12
5.000153 166 9 9
5.000153 167 8 8
5.000153 168 9 9
5.000153 169 8 8
5.000153 171 3 3
5.000153 172 8 8
5.000153 173 8 8
5.000153 174 9 9
5.000153 175 10 10
5.000153 177 14 14
5.000153 178 8 8
5.000153 179 9 9
5.000153 180 8 8
5.000153 181 8 8
5.000153 182 8 8
5.000153 183 11 11
5.000153 184 10 10
5.000153 185 7 7
5.000153 186 8 8
5.000153 187 11 11
5.000153 188 8 8
5.000153 189 8 8
5.000153 190 8 8
5.000153 191 8 8
5.000153 192 11 11
5.000153 193 8 8
5.000153 194 9 9
5.000153 195 9 9
5.000153 196 9 9
5.000153 197 9 9
5.000153 199 9 9
5.000153 200 8 8
5.000153 202 11 11
5.000153 203 13 13
5.000153 204 9 9
5.000153 205 9 9
5.000153 206 8 8
5.000153 207 11 11
5.000153 208 10 10
5.000153 209 8 8
5.000153 210 8 8
5.000153 211 8 8
5.000153 212 8 8
5.000153 213 8 8
5.000153 214 8 8
5.000153 215 9 9
5.000153 216 8 8
5.000153 217 9 9
5.000153 218 10 10
5.000153 219 11 11
5.000153 221 9 9
5.000153 222 12 12
5.000153 223 9 9
5.000153 224 8 8
5.000153 226 12 12
5.000153 227 12 12
5.000153 228 9 9
5.000153 229 8 8
5.000153 230 13 13
5.000153 231 6 6
5.000153 232 9 9
5.000153 233 10 10
5.000153 234 7 7
5.000153 235 2 2
5.000153 236 8 8
5.000153 237 10 10
5.000153 238 8 8
5.000153 239 8 8
5.000153 240 11 11
5.000153 241 10 10
5.000153 242 9 9
5.000153 243 9 9
5.000153 244 10 10
5.000153 245 10 10
5.000153 246 9 9
5.000153 247 9 9
5.000153 248 9 9
5.000153 249 8 8
5.000153 250 9 9
5.000153 251 8 8
5.000153 252 6 6
5.000153 253 9 9
5.000153 254 8 8
5.000153 255 8 8
5.000153 256 9 9
5.000153 257 8 8
5.000153 258 10 10
5.000153 259 8 8
5.000153 260 9 9
5.000153 261 12 12
5.000153 262 9 9
5.000153 263 8 8
5.000153 264 8 8
5.000153 265 8 8
5.000153 266 11 11
5.000153 267 5 5
5.000153 268 10 10
5.000153 269 8 8
5.000153 270 8 8
5.000153 271 9 9
5.000153 272 8 8
5.000153 274 7 7
5.000153 275 8 8
5.000153 276 9 9
5.000153 277 8 8
5.000153 278 8 8
5.000153 279 9 9
5.000153 280 10 10
5.000153 281 8 8
5.000153 283 9 9
5.000153 284 9 9
5.000153 285 10 10
5.000153 286 8 8
5.000153 288 7 7
5.000153 289 10 10
5.000153 290 8 8
5.000153 291 9 9
5.000153 292 9 9
5.000153 293 10 10
5.000153 294 8 8
5.000153 295 8 8
5.000153 296 8 8
5.000153 297 12 12
5.000153 298 9 9
5.000153 299 10 10
5.000153 300 8 8
5.000153 301 8 8
5.000153 302 9 9
5.000153 304 9 9
5.000153 305 11 11
5.000153 307 9 9
5.000153 308 10 10
5.000153 309 12 12
5.000153 310 10 10
5.000153 312 9 9
5.000153 313 9 9
5.000153 314 9 9
5.000153 315 8 8
5.000153 316 9 9
5.000153 317 9 9
5.000153 318 5 5
5.000153 320 8 8
5.000153 321 8 8
5.000153 322 10 10
5.000153 323 8 8
5.000153 324 8 8
5.000153 325 10 10
5.000153 327 8 8
5.000153 329 9 9
5.000153 330 10 10
5.000153 331 1 1
5.000153 332 7 7
5.000153 333 9 9
5.000153 334 9 9
5.000153 335 8 8
5.000153 336 10 10
5.000153 337 10 10
5.000153 338 9 9
5.000153 339 9 9
5.000153 340 9 9
5.000153 341 10 10
5.000153 342 8 8
5.000153 343 9 9
5.000153 345 8 8
5.000153 347 8 8
5.000153 348 8 8
5.000153 349 15 15
5.000153 350 8 8
5.000153 351 9 9
5.000153 352 8 8
5.000153 353 5 5
5.000153 355 11 11
5.000153 356 8 8
5.000153 357 8 8
5.000153 358 10 10
5.000153 359 9 9
5.000153 360 8 8
5.000153 361 11 11
5.000153 362 12 12
5.000153 363 9 9
5.000153 365 9 9
5.000153 366 11 11
5.000153 367 9 9
5.000153 368 9 9
5.000153 369 10 10
5.000153 370 9 9
5.000153 371 8 8
5.000153 372 14 14
5.000153 373 11 11
5.000153 374 11 11
5.000153 375 8 8
5.000153 376 8 8
5.000153 377 9 9
5.000153 378 8 8
5.000153 379 9 9
5.000153 380 10 10
5.000153 382 8 8
5.000153 383 9 9
5.000153 384 10 10
5.000153 385 8 8
5.000153 386 9 9
5.000153 387 8 8
5.000153 388 9 9
5.000153 389 8 8
5.000153 390 8 8
5.000153 391 10 10
5.000153 392 9 9
5.000153 394 10 10
5.000153 395 10 10
5.000153 396 9 9
5.000153 397 10 10
5.000153 398 7 7
5.000153 399 9 9
5.000153 400 8 8
5.000153 401 8 8
5.000153 402 14 14
5.000153 403 12 12
5.000153 404 8 8
5.000153 405 7 7
5.000153 406 8 8
5.000153 407 8 8
5.000153 409 8 8
5.000153 411 8 8
5.000153 412 8 8
5.000153 413 8 8
5.000153 414 9 9
5.000153 415 9 9
5.000153 416 8 8
5.000153 417 10 10
5.000153 418 11 11
5.000153 419 10 10
5.000153 420 9 9
5.000153 421 11 11
5.000153 423 8 8
5.000153 424 7 7
5.000153 425 10 10
5.000153 426 3 3
5.000153 427 3 3
5.000153 429 7 7
5.000153 430 10 10
5.000153 431 10 10
5.000153 433 8 8
5.000153 434 4 4
5.000153 435 12 12
5.000153 436 8 8
5.000153 437 8 8
5.000153 438 8 8
5.000153 439 9 9
5.000153 441 8 8
5.000153 442 9 9
5.000153 443 10 10
5.000153 444 8 8
5.000153 445 8 8
5.000153 446 9 9
5.000153 447 10 10
5.000153 448 8 8
5.000153 449 8 8
5.000153 450 9 9
5.000153 451 9 9
5.000153 452 11 11
5.000153 453 8 8
5.000153 454 9 9
5.000153 456 8 8
5.000153 457 9 9
5.000153 458 11 11
5.000153 459 9 9
5.000153 460 8 8
5.000153 461 8 8
5.000153 462 8 8
5.000153 463 9 9
5.000153 464 10 10
5.000153 465 8 8
5.000153 466 8 8
5.000153 467 8 8
5.000153 468 8 8
5.000153 469 11 11
5.000153 470 8 8
5.000153 471 8 8
5.000153 472 3 3
5.000153 473 9 9
5.000153 474 11 11
5.000153 475 10 10
5.000153 476 11 11
5.000153 477 12 12
5.000153 478 8 8
5.000153 479 10 10
5.000153 480 8 8
5.000153 481 8 8
5.000153 482 8 8
5.000153 483 8 8
5.000153 484 1 1
5.000153 485 6 6
5.000153 486 11 11
5.000153 487 11 11
5.000153 488 8 8
5.000153 489 8 8
5.000153 490 8 8
5.000153 491 8 8
5.000153 492 14 14
5.000153 493 14 14
5.000153 494 11 11
5.000153 496 9 9
5.000153 497 8 8
5.000153 498 8 8
5.000153 499 9 9
5.000153 500 11 11
5.000153 501 10 10
5.000153 502 10 10
5.000153 505 11 11
5.000153 506 8 8
5.000153 507 5 5
5.000153 508 9 9
5.000153 509 8 8
5.000153 510 8 8
5.000153 511 11 11
5.000153 512 11 11
5.000153 513 10 10
5.000153 514 11 11
5.000153 515 12 12
5.000153 516 9 9
5.000153 517 8 8
5.000153 518 8 8
5.000153 520 13 13
5.000153 521 8 8
5.000153 522 9 9
5.000153 523 8 8
5.000153 524 13 13
5.000153 525 7 7
5.000153 526 9 9
5.000153 527 9 9
5.000153 528 10 10
5.000153 529 10 10
5.000153 530 8 8
5.000153 531 9 9
5.000153 533 10 10
5.000153 535 10 10
5.000153 536 9 9
5.000153 537 9 9
5.000153 538 8 8
5.000153 539 8 8
5.000153 540 12 12
5.000153 541 1 1
5.000153 542 10 10
5.000153 543 8 8
5.000153 544 10 10
5.000153 545 8 8
5.000153 546 10 10
5.000153 547 9 9
5.000153 548 9 9
5.000153 549 8 8
6.000183 0 14 14
6.000183 1 12 12
6.000183 2 15 15
6.000183 3 15 15
6.000183 4 16 16
6.000183 5 16 16
6.000183 7 12 12
6.000183 8 13 13
6.000183 9 16 16
6.000183 10 18 18
6.000183 11 20 20
6.000183 13 16 16
6.000183 14 17 17
6.000183 16 17 17
6.000183 17 17 17
6.000183 18 16 16
6.000183 19 13 13
6.000183 20 17 17
6.000183 22 6 6
6.000183 23 14 14
6.000183 24 16 16
6.000183 26 15 15
6.000183 27 16 16
6.000183 28 15 15
6.000183 29 12 12
6.000183 31 8 8
6.000183 32 18 18
6.000183 33 18 18
6.000183 34 9 9
6.000183 35 17 17
6.000183 36 12 12
6.000183 37 17 17
6.000183 38 15 15
6.000183 39 14 14
6.000183 40 15 15
6.000183 41 16 16
6.000183 42 15 15
6.000183 43 18 18
6.000183 44 20 20
6.000183 48 16 16
6.000183 49 13 13
6.000183 50 16 16
6.000183 51 16 16
6.000183 53 13 13
6.000183 55 3 3
6.000183 56 17 17
6.000183 57 14 14
6.000183 60 12 12
6.000183 62 16 16
6.000183 63 17 17
6.000183 65 13 13
6.000183 66 16 16
6.000183 70 16 16
6.000183 75 14 14
6.000183 76 16 16
6.000183 77 17 17
6.000183 78 15 15
6.000183 79 17 17
6.000183 80 15 15
6.000183 81 16 16
6.000183 83 18 18
6.000183 85 16 16
6.000183 89 13 13
6.000183 92 15 15
6.000183 93 17 17
6.000183 95 19 19
6.000183 97 17 17
6.000183 98 16 16
6.000183 99 2 2
6.000183 100 17 17
6.000183 101 16 16
6.000183 102 21 21
6.000183 103 15 15
6.000183 104 17 17
6.000183 105 16 16
6.000183 106 14 14
6.000183 107 17 17
6.000183 108 17 17
6.000183 109 16 16
6.000183 111 16 16
6.000183 114 16 16
6.000183 117 15 15
6.000183 119 15 15
6.000183 121 15 15
6.000183 122 13 13
6.000183 124 17 17
6.000183 125 18 18
6.000183 127 15 15
6.000183 128 15 15
6.000183 129 17 17
6.000183 130 15 15
6.000183 131 15 15
6.000183 132 16 16
6.000183 134 12 12
6.000183 137 16 16
6.000183 139 16 16
6.000183 140 13 13
6.000183 143 15 15
6.000183 145 15 15
6.000183 146 15 15
6.000183 147 17 17
6.000183 148 13 13
6.000183 150 19 19
6.000183 151 15 15
6.000183 152 15 15
6.000183 153 16 16
6.000183 155 14 14
6.000183 156 16 16
6.000183 157 16 16
6.000183 158 19 19
6.000183 159 13 13
6.000183 160 18 18
6.000183 161 16 16
6.000183 162 13 13
6.000183 164 16 16
6.000183 165 16 16
6.000183 166 15 15
6.000183 167 15 15
6.000183 169 16 16
6.000183 172 15 15
6.000183 174 9 9
6.000183 175 17 17
6.000183 177 19 19
6.000183 178 9 9
6.000183 179 17 17
6.000183 180 13 13
6.000183 181 4 4
6.000183 182 12 12
6.000183 183 19 19
6.000183 184 17 17
6.000183 185 13 13
6.000183 186 13 13
6.000183 188 13 13
6.000183 189 16 16
6.000183 190 16 16
6.000183 191 15 15
6.000183 192 16 16
6.000183 193 14 14
6.000183 194 15 15
6.000183 195 8 8
6.000183 197 15 15
6.000183 199 16 16
6.000183 202 15 15
6.000183 203 19 19
6.000183 204 15 15
6.000183 205 17 17
6.000183 206 13 13
6.000183 207 18 18
6.000183 209 12 12
6.000183 211 14 14
6.000183 212 16 16
6.000183 213 15 15
6.000183 214 14 14
6.000183 215 15 15
6.000183 216 12 12
6.000183 218 6 6
6.000183 219 3 3
6.000183 221 15 15
6.000183 222 16 16
6.000183 223 16 16
6.000183 224 13 13
6.000183 226 17 17
6.000183 227 16 16
6.000183 228 17 17
6.000183 230 19 19
6.000183 233 19 19
6.000183 234 11 11
6.000183 236 15 15
6.000183 237 17 17
6.000183 239 14 14
6.000183 240 20 20
6.000183 241 14 14
6.000183 243 17 17
6.000183 246 15 15
6.000183 247 15 15
6.000183 249 14 14
6.000183 250 17 17
6.000183 251 14 14
6.000183 253 16 16
6.000183 254 16 16
6.000183 255 15 15
6.000183 256 16 16
6.000183 257 16 16
6.000183 258 17 17
6.000183 259 15 15
6.000183 260 13 13
6.000183 261 18 18
6.000183 262 16 16
6.000183 263 15 15
6.000183 264 16 16
6.000183 265 14 14
6.000183 268 10 10
6.000183 270 15 15
6.000183 271 16 16
6.000183 272 13 13
6.000183 275 16 16
6.000183 276 15 15
6.000183 277 16 16
6.000183 278 16 16
6.000183 279 17 17
6.000183 280 16 16
6.000183 281 15 15
6.000183 283 16 16
6.000183 284 17 17
6.000183 285 16 16
6.000183 286 15 15
6.000183 288 12 12
6.000183 289 14 14
6.000183 290 11 11
6.000183 291 18 18
6.000183 292 15 15
6.000183 293 16 16
6.000183 294 16 16
6.000183 295 10 10
6.000183 296 12 12
6.000183 297 18 18
6.000183 298 14 14
6.000183 299 16 16
6.000183 300 14 14
6.000183 301 14 14
6.000183 302 16 16
6.000183 304 15 15
6.000183 305 15 15
6.000183 307 16 16
6.000183 308 16 16
6.000183 310 17 17
6.000183 312 15 15
6.000183 313 14 14
6.000183 315 16 16
6.000183 316 9 9
6.000183 317 16 16
6.000183 320 13 13
6.000183 321 14 14
6.000183 323 12 12
6.000183 324 16 16
6.000183 325 16 16
6.000183 327 11 11
6.000183 330 16 16
6.000183 332 13 13
6.000183 333 15 15
6.000183 335 16 16
6.000183 336 16 16
6.000183 337 17 17
6.000183 338 12 12
6.000183 339 16 16
6.000183 340 14 14
6.000183 341 14 14
6.000183 342 14 14
6.000183 343 16 16
6.000183 345 14 14
6.000183 347 13 13
6.000183 348 14 14
6.000183 349 21 21
6.000183 350 16 16
6.000183 351 16 16
6.000183 355 17 17
6.000183 356 14 14
6.000183 357 14 14
6.000183 359 17 17
6.000183 361 15 15
6.000183 362 19 19
6.000183 363 13 13
6.000183 366 19 19
6.000183 367 14 14
6.000183 368 17 17
6.000183 369 13 13
6.000183 370 13 13
6.000183 371 16 16
6.000183 372 20 20
6.000183 373 16 16
6.000183 374 19 19
6.000183 375 2 2
6.000183 377 16 16
6.000183 378 16 16
6.000183 379 16 16
6.000183 380 15 15
6.000183 382 15 15
6.000183 384 18 18
6.000183 385 11 11
6.000183 386 15 15
6.000183 388 16 16
6.000183 389 14 14
6.000183 391 18 18
6.000183 392 16 16
6.000183 395 16 16
6.000183 397 16 16
6.000183 399 17 17
6.000183 400 14 14
6.000183 401 12 12
6.000183 402 18 18
6.000183 403 22 22
6.000183 405 14 14
6.000183 406 15 15
6.000183 407 11 11
6.000183 409 13 13
6.000183 412 16 16
6.000183 413 14 14
6.000183 414 16 16
6.000183 415 16 16
6.000183 419 16 16
6.000183 420 16 16
6.000183 421 16 16
6.000183 425 17 17
6.000183 429 12 12
6.000183 430 15 15
6.000183 433 4 4
6.000183 435 17 17
6.000183 437 13 13
6.000183 438 14 14
6.000183 441 12 12
6.000183 442 16 16
6.000183 443 18 18
6.000183 444 16 16
6.000183 446 15 15
6.000183 447 17 17
6.000183 448 16 16
6.000183 449 12 12
6.000183 450 14 14
6.000183 452 17 17
6.000183 453 13 13
6.000183 454 16 16
6.000183 456 16 16
6.000183 457 16 16
6.000183 459 16 16
6.000183 460 16 16
6.000183 462 3 3
6.000183 463 15 15
6.000183 464 17 17
6.000183 466 15 15
6.000183 467 16 16
6.000183 468 16 16
6.000183 469 18 18
6.000183 470 14 14
6.000183 471 15 15
6.000183 473 15 15
6.000183 474 17 17
6.000183 475 18 18
6.000183 476 18 18
6.000183 477 16 16
6.000183 478 16 16
6.000183 479 17 17
6.000183 480 3 3
6.000183 481 16 16
6.000183 482 16 16
6.000183 483 16 16
6.000183 486 19 19
6.000183 488 12 12
6.000183 489 13 13
6.000183 490 15 15
6.000183 492 18 18
6.000183 493 18 18
6.000183 494 20 20
6.000183 496 12 12
6.000183 497 8 8
6.000183 498 2 2
6.000183 500 19 19
6.000183 502 16 16
6.000183 506 16 16
6.000183 510 16 16
6.000183 511 18 18
6.000183 512 17 17
6.000183 513 2 2
6.000183 515 16 16
6.000183 516 18 18
6.000183 518 16 16
6.000183 520 21 21
6.000183 521 15 15
6.000183 523 15 15
6.000183 524 17 17
6.000183 526 16 16
6.000183 527 17 17
6.000183 528 18 18
6.000183 529 15 15
6.000183 530 14 14
6.000183 531 17 17
6.000183 533 17 17
6.000183 535 15 15
6.000183 536 13 13
6.000183 537 16 16
6.000183 538 15 15
6.000183 539 11 11
6.000183 540 17 17
6.000183 542 9 9
6.000183 545 9 9
6.000183 546 14 14
6.000183 547 15 15
6.000183 548 15 15
6.000183 549 16 16
7.000214 0 23 23
7.000214 1 21 21
7.000214 2 22 22
7.000214 3 24 24
7.000214 4 30 30
7.000214 8 23 23
7.000214 11 31 31
7.000214 13 23 23
7.000214 14 24 24
7.000214 17 25 25
7.000214 18 20 20
7.000214 19 21 21
7.000214 20 28 28
7.000214 23 19 19
7.000214 24 23 23
7.000214 26 26 26
7.000214 28 23 23
7.000214 32 29 29
7.000214 33 27 27
7.000214 35 28 28
7.000214 38 25 25
7.000214 41 28 28
7.000214 42 20 20
7.000214 43 18 18
7.000214 44 34 34
7.000214 48 8 8
7.000214 49 17 17
7.000214 50 29 29
7.000214 51 21 21
7.000214 53 20 20
7.000214 56 27 27
7.000214 57 24 24
7.000214 60 9 9
7.000214 62 28 28
7.000214 63 26 26
7.000214 65 21 21
7.000214 70 28 28
7.000214 76 20 20
7.000214 77 27 27
7.000214 78 8 8
7.000214 79 23 23
7.000214 83 29 29
7.000214 89 16 16
7.000214 92 22 22
7.000214 93 28 28
7.000214 95 24 24
7.000214 98 1 1
7.000214 100 27 27
7.000214 102 31 31
7.000214 104 30 30
7.000214 105 10 10
7.000214 108 26 26
7.000214 109 2 2
7.000214 111 24 24
7.000214 114 29 29
7.000214 117 20 20
7.000214 119 22 22
7.000214 121 25 25
7.000214 125 27 27
7.000214 127 14 14
7.000214 128 25 25
7.000214 130 21 21
7.000214 134 16 16
7.000214 137 23 23
7.000214 140 24 24
7.000214 143 26 26
7.000214 145 23 23
7.000214 146 20 20
7.000214 147 30 30
7.000214 151 24 24
7.000214 152 24 24
7.000214 155 20 20
7.000214 156 16 16
7.000214 157 27 27
7.000214 159 21 21
7.000214 160 29 29
7.000214 161 25 25
7.000214 162 17 17
7.000214 164 26 26
7.000214 166 23 23
7.000214 167 21 21
7.000214 169 19 19
7.000214 172 22 22
7.000214 175 26 26
7.000214 177 32 32
7.000214 179 26 26
7.000214 180 18 18
7.000214 182 16 16
7.000214 183 25 25
7.000214 184 27 27
7.000214 186 19 19
7.000214 189 18 18
7.000214 190 20 20
7.000214 192 30 30
7.000214 197 27 27
7.000214 204 24 24
7.000214 205 28 28
7.000214 206 20 20
7.000214 207 28 28
7.000214 211 20 20
7.000214 212 29 29
7.000214 213 26 26
7.000214 214 23 23
7.000214 215 25 25
7.000214 216 19 19
7.000214 223 29 29
7.000214 227 30 30
7.000214 233 9 9
7.000214 236 20 20
7.000214 239 22 22
7.000214 240 25 25
7.000214 241 22 22
7.000214 243 30 30
7.000214 247 21 21
7.000214 249 21 21
7.000214 250 27 27
7.000214 251 24 24
7.000214 254 21 21
7.000214 255 21 21
7.000214 257 23 23
7.000214 258 28 28
7.000214 259 1 1
7.000214 262 9 9
7.000214 263 23 23
7.000214 264 25 25
7.000214 265 23 23
7.000214 270 25 25
7.000214 272 20 20
7.000214 275 25 25
7.000214 276 7 7
7.000214 277 11 11
7.000214 279 24 24
7.000214 281 26 26
7.000214 283 25 25
7.000214 285 26 26
7.000214 286 19 19
7.000214 288 18 18
7.000214 289 25 25
7.000214 290 19 19
7.000214 291 31 31
7.000214 292 25 25
7.000214 294 26 26
7.000214 296 20 20
7.000214 297 34 34
7.000214 298 19 19
7.000214 299 28 28
7.000214 301 21 21
7.000214 305 27 27
7.000214 307 25 25
7.000214 312 27 27
7.000214 320 20 20
7.000214 321 23 23
7.000214 325 28 28
7.000214 327 16 16
7.000214 332 20 20
7.000214 333 11 11
7.000214 336 25 25
7.000214 337 2 2
7.000214 338 8 8
7.000214 339 27 27
7.000214 340 23 23
7.000214 341 24 24
7.000214 343 28 28
7.000214 345 20 20
7.000214 347 19 19
7.000214 348 25 25
7.000214 350 26 26
7.000214 351 20 20
7.000214 355 31 31
7.000214 356 21 21
7.000214 357 21 21
7.000214 359 22 22
7.000214 361 23 23
7.000214 362 24 24
7.000214 363 20 20
7.000214 366 10 10
7.000214 367 20 20
7.000214 368 32 32
7.000214 369 10 10
7.000214 371 28 28
7.000214 372 9 9
7.000214 373 24 24
7.000214 374 29 29
7.000214 378 23 23
7.000214 379 26 26
7.000214 380 24 24
7.000214 382 21 21
7.000214 384 29 29
7.000214 385 19 19
7.000214 386 29 29
7.000214 388 22 22
7.000214 389 22 22
7.000214 395 25 25
7.000214 397 26 26
7.000214 399 29 29
7.000214 400 26 26
7.000214 401 17 17
7.000214 402 33 33
7.000214 403 26 26
7.000214 405 6 6
7.000214 406 20 20
7.000214 413 19 19
7.000214 414 30 30
7.000214 415 2 2
7.000214 419 28 28
7.000214 421 29 29
7.000214 425 28 28
7.000214 429 17 17
7.000214 437 17 17
7.000214 441 20 20
7.000214 442 23 23
7.000214 443 26 26
7.000214 446 23 23
7.000214 447 22 22
7.000214 450 25 25
7.000214 452 29 29
7.000214 453 19 19
7.000214 454 22 22
7.000214 456 28 28
7.000214 459 23 23
7.000214 460 27 27
7.000214 464 25 25
7.000214 467 26 26
7.000214 468 22 22
7.000214 469 24 24
7.000214 471 22 22
7.000214 473 2 2
7.000214 475 30 30
7.000214 476 31 31
7.000214 477 31 31
7.000214 478 27 27
7.000214 479 28 28
7.000214 489 21 21
7.000214 490 23 23
7.000214 492 33 33
7.000214 493 31 31
7.000214 500 24 24
7.000214 502 23 23
7.000214 506 21 21
7.000214 510 23 23
7.000214 511 30 30
7.000214 515 31 31
7.000214 516 28 28
7.000214 518 19 19
7.000214 520 34 34
7.000214 521 22 22
7.000214 523 24 24
7.000214 524 31 31
7.000214 526 25 25
7.000214 527 26 26
7.000214 528 30 30
7.000214 531 29 29
7.000214 533 24 24
7.000214 535 24 24
7.000214 537 26 26
7.000214 539 18 18
7.000214 546 23 23
7.000214 547 24 24
7.000214 548 25 25
8.000244 1 34 34
8.000244 2 34 34
8.000244 3 34 34
8.000244 4 39 39
8.000244 8 1 1
8.000244 11 49 49
8.000244 13 36 36
8.000244 14 2 2
8.000244 17 40 40
8.000244 18 34 34
8.000244 20 6 6
8.000244 23 27 27
8.000244 26 38 38
8.000244 32 45 45
8.000244 33 42 42
8.000244 35 42 42
8.000244 38 37 37
8.000244 41 35 35
8.000244 42 33 33
8.000244 44 58 58
8.000244 49 33 33
8.000244 50 41 41
8.000244 53 1 1
8.000244 56 41 41
8.000244 57 41 41
8.000244 63 41 41
8.000244 65 36 36
8.000244 70 36 36
8.000244 77 37 37
8.000244 83 42 42
8.000244 93 42 42
8.000244 100 32 32
8.000244 102 51 51
8.000244 104 48 48
8.000244 108 41 41
8.000244 114 41 41
8.000244 119 29 29
8.000244 121 38 38
8.000244 125 46 46
8.000244 128 37 37
8.000244 130 34 34
8.000244 134 15 15
8.000244 137 35 35
8.000244 140 36 36
8.000244 143 42 42
8.000244 145 31 31
8.000244 147 41 41
8.000244 151 35 35
8.000244 152 34 34
8.000244 159 35 35
8.000244 160 46 46
8.000244 166 35 35
8.000244 167 34 34
8.000244 172 34 34
8.000244 175 41 41
8.000244 183 43 43
8.000244 184 1 1
8.000244 186 30 30
8.000244 189 33 33
8.000244 197 38 38
8.000244 204 39 39
8.000244 207 47 47
8.000244 211 32 32
8.000244 212 22 22
8.000244 213 40 40
8.000244 223 20 20
8.000244 227 46 46
8.000244 236 34 34
8.000244 239 33 33
8.000244 241 38 38
8.000244 243 36 36
8.000244 247 10 10
8.000244 249 15 15
8.000244 250 37 37
8.000244 254 32 32
8.000244 255 31 31
8.000244 258 39 39
8.000244 264 34 34
8.000244 265 33 33
8.000244 270 38 38
8.000244 272 30 30
8.000244 275 36 36
8.000244 281 36 36
8.000244 283 38 38
8.000244 285 40 40
8.000244 288 27 27
8.000244 289 43 43
8.000244 290 29 29
8.000244 291 40 40
8.000244 292 42 42
8.000244 294 39 39
8.000244 297 49 49
8.000244 301 33 33
8.000244 307 36 36
8.000244 312 36 36
8.000244 321 33 33
8.000244 325 45 45
8.000244 327 32 32
8.000244 332 33 33
8.000244 336 27 27
8.000244 339 39 39
8.000244 340 36 36
8.000244 341 42 42
8.000244 343 38 38
8.000244 345 1 1
8.000244 347 32 32
8.000244 348 11 11
8.000244 351 36 36
8.000244 355 9 9
8.000244 356 32 32
8.000244 363 29 29
8.000244 367 36 36
8.000244 371 39 39
8.000244 374 41 41
8.000244 379 15 15
8.000244 382 34 34
8.000244 384 2 2
8.000244 385 30 30
8.000244 386 40 40
8.000244 388 37 37
8.000244 397 40 40
8.000244 399 37 37
8.000244 400 44 44
8.000244 401 27 27
8.000244 402 53 53
8.000244 403 47 47
8.000244 406 32 32
8.000244 419 41 41
8.000244 421 37 37
8.000244 425 42 42
8.000244 429 27 27
8.000244 437 33 33
8.000244 441 31 31
8.000244 442 38 38
8.000244 443 45 45
8.000244 446 36 36
8.000244 447 13 13
8.000244 450 40 40
8.000244 452 44 44
8.000244 454 38 38
8.000244 456 40 40
8.000244 459 40 40
8.000244 460 39 39
8.000244 464 42 42
8.000244 467 37 37
8.000244 469 32 32
8.000244 471 28 28
8.000244 475 44 44
8.000244 476 47 47
8.000244 477 50 50
8.000244 478 33 33
8.000244 479 1 1
8.000244 492 52 52
8.000244 493 18 18
8.000244 502 40 40
8.000244 506 25 25
8.000244 510 15 15
8.000244 511 5 5
8.000244 520 58 58
8.000244 521 35 35
8.000244 523 37 37
8.000244 524 51 51
8.000244 526 38 38
8.000244 527 38 38
8.000244 528 34 34
8.000244 531 6 6
8.000244 533 42 42
8.000244 535 7 7
8.000244 537 48 48
8.000244 539 20 20
8.000244 546 39 39
8.000244 548 11 11
9.000275 1 10 10
9.000275 2 54 54
9.000275 3 58 58
9.000275 4 68 68
9.000275 11 75 75
9.000275 13 6 6
9.000275 17 66 66
9.000275 18 61 61
9.000275 26 59 59
9.000275 33 21 21
9.000275 35 62 62
9.000275 41 65 65
9.000275 42 58 58
9.000275 44 86 86
9.000275 49 52 52
9.000275 50 64 64
9.000275 56 62 62
9.000275 57 62 62
9.000275 63 68 68
9.000275 65 58 58
9.000275 70 65 65
9.000275 77 64 64
9.000275 83 7 7
9.000275 93 70 70
9.000275 104 72 72
9.000275 108 31 31
9.000275 114 71 71
9.000275 121 33 33
9.000275 125 70 70
9.000275 128 62 62
9.000275 130 56 56
9.000275 137 61 61
9.000275 140 26 26
9.000275 143 66 66
9.000275 145 54 54
9.000275 147 58 58
9.000275 151 57 57
9.000275 152 2 2
9.000275 160 61 61
9.000275 166 7 7
9.000275 167 57 57
9.000275 172 17 17
9.000275 175 17 17
9.000275 183 66 66
9.000275 186 1 1
9.000275 189 10 10
9.000275 207 80 80
9.000275 211 14 14
9.000275 227 9 9
9.000275 239 19 19
9.000275 241 43 43
9.000275 255 60 60
9.000275 258 48 48
9.000275 264 63 63
9.000275 265 55 55
9.000275 270 63 63
9.000275 272 52 52
9.000275 275 27 27
9.000275 281 61 61
9.000275 283 61 61
9.000275 285 41 41
9.000275 288 46 46
9.000275 289 67 67
9.000275 290 28 28
9.000275 291 72 72
9.000275 292 1 1
9.000275 294 63 63
9.000275 297 77 77
9.000275 301 60 60
9.000275 307 61 61
9.000275 312 63 63
9.000275 321 53 53
9.000275 325 66 66
9.000275 327 14 14
9.000275 332 39 39
9.000275 339 55 55
9.000275 340 59 59
9.000275 341 60 60
9.000275 343 21 21
9.000275 347 36 36
9.000275 363 3 3
9.000275 367 33 33
9.000275 371 62 62
9.000275 382 61 61
9.000275 386 67 67
9.000275 388 8 8
9.000275 397 12 12
9.000275 399 67 67
9.000275 400 61 61
9.000275 401 21 21
9.000275 402 15 15
9.000275 403 82 82
9.000275 406 54 54
9.000275 419 2 2
9.000275 425 53 53
9.000275 429 39 39
9.000275 437 50 50
9.000275 441 1 1
9.000275 442 58 58
9.000275 443 74 74
9.000275 446 59 59
9.000275 450 5 5
9.000275 452 71 71
9.000275 454 65 65
9.000275 456 66 66
9.000275 460 66 66
9.000275 464 68 68
9.000275 467 63 63
9.000275 475 75 75
9.000275 476 77 77
9.000275 492 9 9
9.000275 502 63 63
9.000275 520 88 88
9.000275 521 53 53
9.000275 523 62 62
9.000275 524 75 75
9.000275 526 64 64
9.000275 527 64 64
9.000275 533 67 67
9.000275 537 62 62
9.000275 546 52 52
10.000305 2 87 87
10.000305 3 2 2
10.000305 4 110 110
10.000305 11 124 124
10.000305 17 106 106
10.000305 18 35 35
10.000305 26 91 91
10.000305 41 108 108
10.000305 42 84 84
10.000305 44 120 120
10.000305 49 73 73
10.000305 50 97 97
10.000305 56 104 104
10.000305 57 4 4
10.000305 63 99 99
10.000305 65 20 20
10.000305 70 74 74
10.000305 77 103 103
10.000305 93 103 103
10.000305 104 122 122
10.000305 114 69 69
10.000305 125 29 29
10.000305 128 95 95
10.000305 130 93 93
10.000305 137 98 98
10.000305 143 102 102
10.000305 145 49 49
10.000305 147 36 36
10.000305 151 83 83
10.000305 160 11 11
10.000305 167 38 38
10.000305 183 106 106
10.000305 207 75 75
10.000305 255 89 89
10.000305 264 100 100
10.000305 265 88 88
10.000305 270 104 104
10.000305 272 30 30
10.000305 281 98 98
10.000305 283 101 101
10.000305 288 75 75
10.000305 289 102 102
10.000305 291 117 117
10.000305 294 106 106
10.000305 297 129 129
10.000305 301 95 95
10.000305 307 97 97
10.000305 312 15 15
10.000305 325 117 117
10.000305 340 68 68
10.000305 341 1 1
10.000305 347 2 2
10.000305 371 39 39
10.000305 382 85 85
10.000305 386 112 112
10.000305 399 110 110
10.000305 400 6 6
10.000305 403 39 39
10.000305 406 79 79
10.000305 425 3 3
10.000305 437 1 1
10.000305 442 33 33
10.000305 443 41 41
10.000305 446 63 63
10.000305 452 105 105
10.000305 454 95 95
10.000305 456 112 112
10.000305 460 108 108
10.000305 464 29 29
10.000305 467 45 45
10.000305 475 127 127
10.000305 476 124 124
10.000305 502 3 3
10.000305 520 144 144
10.000305 523 79 79
10.000305 524 38 38
10.000305 526 99 99
10.000305 527 28 28
10.000305 533 77 77
10.000305 537 105 105
10.000305 546 80 80
11.000336 2 129 129
11.000336 4 161 161
11.000336 11 189 189
11.000336 17 118 118
11.000336 26 33 33
11.000336 41 157 157
11.000336 42 45 45
11.000336 44 106 106
11.000336 49 123 123
11.000336 50 78 78
11.000336 56 172 172
11.000336 63 73 73
11.000336 77 70 70
11.000336 93 76 76
11.000336 104 177 177
11.000336 114 41 41
11.000336 128 147 147
11.000336 130 126 126
11.000336 137 124 124
11.000336 143 21 21
11.000336 145 1 1
11.000336 151 44 44
11.000336 183 111 111
11.000336 207 35 35
11.000336 255 62 62
11.000336 264 117 117
11.000336 265 138 138
11.000336 270 163 163
11.000336 281 133 133
11.000336 283 156 156
11.000336 288 117 117
11.000336 289 167 167
11.000336 291 149 149
11.000336 294 163 163
11.000336 297 108 108
11.000336 301 100 100
11.000336 307 62 62
11.000336 325 128 128
11.000336 340 23 23
11.000336 382 71 71
11.000336 386 163 163
11.000336 399 172 172
11.000336 406 53 53
11.000336 446 5 5
11.000336 452 95 95
11.000336 454 98 98
11.000336 456 112 112
11.000336 460 166 166
11.000336 475 91 91
11.000336 476 171 171
11.000336 520 236 236
11.000336 523 12 12
11.000336 526 144 144
11.000336 537 177 177
11.000336 546 44 44
12.000366 2 215 215
12.000366 4 242 242
12.000366 11 303 303
12.000366 17 96 96
12.000366 26 17 17
12.000366 41 200 200
12.000366 44 100 100
12.000366 49 38 38
12.000366 50 63 63
12.000366 56 218 218
12.000366 63 32 32
12.000366 77 13 13
12.000366 93 28 28
12.000366 104 168 168
12.000366 128 116 116
12.000366 130 195 195
12.000366 137 91 91
12.000366 151 39 39
12.000366 183 67 67
12.000366 207 3 3
12.000366 255 31 31
12.000366 264 104 104
12.000366 265 207 207
12.000366 270 260 260
12.000366 281 53 53
12.000366 283 154 154
12.000366 288 190 190
12.000366 289 236 236
12.000366 291 169 169
12.000366 294 215 215
12.000366 297 71 71
12.000366 301 21 21
12.000366 307 32 32
12.000366 325 115 115
12.000366 340 9 9
12.000366 382 66 66
12.000366 386 271 271
12.000366 399 217 217
12.000366 406 19 19
12.000366 452 33 33
12.000366 454 105 105
12.000366 456 113 113
12.000366 460 136 136
12.000366 475 38 38
12.000366 476 181 181
12.000366 520 301 301
12.000366 526 124 124
12.000366 537 256 256
12.000366 546 2 2
13.000397 2 333 333
13.000397 4 289 289
13.000397 11 444 444
13.000397 17 53 53
13.000397 41 266 266
13.000397 44 75 75
13.000397 49 14 14
13.000397 50 16 16
13.000397 56 156 156
13.000397 63 22 22
13.000397 104 158 158
13.000397 128 35 35
13.000397 130 244 244
13.000397 137 88 88
13.000397 151 14 14
13.000397 183 5 5
13.000397 264 96 96
13.000397 265 233 233
13.000397 270 339 339
13.000397 281 32 32
13.000397 283 147 147
13.000397 288 239 239
13.000397 289 264 264
13.000397 291 182 182
13.000397 294 230 230
13.000397 297 10 10
13.000397 307 12 12
13.000397 325 91 91
13.000397 382 83 83
13.000397 386 372 372
13.000397 399 293 293
13.000397 454 93 93
13.000397 456 115 115
13.000397 460 74 74
13.000397 476 260 260
13.000397 520 311 311
13.000397 526 104 104
13.000397 537 248 248
14.000427 2 427 427
14.000427 4 295 295
14.000427 11 527 527
14.000427 41 242 242
14.000427 44 61 61
14.000427 49 17 17
14.000427 50 15 15
14.000427 56 129 129
14.000427 63 1 1
14.000427 104 112 112
14.000427 128 18 18
14.000427 130 286 286
14.000427 137 78 78
14.000427 264 81 81
14.000427 265 256 256
14.000427 270 427 427
14.000427 281 10 10
14.000427 283 101 101
14.000427 288 242 242
14.000427 289 188 188
14.000427 291 136 136
14.000427 294 204 204
14.000427 325 74 74
14.000427 382 107 107
14.000427 386 504 504
14.000427 399 311 311
14.000427 454 77 77
14.000427 456 83 83
14.000427 460 33 33
14.000427 476 316 316
14.000427 520 346 346
14.000427 526 68 68
14.000427 537 217 217
15.000458 2 499 499
15.000458 4 311 311
15.000458 11 467 467
15.000458 41 204 204
15.000458 44 38 38
15.000458 56 15 15
15.000458 104 74 74
15.000458 128 3 3
15.000458 130 356 356
15.000458 137 93 93
15.000458 264 32 32
15.000458 265 231 231
15.000458 270 577 577
15.000458 283 124 124
15.000458 288 321 321
15.000458 289 192 192
15.000458 291 137 137
15.000458 294 251 251
15.000458 325 70 70
15.000458 382 94 94
15.000458 386 588 588
15.000458 399 322 322
15.000458 454 44 44
15.000458 456 15 15
15.000458 460 29 29
15.000458 476 312 312
15.000458 520 335 335
15.000458 526 51 51
15.000458 537 187 187
16.000488 2 602 602
16.000488 4 337 337
16.000488 11 417 417
16.000488 41 217 217
16.000488 44 23 23
16.000488 104 21 21
16.000488 130 440 440
16.000488 137 58 58
16.000488 264 10 10
16.000488 265 271 271
16.000488 270 668 668
16.000488 283 61 61
16.000488 288 378 378
16.000488 289 208 208
16.000488 291 155 155
16.000488 294 313 313
16.000488 325 65 65
16.000488 382 60 60
16.000488 386 646 646
16.000488 399 336 336
16.000488 460 27 27
16.000488 476 245 245
16.000488 520 294 294
16.000488 526 31 31
16.000488 537 137 137
17.000519 2 707 707
17.000519 4 369 369
17.000519 11 374 374
17.000519 41 163 163
17.000519 130 477 477
17.000519 137 43 43
17.000519 265 281 281
17.000519 270 720 720
17.000519 283 25 25
17.000519 288 358 358
17.000519 289 212 212
17.000519 291 136 136
17.000519 294 391 391
17.000519 325 67 67
17.000519 382 4 4
17.000519 386 674 674
17.000519 399 374 374
17.000519 460 12 12
17.000519 476 222 222
17.000519 520 197 197
17.000519 526 34 34
17.000519 537 126 126
18.000549 2 797 797
18.000549 4 383 383
18.000549 11 362 362
18.000549 41 134 134
18.000549 130 505 505
18.000549 137 55 55
18.000549 265 289 289
18.000549 270 741 741
18.000549 288 288 288
18.000549 289 212 212
18.000549 291 105 105
18.000549 294 476 476
18.000549 325 58 58
18.000549 386 732 732
18.000549 399 424 424
18.000549 476 234 234
18.000549 520 83 83
18.000549 526 38 38
18.000549 537 97 97
19.000580 2 940 940
19.000580 4 424 424
19.000580 11 338 338
19.000580 41 144 144
19.000580 130 488 488
19.000580 137 68 68
19.000580 265 275 275
19.000580 270 767 767
19.000580 288 132 132
19.000580 289 204 204
19.000580 291 112 112
19.000580 294 445 445
19.000580 325 54 54
19.000580 386 638 638
19.000580 399 538 538
19.000580 476 295 295
19.000580 520 18 18
19.000580 526 23 23
19.000580 537 83 83
20.000610 2 993 993
20.000610 4 410 410
20.000610 11 309 309
20.000610 41 157 157
20.000610 130 493 493
20.000610 137 46 46
20.000610 265 242 242
20.000610 270 878 878
20.000610 288 61 61
20.000610 289 249 249
20.000610 291 144 144
20.000610 294 347 347
20.000610 325 11 11
20.000610 386 654 654
20.000610 399 625 625
20.000610 476 297 297
20.000610 526 4 4
20.000610 537 87 87
21.000641 2 1088 1088
21.000641 4 340 340
21.000641 11 272 272
21.000641 41 196 196
21.000641 130 554 554
21.000641 137 39 39
21.000641 265 154 154
21.000641 270 943 943
21.000641 288 12 12
21.000641 289 267 267
21.000641 291 130 130
21.000641 294 275 275
21.000641 386 810 810
21.000641 399 587 587
21.000641 476 246 246
21.000641 537 89 89
22.000671 2 1127 1127
22.000671 4 250 250
22.000671 11 239 239
22.000671 41 237 237
22.000671 130 553 553
22.000671 137 38 38
22.000671 265 134 134
22.000671 270 973 973
22.000671 289 290 290
22.000671 291 154 154
22.000671 294 175 175
22.000671 386 955 955
22.000671 399 588 588
22.000671 476 200 200
22.000671 537 92 92
23.000702 2 1146 1146
23.000702 4 185 185
23.000702 11 179 179
23.000702 41 190 190
23.000702 130 525 525
23.000702 137 33 33
23.000702 265 89 89
23.000702 270 984 984
23.000702 289 361 361
23.000702 291 155 155
23.000702 294 173 173
23.000702 386 1163 1163
23.000702 399 460 460
23.000702 476 239 239
23.000702 537 83 83
24.000732 2 1148 1148
24.000732 4 133 133
24.000732 11 124 124
24.000732 41 186 186
24.000732 130 513 513
24.000732 137 49 49
24.000732 265 63 63
24.000732 270 936 936
24.000732 289 485 485
24.000732 291 178 178
24.000732 294 160 160
24.000732 386 1377 1377
24.000732 399 349 349
24.000732 476 242 242
24.000732 537 60 60
25.000763 2 1053 1053
25.000763 4 77 77
25.000763 11 143 143
25.000763 41 194 194
25.000763 130 539 539
25.000763 137 8 8
25.000763 265 50 50
25.000763 270 1020 1020
25.000763 289 547 547
25.000763 291 158 158
25.000763 294 153 153
25.000763 386 1544 1544
25.000763 399 258 258
25.000763 476 208 208
25.000763 537 31 31
26.000793 2 1014 1014
26.000793 4 21 21
26.000793 11 145 145
26.000793 41 202 202
26.000793 130 548 548
26.000793 265 44 44
26.000793 270 1040 1040
26.000793 289 618 618
26.000793 291 158 158
26.000793 294 123 123
26.000793 386 1649 1649
26.000793 399 183 183
26.000793 476 249 249
26.000793 537 12 12
27.000824 2 974 974
27.000824 11 89 89
27.000824 41 213 213
27.000824 130 639 639
27.000824 265 60 60
27.000824 270 1011 1011
27.000824 289 687 687
27.000824 291 128 128
27.000824 294 80 80
27.000824 386 1573 1573
27.000824 399 185 185
27.000824 476 292 292
28.000854 2 918 918
28.000854 11 51 51
28.000854 41 201 201
28.000854 130 648 648
28.000854 265 45 45
28.000854 270 1016 1016
28.000854 289 876 876
28.000854 291 118 118
28.000854 294 41 41
28.000854 386 1637 1637
28.000854 399 172 172
28.000854 476 259 259
29.000885 2 917 917
29.000885 41 196 196
29.000885 130 646 646
29.000885 265 31 31
29.000885 270 1038 1038
29.000885 289 971 971
29.000885 291 78 78
29.000885 294 38 38
29.000885 386 1740 1740
29.000885 399 111 111
29.000885 476 263 263
30.000916 2 899 899
30.000916 41 215 215
30.000916 130 642 642
30.000916 265 17 17
30.000916 270 993 993
30.000916 289 1008 1008
30.000916 291 34 34
30.000916 294 31 31
30.000916 386 1886 1886
30.000916 399 76 76
30.000916 476 211 211
31.000946 2 917 917
31.000946 41 241 241
31.000946 130 617 617
31.000946 270 1095 1095
31.000946 289 976 976
31.000946 291 8 8
31.000946 294 25 25
31.000946 386 1915 1915
31.000946 399 69 69
31.000946 476 126 126
32.000977 2 1014 1014
32.000977 41 225 225
32.000977 130 607 607
32.000977 270 1143 1143
32.000977 289 835 835
32.000977 386 1972 1972
32.000977 399 23 23
32.000977 476 129 129
33.001007 2 1100 1100
33.001007 41 244 244
33.001007 130 582 582
33.001007 270 1176 1176
33.001007 289 789 789
33.001007 386 2020 2020
33.001007 476 81 81
34.001038 2 1183 1183
34.001038 41 248 248
34.001038 130 564 564
34.001038 270 1199 1199
34.001038 289 739 739
34.001038 386 2074 2074
34.001038 476 7 7
35.001068 2 1210 1210
35.001068 41 245 245
35.001068 130 614 614
35.001068 270 1106 1106
35.001068 289 742 742
35.001068 386 2038 2038
36.001099 2 1196 1196
36.001099 41 197 197
36.001099 130 646 646
36.001099 270 1048 1048
36.001099 289 804 804
36.001099 386 2139 2139
37.001129 2 1177 1177
37.001129 41 162 162
37.001129 130 601 601
37.001129 270 1007 1007
37.001129 289 847 847
37.001129 386 2232 2232
38.001160 2 1160 1160
38.001160 41 138 138
38.001160 130 543 543
38.001160 270 929 929
38.001160 289 857 857
38.001160 386 2410 2410
39.001190 2 1117 1117
39.001190 41 121 121
39.001190 130 509 509
39.001190 270 911 911
39.001190 289 842 842
39.001190 386 2526 2526
40.001221 2 1103 1103
40.001221 41 132 132
40.001221 130 449 449
40.001221 270 874 874
40.001221 289 781 781
40.001221 386 2642 2642
41.001251 2 1087 1087
41.001251 41 163 163
41.001251 130 370 370
41.001251 270 902 902
41.001251 289 642 642
41.001251 386 2827 2827
42.001282 2 1115 1115
42.001282 41 122 122
42.001282 130 272 272
42.001282 270 872 872
42.001282 289 583 583
42.001282 386 3071 3071
43.001312 2 1092 1092
43.001312 41 78 78
43.001312 130 232 232
43.001312 270 833 833
43.001312 289 546 546
43.001312 386 3194 3194
44.001343 2 1071 1071
44.001343 41 81 81
44.001343 130 270 270
44.001343 270 849 849
44.001343 289 548 548
44.001343 386 3206 3206
45.001373 2 1070 1070
45.001373 41 70 70
45.001373 130 283 283
45.001373 270 845 845
45.001373 289 533 533
45.001373 386 3186 3186
46.001404 2 1069 1069
46.001404 41 66 66
46.001404 130 290 290
46.001404 270 879 879
46.001404 289 504 504
46.001404 386 3187 3187
47.001434 2 1058 1058
47.001434 41 47 47
47.001434 130 350 350
47.001434 270 946 946
47.001434 289 508 508
47.001434 386 3129 3129
48.001465 2 1003 1003
48.001465 41 57 57
48.001465 130 406 406
48.001465 270 999 999
48.001465 289 516 516
48.001465 386 3007 3007
49.001495 2 1032 1032
49.001495 41 60 60
49.001495 130 412 412
49.001495 270 1043 1043
49.001495 289 458 458
49.001495 386 2994 2994
50.001526 2 1073 1073
50.001526 41 50 50
50.001526 130 477 477
50.001526 270 1047 1047
50.001526 289 420 420
50.001526 386 2940 2940
51.001556 2 1073 1073
51.001556 41 14 14
51.001556 130 572 572
51.001556 270 1025 1025
51.001556 289 353 353
51.001556 386 2952 2952
52.001587 2 1061 1061
52.001587 41 1 1
52.001587 130 607 607
52.001587 270 969 969
52.001587 289 292 292
52.001587 386 3064 3064
53.001617 2 1122 1122
53.001617 130 629 629
53.001617 270 839 839
53.001617 289 245 245
53.001617 386 3186 3186
54.001648 2 1207 1207
54.001648 130 647 647
54.001648 270 711 711
54.001648 289 205 205
54.001648 386 3292 3292
55.001678 2 1263 1263
55.001678 130 647 647
55.001678 270 653 653
55.001678 289 145 145
55.001678 386 3313 3313
56.001709 2 1300 1300
56.001709 130 636 636
56.001709 270 595 595
56.001709 289 141 141
56.001709 386 3295 3295
57.001740 2 1409 1409
57.001740 130 718 718
57.001740 270 586 586
57.001740 289 131 131
57.001740 386 3202 3202
58.001770 2 1527 1527
58.001770 130 778 778
58.001770 270 496 496
58.001770 289 94 94
58.001770 386 3066 3066
59.001801 2 1568 1568
59.001801 130 822 822
59.001801 270 479 479
59.001801 289 44 44
59.001801 386 3067 3067
60.001831 2 1621 1621
60.001831 130 832 832
60.001831 270 415 415
60.001831 289 18 18
60.001831 386 3120 3120
61.001862 2 1634 1634
61.001862 130 821 821
61.001862 270 381 381
61.001862 386 3166 3166
62.001892 2 1581 1581
62.001892 130 768 768
62.001892 270 373 373
62.001892 386 3292 3292
63.001923 2 1584 1584
63.001923 130 783 783
63.001923 270 296 296
63.001923 386 3368 3368
64.001953 2 1488 1488
64.001953 130 767 767
64.001953 270 335 335
64.001953 386 3403 3403
65.001984 2 1469 1469
65.001984 130 664 664
65.001984 270 334 334
65.001984 386 3579 3579
66.002014 2 1459 1459
66.002014 130 625 625
66.002014 270 341 341
66.002014 386 3610 3610
67.002045 2 1469 1469
67.002045 130 595 595
67.002045 270 353 353
67.002045 386 3617 3617
68.002075 2 1443 1443
68.002075 130 601 601
68.002075 270 383 383
68.002075 386 3583 3583
69.002106 2 1366 1366
69.002106 130 542 542
69.002106 270 452 452
69.002106 386 3626 3626
70.002136 2 1375 1375
70.002136 130 514 514
70.002136 270 528 528
70.002136 386 3570 3570
71.002167 2 1379 1379
71.002167 130 499 499
71.002167 270 528 528
71.002167 386 3608 3608
