0.000000 0 1 1
0.000000 2 1 1
0.000000 4 1 1
0.000000 5 1 1
0.000000 6 1 1
0.000000 7 1 1
0.000000 8 1 1
0.000000 9 1 1
0.000000 11 1 1
0.000000 12 1 1
0.000000 13 1 1
0.000000 14 1 1
0.000000 15 1 1
0.000000 16 1 1
0.000000 17 1 1
0.000000 18 1 1
0.000000 19 1 1
0.000000 20 1 1
0.000000 21 1 1
0.000000 22 1 1
0.000000 23 1 1
0.000000 24 1 1
0.000000 25 1 1
0.000000 26 1 1
0.000000 27 1 1
0.000000 28 1 1
0.000000 29 1 1
0.000000 30 1 1
0.000000 31 1 1
0.000000 32 1 1
0.000000 33 1 1
0.000000 35 1 1
0.000000 36 1 1
0.000000 37 1 1
0.000000 40 1 1
0.000000 41 1 1
0.000000 42 1 1
0.000000 43 1 1
0.000000 44 1 1
0.000000 45 1 1
0.000000 46 1 1
0.000000 47 1 1
0.000000 48 1 1
0.000000 50 1 1
0.000000 51 1 1
0.000000 52 1 1
0.000000 53 1 1
0.000000 54 1 1
0.000000 55 1 1
0.000000 56 1 1
0.000000 57 1 1
0.000000 58 1 1
0.000000 59 1 1
0.000000 60 1 1
0.000000 61 1 1
0.000000 62 1 1
0.000000 63 1 1
0.000000 64 1 1
0.000000 65 1 1
0.000000 66 1 1
0.000000 67 1 1
0.000000 68 1 1
0.000000 69 1 1
0.000000 71 1 1
0.000000 72 1 1
0.000000 73 1 1
0.000000 74 1 1
0.000000 75 1 1
0.000000 76 1 1
0.000000 77 1 1
0.000000 78 1 1
0.000000 80 1 1
0.000000 81 1 1
0.000000 82 1 1
0.000000 83 1 1
0.000000 84 1 1
0.000000 85 1 1
0.000000 86 1 1
0.000000 87 1 1
0.000000 88 1 1
0.000000 89 1 1
0.000000 90 1 1
0.000000 91 1 1
0.000000 92 1 1
0.000000 93 1 1
0.000000 94 1 1
0.000000 95 1 1
0.000000 96 1 1
0.000000 97 1 1
0.000000 98 1 1
0.000000 99 1 1
0.000000 100 1 1
0.000000 101 1 1
0.000000 102 1 1
0.000000 104 1 1
0.000000 106 1 1
0.000000 107 1 1
0.000000 108 1 1
0.000000 109 1 1
0.000000 110 1 1
0.000000 111 1 1
0.000000 112 1 1
0.000000 113 1 1
0.000000 114 1 1
0.000000 115 1 1
0.000000 116 1 1
0.000000 117 1 1
0.000000 118 1 1
0.000000 119 1 1
0.000000 120 1 1
0.000000 121 1 1
0.000000 122 1 1
0.000000 123 1 1
0.000000 124 1 1
0.000000 125 1 1
0.000000 126 1 1
0.000000 127 1 1
0.000000 128 1 1
0.000000 130 1 1
0.000000 131 1 1
0.000000 132 1 1
0.000000 133 1 1
0.000000 134 1 1
0.000000 135 1 1
0.000000 136 1 1
0.000000 137 1 1
0.000000 138 1 1
0.000000 139 1 1
0.000000 140 1 1
0.000000 141 1 1
0.000000 142 1 1
0.000000 143 1 1
0.000000 144 1 1
0.000000 145 1 1
0.000000 146 1 1
0.000000 148 1 1
0.000000 149 1 1
0.000000 150 1 1
0.000000 151 1 1
0.000000 152 1 1
0.000000 153 1 1
0.000000 154 1 1
0.000000 155 1 1
0.000000 156 1 1
0.000000 157 1 1
0.000000 158 1 1
0.000000 159 1 1
0.000000 160 1 1
0.000000 161 1 1
0.000000 162 1 1
0.000000 163 1 1
0.000000 164 1 1
0.000000 165 1 1
0.000000 166 1 1
0.000000 167 1 1
0.000000 168 1 1
0.000000 169 1 1
0.000000 170 1 1
0.000000 171 1 1
0.000000 172 1 1
0.000000 173 1 1
0.000000 174 1 1
0.000000 175 1 1
0.000000 176 1 1
0.000000 177 1 1
0.000000 178 1 1
0.000000 179 1 1
0.000000 180 1 1
0.000000 181 1 1
0.000000 182 1 1
0.000000 183 1 1
0.000000 184 1 1
0.000000 185 1 1
0.000000 188 1 1
0.000000 189 1 1
0.000000 190 1 1
0.000000 191 1 1
0.000000 192 1 1
0.000000 193 1 1
0.000000 194 1 1
0.000000 195 1 1
0.000000 196 1 1
0.000000 197 1 1
0.000000 199 1 1
0.000000 200 1 1
0.000000 202 1 1
0.000000 203 1 1
0.000000 204 1 1
0.000000 205 1 1
0.000000 207 1 1
0.000000 209 1 1
0.000000 210 1 1
0.000000 211 1 1
0.000000 212 1 1
0.000000 213 1 1
0.000000 214 1 1
0.000000 215 1 1
0.000000 216 1 1
0.000000 217 1 1
0.000000 218 1 1
0.000000 219 1 1
0.000000 220 1 1
0.000000 221 1 1
0.000000 222 1 1
0.000000 223 1 1
0.000000 227 1 1
0.000000 228 1 1
0.000000 229 1 1
0.000000 230 1 1
0.000000 231 1 1
0.000000 232 1 1
0.000000 233 1 1
0.000000 234 1 1
0.000000 235 1 1
0.000000 236 1 1
0.000000 237 1 1
0.000000 238 1 1
0.000000 239 1 1
0.000000 240 1 1
0.000000 242 1 1
0.000000 244 1 1
0.000000 245 1 1
0.000000 246 1 1
0.000000 247 1 1
0.000000 248 1 1
0.000000 249 1 1
0.000000 250 1 1
0.000000 251 1 1
0.000000 252 1 1
0.000000 254 1 1
0.000000 255 1 1
0.000000 256 1 1
0.000000 257 1 1
0.000000 258 1 1
0.000000 259 1 1
0.000000 260 1 1
0.000000 261 1 1
0.000000 262 1 1
0.000000 266 1 1
0.000000 267 1 1
0.000000 269 1 1
0.000000 270 1 1
0.000000 271 1 1
0.000000 272 1 1
0.000000 273 1 1
0.000000 274 1 1
0.000000 275 1 1
0.000000 276 1 1
0.000000 277 1 1
0.000000 278 1 1
0.000000 279 1 1
0.000000 280 1 1
0.000000 281 1 1
0.000000 283 1 1
0.000000 284 1 1
0.000000 285 1 1
0.000000 286 1 1
0.000000 287 1 1
0.000000 288 1 1
0.000000 289 1 1
0.000000 290 1 1
0.000000 291 1 1
0.000000 292 1 1
0.000000 293 1 1
0.000000 294 1 1
0.000000 295 1 1
0.000000 296 1 1
0.000000 297 1 1
0.000000 298 1 1
0.000000 299 1 1
0.000000 300 1 1
0.000000 301 1 1
0.000000 302 1 1
0.000000 303 1 1
0.000000 304 1 1
0.000000 306 1 1
0.000000 307 1 1
0.000000 308 1 1
0.000000 309 1 1
0.000000 310 1 1
0.000000 311 1 1
0.000000 312 1 1
0.000000 313 1 1
0.000000 314 1 1
0.000000 315 1 1
0.000000 316 1 1
0.000000 317 1 1
0.000000 318 1 1
0.000000 319 1 1
0.000000 320 1 1
0.000000 321 1 1
0.000000 322 1 1
0.000000 323 1 1
0.000000 324 1 1
0.000000 325 1 1
0.000000 326 1 1
0.000000 327 1 1
0.000000 328 1 1
0.000000 329 1 1
0.000000 330 1 1
0.000000 331 1 1
0.000000 333 1 1
0.000000 334 1 1
0.000000 335 1 1
0.000000 336 1 1
0.000000 338 1 1
0.000000 339 1 1
0.000000 340 1 1
0.000000 341 1 1
0.000000 342 1 1
0.000000 343 1 1
0.000000 344 1 1
0.000000 345 1 1
0.000000 347 1 1
0.000000 348 1 1
0.000000 349 1 1
0.000000 350 1 1
0.000000 351 1 1
0.000000 352 1 1
0.000000 353 1 1
0.000000 354 1 1
0.000000 355 1 1
0.000000 356 1 1
0.000000 357 1 1
0.000000 358 1 1
0.000000 359 1 1
0.000000 360 1 1
0.000000 361 1 1
0.000000 362 1 1
0.000000 363 1 1
0.000000 364 1 1
0.000000 365 1 1
0.000000 366 1 1
0.000000 368 1 1
0.000000 369 1 1
0.000000 370 1 1
0.000000 371 1 1
0.000000 372 1 1
0.000000 373 1 1
0.000000 374 1 1
0.000000 375 1 1
0.000000 376 1 1
0.000000 377 1 1
0.000000 378 1 1
0.000000 379 1 1
0.000000 380 1 1
0.000000 381 1 1
0.000000 382 1 1
0.000000 383 1 1
0.000000 384 1 1
0.000000 385 1 1
0.000000 386 1 1
0.000000 387 1 1
0.000000 388 1 1
0.000000 389 1 1
0.000000 390 1 1
0.000000 391 1 1
0.000000 392 1 1
0.000000 393 1 1
0.000000 394 1 1
0.000000 395 1 1
0.000000 396 1 1
0.000000 397 1 1
0.000000 398 1 1
0.000000 399 1 1
0.000000 400 1 1
0.000000 401 1 1
0.000000 402 1 1
0.000000 403 1 1
0.000000 404 1 1
0.000000 405 1 1
0.000000 406 1 1
0.000000 407 1 1
0.000000 408 1 1
0.000000 409 1 1
0.000000 410 1 1
0.000000 411 1 1
0.000000 412 1 1
0.000000 413 1 1
0.000000 415 1 1
0.000000 416 1 1
0.000000 417 1 1
0.000000 418 1 1
0.000000 419 1 1
0.000000 420 1 1
0.000000 421 1 1
0.000000 422 1 1
0.000000 423 1 1
0.000000 424 1 1
0.000000 425 1 1
0.000000 426 1 1
0.000000 427 1 1
0.000000 428 1 1
0.000000 429 1 1
0.000000 430 1 1
0.000000 431 1 1
0.000000 432 1 1
0.000000 433 1 1
0.000000 434 1 1
0.000000 435 1 1
0.000000 436 1 1
0.000000 437 1 1
0.000000 438 1 1
0.000000 439 1 1
0.000000 441 1 1
0.000000 442 1 1
0.000000 443 1 1
0.000000 444 1 1
0.000000 445 1 1
0.000000 446 1 1
0.000000 447 1 1
0.000000 448 1 1
0.000000 449 1 1
0.000000 450 1 1
0.000000 451 1 1
0.000000 452 1 1
0.000000 453 1 1
0.000000 454 1 1
0.000000 455 1 1
0.000000 456 1 1
0.000000 457 1 1
0.000000 458 1 1
0.000000 459 1 1
0.000000 460 1 1
0.000000 461 1 1
0.000000 462 1 1
0.000000 463 1 1
0.000000 464 1 1
0.000000 465 1 1
0.000000 466 1 1
0.000000 467 1 1
0.000000 468 1 1
0.000000 470 1 1
0.000000 471 1 1
0.000000 472 1 1
0.000000 473 1 1
0.000000 474 1 1
0.000000 475 1 1
0.000000 476 1 1
0.000000 477 1 1
0.000000 478 1 1
0.000000 479 1 1
0.000000 480 1 1
0.000000 481 1 1
0.000000 482 1 1
0.000000 483 1 1
0.000000 484 1 1
0.000000 485 1 1
0.000000 486 1 1
0.000000 487 1 1
0.000000 488 1 1
0.000000 489 1 1
0.000000 490 1 1
0.000000 491 1 1
0.000000 492 1 1
0.000000 493 1 1
0.000000 495 1 1
0.000000 497 1 1
0.000000 498 1 1
0.000000 499 1 1
0.000000 500 1 1
0.000000 501 1 1
0.000000 502 1 1
0.000000 503 1 1
0.000000 504 1 1
0.000000 506 1 1
0.000000 507 1 1
0.000000 508 1 1
0.000000 509 1 1
0.000000 510 1 1
0.000000 512 1 1
0.000000 513 1 1
0.000000 514 1 1
0.000000 515 1 1
0.000000 516 1 1
0.000000 517 1 1
0.000000 518 1 1
0.000000 520 1 1
0.000000 521 1 1
0.000000 522 1 1
0.000000 524 1 1
0.000000 525 1 1
0.000000 527 1 1
0.000000 529 1 1
0.000000 530 1 1
0.000000 531 1 1
0.000000 532 1 1
0.000000 533 1 1
0.000000 534 1 1
0.000000 535 1 1
0.000000 536 1 1
0.000000 537 1 1
0.000000 538 1 1
0.000000 539 1 1
0.000000 540 1 1
0.000000 541 1 1
0.000000 542 1 1
0.000000 543 1 1
0.000000 544 1 1
0.000000 545 1 1
0.000000 546 1 1
0.000000 547 1 1
0.000000 548 1 1
0.000000 549 1 1
1.000031 0 1 1
1.000031 2 2 2
1.000031 4 1 1
1.000031 5 1 1
1.000031 6 1 1
1.000031 7 1 1
1.000031 8 1 1
1.000031 9 1 1
1.000031 11 2 2
1.000031 12 2 2
1.000031 13 2 2
1.000031 14 2 2
1.000031 15 1 1
1.000031 16 1 1
1.000031 17 1 1
1.000031 18 2 2
1.000031 19 1 1
1.000031 20 2 2
1.000031 21 1 1
1.000031 22 2 2
1.000031 23 1 1
1.000031 24 2 2
1.000031 25 2 2
1.000031 26 2 2
1.000031 27 2 2
1.000031 28 2 2
1.000031 29 1 1
1.000031 30 1 1
1.000031 31 1 1
1.000031 32 2 2
1.000031 33 1 1
1.000031 35 2 2
1.000031 36 2 2
1.000031 37 2 2
1.000031 40 2 2
1.000031 41 1 1
1.000031 42 1 1
1.000031 43 1 1
1.000031 44 1 1
1.000031 45 2 2
1.000031 46 2 2
1.000031 47 2 2
1.000031 48 2 2
1.000031 50 1 1
1.000031 51 2 2
1.000031 52 2 2
1.000031 53 1 1
1.000031 54 1 1
1.000031 55 1 1
1.000031 56 1 1
1.000031 57 2 2
1.000031 58 2 2
1.000031 59 2 2
1.000031 60 2 2
1.000031 61 2 2
1.000031 62 2 2
1.000031 63 2 2
1.000031 64 2 2
1.000031 65 1 1
1.000031 66 2 2
1.000031 67 2 2
1.000031 68 2 2
1.000031 69 1 1
1.000031 71 2 2
1.000031 72 2 2
1.000031 73 2 2
1.000031 74 2 2
1.000031 75 2 2
1.000031 76 1 1
1.000031 77 2 2
1.000031 78 2 2
1.000031 80 2 2
1.000031 81 1 1
1.000031 82 2 2
1.000031 83 2 2
1.000031 84 2 2
1.000031 85 2 2
1.000031 86 2 2
1.000031 87 2 2
1.000031 88 2 2
1.000031 89 1 1
1.000031 90 2 2
1.000031 91 2 2
1.000031 92 1 1
1.000031 93 2 2
1.000031 94 1 1
1.000031 95 1 1
1.000031 96 1 1
1.000031 97 1 1
1.000031 98 1 1
1.000031 99 2 2
1.000031 100 2 2
1.000031 101 1 1
1.000031 102 2 2
1.000031 104 2 2
1.000031 106 1 1
1.000031 107 2 2
1.000031 108 2 2
1.000031 109 2 2
1.000031 110 2 2
1.000031 111 1 1
1.000031 112 2 2
1.000031 113 2 2
1.000031 114 2 2
1.000031 115 2 2
1.000031 116 2 2
1.000031 117 1 1
1.000031 118 2 2
1.000031 119 2 2
1.000031 120 2 2
1.000031 121 2 2
1.000031 122 2 2
1.000031 123 1 1
1.000031 124 2 2
1.000031 125 1 1
1.000031 126 1 1
1.000031 127 2 2
1.000031 128 2 2
1.000031 130 1 1
1.000031 131 1 1
1.000031 132 1 1
1.000031 133 2 2
1.000031 134 2 2
1.000031 135 1 1
1.000031 136 2 2
1.000031 137 1 1
1.000031 138 2 2
1.000031 139 1 1
1.000031 140 2 2
1.000031 141 2 2
1.000031 142 1 1
1.000031 143 2 2
1.000031 144 2 2
1.000031 145 2 2
1.000031 146 1 1
1.000031 148 2 2
1.000031 149 1 1
1.000031 150 2 2
1.000031 151 1 1
1.000031 152 2 2
1.000031 153 2 2
1.000031 154 2 2
1.000031 155 1 1
1.000031 156 2 2
1.000031 157 2 2
1.000031 158 1 1
1.000031 159 2 2
1.000031 160 2 2
1.000031 161 1 1
1.000031 162 1 1
1.000031 163 2 2
1.000031 164 2 2
1.000031 165 2 2
1.000031 166 2 2
1.000031 167 1 1
1.000031 168 1 1
1.000031 169 2 2
1.000031 170 2 2
1.000031 171 2 2
1.000031 172 2 2
1.000031 173 2 2
1.000031 174 1 1
1.000031 175 2 2
1.000031 176 1 1
1.000031 177 2 2
1.000031 178 2 2
1.000031 179 2 2
1.000031 180 2 2
1.000031 181 2 2
1.000031 182 2 2
1.000031 183 1 1
1.000031 184 2 2
1.000031 185 1 1
1.000031 188 2 2
1.000031 189 2 2
1.000031 190 2 2
1.000031 191 1 1
1.000031 192 2 2
1.000031 193 2 2
1.000031 194 2 2
1.000031 195 1 1
1.000031 196 2 2
1.000031 197 2 2
1.000031 199 1 1
1.000031 200 1 1
1.000031 202 1 1
1.000031 203 1 1
1.000031 204 2 2
1.000031 205 2 2
1.000031 207 2 2
1.000031 209 2 2
1.000031 210 2 2
1.000031 211 1 1
1.000031 212 2 2
1.000031 213 1 1
1.000031 214 1 1
1.000031 215 2 2
1.000031 216 1 1
1.000031 217 2 2
1.000031 218 2 2
1.000031 219 2 2
1.000031 220 2 2
1.000031 221 1 1
1.000031 222 2 2
1.000031 223 2 2
1.000031 227 2 2
1.000031 228 1 1
1.000031 229 2 2
1.000031 230 2 2
1.000031 231 1 1
1.000031 232 2 2
1.000031 233 1 1
1.000031 234 1 1
1.000031 235 1 1
1.000031 236 2 2
1.000031 237 1 1
1.000031 238 2 2
1.000031 239 2 2
1.000031 240 1 1
1.000031 242 1 1
1.000031 244 1 1
1.000031 245 2 2
1.000031 246 1 1
1.000031 247 1 1
1.000031 248 1 1
1.000031 249 2 2
1.000031 250 1 1
1.000031 251 1 1
1.000031 252 1 1
1.000031 254 1 1
1.000031 255 1 1
1.000031 256 1 1
1.000031 257 1 1
1.000031 258 2 2
1.000031 259 1 1
1.000031 260 1 1
1.000031 261 2 2
1.000031 262 2 2
1.000031 266 1 1
1.000031 267 1 1
1.000031 269 1 1
1.000031 270 2 2
1.000031 271 1 1
1.000031 272 2 2
1.000031 273 2 2
1.000031 274 1 1
1.000031 275 1 1
1.000031 276 1 1
1.000031 277 1 1
1.000031 278 2 2
1.000031 279 1 1
1.000031 280 1 1
1.000031 281 1 1
1.000031 283 1 1
1.000031 284 2 2
1.000031 285 1 1
1.000031 286 1 1
1.000031 287 2 2
1.000031 288 2 2
1.000031 289 2 2
1.000031 290 2 2
1.000031 291 2 2
1.000031 292 2 2
1.000031 293 1 1
1.000031 294 2 2
1.000031 295 1 1
1.000031 296 2 2
1.000031 297 2 2
1.000031 298 2 2
1.000031 299 1 1
1.000031 300 2 2
1.000031 301 2 2
1.000031 302 2 2
1.000031 303 1 1
1.000031 304 1 1
1.000031 306 1 1
1.000031 307 2 2
1.000031 308 1 1
1.000031 309 2 2
1.000031 310 2 2
1.000031 311 1 1
1.000031 312 2 2
1.000031 313 2 2
1.000031 314 2 2
1.000031 315 2 2
1.000031 316 1 1
1.000031 317 1 1
1.000031 318 2 2
1.000031 319 1 1
1.000031 320 2 2
1.000031 321 1 1
1.000031 322 1 1
1.000031 323 2 2
1.000031 324 1 1
1.000031 325 2 2
1.000031 326 1 1
1.000031 327 2 2
1.000031 328 2 2
1.000031 329 2 2
1.000031 330 2 2
1.000031 331 2 2
1.000031 333 2 2
1.000031 334 1 1
1.000031 335 2 2
1.000031 336 2 2
1.000031 338 2 2
1.000031 339 2 2
1.000031 340 1 1
1.000031 341 1 1
1.000031 342 1 1
1.000031 343 2 2
1.000031 344 1 1
1.000031 345 1 1
1.000031 347 2 2
1.000031 348 1 1
1.000031 349 2 2
1.000031 350 1 1
1.000031 351 2 2
1.000031 352 1 1
1.000031 353 2 2
1.000031 354 2 2
1.000031 355 1 1
1.000031 356 2 2
1.000031 357 1 1
1.000031 358 2 2
1.000031 359 2 2
1.000031 360 1 1
1.000031 361 1 1
1.000031 362 2 2
1.000031 363 2 2
1.000031 364 2 2
1.000031 365 1 1
1.000031 366 2 2
1.000031 368 1 1
1.000031 369 2 2
1.000031 370 1 1
1.000031 371 2 2
1.000031 372 1 1
1.000031 373 2 2
1.000031 374 1 1
1.000031 375 1 1
1.000031 376 2 2
1.000031 377 2 2
1.000031 378 1 1
1.000031 379 2 2
1.000031 380 1 1
1.000031 381 1 1
1.000031 382 2 2
1.000031 383 1 1
1.000031 384 2 2
1.000031 385 2 2
1.000031 386 1 1
1.000031 387 1 1
1.000031 388 1 1
1.000031 389 2 2
1.000031 390 1 1
1.000031 391 2 2
1.000031 392 2 2
1.000031 393 1 1
1.000031 394 2 2
1.000031 395 1 1
1.000031 396 2 2
1.000031 397 1 1
1.000031 398 2 2
1.000031 399 2 2
1.000031 400 1 1
1.000031 401 2 2
1.000031 402 1 1
1.000031 403 1 1
1.000031 404 1 1
1.000031 405 2 2
1.000031 406 2 2
1.000031 407 2 2
1.000031 408 1 1
1.000031 409 1 1
1.000031 410 1 1
1.000031 411 2 2
1.000031 412 1 1
1.000031 413 2 2
1.000031 415 2 2
1.000031 416 1 1
1.000031 417 1 1
1.000031 418 2 2
1.000031 419 1 1
1.000031 420 2 2
1.000031 421 2 2
1.000031 422 1 1
1.000031 423 2 2
1.000031 424 1 1
1.000031 425 2 2
1.000031 426 1 1
1.000031 427 2 2
1.000031 428 1 1
1.000031 429 1 1
1.000031 430 2 2
1.000031 431 2 2
1.000031 432 2 2
1.000031 433 2 2
1.000031 434 1 1
1.000031 435 1 1
1.000031 436 2 2
1.000031 437 1 1
1.000031 438 2 2
1.000031 439 1 1
1.000031 441 1 1
1.000031 442 1 1
1.000031 443 1 1
1.000031 444 2 2
1.000031 445 1 1
1.000031 446 1 1
1.000031 447 2 2
1.000031 448 2 2
1.000031 449 1 1
1.000031 450 1 1
1.000031 451 2 2
1.000031 452 2 2
1.000031 453 2 2
1.000031 454 2 2
1.000031 455 2 2
1.000031 456 2 2
1.000031 457 1 1
1.000031 458 2 2
1.000031 459 1 1
1.000031 460 1 1
1.000031 461 2 2
1.000031 462 1 1
1.000031 463 2 2
1.000031 464 1 1
1.000031 465 2 2
1.000031 466 1 1
1.000031 467 1 1
1.000031 468 1 1
1.000031 470 1 1
1.000031 471 2 2
1.000031 472 1 1
1.000031 473 1 1
1.000031 474 2 2
1.000031 475 1 1
1.000031 476 1 1
1.000031 477 2 2
1.000031 478 1 1
1.000031 479 1 1
1.000031 480 1 1
1.000031 481 1 1
1.000031 482 1 1
1.000031 483 1 1
1.000031 484 1 1
1.000031 485 1 1
1.000031 486 1 1
1.000031 487 1 1
1.000031 488 1 1
1.000031 489 2 2
1.000031 490 1 1
1.000031 491 2 2
1.000031 492 2 2
1.000031 493 2 2
1.000031 495 1 1
1.000031 497 1 1
1.000031 498 1 1
1.000031 499 1 1
1.000031 500 2 2
1.000031 501 2 2
1.000031 502 1 1
1.000031 503 2 2
1.000031 504 1 1
1.000031 506 1 1
1.000031 507 2 2
1.000031 508 2 2
1.000031 509 2 2
1.000031 510 1 1
1.000031 512 1 1
1.000031 513 2 2
1.000031 514 1 1
1.000031 515 1 1
1.000031 516 1 1
1.000031 517 2 2
1.000031 518 2 2
1.000031 520 1 1
1.000031 521 1 1
1.000031 522 2 2
1.000031 524 1 1
1.000031 525 1 1
1.000031 527 2 2
1.000031 529 1 1
1.000031 530 2 2
1.000031 531 1 1
1.000031 532 2 2
1.000031 533 2 2
1.000031 534 1 1
1.000031 535 1 1
1.000031 536 2 2
1.000031 537 1 1
1.000031 538 2 2
1.000031 539 1 1
1.000031 540 1 1
1.000031 541 1 1
1.000031 542 1 1
1.000031 543 1 1
1.000031 544 1 1
1.000031 545 2 2
1.000031 546 2 2
1.000031 547 2 2
1.000031 548 1 1
1.000031 549 1 1
2.000061 0 2 2
2.000061 2 2 2
2.000061 4 2 2
2.000061 5 2 2
2.000061 6 2 2
2.000061 7 2 2
2.000061 8 2 2
2.000061 9 2 2
2.000061 11 3 3
2.000061 12 2 2
2.000061 13 2 2
2.000061 14 2 2
2.000061 15 2 2
2.000061 16 2 2
2.000061 17 2 2
2.000061 18 4 4
2.000061 19 2 2
2.000061 20 3 3
2.000061 21 2 2
2.000061 22 3 3
2.000061 23 2 2
2.000061 24 2 2
2.000061 25 2 2
2.000061 26 2 2
2.000061 27 2 2
2.000061 28 2 2
2.000061 29 1 1
2.000061 30 2 2
2.000061 31 2 2
2.000061 32 2 2
2.000061 33 2 2
2.000061 35 2 2
2.000061 36 3 3
2.000061 37 2 2
2.000061 40 3 3
2.000061 41 2 2
2.000061 42 2 2
2.000061 43 2 2
2.000061 44 2 2
2.000061 45 2 2
2.000061 46 2 2
2.000061 47 2 2
2.000061 48 3 3
2.000061 50 2 2
2.000061 51 2 2
2.000061 52 2 2
2.000061 53 2 2
2.000061 54 2 2
2.000061 55 2 2
2.000061 56 2 2
2.000061 57 2 2
2.000061 58 3 3
2.000061 59 2 2
2.000061 60 2 2
2.000061 61 2 2
2.000061 62 2 2
2.000061 63 2 2
2.000061 64 2 2
2.000061 65 2 2
2.000061 66 2 2
2.000061 67 2 2
2.000061 68 3 3
2.000061 69 2 2
2.000061 71 2 2
2.000061 72 2 2
2.000061 73 2 2
2.000061 74 2 2
2.000061 75 2 2
2.000061 76 3 3
2.000061 77 2 2
2.000061 78 2 2
2.000061 80 2 2
2.000061 81 2 2
2.000061 82 3 3
2.000061 83 2 2
2.000061 84 2 2
2.000061 85 3 3
2.000061 86 2 2
2.000061 87 2 2
2.000061 88 2 2
2.000061 89 2 2
2.000061 90 2 2
2.000061 91 3 3
2.000061 92 2 2
2.000061 93 2 2
2.000061 94 2 2
2.000061 95 2 2
2.000061 96 2 2
2.000061 97 2 2
2.000061 98 2 2
2.000061 99 3 3
2.000061 100 3 3
2.000061 101 2 2
2.000061 102 3 3
2.000061 104 2 2
2.000061 106 2 2
2.000061 107 2 2
2.000061 108 2 2
2.000061 109 2 2
2.000061 110 2 2
2.000061 111 2 2
2.000061 112 2 2
2.000061 113 2 2
2.000061 114 2 2
2.000061 115 2 2
2.000061 116 2 2
2.000061 117 2 2
2.000061 118 2 2
2.000061 119 2 2
2.000061 120 2 2
2.000061 121 2 2
2.000061 122 2 2
2.000061 123 2 2
2.000061 124 2 2
2.000061 125 2 2
2.000061 126 2 2
2.000061 127 2 2
2.000061 128 2 2
2.000061 130 2 2
2.000061 131 2 2
2.000061 132 3 3
2.000061 133 2 2
2.000061 134 2 2
2.000061 135 2 2
2.000061 136 2 2
2.000061 137 2 2
2.000061 138 3 3
2.000061 139 2 2
2.000061 140 2 2
2.000061 141 2 2
2.000061 142 2 2
2.000061 143 2 2
2.000061 144 3 3
2.000061 145 2 2
2.000061 146 2 2
2.000061 148 3 3
2.000061 149 2 2
2.000061 150 2 2
2.000061 151 2 2
2.000061 152 2 2
2.000061 153 2 2
2.000061 154 2 2
2.000061 155 2 2
2.000061 156 2 2
2.000061 157 2 2
2.000061 158 2 2
2.000061 159 2 2
2.000061 160 3 3
2.000061 161 2 2
2.000061 162 2 2
2.000061 163 2 2
2.000061 164 2 2
2.000061 165 2 2
2.000061 166 2 2
2.000061 167 2 2
2.000061 168 2 2
2.000061 169 2 2
2.000061 170 2 2
2.000061 171 2 2
2.000061 172 2 2
2.000061 173 2 2
2.000061 174 2 2
2.000061 175 2 2
2.000061 176 2 2
2.000061 177 2 2
2.000061 178 2 2
2.000061 179 3 3
2.000061 180 3 3
2.000061 181 2 2
2.000061 182 2 2
2.000061 183 2 2
2.000061 184 2 2
2.000061 185 2 2
2.000061 188 2 2
2.000061 189 2 2
2.000061 190 2 2
2.000061 191 2 2
2.000061 192 2 2
2.000061 193 2 2
2.000061 194 2 2
2.000061 195 2 2
2.000061 196 2 2
2.000061 197 2 2
2.000061 199 2 2
2.000061 200 2 2
2.000061 202 2 2
2.000061 203 2 2
2.000061 204 2 2
2.000061 205 2 2
2.000061 207 3 3
2.000061 209 2 2
2.000061 210 2 2
2.000061 211 2 2
2.000061 212 2 2
2.000061 213 2 2
2.000061 214 2 2
2.000061 215 2 2
2.000061 216 2 2
2.000061 217 2 2
2.000061 218 3 3
2.000061 219 2 2
2.000061 220 3 3
2.000061 221 2 2
2.000061 222 3 3
2.000061 223 2 2
2.000061 227 2 2
2.000061 228 2 2
2.000061 229 3 3
2.000061 230 2 2
2.000061 231 2 2
2.000061 232 2 2
2.000061 233 2 2
2.000061 234 2 2
2.000061 235 3 3
2.000061 236 3 3
2.000061 237 2 2
2.000061 238 2 2
2.000061 239 2 2
2.000061 240 3 3
2.000061 242 2 2
2.000061 244 3 3
2.000061 245 2 2
2.000061 246 2 2
2.000061 247 2 2
2.000061 248 2 2
2.000061 249 3 3
2.000061 250 2 2
2.000061 251 2 2
2.000061 252 3 3
2.000061 254 2 2
2.000061 255 2 2
2.000061 256 2 2
2.000061 257 2 2
2.000061 258 2 2
2.000061 259 2 2
2.000061 260 2 2
2.000061 261 2 2
2.000061 262 2 2
2.000061 266 2 2
2.000061 267 2 2
2.000061 269 2 2
2.000061 270 3 3
2.000061 271 3 3
2.000061 272 3 3
2.000061 273 2 2
2.000061 274 2 2
2.000061 275 2 2
2.000061 276 2 2
2.000061 277 2 2
2.000061 278 2 2
2.000061 279 2 2
2.000061 280 2 2
2.000061 281 2 2
2.000061 283 2 2
2.000061 284 2 2
2.000061 285 2 2
2.000061 286 2 2
2.000061 287 2 2
2.000061 288 3 3
2.000061 289 2 2
2.000061 290 3 3
2.000061 291 2 2
2.000061 292 3 3
2.000061 293 2 2
2.000061 294 2 2
2.000061 295 2 2
2.000061 296 2 2
2.000061 297 2 2
2.000061 298 2 2
2.000061 299 2 2
2.000061 300 2 2
2.000061 301 2 2
2.000061 302 2 2
2.000061 303 2 2
2.000061 304 2 2
2.000061 306 2 2
2.000061 307 2 2
2.000061 308 2 2
2.000061 309 2 2
2.000061 310 2 2
2.000061 311 2 2
2.000061 312 2 2
2.000061 313 4 4
2.000061 314 3 3
2.000061 315 2 2
2.000061 316 2 2
2.000061 317 2 2
2.000061 318 3 3
2.000061 319 2 2
2.000061 320 2 2
2.000061 321 3 3
2.000061 322 2 2
2.000061 323 2 2
2.000061 324 2 2
2.000061 325 3 3
2.000061 326 2 2
2.000061 327 2 2
2.000061 328 3 3
2.000061 329 3 3
2.000061 330 2 2
2.000061 331 2 2
2.000061 333 2 2
2.000061 334 2 2
2.000061 335 2 2
2.000061 336 2 2
2.000061 338 2 2
2.000061 339 3 3
2.000061 340 2 2
2.000061 341 1 1
2.000061 342 2 2
2.000061 343 2 2
2.000061 344 2 2
2.000061 345 2 2
2.000061 347 3 3
2.000061 348 2 2
2.000061 349 2 2
2.000061 350 2 2
2.000061 351 3 3
2.000061 352 2 2
2.000061 353 2 2
2.000061 354 2 2
2.000061 355 2 2
2.000061 356 2 2
2.000061 357 2 2
2.000061 358 2 2
2.000061 359 2 2
2.000061 360 2 2
2.000061 361 2 2
2.000061 362 2 2
2.000061 363 2 2
2.000061 364 3 3
2.000061 365 2 2
2.000061 366 2 2
2.000061 368 2 2
2.000061 369 2 2
2.000061 370 2 2
2.000061 371 2 2
2.000061 372 2 2
2.000061 373 2 2
2.000061 374 2 2
2.000061 375 2 2
2.000061 376 2 2
2.000061 377 2 2
2.000061 378 2 2
2.000061 379 3 3
2.000061 380 2 2
2.000061 381 2 2
2.000061 382 2 2
2.000061 383 2 2
2.000061 384 2 2
2.000061 385 3 3
2.000061 386 2 2
2.000061 387 2 2
2.000061 388 2 2
2.000061 389 2 2
2.000061 390 2 2
2.000061 391 2 2
2.000061 392 2 2
2.000061 393 2 2
2.000061 394 2 2
2.000061 395 2 2
2.000061 396 3 3
2.000061 397 3 3
2.000061 398 3 3
2.000061 399 3 3
2.000061 400 2 2
2.000061 401 2 2
2.000061 402 2 2
2.000061 403 2 2
2.000061 404 2 2
2.000061 405 3 3
2.000061 406 2 2
2.000061 407 2 2
2.000061 408 2 2
2.000061 409 2 2
2.000061 410 2 2
2.000061 411 3 3
2.000061 412 2 2
2.000061 413 2 2
2.000061 415 2 2
2.000061 416 2 2
2.000061 417 2 2
2.000061 418 2 2
2.000061 419 2 2
2.000061 420 2 2
2.000061 421 3 3
2.000061 422 2 2
2.000061 423 2 2
2.000061 424 2 2
2.000061 425 2 2
2.000061 426 2 2
2.000061 427 2 2
2.000061 428 2 2
2.000061 429 2 2
2.000061 430 2 2
2.000061 431 2 2
2.000061 432 2 2
2.000061 433 2 2
2.000061 434 2 2
2.000061 435 2 2
2.000061 436 2 2
2.000061 437 2 2
2.000061 438 2 2
2.000061 439 2 2
2.000061 441 2 2
2.000061 442 2 2
2.000061 443 2 2
2.000061 444 2 2
2.000061 445 2 2
2.000061 446 2 2
2.000061 447 2 2
2.000061 448 2 2
2.000061 449 2 2
2.000061 450 2 2
2.000061 451 2 2
2.000061 452 3 3
2.000061 453 2 2
2.000061 454 2 2
2.000061 455 2 2
2.000061 456 2 2
2.000061 457 2 2
2.000061 458 2 2
2.000061 459 2 2
2.000061 460 2 2
2.000061 461 2 2
2.000061 462 2 2
2.000061 463 3 3
2.000061 464 2 2
2.000061 465 2 2
2.000061 466 2 2
2.000061 467 2 2
2.000061 468 2 2
2.000061 470 2 2
2.000061 471 2 2
2.000061 472 2 2
2.000061 473 3 3
2.000061 474 2 2
2.000061 475 2 2
2.000061 476 3 3
2.000061 477 3 3
2.000061 478 2 2
2.000061 479 2 2
2.000061 480 2 2
2.000061 481 2 2
2.000061 482 2 2
2.000061 483 2 2
2.000061 484 2 2
2.000061 485 2 2
2.000061 486 2 2
2.000061 487 3 3
2.000061 488 2 2
2.000061 489 3 3
2.000061 490 2 2
2.000061 491 2 2
2.000061 492 2 2
2.000061 493 2 2
2.000061 495 3 3
2.000061 497 2 2
2.000061 498 2 2
2.000061 499 2 2
2.000061 500 2 2
2.000061 501 2 2
2.000061 502 2 2
2.000061 503 2 2
2.000061 504 2 2
2.000061 506 2 2
2.000061 507 2 2
2.000061 508 2 2
2.000061 509 3 3
2.000061 510 2 2
2.000061 512 2 2
2.000061 513 3 3
2.000061 514 2 2
2.000061 515 2 2
2.000061 516 2 2
2.000061 517 2 2
2.000061 518 2 2
2.000061 520 2 2
2.000061 521 2 2
2.000061 522 2 2
2.000061 524 2 2
2.000061 525 2 2
2.000061 527 2 2
2.000061 529 2 2
2.000061 530 2 2
2.000061 531 2 2
2.000061 532 2 2
2.000061 533 2 2
2.000061 534 2 2
2.000061 535 2 2
2.000061 536 2 2
2.000061 537 2 2
2.000061 538 2 2
2.000061 539 2 2
2.000061 540 2 2
2.000061 541 2 2
2.000061 542 2 2
2.000061 543 2 2
2.000061 544 2 2
2.000061 545 2 2
2.000061 546 2 2
2.000061 547 2 2
2.000061 548 3 3
2.000061 549 2 2
3.000092 0 4 4
3.000092 2 4 4
3.000092 4 4 4
3.000092 5 4 4
3.000092 6 4 4
3.000092 7 4 4
3.000092 8 3 3
3.000092 9 4 4
3.000092 11 4 4
3.000092 12 4 4
3.000092 13 3 3
3.000092 14 4 4
3.000092 15 4 4
3.000092 16 4 4
3.000092 17 4 4
3.000092 18 5 5
3.000092 19 4 4
3.000092 20 4 4
3.000092 21 4 4
3.000092 22 4 4
3.000092 23 4 4
3.000092 24 4 4
3.000092 25 4 4
3.000092 26 4 4
3.000092 27 4 4
3.000092 28 4 4
3.000092 29 2 2
3.000092 30 3 3
3.000092 31 4 4
3.000092 32 4 4
3.000092 33 4 4
3.000092 35 4 4
3.000092 36 5 5
3.000092 37 4 4
3.000092 40 4 4
3.000092 41 4 4
3.000092 42 4 4
3.000092 43 4 4
3.000092 44 3 3
3.000092 45 4 4
3.000092 46 4 4
3.000092 47 4 4
3.000092 48 4 4
3.000092 50 4 4
3.000092 51 4 4
3.000092 52 4 4
3.000092 53 4 4
3.000092 54 3 3
3.000092 55 4 4
3.000092 56 3 3
3.000092 57 4 4
3.000092 58 4 4
3.000092 59 4 4
3.000092 60 4 4
3.000092 61 4 4
3.000092 62 4 4
3.000092 63 4 4
3.000092 64 4 4
3.000092 65 3 3
3.000092 66 4 4
3.000092 67 4 4
3.000092 68 4 4
3.000092 69 4 4
3.000092 71 4 4
3.000092 72 4 4
3.000092 73 4 4
3.000092 74 4 4
3.000092 75 4 4
3.000092 76 4 4
3.000092 77 4 4
3.000092 78 4 4
3.000092 80 4 4
3.000092 81 4 4
3.000092 82 4 4
3.000092 83 4 4
3.000092 84 4 4
3.000092 85 5 5
3.000092 86 4 4
3.000092 87 4 4
3.000092 88 4 4
3.000092 89 3 3
3.000092 90 4 4
3.000092 91 4 4
3.000092 92 4 4
3.000092 93 4 4
3.000092 94 2 2
3.000092 95 3 3
3.000092 96 4 4
3.000092 97 4 4
3.000092 98 4 4
3.000092 99 4 4
3.000092 100 4 4
3.000092 101 3 3
3.000092 102 4 4
3.000092 104 4 4
3.000092 106 4 4
3.000092 107 4 4
3.000092 108 4 4
3.000092 109 4 4
3.000092 110 4 4
3.000092 111 4 4
3.000092 112 4 4
3.000092 113 4 4
3.000092 114 4 4
3.000092 115 4 4
3.000092 116 4 4
3.000092 117 4 4
3.000092 118 4 4
3.000092 119 4 4
3.000092 120 4 4
3.000092 121 4 4
3.000092 122 4 4
3.000092 123 4 4
3.000092 124 4 4
3.000092 125 4 4
3.000092 126 4 4
3.000092 127 4 4
3.000092 128 4 4
3.000092 130 4 4
3.000092 131 4 4
3.000092 132 5 5
3.000092 133 4 4
3.000092 134 4 4
3.000092 135 4 4
3.000092 136 4 4
3.000092 137 4 4
3.000092 138 4 4
3.000092 139 4 4
3.000092 140 3 3
3.000092 141 4 4
3.000092 142 4 4
3.000092 143 4 4
3.000092 144 5 5
3.000092 145 4 4
3.000092 146 4 4
3.000092 148 5 5
3.000092 149 4 4
3.000092 150 4 4
3.000092 151 4 4
3.000092 152 4 4
3.000092 153 4 4
3.000092 154 4 4
3.000092 155 4 4
3.000092 156 4 4
3.000092 157 4 4
3.000092 158 4 4
3.000092 159 4 4
3.000092 160 6 6
3.000092 161 4 4
3.000092 162 4 4
3.000092 163 4 4
3.000092 164 4 4
3.000092 165 4 4
3.000092 166 4 4
3.000092 167 3 3
3.000092 168 4 4
3.000092 169 4 4
3.000092 170 4 4
3.000092 171 4 4
3.000092 172 4 4
3.000092 173 4 4
3.000092 174 4 4
3.000092 175 4 4
3.000092 176 4 4
3.000092 177 4 4
3.000092 178 4 4
3.000092 179 6 6
3.000092 180 4 4
3.000092 181 4 4
3.000092 182 4 4
3.000092 183 4 4
3.000092 184 4 4
3.000092 185 4 4
3.000092 188 4 4
3.000092 189 4 4
3.000092 190 4 4
3.000092 191 3 3
3.000092 192 4 4
3.000092 193 3 3
3.000092 194 4 4
3.000092 195 4 4
3.000092 196 4 4
3.000092 197 4 4
3.000092 199 2 2
3.000092 200 4 4
3.000092 202 4 4
3.000092 203 3 3
3.000092 204 3 3
3.000092 205 4 4
3.000092 207 4 4
3.000092 209 4 4
3.000092 210 4 4
3.000092 211 2 2
3.000092 212 4 4
3.000092 213 4 4
3.000092 214 4 4
3.000092 215 4 4
3.000092 216 4 4
3.000092 217 4 4
3.000092 218 5 5
3.000092 219 4 4
3.000092 220 4 4
3.000092 221 4 4
3.000092 222 4 4
3.000092 223 4 4
3.000092 227 4 4
3.000092 228 4 4
3.000092 229 4 4
3.000092 230 4 4
3.000092 231 4 4
3.000092 232 4 4
3.000092 233 4 4
3.000092 234 2 2
3.000092 235 4 4
3.000092 236 5 5
3.000092 237 3 3
3.000092 238 4 4
3.000092 239 4 4
3.000092 240 4 4
3.000092 242 4 4
3.000092 244 4 4
3.000092 245 4 4
3.000092 246 4 4
3.000092 247 4 4
3.000092 248 4 4
3.000092 249 4 4
3.000092 250 4 4
3.000092 251 4 4
3.000092 252 5 5
3.000092 254 4 4
3.000092 255 4 4
3.000092 256 3 3
3.000092 257 4 4
3.000092 258 4 4
3.000092 259 4 4
3.000092 260 4 4
3.000092 261 4 4
3.000092 262 4 4
3.000092 266 4 4
3.000092 267 3 3
3.000092 269 4 4
3.000092 270 5 5
3.000092 271 4 4
3.000092 272 5 5
3.000092 273 4 4
3.000092 274 4 4
3.000092 275 3 3
3.000092 276 2 2
3.000092 277 4 4
3.000092 278 4 4
3.000092 279 4 4
3.000092 280 3 3
3.000092 281 4 4
3.000092 283 4 4
3.000092 284 4 4
3.000092 285 3 3
3.000092 286 4 4
3.000092 287 4 4
3.000092 288 5 5
3.000092 289 4 4
3.000092 290 5 5
3.000092 291 4 4
3.000092 292 4 4
3.000092 293 3 3
3.000092 294 4 4
3.000092 295 4 4
3.000092 296 4 4
3.000092 297 3 3
3.000092 298 4 4
3.000092 299 4 4
3.000092 300 4 4
3.000092 301 4 4
3.000092 302 4 4
3.000092 303 4 4
3.000092 304 3 3
3.000092 306 4 4
3.000092 307 4 4
3.000092 308 3 3
3.000092 309 4 4
3.000092 310 4 4
3.000092 311 4 4
3.000092 312 4 4
3.000092 313 6 6
3.000092 314 4 4
3.000092 315 4 4
3.000092 316 4 4
3.000092 317 3 3
3.000092 318 4 4
3.000092 319 3 3
3.000092 320 4 4
3.000092 321 4 4
3.000092 322 4 4
3.000092 323 4 4
3.000092 324 4 4
3.000092 325 4 4
3.000092 326 4 4
3.000092 327 4 4
3.000092 328 4 4
3.000092 329 5 5
3.000092 330 4 4
3.000092 331 4 4
3.000092 333 4 4
3.000092 334 4 4
3.000092 335 4 4
3.000092 336 4 4
3.000092 338 4 4
3.000092 339 4 4
3.000092 340 4 4
3.000092 341 2 2
3.000092 342 4 4
3.000092 343 4 4
3.000092 344 3 3
3.000092 345 4 4
3.000092 347 4 4
3.000092 348 4 4
3.000092 349 4 4
3.000092 350 4 4
3.000092 351 4 4
3.000092 352 4 4
3.000092 353 4 4
3.000092 354 4 4
3.000092 355 4 4
3.000092 356 4 4
3.000092 357 4 4
3.000092 358 4 4
3.000092 359 4 4
3.000092 360 4 4
3.000092 361 4 4
3.000092 362 4 4
3.000092 363 4 4
3.000092 364 4 4
3.000092 365 4 4
3.000092 366 4 4
3.000092 368 4 4
3.000092 369 4 4
3.000092 370 4 4
3.000092 371 4 4
3.000092 372 4 4
3.000092 373 4 4
3.000092 374 4 4
3.000092 375 4 4
3.000092 376 4 4
3.000092 377 4 4
3.000092 378 4 4
3.000092 379 4 4
3.000092 380 4 4
3.000092 381 3 3
3.000092 382 4 4
3.000092 383 4 4
3.000092 384 4 4
3.000092 385 5 5
3.000092 386 3 3
3.000092 387 4 4
3.000092 388 4 4
3.000092 389 4 4
3.000092 390 4 4
3.000092 391 4 4
3.000092 392 4 4
3.000092 393 4 4
3.000092 394 4 4
3.000092 395 4 4
3.000092 396 4 4
3.000092 397 5 5
3.000092 398 4 4
3.000092 399 4 4
3.000092 400 4 4
3.000092 401 4 4
3.000092 402 4 4
3.000092 403 4 4
3.000092 404 4 4
3.000092 405 5 5
3.000092 406 4 4
3.000092 407 4 4
3.000092 408 4 4
3.000092 409 4 4
3.000092 410 4 4
3.000092 411 4 4
3.000092 412 4 4
3.000092 413 4 4
3.000092 415 4 4
3.000092 416 4 4
3.000092 417 4 4
3.000092 418 4 4
3.000092 419 4 4
3.000092 420 4 4
3.000092 421 4 4
3.000092 422 4 4
3.000092 423 3 3
3.000092 424 4 4
3.000092 425 4 4
3.000092 426 4 4
3.000092 427 4 4
3.000092 428 3 3
3.000092 429 4 4
3.000092 430 4 4
3.000092 431 4 4
3.000092 432 4 4
3.000092 433 4 4
3.000092 434 4 4
3.000092 435 3 3
3.000092 436 4 4
3.000092 437 4 4
3.000092 438 4 4
3.000092 439 4 4
3.000092 441 4 4
3.000092 442 4 4
3.000092 443 3 3
3.000092 444 4 4
3.000092 445 4 4
3.000092 446 4 4
3.000092 447 4 4
3.000092 448 4 4
3.000092 449 4 4
3.000092 450 4 4
3.000092 451 4 4
3.000092 452 4 4
3.000092 453 4 4
3.000092 454 4 4
3.000092 455 4 4
3.000092 456 4 4
3.000092 457 4 4
3.000092 458 4 4
3.000092 459 2 2
3.000092 460 4 4
3.000092 461 4 4
3.000092 462 3 3
3.000092 463 4 4
3.000092 464 3 3
3.000092 465 4 4
3.000092 466 4 4
3.000092 467 4 4
3.000092 468 3 3
3.000092 470 4 4
3.000092 471 4 4
3.000092 472 4 4
3.000092 473 5 5
3.000092 474 4 4
3.000092 475 4 4
3.000092 476 4 4
3.000092 477 4 4
3.000092 478 3 3
3.000092 479 4 4
3.000092 480 4 4
3.000092 481 3 3
3.000092 482 4 4
3.000092 483 4 4
3.000092 484 4 4
3.000092 485 4 4
3.000092 486 4 4
3.000092 487 4 4
3.000092 488 4 4
3.000092 489 4 4
3.000092 490 4 4
3.000092 491 4 4
3.000092 492 4 4
3.000092 493 4 4
3.000092 495 4 4
3.000092 497 4 4
3.000092 498 4 4
3.000092 499 4 4
3.000092 500 4 4
3.000092 501 4 4
3.000092 502 4 4
3.000092 503 3 3
3.000092 504 4 4
3.000092 506 4 4
3.000092 507 4 4
3.000092 508 4 4
3.000092 509 4 4
3.000092 510 4 4
3.000092 512 4 4
3.000092 513 4 4
3.000092 514 4 4
3.000092 515 3 3
3.000092 516 4 4
3.000092 517 4 4
3.000092 518 4 4
3.000092 520 4 4
3.000092 521 4 4
3.000092 522 4 4
3.000092 524 2 2
3.000092 525 3 3
3.000092 527 4 4
3.000092 529 4 4
3.000092 530 4 4
3.000092 531 4 4
3.000092 532 4 4
3.000092 533 3 3
3.000092 534 4 4
3.000092 535 4 4
3.000092 536 4 4
3.000092 537 4 4
3.000092 538 4 4
3.000092 539 3 3
3.000092 540 4 4
3.000092 541 4 4
3.000092 542 4 4
3.000092 543 4 4
3.000092 544 4 4
3.000092 545 3 3
3.000092 546 4 4
3.000092 547 4 4
3.000092 548 5 5
3.000092 549 4 4
4.000122 0 6 6
4.000122 2 6 6
4.000122 4 6 6
4.000122 5 5 5
4.000122 6 4 4
4.000122 7 6 6
4.000122 8 4 4
4.000122 9 4 4
4.000122 11 6 6
4.000122 12 8 8
4.000122 13 5 5
4.000122 14 7 7
4.000122 15 6 6
4.000122 16 6 6
4.000122 17 6 6
4.000122 18 8 8
4.000122 19 6 6
4.000122 20 8 8
4.000122 21 6 6
4.000122 22 8 8
4.000122 23 5 5
4.000122 24 6 6
4.000122 25 7 7
4.000122 26 7 7
4.000122 27 8 8
4.000122 28 6 6
4.000122 29 1 1
4.000122 30 5 5
4.000122 31 4 4
4.000122 32 6 6
4.000122 33 5 5
4.000122 35 6 6
4.000122 36 10 10
4.000122 37 7 7
4.000122 40 8 8
4.000122 41 7 7
4.000122 42 6 6
4.000122 43 6 6
4.000122 44 5 5
4.000122 45 8 8
4.000122 46 5 5
4.000122 47 7 7
4.000122 48 8 8
4.000122 50 6 6
4.000122 51 7 7
4.000122 52 5 5
4.000122 53 5 5
4.000122 54 4 4
4.000122 55 6 6
4.000122 56 4 4
4.000122 57 6 6
4.000122 58 8 8
4.000122 59 6 6
4.000122 60 5 5
4.000122 61 5 5
4.000122 62 8 8
4.000122 63 6 6
4.000122 64 7 7
4.000122 65 4 4
4.000122 66 8 8
4.000122 67 5 5
4.000122 68 8 8
4.000122 69 5 5
4.000122 71 8 8
4.000122 72 6 6
4.000122 73 7 7
4.000122 74 8 8
4.000122 75 7 7
4.000122 76 7 7
4.000122 77 7 7
4.000122 78 7 7
4.000122 80 7 7
4.000122 81 6 6
4.000122 82 6 6
4.000122 83 6 6
4.000122 84 6 6
4.000122 85 9 9
4.000122 86 6 6
4.000122 87 6 6
4.000122 88 8 8
4.000122 89 6 6
4.000122 90 7 7
4.000122 91 7 7
4.000122 92 6 6
4.000122 93 8 8
4.000122 94 4 4
4.000122 95 6 6
4.000122 96 5 5
4.000122 97 5 5
4.000122 98 4 4
4.000122 99 7 7
4.000122 100 8 8
4.000122 101 4 4
4.000122 102 8 8
4.000122 104 6 6
4.000122 106 5 5
4.000122 107 7 7
4.000122 108 5 5
4.000122 109 8 8
4.000122 110 6 6
4.000122 111 4 4
4.000122 112 6 6
4.000122 113 6 6
4.000122 114 6 6
4.000122 115 7 7
4.000122 116 6 6
4.000122 117 4 4
4.000122 118 7 7
4.000122 119 7 7
4.000122 120 5 5
4.000122 121 7 7
4.000122 122 7 7
4.000122 123 6 6
4.000122 124 5 5
4.000122 125 6 6
4.000122 126 4 4
4.000122 127 7 7
4.000122 128 7 7
4.000122 130 6 6
4.000122 131 7 7
4.000122 132 6 6
4.000122 133 7 7
4.000122 134 7 7
4.000122 135 5 5
4.000122 136 6 6
4.000122 137 5 5
4.000122 138 6 6
4.000122 139 4 4
4.000122 140 6 6
4.000122 141 7 7
4.000122 142 6 6
4.000122 143 7 7
4.000122 144 7 7
4.000122 145 6 6
4.000122 146 5 5
4.000122 148 7 7
4.000122 149 5 5
4.000122 150 5 5
4.000122 151 4 4
4.000122 152 8 8
4.000122 153 7 7
4.000122 154 8 8
4.000122 155 8 8
4.000122 156 6 6
4.000122 157 7 7
4.000122 158 4 4
4.000122 159 4 4
4.000122 160 9 9
4.000122 161 5 5
4.000122 162 4 4
4.000122 163 5 5
4.000122 164 8 8
4.000122 165 8 8
4.000122 166 8 8
4.000122 167 4 4
4.000122 168 4 4
4.000122 169 6 6
4.000122 170 7 7
4.000122 171 8 8
4.000122 172 7 7
4.000122 173 6 6
4.000122 174 4 4
4.000122 175 6 6
4.000122 176 4 4
4.000122 177 7 7
4.000122 178 6 6
4.000122 179 9 9
4.000122 180 7 7
4.000122 181 7 7
4.000122 182 5 5
4.000122 183 6 6
4.000122 184 6 6
4.000122 185 5 5
4.000122 188 8 8
4.000122 189 8 8
4.000122 190 5 5
4.000122 191 5 5
4.000122 192 7 7
4.000122 193 5 5
4.000122 194 7 7
4.000122 195 7 7
4.000122 196 6 6
4.000122 197 6 6
4.000122 199 4 4
4.000122 200 4 4
4.000122 202 5 5
4.000122 203 5 5
4.000122 204 4 4
4.000122 205 5 5
4.000122 207 6 6
4.000122 209 5 5
4.000122 210 7 7
4.000122 211 4 4
4.000122 212 6 6
4.000122 213 5 5
4.000122 214 5 5
4.000122 215 5 5
4.000122 216 4 4
4.000122 217 8 8
4.000122 218 8 8
4.000122 219 6 6
4.000122 220 7 7
4.000122 221 7 7
4.000122 222 7 7
4.000122 223 7 7
4.000122 227 5 5
4.000122 228 6 6
4.000122 229 8 8
4.000122 230 6 6
4.000122 231 6 6
4.000122 232 6 6
4.000122 233 6 6
4.000122 234 2 2
4.000122 235 6 6
4.000122 236 7 7
4.000122 237 6 6
4.000122 238 6 6
4.000122 239 6 6
4.000122 240 6 6
4.000122 242 4 4
4.000122 244 7 7
4.000122 245 8 8
4.000122 246 5 5
4.000122 247 6 6
4.000122 248 4 4
4.000122 249 7 7
4.000122 250 7 7
4.000122 251 4 4
4.000122 252 7 7
4.000122 254 5 5
4.000122 255 7 7
4.000122 256 5 5
4.000122 257 5 5
4.000122 258 8 8
4.000122 259 5 5
4.000122 260 6 6
4.000122 261 7 7
4.000122 262 6 6
4.000122 266 6 6
4.000122 267 6 6
4.000122 269 6 6
4.000122 270 8 8
4.000122 271 7 7
4.000122 272 7 7
4.000122 273 8 8
4.000122 274 6 6
4.000122 275 6 6
4.000122 276 4 4
4.000122 277 4 4
4.000122 278 6 6
4.000122 279 5 5
4.000122 280 4 4
4.000122 281 7 7
4.000122 283 8 8
4.000122 284 7 7
4.000122 285 6 6
4.000122 286 5 5
4.000122 287 7 7
4.000122 288 9 9
4.000122 289 7 7
4.000122 290 9 9
4.000122 291 6 6
4.000122 292 7 7
4.000122 293 6 6
4.000122 294 7 7
4.000122 295 6 6
4.000122 296 6 6
4.000122 297 3 3
4.000122 298 7 7
4.000122 299 6 6
4.000122 300 7 7
4.000122 301 8 8
4.000122 302 6 6
4.000122 303 5 5
4.000122 304 5 5
4.000122 306 4 4
4.000122 307 7 7
4.000122 308 6 6
4.000122 309 8 8
4.000122 310 7 7
4.000122 311 6 6
4.000122 312 6 6
4.000122 313 8 8
4.000122 314 8 8
4.000122 315 8 8
4.000122 316 4 4
4.000122 317 5 5
4.000122 318 7 7
4.000122 319 6 6
4.000122 320 6 6
4.000122 321 6 6
4.000122 322 6 6
4.000122 323 6 6
4.000122 324 4 4
4.000122 325 6 6
4.000122 326 5 5
4.000122 327 5 5
4.000122 328 7 7
4.000122 329 8 8
4.000122 330 7 7
4.000122 331 6 6
4.000122 333 6 6
4.000122 334 5 5
4.000122 335 5 5
4.000122 336 5 5
4.000122 338 6 6
4.000122 339 6 6
4.000122 340 7 7
4.000122 341 2 2
4.000122 342 7 7
4.000122 343 5 5
4.000122 344 4 4
4.000122 345 4 4
4.000122 347 8 8
4.000122 348 7 7
4.000122 349 6 6
4.000122 350 5 5
4.000122 351 6 6
4.000122 352 5 5
4.000122 353 7 7
4.000122 354 6 6
4.000122 355 5 5
4.000122 356 8 8
4.000122 357 6 6
4.000122 358 7 7
4.000122 359 6 6
4.000122 360 7 7
4.000122 361 4 4
4.000122 362 7 7
4.000122 363 5 5
4.000122 364 7 7
4.000122 365 6 6
4.000122 366 8 8
4.000122 368 6 6
4.000122 369 8 8
4.000122 370 6 6
4.000122 371 7 7
4.000122 372 4 4
4.000122 373 7 7
4.000122 374 8 8
4.000122 375 6 6
4.000122 376 7 7
4.000122 377 7 7
4.000122 378 6 6
4.000122 379 6 6
4.000122 380 4 4
4.000122 381 4 4
4.000122 382 6 6
4.000122 383 5 5
4.000122 384 8 8
4.000122 385 7 7
4.000122 386 6 6
4.000122 387 6 6
4.000122 388 6 6
4.000122 389 6 6
4.000122 390 6 6
4.000122 391 5 5
4.000122 392 7 7
4.000122 393 7 7
4.000122 394 7 7
4.000122 395 6 6
4.000122 396 6 6
4.000122 397 6 6
4.000122 398 8 8
4.000122 399 7 7
4.000122 400 5 5
4.000122 401 8 8
4.000122 402 5 5
4.000122 403 4 4
4.000122 404 6 6
4.000122 405 8 8
4.000122 406 7 7
4.000122 407 7 7
4.000122 408 7 7
4.000122 409 5 5
4.000122 410 6 6
4.000122 411 6 6
4.000122 412 6 6
4.000122 413 6 6
4.000122 415 8 8
4.000122 416 5 5
4.000122 417 6 6
4.000122 418 8 8
4.000122 419 4 4
4.000122 420 7 7
4.000122 421 8 8
4.000122 422 6 6
4.000122 423 6 6
4.000122 424 5 5
4.000122 425 7 7
4.000122 426 7 7
4.000122 427 7 7
4.000122 428 6 6
4.000122 429 6 6
4.000122 430 6 6
4.000122 431 7 7
4.000122 432 7 7
4.000122 433 6 6
4.000122 434 4 4
4.000122 435 6 6
4.000122 436 8 8
4.000122 437 4 4
4.000122 438 7 7
4.000122 439 4 4
4.000122 441 4 4
4.000122 442 7 7
4.000122 443 6 6
4.000122 444 6 6
4.000122 445 5 5
4.000122 446 7 7
4.000122 447 5 5
4.000122 448 6 6
4.000122 449 7 7
4.000122 450 5 5
4.000122 451 8 8
4.000122 452 8 8
4.000122 453 7 7
4.000122 454 6 6
4.000122 455 8 8
4.000122 456 8 8
4.000122 457 6 6
4.000122 458 6 6
4.000122 459 5 5
4.000122 460 5 5
4.000122 461 7 7
4.000122 462 6 6
4.000122 463 6 6
4.000122 464 4 4
4.000122 465 6 6
4.000122 466 8 8
4.000122 467 5 5
4.000122 468 5 5
4.000122 470 4 4
4.000122 471 7 7
4.000122 472 6 6
4.000122 473 6 6
4.000122 474 6 6
4.000122 475 5 5
4.000122 476 7 7
4.000122 477 7 7
4.000122 478 5 5
4.000122 479 5 5
4.000122 480 6 6
4.000122 481 4 4
4.000122 482 6 6
4.000122 483 5 5
4.000122 484 5 5
4.000122 485 6 6
4.000122 486 7 7
4.000122 487 5 5
4.000122 488 6 6
4.000122 489 7 7
4.000122 490 4 4
4.000122 491 7 7
4.000122 492 7 7
4.000122 493 6 6
4.000122 495 6 6
4.000122 497 4 4
4.000122 498 6 6
4.000122 499 4 4
4.000122 500 5 5
4.000122 501 6 6
4.000122 502 7 7
4.000122 503 5 5
4.000122 504 5 5
4.000122 506 6 6
4.000122 507 7 7
4.000122 508 6 6
4.000122 509 6 6
4.000122 510 7 7
4.000122 512 6 6
4.000122 513 8 8
4.000122 514 4 4
4.000122 515 4 4
4.000122 516 4 4
4.000122 517 8 8
4.000122 518 7 7
4.000122 520 7 7
4.000122 521 5 5
4.000122 522 6 6
4.000122 524 3 3
4.000122 525 4 4
4.000122 527 7 7
4.000122 529 5 5
4.000122 530 6 6
4.000122 531 5 5
4.000122 532 5 5
4.000122 533 6 6
4.000122 534 5 5
4.000122 535 7 7
4.000122 536 7 7
4.000122 537 7 7
4.000122 538 6 6
4.000122 539 6 6
4.000122 540 6 6
4.000122 541 5 5
4.000122 542 5 5
4.000122 543 5 5
4.000122 544 7 7
4.000122 545 6 6
4.000122 546 6 6
4.000122 547 5 5
4.000122 548 7 7
4.000122 549 4 4
5.000153 0 9 9
5.000153 2 10 10
5.000153 4 9 9
5.000153 5 8 8
5.000153 6 8 8
5.000153 7 9 9
5.000153 8 8 8
5.000153 9 8 8
5.000153 11 10 10
5.000153 12 9 9
5.000153 14 9 9
5.000153 15 9 9
5.000153 16 8 8
5.000153 17 9 9
5.000153 18 11 11
5.000153 19 10 10
5.000153 20 10 10
5.000153 21 8 8
5.000153 22 10 10
5.000153 23 8 8
5.000153 24 8 8
5.000153 25 10 10
5.000153 26 11 11
5.000153 27 11 11
5.000153 28 9 9
5.000153 30 8 8
5.000153 31 8 8
5.000153 32 9 9
5.000153 33 9 9
5.000153 35 11 11
5.000153 36 14 14
5.000153 37 9 9
5.000153 40 12 12
5.000153 41 9 9
5.000153 42 8 8
5.000153 43 10 10
5.000153 44 6 6
5.000153 45 9 9
5.000153 46 6 6
5.000153 47 14 14
5.000153 48 11 11
5.000153 50 9 9
5.000153 51 9 9
5.000153 52 9 9
5.000153 53 8 8
5.000153 54 8 8
5.000153 55 9 9
5.000153 56 8 8
5.000153 57 9 9
5.000153 58 11 11
5.000153 59 8 8
5.000153 60 8 8
5.000153 61 8 8
5.000153 62 10 10
5.000153 63 9 9
5.000153 64 9 9
5.000153 65 8 8
5.000153 66 8 8
5.000153 67 8 8
5.000153 68 13 13
5.000153 69 8 8
5.000153 71 12 12
5.000153 72 9 9
5.000153 73 9 9
5.000153 74 14 14
5.000153 75 9 9
5.000153 76 11 11
5.000153 77 9 9
5.000153 78 11 11
5.000153 80 10 10
5.000153 81 10 10
5.000153 82 12 12
5.000153 83 9 9
5.000153 84 8 8
5.000153 85 13 13
5.000153 86 9 9
5.000153 87 10 10
5.000153 88 10 10
5.000153 89 3 3
5.000153 90 11 11
5.000153 91 9 9
5.000153 92 9 9
5.000153 93 8 8
5.000153 94 7 7
5.000153 95 9 9
5.000153 96 8 8
5.000153 97 10 10
5.000153 98 8 8
5.000153 99 11 11
5.000153 100 10 10
5.000153 101 7 7
5.000153 102 10 10
5.000153 104 8 8
5.000153 106 8 8
5.000153 107 8 8
5.000153 108 9 9
5.000153 109 10 10
5.000153 110 9 9
5.000153 111 8 8
5.000153 112 9 9
5.000153 113 9 9
5.000153 114 10 10
5.000153 115 10 10
5.000153 116 8 8
5.000153 117 8 8
5.000153 118 8 8
5.000153 119 6 6
5.000153 120 8 8
5.000153 121 9 9
5.000153 122 8 8
5.000153 123 9 9
5.000153 124 8 8
5.000153 125 8 8
5.000153 126 8 8
5.000153 127 10 10
5.000153 128 9 9
5.000153 130 8 8
5.000153 131 9 9
5.000153 132 11 11
5.000153 133 12 12
5.000153 134 9 9
5.000153 135 8 8
5.000153 136 9 9
5.000153 137 4 4
5.000153 138 9 9
5.000153 139 8 8
5.000153 140 8 8
5.000153 141 9 9
5.000153 142 8 8
5.000153 143 10 10
5.000153 144 12 12
5.000153 145 9 9
5.000153 146 8 8
5.000153 148 11 11
5.000153 149 9 9
5.000153 150 9 9
5.000153 151 8 8
5.000153 152 11 11
5.000153 153 11 11
5.000153 154 10 10
5.000153 155 8 8
5.000153 156 8 8
5.000153 157 8 8
5.000153 158 8 8
5.000153 159 8 8
5.000153 160 13 13
5.000153 161 8 8
5.000153 162 8 8
5.000153 163 10 10
5.000153 164 11 11
5.000153 165 12 12
5.000153 166 12 12
5.000153 167 8 8
5.000153 168 6 6
5.000153 169 8 8
5.000153 170 9 9
5.000153 171 12 12
5.000153 172 8 8
5.000153 173 9 9
5.000153 174 8 8
5.000153 175 9 9
5.000153 176 8 8
5.000153 177 8 8
5.000153 178 9 9
5.000153 179 13 13
5.000153 180 12 12
5.000153 181 10 10
5.000153 182 8 8
5.000153 183 10 10
5.000153 184 10 10
5.000153 185 8 8
5.000153 188 10 10
5.000153 189 10 10
5.000153 190 9 9
5.000153 191 8 8
5.000153 192 13 13
5.000153 193 8 8
5.000153 194 9 9
5.000153 195 9 9
5.000153 196 8 8
5.000153 197 9 9
5.000153 199 8 8
5.000153 200 8 8
5.000153 202 9 9
5.000153 203 8 8
5.000153 205 8 8
5.000153 207 10 10
5.000153 209 8 8
5.000153 210 12 12
5.000153 211 7 7
5.000153 212 10 10
5.000153 213 8 8
5.000153 214 8 8
5.000153 215 8 8
5.000153 216 8 8
5.000153 217 11 11
5.000153 218 12 12
5.000153 219 8 8
5.000153 220 11 11
5.000153 221 8 8
5.000153 222 10 10
5.000153 223 11 11
5.000153 227 8 8
5.000153 228 9 9
5.000153 229 12 12
5.000153 230 9 9
5.000153 231 10 10
5.000153 232 9 9
5.000153 233 9 9
5.000153 235 10 10
5.000153 236 12 12
5.000153 237 9 9
5.000153 238 10 10
5.000153 239 9 9
5.000153 240 10 10
5.000153 242 8 8
5.000153 244 10 10
5.000153 245 9 9
5.000153 246 9 9
5.000153 247 9 9
5.000153 248 9 9
5.000153 249 10 10
5.000153 250 9 9
5.000153 251 8 8
5.000153 252 11 11
5.000153 254 8 8
5.000153 255 12 12
5.000153 256 9 9
5.000153 257 8 8
5.000153 258 12 12
5.000153 259 10 10
5.000153 260 10 10
5.000153 261 11 11
5.000153 262 9 9
5.000153 266 8 8
5.000153 267 9 9
5.000153 269 6 6
5.000153 270 10 10
5.000153 271 10 10
5.000153 272 11 11
5.000153 273 10 10
5.000153 274 8 8
5.000153 275 7 7
5.000153 276 8 8
5.000153 277 8 8
5.000153 278 8 8
5.000153 279 9 9
5.000153 280 8 8
5.000153 281 9 9
5.000153 283 10 10
5.000153 284 8 8
5.000153 285 8 8
5.000153 286 9 9
5.000153 287 11 11
5.000153 288 12 12
5.000153 289 9 9
5.000153 290 14 14
5.000153 291 9 9
5.000153 292 12 12
5.000153 293 8 8
5.000153 294 11 11
5.000153 295 10 10
5.000153 296 8 8
5.000153 297 1 1
5.000153 298 8 8
5.000153 299 10 10
5.000153 300 9 9
5.000153 301 8 8
5.000153 302 10 10
5.000153 303 8 8
5.000153 304 8 8
5.000153 306 8 8
5.000153 307 8 8
5.000153 308 7 7
5.000153 309 8 8
5.000153 310 10 10
5.000153 311 8 8
5.000153 312 10 10
5.000153 313 9 9
5.000153 314 11 11
5.000153 315 13 13
5.000153 316 8 8
5.000153 317 6 6
5.000153 318 11 11
5.000153 319 11 11
5.000153 320 8 8
5.000153 321 11 11
5.000153 322 8 8
5.000153 323 8 8
5.000153 324 8 8
5.000153 325 10 10
5.000153 326 9 9
5.000153 327 8 8
5.000153 328 13 13
5.000153 329 13 13
5.000153 330 11 11
5.000153 331 8 8
5.000153 333 8 8
5.000153 334 9 9
5.000153 335 8 8
5.000153 336 9 9
5.000153 338 9 9
5.000153 339 11 11
5.000153 340 9 9
5.000153 341 3 3
5.000153 342 9 9
5.000153 343 8 8
5.000153 344 8 8
5.000153 345 9 9
5.000153 347 9 9
5.000153 348 9 9
5.000153 349 8 8
5.000153 350 8 8
5.000153 351 10 10
5.000153 352 8 8
5.000153 353 9 9
5.000153 354 8 8
5.000153 355 9 9
5.000153 356 12 12
5.000153 357 8 8
5.000153 358 11 11
5.000153 359 10 10
5.000153 360 9 9
5.000153 361 8 8
5.000153 362 9 9
5.000153 363 9 9
5.000153 364 10 10
5.000153 365 9 9
5.000153 366 11 11
5.000153 368 8 8
5.000153 369 13 13
5.000153 370 9 9
5.000153 371 11 11
5.000153 372 8 8
5.000153 373 11 11
5.000153 374 11 11
5.000153 375 8 8
5.000153 376 8 8
5.000153 377 10 10
5.000153 378 8 8
5.000153 379 12 12
5.000153 380 8 8
5.000153 381 8 8
5.000153 382 9 9
5.000153 383 8 8
5.000153 384 10 10
5.000153 385 10 10
5.000153 386 8 8
5.000153 387 10 10
5.000153 388 8 8
5.000153 389 9 9
5.000153 390 10 10
5.000153 391 8 8
5.000153 392 10 10
5.000153 393 8 8
5.000153 394 9 9
5.000153 395 8 8
5.000153 396 9 9
5.000153 397 10 10
5.000153 398 12 12
5.000153 399 11 11
5.000153 400 8 8
5.000153 401 9 9
5.000153 402 9 9
5.000153 403 8 8
5.000153 404 9 9
5.000153 405 11 11
5.000153 406 8 8
5.000153 407 10 10
5.000153 408 9 9
5.000153 409 9 9
5.000153 410 8 8
5.000153 411 10 10
5.000153 412 8 8
5.000153 413 8 8
5.000153 415 10 10
5.000153 416 8 8
5.000153 417 8 8
5.000153 418 9 9
5.000153 419 8 8
5.000153 420 9 9
5.000153 421 10 10
5.000153 422 9 9
5.000153 423 8 8
5.000153 424 8 8
5.000153 425 9 9
5.000153 426 10 10
5.000153 427 8 8
5.000153 428 8 8
5.000153 429 11 11
5.000153 430 8 8
5.000153 431 10 10
5.000153 432 8 8
5.000153 433 10 10
5.000153 434 8 8
5.000153 435 9 9
5.000153 436 13 13
5.000153 437 4 4
5.000153 438 9 9
5.000153 439 9 9
5.000153 441 8 8
5.000153 442 8 8
5.000153 443 9 9
5.000153 444 9 9
5.000153 445 8 8
5.000153 446 9 9
5.000153 447 8 8
5.000153 448 8 8
5.000153 449 9 9
5.000153 450 8 8
5.000153 451 10 10
5.000153 452 11 11
5.000153 453 9 9
5.000153 454 9 9
5.000153 455 8 8
5.000153 456 9 9
5.000153 457 9 9
5.000153 458 9 9
5.000153 459 7 7
5.000153 460 8 8
5.000153 461 9 9
5.000153 462 9 9
5.000153 463 10 10
5.000153 464 8 8
5.000153 465 8 8
5.000153 466 9 9
5.000153 467 9 9
5.000153 468 8 8
5.000153 470 8 8
5.000153 471 8 8
5.000153 472 8 8
5.000153 473 10 10
5.000153 474 9 9
5.000153 475 8 8
5.000153 476 10 10
5.000153 477 12 12
5.000153 478 8 8
5.000153 479 8 8
5.000153 480 8 8
5.000153 481 7 7
5.000153 482 8 8
5.000153 483 8 8
5.000153 484 9 9
5.000153 485 8 8
5.000153 486 8 8
5.000153 487 9 9
5.000153 488 8 8
5.000153 489 12 12
5.000153 490 8 8
5.000153 491 12 12
5.000153 492 9 9
5.000153 493 10 10
5.000153 495 10 10
5.000153 497 8 8
5.000153 498 9 9
5.000153 499 8 8
5.000153 500 8 8
5.000153 501 10 10
5.000153 502 9 9
5.000153 503 8 8
5.000153 504 9 9
5.000153 506 8 8
5.000153 507 9 9
5.000153 508 10 10
5.000153 509 11 11
5.000153 510 9 9
5.000153 512 9 9
5.000153 513 10 10
5.000153 514 8 8
5.000153 515 7 7
5.000153 516 8 8
5.000153 517 10 10
5.000153 518 11 11
5.000153 520 9 9
5.000153 521 10 10
5.000153 522 10 10
5.000153 525 8 8
5.000153 527 9 9
5.000153 529 4 4
5.000153 530 9 9
5.000153 531 8 8
5.000153 532 11 11
5.000153 533 7 7
5.000153 534 10 10
5.000153 535 8 8
5.000153 536 10 10
5.000153 537 8 8
5.000153 538 11 11
5.000153 539 9 9
5.000153 540 9 9
5.000153 541 8 8
5.000153 542 8 8
5.000153 543 8 8
5.000153 544 9 9
5.000153 545 8 8
5.000153 546 8 8
5.000153 547 8 8
5.000153 548 11 11
5.000153 549 8 8
6.000183 0 16 16
6.000183 7 15 15
6.000183 8 12 12
6.000183 9 15 15
6.000183 12 17 17
6.000183 15 16 16
6.000183 17 14 14
6.000183 18 20 20
6.000183 19 16 16
6.000183 20 18 18
6.000183 22 18 18
6.000183 23 14 14
6.000183 24 16 16
6.000183 25 17 17
6.000183 26 17 17
6.000183 27 17 17
6.000183 28 16 16
6.000183 31 15 15
6.000183 33 15 15
6.000183 35 17 17
6.000183 37 16 16
6.000183 40 19 19
6.000183 41 17 17
6.000183 42 13 13
6.000183 43 14 14
6.000183 44 12 12
6.000183 47 17 17
6.000183 48 17 17
6.000183 50 14 14
6.000183 51 15 15
6.000183 53 16 16
6.000183 54 14 14
6.000183 55 16 16
6.000183 56 11 11
6.000183 57 17 17
6.000183 58 18 18
6.000183 59 16 16
6.000183 61 16 16
6.000183 62 16 16
6.000183 64 15 15
6.000183 67 15 15
6.000183 68 17 17
6.000183 71 16 16
6.000183 72 16 16
6.000183 73 15 15
6.000183 74 1 1
6.000183 75 16 16
6.000183 76 15 15
6.000183 77 16 16
6.000183 78 17 17
6.000183 80 16 16
6.000183 81 17 17
6.000183 82 5 5
6.000183 83 15 15
6.000183 84 15 15
6.000183 85 20 20
6.000183 86 15 15
6.000183 87 14 14
6.000183 88 17 17
6.000183 90 18 18
6.000183 91 15 15
6.000183 92 16 16
6.000183 93 16 16
6.000183 94 10 10
6.000183 95 15 15
6.000183 96 14 14
6.000183 97 13 13
6.000183 98 14 14
6.000183 100 19 19
6.000183 101 13 13
6.000183 102 17 17
6.000183 104 14 14
6.000183 106 15 15
6.000183 108 11 11
6.000183 109 16 16
6.000183 112 16 16
6.000183 113 15 15
6.000183 114 18 18
6.000183 117 11 11
6.000183 118 16 16
6.000183 120 15 15
6.000183 121 16 16
6.000183 122 16 16
6.000183 123 15 15
6.000183 124 15 15
6.000183 125 12 12
6.000183 127 17 17
6.000183 128 15 15
6.000183 130 15 15
6.000183 131 15 15
6.000183 132 18 18
6.000183 133 17 17
6.000183 134 16 16
6.000183 135 15 15
6.000183 136 16 16
6.000183 138 16 16
6.000183 139 13 13
6.000183 140 14 14
6.000183 141 17 17
6.000183 142 14 14
6.000183 143 16 16
6.000183 144 16 16
6.000183 145 16 16
6.000183 146 14 14
6.000183 148 6 6
6.000183 149 15 15
6.000183 150 13 13
6.000183 151 14 14
6.000183 152 18 18
6.000183 153 17 17
6.000183 154 1 1
6.000183 155 16 16
6.000183 156 13 13
6.000183 157 14 14
6.000183 158 13 13
6.000183 159 11 11
6.000183 160 22 22
6.000183 161 16 16
6.000183 162 13 13
6.000183 163 13 13
6.000183 164 18 18
6.000183 167 12 12
6.000183 169 15 15
6.000183 170 16 16
6.000183 171 16 16
6.000183 172 16 16
6.000183 173 17 17
6.000183 174 14 14
6.000183 175 16 16
6.000183 176 15 15
6.000183 177 15 15
6.000183 178 15 15
6.000183 179 21 21
6.000183 181 17 17
6.000183 182 14 14
6.000183 185 13 13
6.000183 188 16 16
6.000183 189 17 17
6.000183 190 6 6
6.000183 191 12 12
6.000183 192 17 17
6.000183 193 13 13
6.000183 194 4 4
6.000183 195 16 16
6.000183 196 15 15
6.000183 199 12 12
6.000183 200 14 14
6.000183 202 11 11
6.000183 205 15 15
6.000183 207 18 18
6.000183 209 14 14
6.000183 210 16 16
6.000183 211 11 11
6.000183 213 14 14
6.000183 214 14 14
6.000183 215 13 13
6.000183 216 12 12
6.000183 217 15 15
6.000183 218 19 19
6.000183 219 16 16
6.000183 220 16 16
6.000183 221 10 10
6.000183 222 17 17
6.000183 223 18 18
6.000183 227 15 15
6.000183 228 14 14
6.000183 230 16 16
6.000183 231 16 16
6.000183 232 17 17
6.000183 233 14 14
6.000183 236 18 18
6.000183 237 12 12
6.000183 239 15 15
6.000183 240 4 4
6.000183 242 14 14
6.000183 246 14 14
6.000183 247 16 16
6.000183 249 17 17
6.000183 250 16 16
6.000183 252 16 16
6.000183 254 14 14
6.000183 255 16 16
6.000183 256 1 1
6.000183 258 6 6
6.000183 259 2 2
6.000183 260 17 17
6.000183 261 18 18
6.000183 262 14 14
6.000183 267 14 14
6.000183 270 18 18
6.000183 271 19 19
6.000183 272 16 16
6.000183 273 17 17
6.000183 274 15 15
6.000183 275 13 13
6.000183 276 10 10
6.000183 278 16 16
6.000183 280 13 13
6.000183 283 16 16
6.000183 284 16 16
6.000183 286 14 14
6.000183 287 16 16
6.000183 288 20 20
6.000183 289 16 16
6.000183 290 23 23
6.000183 293 15 15
6.000183 294 17 17
6.000183 295 15 15
6.000183 296 16 16
6.000183 298 16 16
6.000183 299 18 18
6.000183 300 16 16
6.000183 301 15 15
6.000183 302 14 14
6.000183 303 15 15
6.000183 304 12 12
6.000183 306 15 15
6.000183 307 15 15
6.000183 308 12 12
6.000183 309 16 16
6.000183 310 17 17
6.000183 311 14 14
6.000183 314 10 10
6.000183 315 8 8
6.000183 316 14 14
6.000183 318 18 18
6.000183 319 14 14
6.000183 320 16 16
6.000183 321 19 19
6.000183 322 15 15
6.000183 323 15 15
6.000183 325 16 16
6.000183 326 15 15
6.000183 327 15 15
6.000183 328 3 3
6.000183 329 18 18
6.000183 331 15 15
6.000183 333 16 16
6.000183 334 12 12
6.000183 335 14 14
6.000183 336 13 13
6.000183 342 16 16
6.000183 343 16 16
6.000183 344 12 12
6.000183 347 18 18
6.000183 348 6 6
6.000183 349 15 15
6.000183 350 14 14
6.000183 351 13 13
6.000183 352 13 13
6.000183 353 17 17
6.000183 354 14 14
6.000183 355 14 14
6.000183 356 16 16
6.000183 357 1 1
6.000183 358 16 16
6.000183 359 18 18
6.000183 360 15 15
6.000183 361 13 13
6.000183 362 17 17
6.000183 363 16 16
6.000183 364 17 17
6.000183 365 17 17
6.000183 366 18 18
6.000183 368 15 15
6.000183 369 18 18
6.000183 370 12 12
6.000183 371 17 17
6.000183 373 17 17
6.000183 374 17 17
6.000183 375 15 15
6.000183 377 17 17
6.000183 378 16 16
6.000183 379 19 19
6.000183 380 14 14
6.000183 381 11 11
6.000183 382 16 16
6.000183 383 10 10
6.000183 384 16 16
6.000183 386 14 14
6.000183 387 16 16
6.000183 388 15 15
6.000183 390 13 13
6.000183 391 16 16
6.000183 392 17 17
6.000183 393 16 16
6.000183 395 13 13
6.000183 397 15 15
6.000183 398 19 19
6.000183 400 14 14
6.000183 401 16 16
6.000183 403 10 10
6.000183 404 16 16
6.000183 405 19 19
6.000183 406 15 15
6.000183 407 17 17
6.000183 408 15 15
6.000183 409 14 14
6.000183 410 14 14
6.000183 411 16 16
6.000183 412 14 14
6.000183 413 9 9
6.000183 416 15 15
6.000183 417 16 16
6.000183 418 16 16
6.000183 419 11 11
6.000183 420 17 17
6.000183 421 17 17
6.000183 422 16 16
6.000183 423 2 2
6.000183 424 15 15
6.000183 425 16 16
6.000183 426 16 16
6.000183 427 16 16
6.000183 428 15 15
6.000183 430 16 16
6.000183 431 17 17
6.000183 432 16 16
6.000183 433 17 17
6.000183 434 15 15
6.000183 435 15 15
6.000183 436 16 16
6.000183 438 16 16
6.000183 439 10 10
6.000183 442 16 16
6.000183 443 14 14
6.000183 444 17 17
6.000183 445 15 15
6.000183 446 16 16
6.000183 447 13 13
6.000183 448 10 10
6.000183 449 9 9
6.000183 450 15 15
6.000183 451 16 16
6.000183 452 19 19
6.000183 453 14 14
6.000183 456 16 16
6.000183 458 14 14
6.000183 459 11 11
6.000183 460 12 12
6.000183 461 15 15
6.000183 462 14 14
6.000183 463 17 17
6.000183 464 6 6
6.000183 468 13 13
6.000183 470 13 13
6.000183 471 15 15
6.000183 472 15 15
6.000183 473 18 18
6.000183 475 8 8
6.000183 477 17 17
6.000183 478 14 14
6.000183 479 12 12
6.000183 480 16 16
6.000183 481 12 12
6.000183 483 16 16
6.000183 484 16 16
6.000183 486 16 16
6.000183 487 17 17
6.000183 488 15 15
6.000183 489 20 20
6.000183 490 12 12
6.000183 492 17 17
6.000183 498 14 14
6.000183 499 15 15
6.000183 503 14 14
6.000183 504 15 15
6.000183 506 14 14
6.000183 507 17 17
6.000183 508 15 15
6.000183 509 18 18
6.000183 512 15 15
6.000183 514 1 1
6.000183 516 15 15
6.000183 518 17 17
6.000183 521 14 14
6.000183 527 17 17
6.000183 530 16 16
6.000183 531 16 16
6.000183 532 17 17
6.000183 533 14 14
6.000183 534 15 15
6.000183 536 15 15
6.000183 537 15 15
6.000183 539 13 13
6.000183 541 15 15
6.000183 542 15 15
6.000183 543 16 16
6.000183 544 16 16
6.000183 545 13 13
6.000183 546 15 15
6.000183 547 14 14
6.000183 548 15 15
6.000183 549 13 13
7.000214 7 2 2
7.000214 8 17 17
7.000214 9 17 17
7.000214 12 26 26
7.000214 17 23 23
7.000214 18 35 35
7.000214 19 26 26
7.000214 20 28 28
7.000214 23 20 20
7.000214 24 21 21
7.000214 25 28 28
7.000214 26 26 26
7.000214 27 31 31
7.000214 33 23 23
7.000214 35 26 26
7.000214 37 27 27
7.000214 40 32 32
7.000214 41 4 4
7.000214 44 19 19
7.000214 47 29 29
7.000214 48 11 11
7.000214 50 24 24
7.000214 53 24 24
7.000214 54 19 19
7.000214 55 1 1
7.000214 56 20 20
7.000214 57 21 21
7.000214 58 30 30
7.000214 61 24 24
7.000214 62 27 27
7.000214 64 27 27
7.000214 67 21 21
7.000214 71 29 29
7.000214 73 25 25
7.000214 75 27 27
7.000214 76 27 27
7.000214 77 24 24
7.000214 78 26 26
7.000214 80 26 26
7.000214 81 27 27
7.000214 83 2 2
7.000214 84 20 20
7.000214 85 33 33
7.000214 86 24 24
7.000214 87 24 24
7.000214 91 23 23
7.000214 92 23 23
7.000214 93 29 29
7.000214 94 5 5
7.000214 95 23 23
7.000214 96 20 20
7.000214 97 21 21
7.000214 100 30 30
7.000214 101 16 16
7.000214 106 22 22
7.000214 109 27 27
7.000214 112 26 26
7.000214 113 24 24
7.000214 117 20 20
7.000214 118 27 27
7.000214 120 22 22
7.000214 122 25 25
7.000214 123 25 25
7.000214 125 17 17
7.000214 128 26 26
7.000214 130 20 20
7.000214 132 27 27
7.000214 133 30 30
7.000214 134 27 27
7.000214 135 23 23
7.000214 136 23 23
7.000214 138 27 27
7.000214 139 20 20
7.000214 140 23 23
7.000214 144 16 16
7.000214 145 23 23
7.000214 146 2 2
7.000214 149 8 8
7.000214 151 18 18
7.000214 152 33 33
7.000214 153 27 27
7.000214 155 31 31
7.000214 156 20 20
7.000214 160 34 34
7.000214 161 24 24
7.000214 163 21 21
7.000214 164 28 28
7.000214 169 23 23
7.000214 170 26 26
7.000214 171 31 31
7.000214 172 25 25
7.000214 174 15 15
7.000214 176 20 20
7.000214 182 23 23
7.000214 185 20 20
7.000214 188 28 28
7.000214 191 19 19
7.000214 192 27 27
7.000214 193 20 20
7.000214 195 24 24
7.000214 205 22 22
7.000214 207 26 26
7.000214 210 28 28
7.000214 213 8 8
7.000214 214 24 24
7.000214 215 20 20
7.000214 216 19 19
7.000214 217 28 28
7.000214 219 25 25
7.000214 222 25 25
7.000214 223 18 18
7.000214 228 4 4
7.000214 230 27 27
7.000214 233 24 24
7.000214 236 29 29
7.000214 239 8 8
7.000214 242 22 22
7.000214 246 24 24
7.000214 247 27 27
7.000214 249 27 27
7.000214 250 26 26
7.000214 252 26 26
7.000214 255 27 27
7.000214 260 26 26
7.000214 261 28 28
7.000214 262 17 17
7.000214 267 23 23
7.000214 270 30 30
7.000214 273 28 28
7.000214 278 26 26
7.000214 280 22 22
7.000214 283 30 30
7.000214 284 24 24
7.000214 286 20 20
7.000214 287 28 28
7.000214 288 32 32
7.000214 289 26 26
7.000214 290 34 34
7.000214 293 21 21
7.000214 294 27 27
7.000214 296 24 24
7.000214 299 25 25
7.000214 300 26 26
7.000214 301 27 27
7.000214 303 22 22
7.000214 307 26 26
7.000214 308 20 20
7.000214 310 29 29
7.000214 316 11 11
7.000214 318 30 30
7.000214 321 27 27
7.000214 323 22 22
7.000214 325 23 23
7.000214 327 24 24
7.000214 333 25 25
7.000214 334 19 19
7.000214 335 23 23
7.000214 336 22 22
7.000214 342 3 3
7.000214 343 20 20
7.000214 347 31 31
7.000214 349 24 24
7.000214 351 20 20
7.000214 353 26 26
7.000214 354 22 22
7.000214 358 27 27
7.000214 359 28 28
7.000214 363 22 22
7.000214 364 30 30
7.000214 365 23 23
7.000214 368 28 28
7.000214 370 24 24
7.000214 373 27 27
7.000214 374 26 26
7.000214 375 22 22
7.000214 377 30 30
7.000214 380 19 19
7.000214 381 16 16
7.000214 382 25 25
7.000214 384 26 26
7.000214 387 27 27
7.000214 388 4 4
7.000214 391 21 21
7.000214 392 28 28
7.000214 397 25 25
7.000214 398 32 32
7.000214 404 22 22
7.000214 405 25 25
7.000214 406 25 25
7.000214 407 28 28
7.000214 411 26 26
7.000214 412 13 13
7.000214 416 6 6
7.000214 417 25 25
7.000214 418 27 27
7.000214 421 12 12
7.000214 422 26 26
7.000214 424 24 24
7.000214 425 25 25
7.000214 426 28 28
7.000214 427 25 25
7.000214 428 24 24
7.000214 430 19 19
7.000214 431 17 17
7.000214 433 25 25
7.000214 434 20 20
7.000214 435 24 24
7.000214 436 29 29
7.000214 438 28 28
7.000214 439 17 17
7.000214 442 26 26
7.000214 444 27 27
7.000214 445 14 14
7.000214 446 23 23
7.000214 447 19 19
7.000214 450 20 20
7.000214 452 32 32
7.000214 453 26 26
7.000214 456 29 29
7.000214 458 23 23
7.000214 459 18 18
7.000214 460 23 23
7.000214 468 20 20
7.000214 470 20 20
7.000214 471 26 26
7.000214 472 23 23
7.000214 477 31 31
7.000214 478 21 21
7.000214 479 21 21
7.000214 481 19 19
7.000214 486 26 26
7.000214 488 23 23
7.000214 489 14 14
7.000214 490 18 18
7.000214 492 26 26
7.000214 499 21 21
7.000214 503 22 22
7.000214 504 24 24
7.000214 506 23 23
7.000214 507 26 26
7.000214 508 24 24
7.000214 509 29 29
7.000214 512 22 22
7.000214 518 31 31
7.000214 521 13 13
7.000214 527 27 27
7.000214 530 26 26
7.000214 531 22 22
7.000214 532 25 25
7.000214 533 23 23
7.000214 534 22 22
7.000214 536 26 26
7.000214 537 27 27
7.000214 539 26 26
7.000214 541 22 22
7.000214 545 8 8
7.000214 546 26 26
7.000214 547 20 20
7.000214 548 29 29
7.000214 549 19 19
8.000244 8 13 13
8.000244 18 55 55
8.000244 19 39 39
8.000244 20 13 13
8.000244 25 46 46
8.000244 26 43 43
8.000244 27 44 44
8.000244 35 44 44
8.000244 40 54 54
8.000244 47 50 50
8.000244 53 32 32
8.000244 54 32 32
8.000244 56 32 32
8.000244 57 38 38
8.000244 58 44 44
8.000244 62 36 36
8.000244 67 35 35
8.000244 73 36 36
8.000244 75 41 41
8.000244 76 43 43
8.000244 77 3 3
8.000244 78 44 44
8.000244 84 31 31
8.000244 85 52 52
8.000244 86 39 39
8.000244 87 39 39
8.000244 93 42 42
8.000244 95 35 35
8.000244 96 34 34
8.000244 97 38 38
8.000244 101 30 30
8.000244 112 38 38
8.000244 113 37 37
8.000244 117 14 14
8.000244 118 39 39
8.000244 122 43 43
8.000244 128 33 33
8.000244 134 38 38
8.000244 136 37 37
8.000244 138 41 41
8.000244 139 33 33
8.000244 140 36 36
8.000244 145 11 11
8.000244 152 39 39
8.000244 153 39 39
8.000244 155 39 39
8.000244 156 34 34
8.000244 160 5 5
8.000244 161 34 34
8.000244 163 37 37
8.000244 164 46 46
8.000244 169 34 34
8.000244 170 38 38
8.000244 182 5 5
8.000244 185 31 31
8.000244 188 40 40
8.000244 191 33 33
8.000244 192 28 28
8.000244 193 29 29
8.000244 195 23 23
8.000244 205 36 36
8.000244 207 40 40
8.000244 210 42 42
8.000244 215 31 31
8.000244 216 7 7
8.000244 217 46 46
8.000244 219 38 38
8.000244 230 39 39
8.000244 233 32 32
8.000244 236 4 4
8.000244 242 32 32
8.000244 246 35 35
8.000244 249 15 15
8.000244 250 40 40
8.000244 255 48 48
8.000244 260 5 5
8.000244 261 49 49
8.000244 267 34 34
8.000244 270 7 7
8.000244 273 43 43
8.000244 280 35 35
8.000244 283 44 44
8.000244 284 22 22
8.000244 286 34 34
8.000244 287 42 42
8.000244 288 50 50
8.000244 289 41 41
8.000244 290 22 22
8.000244 293 36 36
8.000244 299 40 40
8.000244 301 38 38
8.000244 307 38 38
8.000244 308 32 32
8.000244 318 54 54
8.000244 325 41 41
8.000244 327 35 35
8.000244 333 34 34
8.000244 334 32 32
8.000244 335 34 34
8.000244 349 31 31
8.000244 353 42 42
8.000244 354 21 21
8.000244 358 44 44
8.000244 359 42 42
8.000244 363 36 36
8.000244 364 45 45
8.000244 365 37 37
8.000244 368 33 33
8.000244 373 44 44
8.000244 374 20 20
8.000244 375 33 33
8.000244 377 42 42
8.000244 382 39 39
8.000244 384 41 41
8.000244 391 34 34
8.000244 398 50 50
8.000244 405 45 45
8.000244 406 38 38
8.000244 411 36 36
8.000244 417 37 37
8.000244 418 16 16
8.000244 422 37 37
8.000244 424 37 37
8.000244 425 39 39
8.000244 426 42 42
8.000244 427 35 35
8.000244 428 37 37
8.000244 433 40 40
8.000244 434 32 32
8.000244 435 35 35
8.000244 436 45 45
8.000244 438 34 34
8.000244 439 31 31
8.000244 444 32 32
8.000244 446 35 35
8.000244 450 34 34
8.000244 452 48 48
8.000244 453 41 41
8.000244 456 41 41
8.000244 458 42 42
8.000244 459 29 29
8.000244 460 28 28
8.000244 468 30 30
8.000244 470 20 20
8.000244 471 32 32
8.000244 472 10 10
8.000244 477 45 45
8.000244 478 33 33
8.000244 479 32 32
8.000244 481 32 32
8.000244 488 32 32
8.000244 490 1 1
8.000244 492 44 44
8.000244 499 34 34
8.000244 504 27 27
8.000244 506 17 17
8.000244 509 45 45
8.000244 518 36 36
8.000244 527 39 39
8.000244 530 43 43
8.000244 531 34 34
8.000244 532 24 24
8.000244 533 36 36
8.000244 534 40 40
8.000244 536 37 37
8.000244 537 24 24
8.000244 539 37 37
8.000244 541 35 35
8.000244 546 35 35
8.000244 549 34 34
9.000275 18 48 48
9.000275 19 24 24
9.000275 25 65 65
9.000275 26 66 66
9.000275 35 70 70
9.000275 40 86 86
9.000275 47 73 73
9.000275 53 60 60
9.000275 54 24 24
9.000275 57 65 65
9.000275 58 75 75
9.000275 67 2 2
9.000275 73 11 11
9.000275 75 67 67
9.000275 76 69 69
9.000275 78 68 68
9.000275 84 12 12
9.000275 85 80 80
9.000275 86 65 65
9.000275 87 58 58
9.000275 93 67 67
9.000275 96 54 54
9.000275 97 61 61
9.000275 112 64 64
9.000275 113 55 55
9.000275 118 62 62
9.000275 122 69 69
9.000275 134 63 63
9.000275 138 53 53
9.000275 139 52 52
9.000275 140 10 10
9.000275 155 69 69
9.000275 156 60 60
9.000275 161 61 61
9.000275 164 71 71
9.000275 169 56 56
9.000275 170 65 65
9.000275 185 56 56
9.000275 188 68 68
9.000275 191 52 52
9.000275 193 51 51
9.000275 205 58 58
9.000275 207 72 72
9.000275 210 72 72
9.000275 215 58 58
9.000275 217 63 63
9.000275 219 20 20
9.000275 233 28 28
9.000275 242 57 57
9.000275 246 56 56
9.000275 250 67 67
9.000275 255 52 52
9.000275 261 71 71
9.000275 267 6 6
9.000275 273 67 67
9.000275 280 53 53
9.000275 283 10 10
9.000275 286 50 50
9.000275 287 68 68
9.000275 288 2 2
9.000275 289 63 63
9.000275 293 57 57
9.000275 299 67 67
9.000275 301 62 62
9.000275 307 64 64
9.000275 308 52 52
9.000275 318 64 64
9.000275 325 3 3
9.000275 334 52 52
9.000275 335 57 57
9.000275 353 69 69
9.000275 358 68 68
9.000275 359 65 65
9.000275 364 72 72
9.000275 365 65 65
9.000275 373 5 5
9.000275 375 52 52
9.000275 377 62 62
9.000275 382 68 68
9.000275 384 67 67
9.000275 391 55 55
9.000275 398 17 17
9.000275 405 71 71
9.000275 406 63 63
9.000275 411 62 62
9.000275 417 61 61
9.000275 422 60 60
9.000275 424 59 59
9.000275 425 65 65
9.000275 426 68 68
9.000275 427 2 2
9.000275 428 57 57
9.000275 433 66 66
9.000275 434 9 9
9.000275 435 59 59
9.000275 436 75 75
9.000275 439 24 24
9.000275 446 4 4
9.000275 452 33 33
9.000275 453 62 62
9.000275 456 25 25
9.000275 458 49 49
9.000275 459 47 47
9.000275 477 75 75
9.000275 478 50 50
9.000275 481 16 16
9.000275 488 47 47
9.000275 492 51 51
9.000275 509 39 39
9.000275 527 21 21
9.000275 530 68 68
9.000275 531 2 2
9.000275 533 57 57
9.000275 534 4 4
9.000275 536 62 62
9.000275 546 59 59
9.000275 549 8 8
10.000305 25 107 107
10.000305 26 105 105
10.000305 35 112 112
10.000305 40 84 84
10.000305 47 5 5
10.000305 53 37 37
10.000305 57 95 95
10.000305 75 74 74
10.000305 76 111 111
10.000305 85 122 122
10.000305 86 20 20
10.000305 87 49 49
10.000305 93 108 108
10.000305 96 81 81
10.000305 97 94 94
10.000305 113 95 95
10.000305 118 77 77
10.000305 122 109 109
10.000305 134 94 94
10.000305 139 34 34
10.000305 155 113 113
10.000305 156 32 32
10.000305 161 99 99
10.000305 164 120 120
10.000305 169 94 94
10.000305 170 65 65
10.000305 185 18 18
10.000305 188 103 103
10.000305 191 31 31
10.000305 193 33 33
10.000305 205 97 97
10.000305 207 89 89
10.000305 210 113 113
10.000305 215 84 84
10.000305 217 29 29
10.000305 242 64 64
10.000305 246 14 14
10.000305 250 105 105
10.000305 261 117 117
10.000305 280 82 82
10.000305 286 40 40
10.000305 287 107 107
10.000305 289 94 94
10.000305 293 89 89
10.000305 299 90 90
10.000305 301 100 100
10.000305 307 101 101
10.000305 308 79 79
10.000305 318 28 28
10.000305 334 80 80
10.000305 335 90 90
10.000305 353 101 101
10.000305 358 114 114
10.000305 364 1 1
10.000305 365 70 70
10.000305 375 55 55
10.000305 377 31 31
10.000305 382 96 96
10.000305 384 110 110
10.000305 391 19 19
10.000305 405 114 114
10.000305 406 99 99
10.000305 411 86 86
10.000305 422 2 2
10.000305 424 33 33
10.000305 425 34 34
10.000305 426 109 109
10.000305 428 93 93
10.000305 435 95 95
10.000305 436 118 118
10.000305 453 102 102
10.000305 458 35 35
10.000305 477 124 124
10.000305 478 86 86
10.000305 492 5 5
10.000305 530 35 35
10.000305 533 93 93
10.000305 536 103 103
10.000305 546 95 95
11.000336 25 45 45
11.000336 26 168 168
11.000336 35 90 90
11.000336 40 23 23
11.000336 53 8 8
11.000336 57 96 96
11.000336 76 176 176
11.000336 85 42 42
11.000336 93 86 86
11.000336 96 133 133
11.000336 97 131 131
11.000336 113 122 122
11.000336 118 11 11
11.000336 122 169 169
11.000336 134 79 79
11.000336 155 169 169
11.000336 161 124 124
11.000336 164 147 147
11.000336 169 78 78
11.000336 188 162 162
11.000336 193 2 2
11.000336 205 138 138
11.000336 207 34 34
11.000336 210 177 177
11.000336 215 34 34
11.000336 250 167 167
11.000336 261 187 187
11.000336 280 64 64
11.000336 286 12 12
11.000336 287 141 141
11.000336 289 63 63
11.000336 293 131 131
11.000336 299 55 55
11.000336 301 145 145
11.000336 307 131 131
11.000336 308 130 130
11.000336 334 126 126
11.000336 335 118 118
11.000336 353 45 45
11.000336 358 73 73
11.000336 365 30 30
11.000336 375 10 10
11.000336 382 155 155
11.000336 384 171 171
11.000336 405 187 187
11.000336 406 44 44
11.000336 411 12 12
11.000336 426 167 167
11.000336 428 116 116
11.000336 435 123 123
11.000336 436 180 180
11.000336 453 171 171
11.000336 477 185 185
11.000336 478 73 73
11.000336 533 69 69
11.000336 536 55 55
11.000336 546 146 146
12.000366 26 254 254
12.000366 35 62 62
12.000366 57 36 36
12.000366 76 265 265
12.000366 93 18 18
12.000366 96 177 177
12.000366 97 155 155
12.000366 113 123 123
12.000366 122 249 249
12.000366 134 28 28
12.000366 155 228 228
12.000366 161 179 179
12.000366 164 179 179
12.000366 188 190 190
12.000366 205 63 63
12.000366 210 211 211
12.000366 215 5 5
12.000366 250 264 264
12.000366 261 273 273
12.000366 280 16 16
12.000366 287 185 185
12.000366 289 54 54
12.000366 293 211 211
12.000366 299 11 11
12.000366 301 204 204
12.000366 307 129 129
12.000366 308 204 204
12.000366 334 141 141
12.000366 335 46 46
12.000366 353 58 58
12.000366 358 10 10
12.000366 365 25 25
12.000366 382 205 205
12.000366 384 134 134
12.000366 405 240 240
12.000366 406 15 15
12.000366 426 233 233
12.000366 428 32 32
12.000366 435 46 46
12.000366 436 182 182
12.000366 453 156 156
12.000366 477 235 235
12.000366 478 17 17
12.000366 533 5 5
12.000366 546 238 238
13.000397 26 307 307
13.000397 35 5 5
13.000397 57 3 3
13.000397 76 425 425
13.000397 93 10 10
13.000397 96 172 172
13.000397 97 106 106
13.000397 113 49 49
13.000397 122 289 289
13.000397 155 273 273
13.000397 161 185 185
13.000397 164 186 186
13.000397 188 158 158
13.000397 205 3 3
13.000397 210 194 194
13.000397 250 401 401
13.000397 261 348 348
13.000397 280 16 16
13.000397 287 200 200
13.000397 289 58 58
13.000397 293 279 279
13.000397 301 204 204
13.000397 307 124 124
13.000397 308 275 275
13.000397 334 152 152
13.000397 353 41 41
13.000397 382 214 214
13.000397 384 84 84
13.000397 405 226 226
13.000397 426 212 212
13.000397 435 7 7
13.000397 436 198 198
13.000397 453 148 148
13.000397 477 197 197
13.000397 546 295 295
14.000427 26 231 231
14.000427 76 555 555
14.000427 96 119 119
14.000427 97 109 109
14.000427 113 17 17
14.000427 122 298 298
14.000427 155 287 287
14.000427 161 170 170
14.000427 164 170 170
14.000427 188 84 84
14.000427 210 154 154
14.000427 250 555 555
14.000427 261 346 346
14.000427 287 165 165
14.000427 289 37 37
14.000427 293 322 322
14.000427 301 235 235
14.000427 307 161 161
14.000427 308 410 410
14.000427 334 122 122
14.000427 353 21 21
14.000427 382 174 174
14.000427 384 79 79
14.000427 405 210 210
14.000427 426 193 193
14.000427 436 165 165
14.000427 453 164 164
14.000427 477 141 141
14.000427 546 304 304
15.000458 26 189 189
15.000458 76 696 696
15.000458 96 81 81
15.000458 97 116 116
15.000458 122 252 252
15.000458 155 295 295
15.000458 161 194 194
15.000458 164 192 192
15.000458 188 70 70
15.000458 210 107 107
15.000458 250 755 755
15.000458 261 256 256
15.000458 287 103 103
15.000458 293 257 257
15.000458 301 247 247
15.000458 307 133 133
15.000458 308 476 476
15.000458 334 158 158
15.000458 382 184 184
15.000458 384 55 55
15.000458 405 255 255
15.000458 426 186 186
15.000458 436 139 139
15.000458 453 186 186
15.000458 477 109 109
15.000458 546 279 279
16.000488 26 187 187
16.000488 76 806 806
16.000488 96 87 87
16.000488 97 102 102
16.000488 122 242 242
16.000488 155 307 307
16.000488 161 193 193
16.000488 164 174 174
16.000488 188 52 52
16.000488 210 28 28
16.000488 250 872 872
16.000488 261 189 189
16.000488 287 66 66
16.000488 293 205 205
16.000488 301 287 287
16.000488 307 86 86
16.000488 308 516 516
16.000488 334 197 197
16.000488 382 141 141
16.000488 384 49 49
16.000488 405 271 271
16.000488 426 177 177
16.000488 436 139 139
16.000488 453 218 218
16.000488 477 93 93
16.000488 546 315 315
17.000519 26 189 189
17.000519 76 891 891
17.000519 96 69 69
17.000519 97 24 24
17.000519 122 244 244
17.000519 155 287 287
17.000519 161 193 193
17.000519 164 151 151
17.000519 188 37 37
17.000519 210 5 5
17.000519 250 940 940
17.000519 261 180 180
17.000519 287 63 63
17.000519 293 158 158
17.000519 301 356 356
17.000519 307 42 42
17.000519 308 532 532
17.000519 334 257 257
17.000519 382 45 45
17.000519 384 55 55
17.000519 405 343 343
17.000519 426 213 213
17.000519 436 115 115
17.000519 453 215 215
17.000519 477 69 69
17.000519 546 316 316
18.000549 26 140 140
18.000549 76 962 962
18.000549 96 24 24
18.000549 122 173 173
18.000549 155 313 313
18.000549 161 181 181
18.000549 164 98 98
18.000549 188 40 40
18.000549 250 1119 1119
18.000549 261 157 157
18.000549 287 42 42
18.000549 293 104 104
18.000549 301 445 445
18.000549 308 548 548
18.000549 334 210 210
18.000549 384 52 52
18.000549 405 445 445
18.000549 426 253 253
18.000549 436 83 83
18.000549 453 190 190
18.000549 477 78 78
18.000549 546 379 379
19.000580 26 101 101
19.000580 76 953 953
19.000580 122 119 119
19.000580 155 321 321
19.000580 161 183 183
19.000580 164 116 116
19.000580 188 35 35
19.000580 250 1184 1184
19.000580 261 152 152
19.000580 287 37 37
19.000580 293 96 96
19.000580 301 431 431
19.000580 308 569 569
19.000580 334 169 169
19.000580 384 49 49
19.000580 405 539 539
19.000580 426 290 290
19.000580 436 63 63
19.000580 453 153 153
19.000580 477 33 33
19.000580 546 378 378
20.000610 26 103 103
20.000610 76 915 915
20.000610 122 113 113
20.000610 155 376 376
20.000610 161 158 158
20.000610 164 124 124
20.000610 188 28 28
20.000610 250 1295 1295
20.000610 261 135 135
20.000610 287 33 33
20.000610 293 62 62
20.000610 301 498 498
20.000610 308 535 535
20.000610 334 132 132
20.000610 384 38 38
20.000610 405 664 664
20.000610 426 349 349
20.000610 436 59 59
20.000610 453 122 122
20.000610 477 6 6
20.000610 546 282 282
21.000641 26 115 115
21.000641 76 778 778
21.000641 122 61 61
21.000641 155 457 457
21.000641 161 77 77
21.000641 164 113 113
21.000641 188 22 22
21.000641 250 1365 1365
21.000641 261 100 100
21.000641 287 22 22
21.000641 293 67 67
21.000641 301 626 626
21.000641 308 529 529
21.000641 334 114 114
21.000641 384 33 33
21.000641 405 825 825
21.000641 426 415 415
21.000641 436 54 54
21.000641 453 71 71
21.000641 546 202 202
22.000671 26 57 57
22.000671 76 656 656
22.000671 122 33 33
22.000671 155 536 536
22.000671 161 41 41
22.000671 164 87 87
22.000671 188 5 5
22.000671 250 1458 1458
22.000671 261 68 68
22.000671 287 23 23
22.000671 293 67 67
22.000671 301 700 700
22.000671 308 492 492
22.000671 334 87 87
22.000671 384 25 25
22.000671 405 1005 1005
22.000671 426 462 462
22.000671 436 57 57
22.000671 453 16 16
22.000671 546 143 143
23.000702 26 30 30
23.000702 76 657 657
23.000702 122 16 16
23.000702 155 538 538
23.000702 161 8 8
23.000702 164 35 35
23.000702 250 1503 1503
23.000702 261 44 44
23.000702 287 15 15
23.000702 293 71 71
23.000702 301 785 785
23.000702 308 450 450
23.000702 334 88 88
23.000702 384 19 19
23.000702 405 1075 1075
23.000702 426 503 503
23.000702 436 43 43
23.000702 546 102 102
24.000732 26 1 1
24.000732 76 673 673
24.000732 122 3 3
24.000732 155 530 530
24.000732 164 38 38
24.000732 250 1469 1469
24.000732 261 42 42
24.000732 293 25 25
24.000732 301 962 962
24.000732 308 333 333
24.000732 334 63 63
24.000732 405 1178 1178
24.000732 426 593 593
24.000732 436 30 30
24.000732 546 103 103
25.000763 76 707 707
25.000763 155 472 472
25.000763 164 43 43
25.000763 250 1479 1479
25.000763 261 18 18
25.000763 301 1030 1030
25.000763 308 229 229
25.000763 334 46 46
25.000763 405 1272 1272
25.000763 426 631 631
25.000763 436 26 26
25.000763 546 90 90
26.000793 76 704 704
26.000793 155 394 394
26.000793 164 37 37
26.000793 250 1457 1457
26.000793 261 6 6
26.000793 301 1109 1109
26.000793 308 157 157
26.000793 334 27 27
26.000793 405 1328 1328
26.000793 426 734 734
26.000793 436 14 14
26.000793 546 73 73
27.000824 76 659 659
27.000824 155 377 377
27.000824 164 11 11
27.000824 250 1436 1436
27.000824 301 1268 1268
27.000824 308 148 148
27.000824 334 2 2
27.000824 405 1321 1321
27.000824 426 743 743
27.000824 546 34 34
28.000854 76 562 562
28.000854 155 377 377
28.000854 250 1473 1473
28.000854 301 1411 1411
28.000854 308 175 175
28.000854 405 1205 1205
28.000854 426 758 758
28.000854 546 32 32
29.000885 76 454 454
29.000885 155 328 328
29.000885 250 1519 1519
29.000885 301 1498 1498
29.000885 308 176 176
29.000885 405 1124 1124
29.000885 426 893 893
29.000885 546 32 32
30.000916 76 362 362
30.000916 155 299 299
30.000916 250 1495 1495
30.000916 301 1595 1595
30.000916 308 164 164
30.000916 405 999 999
30.000916 426 1057 1057
30.000916 546 13 13
31.000946 76 275 275
31.000946 155 305 305
31.000946 250 1480 1480
31.000946 301 1575 1575
31.000946 308 77 77
31.000946 405 1042 1042
31.000946 426 1213 1213
32.000977 76 171 171
32.000977 155 326 326
32.000977 250 1475 1475
32.000977 301 1573 1573
32.000977 308 34 34
32.000977 405 1099 1099
32.000977 426 1345 1345
33.001007 76 103 103
33.001007 155 259 259
33.001007 250 1434 1434
33.001007 301 1648 1648
33.001007 308 21 21
33.001007 405 1181 1181
33.001007 426 1360 1360
34.001038 76 69 69
34.001038 155 205 205
34.001038 250 1368 1368
34.001038 301 1756 1756
34.001038 405 1226 1226
34.001038 426 1387 1387
35.001068 76 26 26
35.001068 155 211 211
35.001068 250 1360 1360
35.001068 301 1720 1720
35.001068 405 1292 1292
35.001068 426 1382 1382
36.001099 155 223 223
36.001099 250 1338 1338
36.001099 301 1800 1800
36.001099 405 1250 1250
36.001099 426 1387 1387
37.001129 155 259 259
37.001129 250 1315 1315
37.001129 301 1907 1907
37.001129 405 1180 1180
37.001129 426 1371 1371
38.001160 155 247 247
38.001160 250 1277 1277
38.001160 301 1875 1875
38.001160 405 1235 1235
38.001160 426 1370 1370
39.001190 155 280 280
39.001190 250 1255 1255
39.001190 301 1830 1830
39.001190 405 1335 1335
39.001190 426 1301 1301
40.001221 155 431 431
40.001221 250 1293 1293
40.001221 301 1748 1748
40.001221 405 1461 1461
40.001221 426 1130 1130
41.001251 155 587 587
41.001251 250 1301 1301
41.001251 301 1561 1561
41.001251 405 1619 1619
41.001251 426 944 944
42.001282 155 561 561
42.001282 250 1230 1230
42.001282 301 1594 1594
42.001282 405 1772 1772
42.001282 426 771 771
43.001312 155 584 584
43.001312 250 1233 1233
43.001312 301 1671 1671
43.001312 405 1766 1766
43.001312 426 752 752
44.001343 155 561 561
44.001343 250 1226 1226
44.001343 301 1770 1770
44.001343 405 1726 1726
44.001343 426 740 740
45.001373 155 552 552
45.001373 250 1184 1184
45.001373 301 1852 1852
45.001373 405 1616 1616
45.001373 426 719 719
46.001404 155 504 504
46.001404 250 1176 1176
46.001404 301 1971 1971
46.001404 405 1661 1661
46.001404 426 706 706
47.001434 155 497 497
47.001434 250 1141 1141
47.001434 301 2030 2030
47.001434 405 1728 1728
47.001434 426 645 645
48.001465 155 412 412
48.001465 250 1153 1153
48.001465 301 1986 1986
48.001465 405 1821 1821
48.001465 426 610 610
49.001495 155 402 402
49.001495 250 1185 1185
49.001495 301 1989 1989
49.001495 405 1790 1790
49.001495 426 656 656
50.001526 155 328 328
50.001526 250 1238 1238
50.001526 301 2013 2013
50.001526 405 1850 1850
50.001526 426 607 607
51.001556 155 358 358
51.001556 250 1245 1245
51.001556 301 1958 1958
51.001556 405 1819 1819
51.001556 426 590 590
52.001587 155 403 403
52.001587 250 1205 1205
52.001587 301 1968 1968
52.001587 405 1886 1886
52.001587 426 587 587
53.001617 155 405 405
53.001617 250 1243 1243
53.001617 301 1915 1915
53.001617 405 1824 1824
53.001617 426 604 604
54.001648 155 469 469
54.001648 250 1306 1306
54.001648 301 1827 1827
54.001648 405 1860 1860
54.001648 426 570 570
55.001678 155 552 552
55.001678 250 1310 1310
55.001678 301 1803 1803
55.001678 405 1838 1838
55.001678 426 529 529
56.001709 155 706 706
56.001709 250 1263 1263
56.001709 301 1730 1730
56.001709 405 1828 1828
56.001709 426 488 488
57.001740 155 803 803
57.001740 250 1258 1258
57.001740 301 1674 1674
57.001740 405 1773 1773
57.001740 426 489 489
58.001770 155 860 860
58.001770 250 1221 1221
58.001770 301 1597 1597
58.001770 405 1788 1788
58.001770 426 503 503
59.001801 155 818 818
59.001801 250 1232 1232
59.001801 301 1622 1622
59.001801 405 1823 1823
59.001801 426 524 524
60.001831 155 719 719
60.001831 250 1166 1166
60.001831 301 1690 1690
60.001831 405 1876 1876
60.001831 426 531 531
61.001862 155 633 633
61.001862 250 1038 1038
61.001862 301 1784 1784
61.001862 405 2001 2001
61.001862 426 500 500
62.001892 155 485 485
62.001892 250 983 983
62.001892 301 1875 1875
62.001892 405 2193 2193
62.001892 426 449 449
63.001923 155 298 298
63.001923 250 983 983
63.001923 301 1939 1939
63.001923 405 2353 2353
63.001923 426 426 426
64.001953 155 265 265
64.001953 250 1001 1001
64.001953 301 1906 1906
64.001953 405 2422 2422
64.001953 426 405 405
65.001984 155 221 221
65.001984 250 978 978
65.001984 301 1934 1934
65.001984 405 2432 2432
65.001984 426 363 363
66.002014 155 233 233
66.002014 250 942 942
66.002014 301 1992 1992
66.002014 405 2428 2428
66.002014 426 384 384
67.002045 155 255 255
67.002045 250 928 928
67.002045 301 2038 2038
67.002045 405 2281 2281
67.002045 426 482 482
68.002075 155 262 262
68.002075 250 975 975
68.002075 301 2031 2031
68.002075 405 2177 2177
68.002075 426 551 551
69.002106 155 178 178
69.002106 250 946 946
69.002106 301 2059 2059
69.002106 405 2223 2223
69.002106 426 576 576
70.002136 155 200 200
70.002136 250 914 914
70.002136 301 2071 2071
70.002136 405 2312 2312
70.002136 426 514 514
71.002167 155 207 207
71.002167 250 873 873
71.002167 301 2007 2007
71.002167 405 2380 2380
71.002167 426 518 518
