0.000000 0 1 1
0.000000 1 1 1
0.000000 2 1 1
0.000000 3 1 1
0.000000 4 1 1
0.000000 5 1 1
0.000000 6 1 1
0.000000 7 1 1
0.000000 8 1 1
0.000000 9 1 1
0.000000 10 1 1
0.000000 11 1 1
0.000000 12 1 1
0.000000 14 1 1
0.000000 15 1 1
0.000000 16 1 1
0.000000 17 1 1
0.000000 18 1 1
0.000000 19 1 1
0.000000 20 1 1
0.000000 21 1 1
0.000000 22 1 1
0.000000 23 1 1
0.000000 25 1 1
0.000000 26 1 1
0.000000 27 1 1
0.000000 28 1 1
0.000000 29 1 1
0.000000 30 1 1
0.000000 31 1 1
0.000000 32 1 1
0.000000 33 1 1
0.000000 34 1 1
0.000000 35 1 1
0.000000 36 1 1
0.000000 38 1 1
0.000000 39 1 1
0.000000 40 1 1
0.000000 41 1 1
0.000000 42 1 1
0.000000 43 1 1
0.000000 44 1 1
0.000000 45 1 1
0.000000 46 1 1
0.000000 47 1 1
0.000000 48 1 1
0.000000 49 1 1
0.000000 50 1 1
0.000000 51 1 1
0.000000 52 1 1
0.000000 53 1 1
0.000000 54 1 1
0.000000 55 1 1
0.000000 57 1 1
0.000000 58 1 1
0.000000 59 1 1
0.000000 61 1 1
0.000000 62 1 1
0.000000 63 1 1
0.000000 64 1 1
0.000000 65 1 1
0.000000 66 1 1
0.000000 67 1 1
0.000000 68 1 1
0.000000 69 1 1
0.000000 70 1 1
0.000000 71 1 1
0.000000 72 1 1
0.000000 73 1 1
0.000000 74 1 1
0.000000 75 1 1
0.000000 76 1 1
0.000000 77 1 1
0.000000 78 1 1
0.000000 79 1 1
0.000000 80 1 1
0.000000 81 1 1
0.000000 82 1 1
0.000000 83 1 1
0.000000 84 1 1
0.000000 85 1 1
0.000000 86 1 1
0.000000 87 1 1
0.000000 88 1 1
0.000000 89 1 1
0.000000 90 1 1
0.000000 91 1 1
0.000000 92 1 1
0.000000 93 1 1
0.000000 94 1 1
0.000000 95 1 1
0.000000 96 1 1
0.000000 97 1 1
0.000000 98 1 1
0.000000 99 1 1
0.000000 100 1 1
0.000000 102 1 1
0.000000 104 1 1
0.000000 105 1 1
0.000000 106 1 1
0.000000 107 1 1
0.000000 108 1 1
0.000000 110 1 1
0.000000 111 1 1
0.000000 113 1 1
0.000000 114 1 1
0.000000 115 1 1
0.000000 117 1 1
0.000000 118 1 1
0.000000 119 1 1
0.000000 120 1 1
0.000000 121 1 1
0.000000 122 1 1
0.000000 123 1 1
0.000000 124 1 1
0.000000 125 1 1
0.000000 126 1 1
0.000000 127 1 1
0.000000 129 1 1
0.000000 130 1 1
0.000000 131 1 1
0.000000 132 1 1
0.000000 133 1 1
0.000000 134 1 1
0.000000 135 1 1
0.000000 136 1 1
0.000000 137 1 1
0.000000 138 1 1
0.000000 139 1 1
0.000000 141 1 1
0.000000 142 1 1
0.000000 143 1 1
0.000000 144 1 1
0.000000 145 1 1
0.000000 146 1 1
0.000000 147 1 1
0.000000 148 1 1
0.000000 149 1 1
0.000000 150 1 1
0.000000 152 1 1
0.000000 154 1 1
0.000000 155 1 1
0.000000 156 1 1
0.000000 157 1 1
0.000000 158 1 1
0.000000 159 1 1
0.000000 160 1 1
0.000000 161 1 1
0.000000 162 1 1
0.000000 163 1 1
0.000000 164 1 1
0.000000 165 1 1
0.000000 166 1 1
0.000000 167 1 1
0.000000 168 1 1
0.000000 169 1 1
0.000000 170 1 1
0.000000 171 1 1
0.000000 172 1 1
0.000000 173 1 1
0.000000 174 1 1
0.000000 175 1 1
0.000000 177 1 1
0.000000 178 1 1
0.000000 179 1 1
0.000000 180 1 1
0.000000 182 1 1
0.000000 183 1 1
0.000000 184 1 1
0.000000 185 1 1
0.000000 186 1 1
0.000000 187 1 1
0.000000 188 1 1
0.000000 189 1 1
0.000000 190 1 1
0.000000 191 1 1
0.000000 192 1 1
0.000000 193 1 1
0.000000 194 1 1
0.000000 195 1 1
0.000000 196 1 1
0.000000 197 1 1
0.000000 198 1 1
0.000000 199 1 1
0.000000 201 1 1
0.000000 202 1 1
0.000000 203 1 1
0.000000 204 1 1
0.000000 205 1 1
0.000000 206 1 1
0.000000 207 1 1
0.000000 208 1 1
0.000000 209 1 1
0.000000 210 1 1
0.000000 211 1 1
0.000000 212 1 1
0.000000 213 1 1
0.000000 214 1 1
0.000000 215 1 1
0.000000 216 1 1
0.000000 217 1 1
0.000000 218 1 1
0.000000 219 1 1
0.000000 220 1 1
0.000000 221 1 1
0.000000 222 1 1
0.000000 223 1 1
0.000000 224 1 1
0.000000 226 1 1
0.000000 227 1 1
0.000000 228 1 1
0.000000 229 1 1
0.000000 230 1 1
0.000000 231 1 1
0.000000 232 1 1
0.000000 233 1 1
0.000000 234 1 1
0.000000 235 1 1
0.000000 236 1 1
0.000000 237 1 1
0.000000 238 1 1
0.000000 239 1 1
0.000000 240 1 1
0.000000 241 1 1
0.000000 242 1 1
0.000000 243 1 1
0.000000 244 1 1
0.000000 248 1 1
0.000000 249 1 1
0.000000 250 1 1
0.000000 252 1 1
0.000000 253 1 1
0.000000 254 1 1
0.000000 255 1 1
0.000000 256 1 1
0.000000 257 1 1
0.000000 258 1 1
0.000000 259 1 1
0.000000 260 1 1
0.000000 262 1 1
0.000000 263 1 1
0.000000 264 1 1
0.000000 266 1 1
0.000000 267 1 1
0.000000 268 1 1
0.000000 269 1 1
0.000000 270 1 1
0.000000 271 1 1
0.000000 272 1 1
0.000000 273 1 1
0.000000 274 1 1
0.000000 275 1 1
0.000000 276 1 1
0.000000 277 1 1
0.000000 278 1 1
0.000000 279 1 1
0.000000 280 1 1
0.000000 281 1 1
0.000000 282 1 1
0.000000 283 1 1
0.000000 284 1 1
0.000000 285 1 1
0.000000 286 1 1
0.000000 287 1 1
0.000000 288 1 1
0.000000 289 1 1
0.000000 290 1 1
0.000000 291 1 1
0.000000 292 1 1
0.000000 293 1 1
0.000000 294 1 1
0.000000 295 1 1
0.000000 296 1 1
0.000000 297 1 1
0.000000 299 1 1
0.000000 300 1 1
0.000000 301 1 1
0.000000 302 1 1
0.000000 303 1 1
0.000000 304 1 1
0.000000 305 1 1
0.000000 306 1 1
0.000000 307 1 1
0.000000 308 1 1
0.000000 309 1 1
0.000000 310 1 1
0.000000 311 1 1
0.000000 312 1 1
0.000000 313 1 1
0.000000 314 1 1
0.000000 315 1 1
0.000000 316 1 1
0.000000 317 1 1
0.000000 318 1 1
0.000000 319 1 1
0.000000 320 1 1
0.000000 321 1 1
0.000000 322 1 1
0.000000 323 1 1
0.000000 324 1 1
0.000000 325 1 1
0.000000 326 1 1
0.000000 328 1 1
0.000000 329 1 1
0.000000 330 1 1
0.000000 331 1 1
0.000000 332 1 1
0.000000 333 1 1
0.000000 335 1 1
0.000000 336 1 1
0.000000 337 1 1
0.000000 338 1 1
0.000000 339 1 1
0.000000 340 1 1
0.000000 341 1 1
0.000000 342 1 1
0.000000 344 1 1
0.000000 345 1 1
0.000000 346 1 1
0.000000 347 1 1
0.000000 348 1 1
0.000000 349 1 1
0.000000 350 1 1
0.000000 351 1 1
0.000000 352 1 1
0.000000 353 1 1
0.000000 354 1 1
0.000000 355 1 1
0.000000 356 1 1
0.000000 357 1 1
0.000000 358 1 1
0.000000 359 1 1
0.000000 360 1 1
0.000000 361 1 1
0.000000 362 1 1
0.000000 363 1 1
0.000000 364 1 1
0.000000 365 1 1
0.000000 366 1 1
0.000000 367 1 1
0.000000 369 1 1
0.000000 370 1 1
0.000000 371 1 1
0.000000 372 1 1
0.000000 373 1 1
0.000000 374 1 1
0.000000 375 1 1
0.000000 376 1 1
0.000000 378 1 1
0.000000 379 1 1
0.000000 380 1 1
0.000000 381 1 1
0.000000 382 1 1
0.000000 383 1 1
0.000000 384 1 1
0.000000 387 1 1
0.000000 388 1 1
0.000000 389 1 1
0.000000 390 1 1
0.000000 391 1 1
0.000000 392 1 1
0.000000 393 1 1
0.000000 394 1 1
0.000000 395 1 1
0.000000 396 1 1
0.000000 397 1 1
0.000000 398 1 1
0.000000 399 1 1
0.000000 400 1 1
0.000000 401 1 1
0.000000 402 1 1
0.000000 403 1 1
0.000000 404 1 1
0.000000 405 1 1
0.000000 406 1 1
0.000000 407 1 1
0.000000 408 1 1
0.000000 409 1 1
0.000000 410 1 1
0.000000 411 1 1
0.000000 412 1 1
0.000000 413 1 1
0.000000 415 1 1
0.000000 416 1 1
0.000000 417 1 1
0.000000 418 1 1
0.000000 419 1 1
0.000000 420 1 1
0.000000 421 1 1
0.000000 422 1 1
0.000000 423 1 1
0.000000 424 1 1
0.000000 425 1 1
0.000000 426 1 1
0.000000 427 1 1
0.000000 428 1 1
0.000000 429 1 1
0.000000 430 1 1
0.000000 431 1 1
0.000000 433 1 1
0.000000 434 1 1
0.000000 435 1 1
0.000000 436 1 1
0.000000 437 1 1
0.000000 440 1 1
0.000000 441 1 1
0.000000 442 1 1
0.000000 443 1 1
0.000000 444 1 1
0.000000 445 1 1
0.000000 446 1 1
0.000000 447 1 1
0.000000 448 1 1
0.000000 449 1 1
0.000000 450 1 1
0.000000 451 1 1
0.000000 452 1 1
0.000000 453 1 1
0.000000 454 1 1
0.000000 455 1 1
0.000000 456 1 1
0.000000 457 1 1
0.000000 458 1 1
0.000000 459 1 1
0.000000 460 1 1
0.000000 461 1 1
0.000000 462 1 1
0.000000 463 1 1
0.000000 464 1 1
0.000000 465 1 1
0.000000 466 1 1
0.000000 467 1 1
0.000000 468 1 1
0.000000 469 1 1
0.000000 470 1 1
0.000000 471 1 1
0.000000 472 1 1
0.000000 473 1 1
0.000000 474 1 1
0.000000 475 1 1
0.000000 476 1 1
0.000000 477 1 1
0.000000 478 1 1
0.000000 479 1 1
0.000000 480 1 1
0.000000 481 1 1
0.000000 482 1 1
0.000000 483 1 1
0.000000 484 1 1
0.000000 485 1 1
0.000000 486 1 1
0.000000 487 1 1
0.000000 488 1 1
0.000000 489 1 1
0.000000 490 1 1
0.000000 491 1 1
0.000000 492 1 1
0.000000 493 1 1
0.000000 494 1 1
0.000000 495 1 1
0.000000 496 1 1
0.000000 497 1 1
0.000000 498 1 1
0.000000 499 1 1
0.000000 500 1 1
0.000000 501 1 1
0.000000 502 1 1
0.000000 503 1 1
0.000000 504 1 1
0.000000 505 1 1
0.000000 506 1 1
0.000000 507 1 1
0.000000 508 1 1
0.000000 509 1 1
0.000000 510 1 1
0.000000 511 1 1
0.000000 513 1 1
0.000000 514 1 1
0.000000 515 1 1
0.000000 516 1 1
0.000000 517 1 1
0.000000 518 1 1
0.000000 519 1 1
0.000000 520 1 1
0.000000 521 1 1
0.000000 523 1 1
0.000000 524 1 1
0.000000 525 1 1
0.000000 526 1 1
0.000000 527 1 1
0.000000 528 1 1
0.000000 529 1 1
0.000000 530 1 1
0.000000 531 1 1
0.000000 532 1 1
0.000000 533 1 1
0.000000 534 1 1
0.000000 535 1 1
0.000000 536 1 1
0.000000 537 1 1
0.000000 538 1 1
0.000000 539 1 1
0.000000 540 1 1
0.000000 541 1 1
0.000000 542 1 1
0.000000 543 1 1
0.000000 544 1 1
0.000000 545 1 1
0.000000 546 1 1
0.000000 547 1 1
0.000000 548 1 1
0.000000 549 1 1
1.000031 0 2 2
1.000031 1 2 2
1.000031 2 2 2
1.000031 3 1 1
1.000031 4 1 1
1.000031 5 2 2
1.000031 6 1 1
1.000031 7 2 2
1.000031 8 1 1
1.000031 9 2 2
1.000031 10 2 2
1.000031 11 1 1
1.000031 12 1 1
1.000031 14 1 1
1.000031 15 1 1
1.000031 16 1 1
1.000031 17 1 1
1.000031 18 1 1
1.000031 19 1 1
1.000031 20 2 2
1.000031 21 2 2
1.000031 22 1 1
1.000031 23 2 2
1.000031 25 1 1
1.000031 26 2 2
1.000031 27 2 2
1.000031 28 1 1
1.000031 29 2 2
1.000031 30 2 2
1.000031 31 2 2
1.000031 32 1 1
1.000031 33 2 2
1.000031 34 2 2
1.000031 35 2 2
1.000031 36 1 1
1.000031 38 1 1
1.000031 39 1 1
1.000031 40 2 2
1.000031 41 1 1
1.000031 42 1 1
1.000031 43 2 2
1.000031 44 2 2
1.000031 45 2 2
1.000031 46 1 1
1.000031 47 2 2
1.000031 48 1 1
1.000031 49 2 2
1.000031 50 1 1
1.000031 51 2 2
1.000031 52 1 1
1.000031 53 2 2
1.000031 54 2 2
1.000031 55 2 2
1.000031 57 2 2
1.000031 58 2 2
1.000031 59 1 1
1.000031 61 2 2
1.000031 62 1 1
1.000031 63 1 1
1.000031 64 1 1
1.000031 65 1 1
1.000031 66 2 2
1.000031 67 1 1
1.000031 68 1 1
1.000031 69 1 1
1.000031 70 2 2
1.000031 71 1 1
1.000031 72 2 2
1.000031 73 2 2
1.000031 74 1 1
1.000031 75 1 1
1.000031 76 1 1
1.000031 77 1 1
1.000031 78 1 1
1.000031 79 2 2
1.000031 80 1 1
1.000031 81 2 2
1.000031 82 1 1
1.000031 83 2 2
1.000031 84 1 1
1.000031 85 1 1
1.000031 86 2 2
1.000031 87 1 1
1.000031 88 1 1
1.000031 89 2 2
1.000031 90 2 2
1.000031 91 1 1
1.000031 92 2 2
1.000031 93 2 2
1.000031 94 2 2
1.000031 95 1 1
1.000031 96 1 1
1.000031 97 2 2
1.000031 98 2 2
1.000031 99 1 1
1.000031 100 1 1
1.000031 102 2 2
1.000031 104 2 2
1.000031 105 2 2
1.000031 106 2 2
1.000031 107 2 2
1.000031 108 2 2
1.000031 110 2 2
1.000031 111 1 1
1.000031 113 2 2
1.000031 114 2 2
1.000031 115 2 2
1.000031 117 1 1
1.000031 118 1 1
1.000031 119 2 2
1.000031 120 1 1
1.000031 121 2 2
1.000031 122 2 2
1.000031 123 2 2
1.000031 124 2 2
1.000031 125 1 1
1.000031 126 1 1
1.000031 127 2 2
1.000031 129 2 2
1.000031 130 1 1
1.000031 131 1 1
1.000031 132 1 1
1.000031 133 1 1
1.000031 134 1 1
1.000031 135 2 2
1.000031 136 1 1
1.000031 137 2 2
1.000031 138 1 1
1.000031 139 2 2
1.000031 141 1 1
1.000031 142 1 1
1.000031 143 1 1
1.000031 144 1 1
1.000031 145 2 2
1.000031 146 1 1
1.000031 147 1 1
1.000031 148 2 2
1.000031 149 2 2
1.000031 150 2 2
1.000031 152 2 2
1.000031 154 2 2
1.000031 155 2 2
1.000031 156 1 1
1.000031 157 1 1
1.000031 158 2 2
1.000031 159 1 1
1.000031 160 2 2
1.000031 161 2 2
1.000031 162 1 1
1.000031 163 2 2
1.000031 164 1 1
1.000031 165 1 1
1.000031 166 2 2
1.000031 167 1 1
1.000031 168 1 1
1.000031 169 1 1
1.000031 170 2 2
1.000031 171 1 1
1.000031 172 1 1
1.000031 173 1 1
1.000031 174 2 2
1.000031 175 1 1
1.000031 177 1 1
1.000031 178 2 2
1.000031 179 1 1
1.000031 180 2 2
1.000031 182 2 2
1.000031 183 2 2
1.000031 184 2 2
1.000031 185 1 1
1.000031 186 2 2
1.000031 187 2 2
1.000031 188 2 2
1.000031 189 2 2
1.000031 190 2 2
1.000031 191 1 1
1.000031 192 1 1
1.000031 193 1 1
1.000031 194 1 1
1.000031 195 2 2
1.000031 196 2 2
1.000031 197 2 2
1.000031 198 2 2
1.000031 199 1 1
1.000031 201 2 2
1.000031 202 2 2
1.000031 203 2 2
1.000031 204 1 1
1.000031 205 2 2
1.000031 206 2 2
1.000031 207 2 2
1.000031 208 1 1
1.000031 209 1 1
1.000031 210 1 1
1.000031 211 1 1
1.000031 212 2 2
1.000031 213 1 1
1.000031 214 2 2
1.000031 215 1 1
1.000031 216 2 2
1.000031 217 1 1
1.000031 218 1 1
1.000031 219 1 1
1.000031 220 2 2
1.000031 221 2 2
1.000031 222 1 1
1.000031 223 1 1
1.000031 224 2 2
1.000031 226 1 1
1.000031 227 2 2
1.000031 228 1 1
1.000031 229 1 1
1.000031 230 2 2
1.000031 231 1 1
1.000031 232 1 1
1.000031 233 1 1
1.000031 234 1 1
1.000031 235 2 2
1.000031 236 2 2
1.000031 237 1 1
1.000031 238 1 1
1.000031 239 1 1
1.000031 240 1 1
1.000031 241 1 1
1.000031 242 1 1
1.000031 243 1 1
1.000031 244 2 2
1.000031 248 1 1
1.000031 249 2 2
1.000031 250 2 2
1.000031 252 2 2
1.000031 253 1 1
1.000031 254 2 2
1.000031 255 1 1
1.000031 256 1 1
1.000031 257 2 2
1.000031 258 1 1
1.000031 259 2 2
1.000031 260 2 2
1.000031 262 2 2
1.000031 263 1 1
1.000031 264 1 1
1.000031 266 1 1
1.000031 267 2 2
1.000031 268 2 2
1.000031 269 2 2
1.000031 270 1 1
1.000031 271 1 1
1.000031 272 1 1
1.000031 273 2 2
1.000031 274 2 2
1.000031 275 2 2
1.000031 276 1 1
1.000031 277 1 1
1.000031 278 1 1
1.000031 279 2 2
1.000031 280 2 2
1.000031 281 1 1
1.000031 282 1 1
1.000031 283 2 2
1.000031 284 1 1
1.000031 285 2 2
1.000031 286 1 1
1.000031 287 1 1
1.000031 288 2 2
1.000031 289 1 1
1.000031 290 1 1
1.000031 291 2 2
1.000031 292 1 1
1.000031 293 2 2
1.000031 294 2 2
1.000031 295 2 2
1.000031 296 1 1
1.000031 297 1 1
1.000031 299 2 2
1.000031 300 2 2
1.000031 301 1 1
1.000031 302 1 1
1.000031 303 1 1
1.000031 304 2 2
1.000031 305 2 2
1.000031 306 2 2
1.000031 307 2 2
1.000031 308 1 1
1.000031 309 2 2
1.000031 310 2 2
1.000031 311 1 1
1.000031 312 2 2
1.000031 313 1 1
1.000031 314 2 2
1.000031 315 1 1
1.000031 316 2 2
1.000031 317 1 1
1.000031 318 2 2
1.000031 319 2 2
1.000031 320 2 2
1.000031 321 1 1
1.000031 322 1 1
1.000031 323 2 2
1.000031 324 2 2
1.000031 325 2 2
1.000031 326 2 2
1.000031 328 2 2
1.000031 329 2 2
1.000031 330 1 1
1.000031 331 1 1
1.000031 332 2 2
1.000031 333 2 2
1.000031 335 1 1
1.000031 336 1 1
1.000031 337 1 1
1.000031 338 1 1
1.000031 339 2 2
1.000031 340 1 1
1.000031 341 2 2
1.000031 342 1 1
1.000031 344 1 1
1.000031 345 1 1
1.000031 346 2 2
1.000031 347 1 1
1.000031 348 2 2
1.000031 349 2 2
1.000031 350 2 2
1.000031 351 1 1
1.000031 352 2 2
1.000031 353 2 2
1.000031 354 2 2
1.000031 355 1 1
1.000031 356 1 1
1.000031 357 2 2
1.000031 358 2 2
1.000031 359 1 1
1.000031 360 2 2
1.000031 361 2 2
1.000031 362 2 2
1.000031 363 2 2
1.000031 364 2 2
1.000031 365 2 2
1.000031 366 1 1
1.000031 367 2 2
1.000031 369 1 1
1.000031 370 2 2
1.000031 371 2 2
1.000031 372 1 1
1.000031 373 2 2
1.000031 374 1 1
1.000031 375 1 1
1.000031 376 2 2
1.000031 378 2 2
1.000031 379 2 2
1.000031 380 2 2
1.000031 381 2 2
1.000031 382 1 1
1.000031 383 1 1
1.000031 384 1 1
1.000031 387 1 1
1.000031 388 1 1
1.000031 389 1 1
1.000031 390 2 2
1.000031 391 1 1
1.000031 392 2 2
1.000031 393 1 1
1.000031 394 1 1
1.000031 395 1 1
1.000031 396 1 1
1.000031 397 2 2
1.000031 398 2 2
1.000031 399 2 2
1.000031 400 1 1
1.000031 401 1 1
1.000031 402 1 1
1.000031 403 1 1
1.000031 404 2 2
1.000031 405 1 1
1.000031 406 1 1
1.000031 407 1 1
1.000031 408 2 2
1.000031 409 1 1
1.000031 410 1 1
1.000031 411 1 1
1.000031 412 1 1
1.000031 413 2 2
1.000031 415 2 2
1.000031 416 1 1
1.000031 417 1 1
1.000031 418 2 2
1.000031 419 1 1
1.000031 420 2 2
1.000031 421 2 2
1.000031 422 2 2
1.000031 423 1 1
1.000031 424 1 1
1.000031 425 1 1
1.000031 426 2 2
1.000031 427 2 2
1.000031 428 2 2
1.000031 429 1 1
1.000031 430 1 1
1.000031 431 1 1
1.000031 433 2 2
1.000031 434 2 2
1.000031 435 2 2
1.000031 436 2 2
1.000031 437 2 2
1.000031 440 2 2
1.000031 441 1 1
1.000031 442 1 1
1.000031 443 2 2
1.000031 444 1 1
1.000031 445 2 2
1.000031 446 2 2
1.000031 447 1 1
1.000031 448 2 2
1.000031 449 2 2
1.000031 450 1 1
1.000031 451 2 2
1.000031 452 2 2
1.000031 453 2 2
1.000031 454 1 1
1.000031 455 2 2
1.000031 456 2 2
1.000031 457 2 2
1.000031 458 2 2
1.000031 459 1 1
1.000031 460 1 1
1.000031 461 2 2
1.000031 462 2 2
1.000031 463 2 2
1.000031 464 2 2
1.000031 465 1 1
1.000031 466 2 2
1.000031 467 2 2
1.000031 468 2 2
1.000031 469 2 2
1.000031 470 1 1
1.000031 471 2 2
1.000031 472 1 1
1.000031 473 1 1
1.000031 474 1 1
1.000031 475 2 2
1.000031 476 1 1
1.000031 477 2 2
1.000031 478 2 2
1.000031 479 2 2
1.000031 480 1 1
1.000031 481 1 1
1.000031 482 2 2
1.000031 483 2 2
1.000031 484 2 2
1.000031 485 1 1
1.000031 486 2 2
1.000031 487 2 2
1.000031 488 1 1
1.000031 489 2 2
1.000031 490 2 2
1.000031 491 2 2
1.000031 492 1 1
1.000031 493 1 1
1.000031 494 2 2
1.000031 495 2 2
1.000031 496 2 2
1.000031 497 1 1
1.000031 498 2 2
1.000031 499 2 2
1.000031 500 1 1
1.000031 501 2 2
1.000031 502 1 1
1.000031 503 1 1
1.000031 504 1 1
1.000031 505 2 2
1.000031 506 2 2
1.000031 507 1 1
1.000031 508 1 1
1.000031 509 1 1
1.000031 510 2 2
1.000031 511 2 2
1.000031 513 1 1
1.000031 514 2 2
1.000031 515 1 1
1.000031 516 2 2
1.000031 517 2 2
1.000031 518 1 1
1.000031 519 2 2
1.000031 520 1 1
1.000031 521 1 1
1.000031 523 2 2
1.000031 524 2 2
1.000031 525 1 1
1.000031 526 1 1
1.000031 527 2 2
1.000031 528 1 1
1.000031 529 2 2
1.000031 530 1 1
1.000031 531 1 1
1.000031 532 1 1
1.000031 533 1 1
1.000031 534 1 1
1.000031 535 2 2
1.000031 536 2 2
1.000031 537 1 1
1.000031 538 1 1
1.000031 539 1 1
1.000031 540 2 2
1.000031 541 2 2
1.000031 542 2 2
1.000031 543 1 1
1.000031 544 1 1
1.000031 545 2 2
1.000031 546 2 2
1.000031 547 1 1
1.000031 548 2 2
1.000031 549 2 2
2.000061 0 3 3
2.000061 1 2 2
2.000061 2 2 2
2.000061 3 2 2
2.000061 4 2 2
2.000061 5 2 2
2.000061 6 2 2
2.000061 7 2 2
2.000061 8 3 3
2.000061 9 2 2
2.000061 10 2 2
2.000061 11 2 2
2.000061 12 2 2
2.000061 14 2 2
2.000061 15 2 2
2.000061 16 1 1
2.000061 17 3 3
2.000061 18 2 2
2.000061 19 2 2
2.000061 20 2 2
2.000061 21 2 2
2.000061 22 2 2
2.000061 23 2 2
2.000061 25 2 2
2.000061 26 2 2
2.000061 27 3 3
2.000061 28 2 2
2.000061 29 3 3
2.000061 30 3 3
2.000061 31 2 2
2.000061 32 2 2
2.000061 33 2 2
2.000061 34 2 2
2.000061 35 2 2
2.000061 36 2 2
2.000061 38 3 3
2.000061 39 2 2
2.000061 40 2 2
2.000061 41 2 2
2.000061 42 2 2
2.000061 43 3 3
2.000061 44 2 2
2.000061 45 2 2
2.000061 46 2 2
2.000061 47 2 2
2.000061 48 2 2
2.000061 49 3 3
2.000061 50 2 2
2.000061 51 2 2
2.000061 52 2 2
2.000061 53 2 2
2.000061 54 2 2
2.000061 55 2 2
2.000061 57 2 2
2.000061 58 3 3
2.000061 59 2 2
2.000061 61 2 2
2.000061 62 2 2
2.000061 63 2 2
2.000061 64 2 2
2.000061 65 2 2
2.000061 66 2 2
2.000061 67 2 2
2.000061 68 2 2
2.000061 69 2 2
2.000061 70 2 2
2.000061 71 2 2
2.000061 72 2 2
2.000061 73 2 2
2.000061 74 2 2
2.000061 75 2 2
2.000061 76 2 2
2.000061 77 2 2
2.000061 78 2 2
2.000061 79 3 3
2.000061 80 2 2
2.000061 81 2 2
2.000061 82 2 2
2.000061 83 2 2
2.000061 84 2 2
2.000061 85 2 2
2.000061 86 2 2
2.000061 87 2 2
2.000061 88 2 2
2.000061 89 3 3
2.000061 90 2 2
2.000061 91 2 2
2.000061 92 2 2
2.000061 93 3 3
2.000061 94 2 2
2.000061 95 2 2
2.000061 96 2 2
2.000061 97 2 2
2.000061 98 3 3
2.000061 99 2 2
2.000061 100 2 2
2.000061 102 2 2
2.000061 104 2 2
2.000061 105 2 2
2.000061 106 2 2
2.000061 107 2 2
2.000061 108 2 2
2.000061 110 2 2
2.000061 111 2 2
2.000061 113 3 3
2.000061 114 2 2
2.000061 115 2 2
2.000061 117 2 2
2.000061 118 2 2
2.000061 119 2 2
2.000061 120 3 3
2.000061 121 2 2
2.000061 122 2 2
2.000061 123 2 2
2.000061 124 2 2
2.000061 125 2 2
2.000061 126 2 2
2.000061 127 2 2
2.000061 129 2 2
2.000061 130 2 2
2.000061 131 2 2
2.000061 132 2 2
2.000061 133 2 2
2.000061 134 2 2
2.000061 135 3 3
2.000061 136 2 2
2.000061 137 3 3
2.000061 138 2 2
2.000061 139 2 2
2.000061 141 2 2
2.000061 142 2 2
2.000061 143 3 3
2.000061 144 2 2
2.000061 145 2 2
2.000061 146 2 2
2.000061 147 2 2
2.000061 148 3 3
2.000061 149 2 2
2.000061 150 2 2
2.000061 152 2 2
2.000061 154 2 2
2.000061 155 3 3
2.000061 156 2 2
2.000061 157 2 2
2.000061 158 2 2
2.000061 159 2 2
2.000061 160 2 2
2.000061 161 2 2
2.000061 162 2 2
2.000061 163 2 2
2.000061 164 2 2
2.000061 165 2 2
2.000061 166 2 2
2.000061 167 2 2
2.000061 168 2 2
2.000061 169 1 1
2.000061 170 2 2
2.000061 171 2 2
2.000061 172 3 3
2.000061 173 2 2
2.000061 174 2 2
2.000061 175 2 2
2.000061 177 2 2
2.000061 178 2 2
2.000061 179 2 2
2.000061 180 2 2
2.000061 182 2 2
2.000061 183 2 2
2.000061 184 2 2
2.000061 185 2 2
2.000061 186 2 2
2.000061 187 2 2
2.000061 188 2 2
2.000061 189 3 3
2.000061 190 3 3
2.000061 191 2 2
2.000061 192 2 2
2.000061 193 2 2
2.000061 194 2 2
2.000061 195 2 2
2.000061 196 2 2
2.000061 197 2 2
2.000061 198 2 2
2.000061 199 2 2
2.000061 201 2 2
2.000061 202 2 2
2.000061 203 2 2
2.000061 204 2 2
2.000061 205 2 2
2.000061 206 2 2
2.000061 207 2 2
2.000061 208 2 2
2.000061 209 2 2
2.000061 210 2 2
2.000061 211 2 2
2.000061 212 2 2
2.000061 213 2 2
2.000061 214 2 2
2.000061 215 2 2
2.000061 216 2 2
2.000061 217 2 2
2.000061 218 2 2
2.000061 219 2 2
2.000061 220 2 2
2.000061 221 2 2
2.000061 222 2 2
2.000061 223 2 2
2.000061 224 2 2
2.000061 226 2 2
2.000061 227 2 2
2.000061 228 2 2
2.000061 229 2 2
2.000061 230 2 2
2.000061 231 2 2
2.000061 232 2 2
2.000061 233 2 2
2.000061 234 2 2
2.000061 235 3 3
2.000061 236 2 2
2.000061 237 2 2
2.000061 238 2 2
2.000061 239 3 3
2.000061 240 2 2
2.000061 241 2 2
2.000061 242 2 2
2.000061 243 2 2
2.000061 244 2 2
2.000061 248 2 2
2.000061 249 2 2
2.000061 250 2 2
2.000061 252 2 2
2.000061 253 2 2
2.000061 254 2 2
2.000061 255 2 2
2.000061 256 2 2
2.000061 257 2 2
2.000061 258 2 2
2.000061 259 2 2
2.000061 260 3 3
2.000061 262 3 3
2.000061 263 2 2
2.000061 264 2 2
2.000061 266 2 2
2.000061 267 2 2
2.000061 268 2 2
2.000061 269 3 3
2.000061 270 2 2
2.000061 271 2 2
2.000061 272 3 3
2.000061 273 2 2
2.000061 274 2 2
2.000061 275 2 2
2.000061 276 2 2
2.000061 277 2 2
2.000061 278 2 2
2.000061 279 2 2
2.000061 280 3 3
2.000061 281 3 3
2.000061 282 2 2
2.000061 283 2 2
2.000061 284 2 2
2.000061 285 2 2
2.000061 286 2 2
2.000061 287 2 2
2.000061 288 2 2
2.000061 289 2 2
2.000061 290 2 2
2.000061 291 3 3
2.000061 292 2 2
2.000061 293 2 2
2.000061 294 2 2
2.000061 295 3 3
2.000061 296 2 2
2.000061 297 2 2
2.000061 299 2 2
2.000061 300 2 2
2.000061 301 2 2
2.000061 302 2 2
2.000061 303 2 2
2.000061 304 2 2
2.000061 305 2 2
2.000061 306 3 3
2.000061 307 2 2
2.000061 308 2 2
2.000061 309 2 2
2.000061 310 3 3
2.000061 311 2 2
2.000061 312 3 3
2.000061 313 2 2
2.000061 314 2 2
2.000061 315 2 2
2.000061 316 2 2
2.000061 317 2 2
2.000061 318 2 2
2.000061 319 2 2
2.000061 320 2 2
2.000061 321 2 2
2.000061 322 2 2
2.000061 323 2 2
2.000061 324 2 2
2.000061 325 2 2
2.000061 326 2 2
2.000061 328 3 3
2.000061 329 2 2
2.000061 330 2 2
2.000061 331 2 2
2.000061 332 2 2
2.000061 333 2 2
2.000061 335 2 2
2.000061 336 2 2
2.000061 337 2 2
2.000061 338 2 2
2.000061 339 2 2
2.000061 340 2 2
2.000061 341 2 2
2.000061 342 2 2
2.000061 344 2 2
2.000061 345 2 2
2.000061 346 2 2
2.000061 347 2 2
2.000061 348 2 2
2.000061 349 2 2
2.000061 350 3 3
2.000061 351 2 2
2.000061 352 2 2
2.000061 353 2 2
2.000061 354 2 2
2.000061 355 2 2
2.000061 356 1 1
2.000061 357 2 2
2.000061 358 2 2
2.000061 359 2 2
2.000061 360 2 2
2.000061 361 2 2
2.000061 362 3 3
2.000061 363 3 3
2.000061 364 2 2
2.000061 365 2 2
2.000061 366 2 2
2.000061 367 2 2
2.000061 369 2 2
2.000061 370 2 2
2.000061 371 2 2
2.000061 372 2 2
2.000061 373 2 2
2.000061 374 2 2
2.000061 375 2 2
2.000061 376 3 3
2.000061 378 2 2
2.000061 379 2 2
2.000061 380 2 2
2.000061 381 2 2
2.000061 382 2 2
2.000061 383 2 2
2.000061 384 2 2
2.000061 387 2 2
2.000061 388 2 2
2.000061 389 2 2
2.000061 390 3 3
2.000061 391 2 2
2.000061 392 2 2
2.000061 393 2 2
2.000061 394 2 2
2.000061 395 2 2
2.000061 396 2 2
2.000061 397 2 2
2.000061 398 2 2
2.000061 399 2 2
2.000061 400 2 2
2.000061 401 2 2
2.000061 402 2 2
2.000061 403 2 2
2.000061 404 2 2
2.000061 405 2 2
2.000061 406 2 2
2.000061 407 2 2
2.000061 408 2 2
2.000061 409 2 2
2.000061 410 1 1
2.000061 411 2 2
2.000061 412 2 2
2.000061 413 2 2
2.000061 415 2 2
2.000061 416 2 2
2.000061 417 2 2
2.000061 418 2 2
2.000061 419 2 2
2.000061 420 2 2
2.000061 421 2 2
2.000061 422 2 2
2.000061 423 2 2
2.000061 424 2 2
2.000061 425 2 2
2.000061 426 2 2
2.000061 427 2 2
2.000061 428 2 2
2.000061 429 2 2
2.000061 430 2 2
2.000061 431 1 1
2.000061 433 2 2
2.000061 434 2 2
2.000061 435 2 2
2.000061 436 2 2
2.000061 437 2 2
2.000061 440 2 2
2.000061 441 2 2
2.000061 442 2 2
2.000061 443 2 2
2.000061 444 2 2
2.000061 445 2 2
2.000061 446 2 2
2.000061 447 2 2
2.000061 448 2 2
2.000061 449 2 2
2.000061 450 2 2
2.000061 451 2 2
2.000061 452 2 2
2.000061 453 2 2
2.000061 454 2 2
2.000061 455 2 2
2.000061 456 2 2
2.000061 457 2 2
2.000061 458 2 2
2.000061 459 2 2
2.000061 460 2 2
2.000061 461 2 2
2.000061 462 2 2
2.000061 463 2 2
2.000061 464 2 2
2.000061 465 2 2
2.000061 466 2 2
2.000061 467 2 2
2.000061 468 2 2
2.000061 469 2 2
2.000061 470 2 2
2.000061 471 3 3
2.000061 472 2 2
2.000061 473 2 2
2.000061 474 2 2
2.000061 475 2 2
2.000061 476 2 2
2.000061 477 2 2
2.000061 478 2 2
2.000061 479 2 2
2.000061 480 2 2
2.000061 481 2 2
2.000061 482 2 2
2.000061 483 2 2
2.000061 484 2 2
2.000061 485 2 2
2.000061 486 2 2
2.000061 487 2 2
2.000061 488 2 2
2.000061 489 2 2
2.000061 490 2 2
2.000061 491 2 2
2.000061 492 2 2
2.000061 493 2 2
2.000061 494 2 2
2.000061 495 3 3
2.000061 496 2 2
2.000061 497 2 2
2.000061 498 3 3
2.000061 499 2 2
2.000061 500 2 2
2.000061 501 2 2
2.000061 502 2 2
2.000061 503 2 2
2.000061 504 2 2
2.000061 505 2 2
2.000061 506 2 2
2.000061 507 2 2
2.000061 508 2 2
2.000061 509 2 2
2.000061 510 2 2
2.000061 511 2 2
2.000061 513 2 2
2.000061 514 2 2
2.000061 515 2 2
2.000061 516 2 2
2.000061 517 2 2
2.000061 518 2 2
2.000061 519 2 2
2.000061 520 2 2
2.000061 521 2 2
2.000061 523 2 2
2.000061 524 2 2
2.000061 525 2 2
2.000061 526 2 2
2.000061 527 3 3
2.000061 528 2 2
2.000061 529 2 2
2.000061 530 2 2
2.000061 531 2 2
2.000061 532 2 2
2.000061 533 2 2
2.000061 534 2 2
2.000061 535 2 2
2.000061 536 2 2
2.000061 537 2 2
2.000061 538 2 2
2.000061 539 2 2
2.000061 540 2 2
2.000061 541 2 2
2.000061 542 2 2
2.000061 543 2 2
2.000061 544 2 2
2.000061 545 2 2
2.000061 546 2 2
2.000061 547 2 2
2.000061 548 3 3
2.000061 549 2 2
3.000092 0 5 5
3.000092 1 4 4
3.000092 2 4 4
3.000092 3 4 4
3.000092 4 4 4
3.000092 5 4 4
3.000092 6 4 4
3.000092 7 4 4
3.000092 8 4 4
3.000092 9 3 3
3.000092 10 4 4
3.000092 11 3 3
3.000092 12 3 3
3.000092 14 4 4
3.000092 15 4 4
3.000092 16 2 2
3.000092 17 5 5
3.000092 18 4 4
3.000092 19 4 4
3.000092 20 4 4
3.000092 21 4 4
3.000092 22 4 4
3.000092 23 4 4
3.000092 25 3 3
3.000092 26 4 4
3.000092 27 4 4
3.000092 28 4 4
3.000092 29 5 5
3.000092 30 4 4
3.000092 31 4 4
3.000092 32 4 4
3.000092 33 4 4
3.000092 34 4 4
3.000092 35 4 4
3.000092 36 4 4
3.000092 38 4 4
3.000092 39 4 4
3.000092 40 3 3
3.000092 41 4 4
3.000092 42 4 4
3.000092 43 4 4
3.000092 44 4 4
3.000092 45 4 4
3.000092 46 3 3
3.000092 47 4 4
3.000092 48 4 4
3.000092 49 4 4
3.000092 50 4 4
3.000092 51 4 4
3.000092 52 4 4
3.000092 53 4 4
3.000092 54 4 4
3.000092 55 4 4
3.000092 57 4 4
3.000092 58 4 4
3.000092 59 4 4
3.000092 61 4 4
3.000092 62 4 4
3.000092 63 4 4
3.000092 64 4 4
3.000092 65 4 4
3.000092 66 4 4
3.000092 67 4 4
3.000092 68 4 4
3.000092 69 3 3
3.000092 70 4 4
3.000092 71 4 4
3.000092 72 4 4
3.000092 73 4 4
3.000092 74 4 4
3.000092 75 4 4
3.000092 76 4 4
3.000092 77 4 4
3.000092 78 4 4
3.000092 79 4 4
3.000092 80 4 4
3.000092 81 4 4
3.000092 82 2 2
3.000092 83 4 4
3.000092 84 4 4
3.000092 85 4 4
3.000092 86 4 4
3.000092 87 4 4
3.000092 88 4 4
3.000092 89 4 4
3.000092 90 4 4
3.000092 91 2 2
3.000092 92 4 4
3.000092 93 4 4
3.000092 94 3 3
3.000092 95 4 4
3.000092 96 4 4
3.000092 97 4 4
3.000092 98 4 4
3.000092 99 4 4
3.000092 100 3 3
3.000092 102 4 4
3.000092 104 4 4
3.000092 105 4 4
3.000092 106 4 4
3.000092 107 4 4
3.000092 108 4 4
3.000092 110 4 4
3.000092 111 4 4
3.000092 113 4 4
3.000092 114 4 4
3.000092 115 4 4
3.000092 117 3 3
3.000092 118 4 4
3.000092 119 4 4
3.000092 120 4 4
3.000092 121 4 4
3.000092 122 4 4
3.000092 123 4 4
3.000092 124 4 4
3.000092 125 3 3
3.000092 126 4 4
3.000092 127 4 4
3.000092 129 4 4
3.000092 130 4 4
3.000092 131 4 4
3.000092 132 4 4
3.000092 133 4 4
3.000092 134 4 4
3.000092 135 4 4
3.000092 136 4 4
3.000092 137 4 4
3.000092 138 4 4
3.000092 139 3 3
3.000092 141 4 4
3.000092 142 3 3
3.000092 143 4 4
3.000092 144 4 4
3.000092 145 4 4
3.000092 146 3 3
3.000092 147 4 4
3.000092 148 4 4
3.000092 149 3 3
3.000092 150 4 4
3.000092 152 4 4
3.000092 154 4 4
3.000092 155 5 5
3.000092 156 4 4
3.000092 157 4 4
3.000092 158 3 3
3.000092 159 4 4
3.000092 160 4 4
3.000092 161 4 4
3.000092 162 4 4
3.000092 163 4 4
3.000092 164 2 2
3.000092 165 4 4
3.000092 166 3 3
3.000092 167 4 4
3.000092 168 4 4
3.000092 169 1 1
3.000092 170 4 4
3.000092 171 4 4
3.000092 172 5 5
3.000092 173 4 4
3.000092 174 3 3
3.000092 175 3 3
3.000092 177 3 3
3.000092 178 4 4
3.000092 179 4 4
3.000092 180 4 4
3.000092 182 4 4
3.000092 183 4 4
3.000092 184 4 4
3.000092 185 4 4
3.000092 186 4 4
3.000092 187 4 4
3.000092 188 4 4
3.000092 189 4 4
3.000092 190 4 4
3.000092 191 4 4
3.000092 192 4 4
3.000092 193 3 3
3.000092 194 4 4
3.000092 195 4 4
3.000092 196 4 4
3.000092 197 4 4
3.000092 198 4 4
3.000092 199 4 4
3.000092 201 4 4
3.000092 202 4 4
3.000092 203 4 4
3.000092 204 3 3
3.000092 205 4 4
3.000092 206 4 4
3.000092 207 4 4
3.000092 208 4 4
3.000092 209 4 4
3.000092 210 4 4
3.000092 211 3 3
3.000092 212 4 4
3.000092 213 3 3
3.000092 214 4 4
3.000092 215 4 4
3.000092 216 4 4
3.000092 217 3 3
3.000092 218 3 3
3.000092 219 4 4
3.000092 220 4 4
3.000092 221 4 4
3.000092 222 4 4
3.000092 223 4 4
3.000092 224 4 4
3.000092 226 3 3
3.000092 227 4 4
3.000092 228 4 4
3.000092 229 3 3
3.000092 230 4 4
3.000092 231 4 4
3.000092 232 4 4
3.000092 233 4 4
3.000092 234 4 4
3.000092 235 4 4
3.000092 236 4 4
3.000092 237 4 4
3.000092 238 4 4
3.000092 239 4 4
3.000092 240 4 4
3.000092 241 2 2
3.000092 242 4 4
3.000092 243 3 3
3.000092 244 4 4
3.000092 248 4 4
3.000092 249 4 4
3.000092 250 4 4
3.000092 252 4 4
3.000092 253 4 4
3.000092 254 4 4
3.000092 255 4 4
3.000092 256 4 4
3.000092 257 4 4
3.000092 258 3 3
3.000092 259 4 4
3.000092 260 5 5
3.000092 262 5 5
3.000092 263 4 4
3.000092 264 4 4
3.000092 266 4 4
3.000092 267 4 4
3.000092 268 4 4
3.000092 269 5 5
3.000092 270 3 3
3.000092 271 3 3
3.000092 272 4 4
3.000092 273 4 4
3.000092 274 4 4
3.000092 275 4 4
3.000092 276 4 4
3.000092 277 3 3
3.000092 278 4 4
3.000092 279 4 4
3.000092 280 4 4
3.000092 281 4 4
3.000092 282 2 2
3.000092 283 4 4
3.000092 284 3 3
3.000092 285 4 4
3.000092 286 4 4
3.000092 287 4 4
3.000092 288 4 4
3.000092 289 4 4
3.000092 290 4 4
3.000092 291 4 4
3.000092 292 3 3
3.000092 293 4 4
3.000092 294 4 4
3.000092 295 4 4
3.000092 296 4 4
3.000092 297 4 4
3.000092 299 4 4
3.000092 300 4 4
3.000092 301 4 4
3.000092 302 4 4
3.000092 303 4 4
3.000092 304 4 4
3.000092 305 4 4
3.000092 306 4 4
3.000092 307 4 4
3.000092 308 4 4
3.000092 309 4 4
3.000092 310 4 4
3.000092 311 4 4
3.000092 312 4 4
3.000092 313 4 4
3.000092 314 4 4
3.000092 315 4 4
3.000092 316 4 4
3.000092 317 4 4
3.000092 318 4 4
3.000092 319 4 4
3.000092 320 4 4
3.000092 321 4 4
3.000092 322 4 4
3.000092 323 4 4
3.000092 324 4 4
3.000092 325 4 4
3.000092 326 4 4
3.000092 328 4 4
3.000092 329 4 4
3.000092 330 3 3
3.000092 331 4 4
3.000092 332 4 4
3.000092 333 4 4
3.000092 335 4 4
3.000092 336 4 4
3.000092 337 3 3
3.000092 338 4 4
3.000092 339 4 4
3.000092 340 4 4
3.000092 341 4 4
3.000092 342 4 4
3.000092 344 4 4
3.000092 345 3 3
3.000092 346 4 4
3.000092 347 3 3
3.000092 348 4 4
3.000092 349 4 4
3.000092 350 4 4
3.000092 351 4 4
3.000092 352 3 3
3.000092 353 4 4
3.000092 354 4 4
3.000092 355 3 3
3.000092 356 1 1
3.000092 357 4 4
3.000092 358 4 4
3.000092 359 4 4
3.000092 360 4 4
3.000092 361 4 4
3.000092 362 4 4
3.000092 363 5 5
3.000092 364 4 4
3.000092 365 4 4
3.000092 366 4 4
3.000092 367 4 4
3.000092 369 3 3
3.000092 370 4 4
3.000092 371 4 4
3.000092 372 4 4
3.000092 373 4 4
3.000092 374 3 3
3.000092 375 3 3
3.000092 376 4 4
3.000092 378 4 4
3.000092 379 4 4
3.000092 380 4 4
3.000092 381 4 4
3.000092 382 4 4
3.000092 383 4 4
3.000092 384 4 4
3.000092 387 4 4
3.000092 388 3 3
3.000092 389 4 4
3.000092 390 4 4
3.000092 391 4 4
3.000092 392 4 4
3.000092 393 4 4
3.000092 394 3 3
3.000092 395 4 4
3.000092 396 3 3
3.000092 397 4 4
3.000092 398 4 4
3.000092 399 4 4
3.000092 400 4 4
3.000092 401 4 4
3.000092 402 4 4
3.000092 403 4 4
3.000092 404 4 4
3.000092 405 4 4
3.000092 406 3 3
3.000092 407 4 4
3.000092 408 4 4
3.000092 409 4 4
3.000092 410 1 1
3.000092 411 3 3
3.000092 412 4 4
3.000092 413 4 4
3.000092 415 4 4
3.000092 416 4 4
3.000092 417 4 4
3.000092 418 4 4
3.000092 419 4 4
3.000092 420 4 4
3.000092 421 4 4
3.000092 422 4 4
3.000092 423 4 4
3.000092 424 4 4
3.000092 425 4 4
3.000092 426 4 4
3.000092 427 4 4
3.000092 428 4 4
3.000092 429 4 4
3.000092 430 4 4
3.000092 431 2 2
3.000092 433 4 4
3.000092 434 4 4
3.000092 435 4 4
3.000092 436 4 4
3.000092 437 4 4
3.000092 440 4 4
3.000092 441 3 3
3.000092 442 4 4
3.000092 443 4 4
3.000092 444 4 4
3.000092 445 3 3
3.000092 446 3 3
3.000092 447 5 5
3.000092 448 4 4
3.000092 449 4 4
3.000092 450 4 4
3.000092 451 4 4
3.000092 452 4 4
3.000092 453 4 4
3.000092 454 4 4
3.000092 455 4 4
3.000092 456 4 4
3.000092 457 4 4
3.000092 458 4 4
3.000092 459 3 3
3.000092 460 4 4
3.000092 461 4 4
3.000092 462 4 4
3.000092 463 4 4
3.000092 464 4 4
3.000092 465 3 3
3.000092 466 3 3
3.000092 467 4 4
3.000092 468 4 4
3.000092 469 4 4
3.000092 470 3 3
3.000092 471 4 4
3.000092 472 3 3
3.000092 473 4 4
3.000092 474 4 4
3.000092 475 4 4
3.000092 476 4 4
3.000092 477 4 4
3.000092 478 4 4
3.000092 479 4 4
3.000092 480 4 4
3.000092 481 4 4
3.000092 482 4 4
3.000092 483 4 4
3.000092 484 4 4
3.000092 485 3 3
3.000092 486 4 4
3.000092 487 4 4
3.000092 488 3 3
3.000092 489 4 4
3.000092 490 4 4
3.000092 491 4 4
3.000092 492 4 4
3.000092 493 4 4
3.000092 494 4 4
3.000092 495 4 4
3.000092 496 4 4
3.000092 497 4 4
3.000092 498 4 4
3.000092 499 4 4
3.000092 500 4 4
3.000092 501 4 4
3.000092 502 4 4
3.000092 503 4 4
3.000092 504 4 4
3.000092 505 4 4
3.000092 506 3 3
3.000092 507 3 3
3.000092 508 4 4
3.000092 509 4 4
3.000092 510 4 4
3.000092 511 3 3
3.000092 513 4 4
3.000092 514 4 4
3.000092 515 4 4
3.000092 516 4 4
3.000092 517 4 4
3.000092 518 3 3
3.000092 519 4 4
3.000092 520 3 3
3.000092 521 3 3
3.000092 523 4 4
3.000092 524 4 4
3.000092 525 3 3
3.000092 526 4 4
3.000092 527 5 5
3.000092 528 4 4
3.000092 529 4 4
3.000092 530 3 3
3.000092 531 4 4
3.000092 532 3 3
3.000092 533 4 4
3.000092 534 4 4
3.000092 535 4 4
3.000092 536 4 4
3.000092 537 4 4
3.000092 538 4 4
3.000092 539 4 4
3.000092 540 4 4
3.000092 541 4 4
3.000092 542 4 4
3.000092 543 4 4
3.000092 544 4 4
3.000092 545 4 4
3.000092 546 3 3
3.000092 547 4 4
3.000092 548 5 5
3.000092 549 4 4
4.000122 0 8 8
4.000122 1 6 6
4.000122 2 6 6
4.000122 3 4 4
4.000122 4 6 6
4.000122 5 5 5
4.000122 6 5 5
4.000122 7 6 6
4.000122 8 7 7
4.000122 9 5 5
4.000122 10 6 6
4.000122 11 5 5
4.000122 12 6 6
4.000122 14 4 4
4.000122 15 5 5
4.000122 16 2 2
4.000122 17 7 7
4.000122 18 6 6
4.000122 19 5 5
4.000122 20 7 7
4.000122 21 6 6
4.000122 22 5 5
4.000122 23 7 7
4.000122 25 4 4
4.000122 26 8 8
4.000122 27 8 8
4.000122 28 5 5
4.000122 29 8 8
4.000122 30 6 6
4.000122 31 8 8
4.000122 32 4 4
4.000122 33 6 6
4.000122 34 6 6
4.000122 35 6 6
4.000122 36 6 6
4.000122 38 6 6
4.000122 39 5 5
4.000122 40 5 5
4.000122 41 7 7
4.000122 42 6 6
4.000122 43 6 6
4.000122 44 7 7
4.000122 45 6 6
4.000122 46 4 4
4.000122 47 4 4
4.000122 48 5 5
4.000122 49 8 8
4.000122 50 6 6
4.000122 51 8 8
4.000122 52 6 6
4.000122 53 6 6
4.000122 54 6 6
4.000122 55 6 6
4.000122 57 7 7
4.000122 58 7 7
4.000122 59 6 6
4.000122 61 8 8
4.000122 62 6 6
4.000122 63 7 7
4.000122 64 4 4
4.000122 65 4 4
4.000122 66 6 6
4.000122 67 5 5
4.000122 68 5 5
4.000122 69 6 6
4.000122 70 8 8
4.000122 71 5 5
4.000122 72 6 6
4.000122 73 5 5
4.000122 74 4 4
4.000122 75 6 6
4.000122 76 7 7
4.000122 77 6 6
4.000122 78 4 4
4.000122 79 8 8
4.000122 80 4 4
4.000122 81 7 7
4.000122 82 4 4
4.000122 83 7 7
4.000122 84 7 7
4.000122 85 5 5
4.000122 86 7 7
4.000122 87 4 4
4.000122 88 6 6
4.000122 89 8 8
4.000122 90 6 6
4.000122 91 4 4
4.000122 92 7 7
4.000122 93 6 6
4.000122 94 5 5
4.000122 95 5 5
4.000122 96 5 5
4.000122 97 7 7
4.000122 98 7 7
4.000122 99 4 4
4.000122 100 6 6
4.000122 102 6 6
4.000122 104 7 7
4.000122 105 6 6
4.000122 106 6 6
4.000122 107 5 5
4.000122 108 6 6
4.000122 110 6 6
4.000122 111 5 5
4.000122 113 8 8
4.000122 114 7 7
4.000122 115 6 6
4.000122 117 5 5
4.000122 118 4 4
4.000122 119 4 4
4.000122 120 7 7
4.000122 121 7 7
4.000122 122 6 6
4.000122 123 7 7
4.000122 124 7 7
4.000122 125 5 5
4.000122 126 5 5
4.000122 127 8 8
4.000122 129 8 8
4.000122 130 6 6
4.000122 131 6 6
4.000122 132 5 5
4.000122 133 5 5
4.000122 134 7 7
4.000122 135 8 8
4.000122 136 5 5
4.000122 137 7 7
4.000122 138 6 6
4.000122 139 4 4
4.000122 141 4 4
4.000122 142 5 5
4.000122 143 6 6
4.000122 144 5 5
4.000122 145 6 6
4.000122 146 4 4
4.000122 147 4 4
4.000122 148 7 7
4.000122 149 5 5
4.000122 150 8 8
4.000122 152 7 7
4.000122 154 7 7
4.000122 155 8 8
4.000122 156 5 5
4.000122 157 5 5
4.000122 158 5 5
4.000122 159 4 4
4.000122 160 8 8
4.000122 161 6 6
4.000122 162 4 4
4.000122 163 7 7
4.000122 164 4 4
4.000122 165 5 5
4.000122 166 5 5
4.000122 167 5 5
4.000122 168 5 5
4.000122 169 2 2
4.000122 170 8 8
4.000122 171 6 6
4.000122 172 6 6
4.000122 173 6 6
4.000122 174 6 6
4.000122 175 4 4
4.000122 177 4 4
4.000122 178 7 7
4.000122 179 6 6
4.000122 180 6 6
4.000122 182 6 6
4.000122 183 8 8
4.000122 184 8 8
4.000122 185 6 6
4.000122 186 6 6
4.000122 187 7 7
4.000122 188 8 8
4.000122 189 7 7
4.000122 190 6 6
4.000122 191 6 6
4.000122 192 5 5
4.000122 193 5 5
4.000122 194 5 5
4.000122 195 7 7
4.000122 196 6 6
4.000122 197 7 7
4.000122 198 5 5
4.000122 199 6 6
4.000122 201 8 8
4.000122 202 5 5
4.000122 203 8 8
4.000122 204 6 6
4.000122 205 6 6
4.000122 206 8 8
4.000122 207 7 7
4.000122 208 5 5
4.000122 209 6 6
4.000122 210 7 7
4.000122 211 5 5
4.000122 212 6 6
4.000122 213 7 7
4.000122 214 6 6
4.000122 215 6 6
4.000122 216 7 7
4.000122 217 5 5
4.000122 218 5 5
4.000122 219 6 6
4.000122 220 7 7
4.000122 221 5 5
4.000122 222 6 6
4.000122 223 4 4
4.000122 224 4 4
4.000122 226 4 4
4.000122 227 8 8
4.000122 228 5 5
4.000122 229 6 6
4.000122 230 6 6
4.000122 231 7 7
4.000122 232 4 4
4.000122 233 5 5
4.000122 234 4 4
4.000122 235 7 7
4.000122 236 7 7
4.000122 237 6 6
4.000122 238 5 5
4.000122 239 5 5
4.000122 240 5 5
4.000122 241 4 4
4.000122 242 4 4
4.000122 243 6 6
4.000122 244 5 5
4.000122 248 6 6
4.000122 249 7 7
4.000122 250 6 6
4.000122 252 7 7
4.000122 253 4 4
4.000122 254 6 6
4.000122 255 5 5
4.000122 256 4 4
4.000122 257 6 6
4.000122 258 4 4
4.000122 259 6 6
4.000122 260 7 7
4.000122 262 7 7
4.000122 263 8 8
4.000122 264 7 7
4.000122 266 4 4
4.000122 267 7 7
4.000122 268 6 6
4.000122 269 9 9
4.000122 270 3 3
4.000122 271 4 4
4.000122 272 7 7
4.000122 273 6 6
4.000122 274 6 6
4.000122 275 5 5
4.000122 276 6 6
4.000122 277 5 5
4.000122 278 7 7
4.000122 279 6 6
4.000122 280 8 8
4.000122 281 6 6
4.000122 282 4 4
4.000122 283 7 7
4.000122 284 4 4
4.000122 285 5 5
4.000122 286 6 6
4.000122 287 5 5
4.000122 288 8 8
4.000122 289 6 6
4.000122 290 5 5
4.000122 291 7 7
4.000122 292 4 4
4.000122 293 7 7
4.000122 294 8 8
4.000122 295 6 6
4.000122 296 6 6
4.000122 297 5 5
4.000122 299 6 6
4.000122 300 7 7
4.000122 301 5 5
4.000122 302 5 5
4.000122 303 4 4
4.000122 304 8 8
4.000122 305 7 7
4.000122 306 7 7
4.000122 307 7 7
4.000122 308 6 6
4.000122 309 8 8
4.000122 310 5 5
4.000122 311 5 5
4.000122 312 6 6
4.000122 313 5 5
4.000122 314 7 7
4.000122 315 4 4
4.000122 316 7 7
4.000122 317 6 6
4.000122 318 8 8
4.000122 319 6 6
4.000122 320 6 6
4.000122 321 4 4
4.000122 322 4 4
4.000122 323 7 7
4.000122 324 8 8
4.000122 325 7 7
4.000122 326 7 7
4.000122 328 7 7
4.000122 329 7 7
4.000122 330 4 4
4.000122 331 7 7
4.000122 332 5 5
4.000122 333 7 7
4.000122 335 5 5
4.000122 336 5 5
4.000122 337 5 5
4.000122 338 6 6
4.000122 339 7 7
4.000122 340 8 8
4.000122 341 7 7
4.000122 342 7 7
4.000122 344 4 4
4.000122 345 4 4
4.000122 346 6 6
4.000122 347 5 5
4.000122 348 7 7
4.000122 349 8 8
4.000122 350 6 6
4.000122 351 5 5
4.000122 352 6 6
4.000122 353 6 6
4.000122 354 7 7
4.000122 355 5 5
4.000122 356 2 2
4.000122 357 7 7
4.000122 358 6 6
4.000122 359 5 5
4.000122 360 7 7
4.000122 361 7 7
4.000122 362 7 7
4.000122 363 9 9
4.000122 364 7 7
4.000122 365 7 7
4.000122 366 6 6
4.000122 367 7 7
4.000122 369 6 6
4.000122 370 7 7
4.000122 371 7 7
4.000122 372 7 7
4.000122 373 5 5
4.000122 374 4 4
4.000122 375 7 7
4.000122 376 8 8
4.000122 378 6 6
4.000122 379 6 6
4.000122 380 6 6
4.000122 381 6 6
4.000122 382 6 6
4.000122 383 4 4
4.000122 384 5 5
4.000122 387 6 6
4.000122 388 4 4
4.000122 389 5 5
4.000122 390 7 7
4.000122 391 6 6
4.000122 392 5 5
4.000122 393 6 6
4.000122 394 6 6
4.000122 395 5 5
4.000122 396 5 5
4.000122 397 7 7
4.000122 398 5 5
4.000122 399 7 7
4.000122 400 5 5
4.000122 401 5 5
4.000122 402 5 5
4.000122 403 4 4
4.000122 404 6 6
4.000122 405 5 5
4.000122 406 5 5
4.000122 407 7 7
4.000122 408 6 6
4.000122 409 4 4
4.000122 410 2 2
4.000122 411 4 4
4.000122 412 6 6
4.000122 413 7 7
4.000122 415 5 5
4.000122 416 6 6
4.000122 417 7 7
4.000122 418 8 8
4.000122 419 5 5
4.000122 420 7 7
4.000122 421 7 7
4.000122 422 6 6
4.000122 423 4 4
4.000122 424 6 6
4.000122 425 5 5
4.000122 426 7 7
4.000122 427 6 6
4.000122 428 7 7
4.000122 429 5 5
4.000122 430 5 5
4.000122 431 2 2
4.000122 433 5 5
4.000122 434 7 7
4.000122 435 7 7
4.000122 436 7 7
4.000122 437 7 7
4.000122 440 6 6
4.000122 441 6 6
4.000122 442 4 4
4.000122 443 5 5
4.000122 444 5 5
4.000122 445 5 5
4.000122 446 6 6
4.000122 447 8 8
4.000122 448 7 7
4.000122 449 7 7
4.000122 450 6 6
4.000122 451 7 7
4.000122 452 5 5
4.000122 453 6 6
4.000122 454 6 6
4.000122 455 7 7
4.000122 456 5 5
4.000122 457 7 7
4.000122 458 6 6
4.000122 459 4 4
4.000122 460 6 6
4.000122 461 6 6
4.000122 462 5 5
4.000122 463 7 7
4.000122 464 7 7
4.000122 465 4 4
4.000122 466 6 6
4.000122 467 5 5
4.000122 468 6 6
4.000122 469 6 6
4.000122 470 4 4
4.000122 471 7 7
4.000122 472 4 4
4.000122 473 5 5
4.000122 474 6 6
4.000122 475 7 7
4.000122 476 6 6
4.000122 477 8 8
4.000122 478 8 8
4.000122 479 7 7
4.000122 480 4 4
4.000122 481 5 5
4.000122 482 5 5
4.000122 483 6 6
4.000122 484 7 7
4.000122 485 4 4
4.000122 486 8 8
4.000122 487 7 7
4.000122 488 5 5
4.000122 489 6 6
4.000122 490 8 8
4.000122 491 6 6
4.000122 492 5 5
4.000122 493 7 7
4.000122 494 7 7
4.000122 495 5 5
4.000122 496 6 6
4.000122 497 5 5
4.000122 498 6 6
4.000122 499 7 7
4.000122 500 6 6
4.000122 501 6 6
4.000122 502 4 4
4.000122 503 6 6
4.000122 504 5 5
4.000122 505 6 6
4.000122 506 5 5
4.000122 507 6 6
4.000122 508 5 5
4.000122 509 6 6
4.000122 510 7 7
4.000122 511 6 6
4.000122 513 6 6
4.000122 514 5 5
4.000122 515 5 5
4.000122 516 8 8
4.000122 517 6 6
4.000122 518 5 5
4.000122 519 8 8
4.000122 520 5 5
4.000122 521 5 5
4.000122 523 7 7
4.000122 524 8 8
4.000122 525 5 5
4.000122 526 5 5
4.000122 527 8 8
4.000122 528 6 6
4.000122 529 6 6
4.000122 530 5 5
4.000122 531 6 6
4.000122 532 5 5
4.000122 533 5 5
4.000122 534 7 7
4.000122 535 7 7
4.000122 536 7 7
4.000122 537 4 4
4.000122 538 6 6
4.000122 539 4 4
4.000122 540 6 6
4.000122 541 6 6
4.000122 542 6 6
4.000122 543 7 7
4.000122 544 4 4
4.000122 545 7 7
4.000122 546 6 6
4.000122 547 7 7
4.000122 548 7 7
4.000122 549 7 7
5.000153 0 11 11
5.000153 1 8 8
5.000153 2 10 10
5.000153 3 8 8
5.000153 4 10 10
5.000153 5 9 9
5.000153 6 8 8
5.000153 7 8 8
5.000153 8 10 10
5.000153 9 10 10
5.000153 10 8 8
5.000153 11 8 8
5.000153 12 9 9
5.000153 14 8 8
5.000153 15 10 10
5.000153 16 1 1
5.000153 17 10 10
5.000153 18 9 9
5.000153 19 8 8
5.000153 20 10 10
5.000153 21 8 8
5.000153 22 8 8
5.000153 23 13 13
5.000153 25 8 8
5.000153 26 8 8
5.000153 27 13 13
5.000153 28 8 8
5.000153 29 10 10
5.000153 30 12 12
5.000153 31 9 9
5.000153 32 8 8
5.000153 33 9 9
5.000153 34 8 8
5.000153 35 9 9
5.000153 36 8 8
5.000153 38 10 10
5.000153 39 8 8
5.000153 40 8 8
5.000153 41 11 11
5.000153 42 10 10
5.000153 43 11 11
5.000153 44 9 9
5.000153 45 9 9
5.000153 46 8 8
5.000153 47 8 8
5.000153 48 9 9
5.000153 49 12 12
5.000153 50 11 11
5.000153 51 15 15
5.000153 52 8 8
5.000153 53 10 10
5.000153 54 8 8
5.000153 55 10 10
5.000153 57 10 10
5.000153 58 13 13
5.000153 59 8 8
5.000153 61 8 8
5.000153 62 8 8
5.000153 63 9 9
5.000153 64 8 8
5.000153 65 8 8
5.000153 66 8 8
5.000153 67 8 8
5.000153 68 8 8
5.000153 69 9 9
5.000153 70 12 12
5.000153 71 8 8
5.000153 72 9 9
5.000153 73 9 9
5.000153 74 8 8
5.000153 75 10 10
5.000153 76 9 9
5.000153 77 9 9
5.000153 78 8 8
5.000153 79 10 10
5.000153 80 8 8
5.000153 81 13 13
5.000153 82 6 6
5.000153 83 11 11
5.000153 84 9 9
5.000153 85 9 9
5.000153 86 10 10
5.000153 87 7 7
5.000153 88 9 9
5.000153 89 13 13
5.000153 90 9 9
5.000153 91 8 8
5.000153 92 10 10
5.000153 93 11 11
5.000153 94 7 7
5.000153 95 8 8
5.000153 96 9 9
5.000153 97 9 9
5.000153 98 10 10
5.000153 99 8 8
5.000153 100 11 11
5.000153 102 9 9
5.000153 104 11 11
5.000153 105 9 9
5.000153 106 10 10
5.000153 107 7 7
5.000153 108 8 8
5.000153 110 9 9
5.000153 111 8 8
5.000153 113 11 11
5.000153 114 8 8
5.000153 115 8 8
5.000153 117 8 8
5.000153 118 8 8
5.000153 119 8 8
5.000153 120 10 10
5.000153 121 9 9
5.000153 122 9 9
5.000153 123 10 10
5.000153 124 12 12
5.000153 126 8 8
5.000153 127 8 8
5.000153 129 12 12
5.000153 130 8 8
5.000153 131 10 10
5.000153 132 8 8
5.000153 133 9 9
5.000153 134 8 8
5.000153 135 12 12
5.000153 136 8 8
5.000153 137 11 11
5.000153 138 8 8
5.000153 139 5 5
5.000153 141 8 8
5.000153 142 8 8
5.000153 143 9 9
5.000153 144 8 8
5.000153 145 9 9
5.000153 146 8 8
5.000153 147 8 8
5.000153 148 10 10
5.000153 149 9 9
5.000153 150 8 8
5.000153 152 11 11
5.000153 154 9 9
5.000153 155 11 11
5.000153 156 8 8
5.000153 157 8 8
5.000153 158 8 8
5.000153 159 8 8
5.000153 160 11 11
5.000153 161 9 9
5.000153 162 8 8
5.000153 163 10 10
5.000153 164 8 8
5.000153 165 8 8
5.000153 166 9 9
5.000153 167 8 8
5.000153 168 8 8
5.000153 169 1 1
5.000153 170 10 10
5.000153 171 10 10
5.000153 172 11 11
5.000153 173 8 8
5.000153 174 9 9
5.000153 175 7 7
5.000153 177 7 7
5.000153 178 9 9
5.000153 179 8 8
5.000153 180 9 9
5.000153 182 9 9
5.000153 183 10 10
5.000153 184 10 10
5.000153 185 10 10
5.000153 186 8 8
5.000153 187 8 8
5.000153 188 8 8
5.000153 189 12 12
5.000153 190 10 10
5.000153 191 8 8
5.000153 192 9 9
5.000153 193 8 8
5.000153 194 8 8
5.000153 195 8 8
5.000153 196 9 9
5.000153 197 9 9
5.000153 198 8 8
5.000153 199 10 10
5.000153 201 9 9
5.000153 202 9 9
5.000153 203 10 10
5.000153 204 8 8
5.000153 205 10 10
5.000153 206 10 10
5.000153 207 9 9
5.000153 208 9 9
5.000153 209 10 10
5.000153 210 8 8
5.000153 211 8 8
5.000153 212 8 8
5.000153 213 8 8
5.000153 214 9 9
5.000153 215 8 8
5.000153 216 9 9
5.000153 217 7 7
5.000153 218 8 8
5.000153 219 8 8
5.000153 220 10 10
5.000153 221 10 10
5.000153 222 8 8
5.000153 223 4 4
5.000153 224 8 8
5.000153 226 8 8
5.000153 227 9 9
5.000153 228 10 10
5.000153 229 9 9
5.000153 230 9 9
5.000153 231 9 9
5.000153 232 8 8
5.000153 233 8 8
5.000153 234 8 8
5.000153 235 10 10
5.000153 236 8 8
5.000153 237 8 8
5.000153 238 8 8
5.000153 239 6 6
5.000153 240 8 8
5.000153 241 7 7
5.000153 242 8 8
5.000153 243 11 11
5.000153 244 9 9
5.000153 248 8 8
5.000153 249 9 9
5.000153 250 9 9
5.000153 252 9 9
5.000153 253 8 8
5.000153 254 9 9
5.000153 255 9 9
5.000153 256 8 8
5.000153 257 8 8
5.000153 258 8 8
5.000153 259 9 9
5.000153 260 10 10
5.000153 262 12 12
5.000153 263 12 12
5.000153 264 11 11
5.000153 266 8 8
5.000153 267 12 12
5.000153 268 8 8
5.000153 269 13 13
5.000153 270 3 3
5.000153 271 8 8
5.000153 272 10 10
5.000153 273 10 10
5.000153 274 9 9
5.000153 275 9 9
5.000153 276 9 9
5.000153 277 9 9
5.000153 278 8 8
5.000153 279 8 8
5.000153 280 12 12
5.000153 281 9 9
5.000153 282 8 8
5.000153 283 11 11
5.000153 284 7 7
5.000153 285 10 10
5.000153 286 9 9
5.000153 287 8 8
5.000153 288 9 9
5.000153 289 9 9
5.000153 290 9 9
5.000153 291 12 12
5.000153 292 7 7
5.000153 293 11 11
5.000153 294 11 11
5.000153 295 9 9
5.000153 296 8 8
5.000153 297 8 8
5.000153 299 9 9
5.000153 300 11 11
5.000153 301 8 8
5.000153 302 8 8
5.000153 303 8 8
5.000153 304 11 11
5.000153 305 10 10
5.000153 306 12 12
5.000153 307 9 9
5.000153 308 9 9
5.000153 309 8 8
5.000153 310 9 9
5.000153 311 9 9
5.000153 312 11 11
5.000153 313 8 8
5.000153 314 10 10
5.000153 315 8 8
5.000153 316 8 8
5.000153 317 8 8
5.000153 318 10 10
5.000153 319 11 11
5.000153 320 8 8
5.000153 321 8 8
5.000153 322 2 2
5.000153 323 10 10
5.000153 324 11 11
5.000153 325 8 8
5.000153 326 1 1
5.000153 328 11 11
5.000153 329 10 10
5.000153 330 8 8
5.000153 331 8 8
5.000153 332 10 10
5.000153 333 10 10
5.000153 335 8 8
5.000153 336 8 8
5.000153 337 10 10
5.000153 338 9 9
5.000153 339 9 9
5.000153 340 8 8
5.000153 341 8 8
5.000153 342 9 9
5.000153 344 8 8
5.000153 345 6 6
5.000153 346 10 10
5.000153 347 8 8
5.000153 348 9 9
5.000153 349 10 10
5.000153 350 11 11
5.000153 351 8 8
5.000153 352 9 9
5.000153 353 8 8
5.000153 354 10 10
5.000153 355 7 7
5.000153 356 2 2
5.000153 357 12 12
5.000153 358 10 10
5.000153 359 8 8
5.000153 360 8 8
5.000153 361 10 10
5.000153 362 10 10
5.000153 363 14 14
5.000153 364 9 9
5.000153 365 9 9
5.000153 366 3 3
5.000153 367 3 3
5.000153 369 8 8
5.000153 370 8 8
5.000153 371 12 12
5.000153 372 9 9
5.000153 373 9 9
5.000153 374 8 8
5.000153 375 9 9
5.000153 376 13 13
5.000153 378 9 9
5.000153 379 8 8
5.000153 380 8 8
5.000153 381 10 10
5.000153 382 9 9
5.000153 383 8 8
5.000153 384 8 8
5.000153 387 8 8
5.000153 388 8 8
5.000153 389 9 9
5.000153 390 13 13
5.000153 391 9 9
5.000153 392 8 8
5.000153 393 8 8
5.000153 394 9 9
5.000153 395 9 9
5.000153 396 7 7
5.000153 397 10 10
5.000153 398 2 2
5.000153 399 8 8
5.000153 400 8 8
5.000153 401 7 7
5.000153 402 9 9
5.000153 403 8 8
5.000153 404 9 9
5.000153 405 8 8
5.000153 406 8 8
5.000153 407 9 9
5.000153 408 9 9
5.000153 409 8 8
5.000153 411 7 7
5.000153 412 8 8
5.000153 413 10 10
5.000153 415 8 8
5.000153 416 4 4
5.000153 417 8 8
5.000153 418 11 11
5.000153 419 9 9
5.000153 420 9 9
5.000153 421 10 10
5.000153 422 10 10
5.000153 423 8 8
5.000153 424 8 8
5.000153 425 9 9
5.000153 426 11 11
5.000153 427 10 10
5.000153 428 9 9
5.000153 429 8 8
5.000153 430 5 5
5.000153 431 1 1
5.000153 433 10 10
5.000153 434 10 10
5.000153 435 10 10
5.000153 436 9 9
5.000153 437 8 8
5.000153 440 8 8
5.000153 441 8 8
5.000153 442 8 8
5.000153 443 8 8
5.000153 444 8 8
5.000153 445 8 8
5.000153 446 11 11
5.000153 447 10 10
5.000153 448 10 10
5.000153 449 10 10
5.000153 450 9 9
5.000153 451 11 11
5.000153 452 8 8
5.000153 453 8 8
5.000153 454 8 8
5.000153 455 9 9
5.000153 456 8 8
5.000153 457 9 9
5.000153 458 9 9
5.000153 459 8 8
5.000153 460 8 8
5.000153 461 9 9
5.000153 462 8 8
5.000153 463 8 8
5.000153 464 12 12
5.000153 465 8 8
5.000153 466 8 8
5.000153 467 8 8
5.000153 468 12 12
5.000153 469 10 10
5.000153 470 6 6
5.000153 471 13 13
5.000153 472 8 8
5.000153 473 8 8
5.000153 474 6 6
5.000153 475 8 8
5.000153 476 8 8
5.000153 477 11 11
5.000153 478 9 9
5.000153 479 10 10
5.000153 480 8 8
5.000153 481 8 8
5.000153 482 8 8
5.000153 483 10 10
5.000153 484 8 8
5.000153 485 8 8
5.000153 486 10 10
5.000153 487 9 9
5.000153 488 8 8
5.000153 489 8 8
5.000153 490 8 8
5.000153 491 8 8
5.000153 492 8 8
5.000153 493 9 9
5.000153 494 12 12
5.000153 495 10 10
5.000153 496 8 8
5.000153 497 8 8
5.000153 498 9 9
5.000153 499 10 10
5.000153 500 8 8
5.000153 501 7 7
5.000153 502 8 8
5.000153 503 8 8
5.000153 504 9 9
5.000153 505 8 8
5.000153 506 7 7
5.000153 507 8 8
5.000153 508 8 8
5.000153 509 10 10
5.000153 510 10 10
5.000153 511 8 8
5.000153 513 9 9
5.000153 514 9 9
5.000153 515 8 8
5.000153 516 11 11
5.000153 517 9 9
5.000153 518 8 8
5.000153 519 10 10
5.000153 520 9 9
5.000153 521 10 10
5.000153 523 9 9
5.000153 524 10 10
5.000153 525 8 8
5.000153 526 9 9
5.000153 527 9 9
5.000153 528 8 8
5.000153 529 8 8
5.000153 530 9 9
5.000153 531 8 8
5.000153 532 8 8
5.000153 533 8 8
5.000153 534 10 10
5.000153 535 10 10
5.000153 536 8 8
5.000153 537 7 7
5.000153 538 9 9
5.000153 539 8 8
5.000153 540 9 9
5.000153 541 9 9
5.000153 542 10 10
5.000153 543 9 9
5.000153 544 8 8
5.000153 545 9 9
5.000153 546 10 10
5.000153 547 9 9
5.000153 548 12 12
5.000153 549 10 10
6.000183 0 18 18
6.000183 3 12 12
6.000183 4 14 14
6.000183 5 15 15
6.000183 6 14 14
6.000183 9 15 15
6.000183 10 15 15
6.000183 11 12 12
6.000183 12 15 15
6.000183 14 13 13
6.000183 15 13 13
6.000183 17 19 19
6.000183 18 12 12
6.000183 21 16 16
6.000183 22 3 3
6.000183 23 21 21
6.000183 25 12 12
6.000183 26 16 16
6.000183 27 20 20
6.000183 28 15 15
6.000183 29 18 18
6.000183 30 16 16
6.000183 31 16 16
6.000183 32 13 13
6.000183 33 16 16
6.000183 34 16 16
6.000183 35 15 15
6.000183 36 16 16
6.000183 38 16 16
6.000183 39 16 16
6.000183 41 17 17
6.000183 42 14 14
6.000183 43 18 18
6.000183 46 12 12
6.000183 47 15 15
6.000183 48 16 16
6.000183 49 19 19
6.000183 50 15 15
6.000183 51 19 19
6.000183 52 14 14
6.000183 53 19 19
6.000183 54 11 11
6.000183 55 15 15
6.000183 57 15 15
6.000183 59 15 15
6.000183 61 9 9
6.000183 62 14 14
6.000183 63 16 16
6.000183 64 14 14
6.000183 65 15 15
6.000183 66 16 16
6.000183 68 16 16
6.000183 69 14 14
6.000183 70 17 17
6.000183 71 15 15
6.000183 72 16 16
6.000183 73 15 15
6.000183 74 12 12
6.000183 75 17 17
6.000183 76 17 17
6.000183 78 11 11
6.000183 79 17 17
6.000183 80 11 11
6.000183 81 17 17
6.000183 83 18 18
6.000183 85 15 15
6.000183 86 17 17
6.000183 87 14 14
6.000183 88 16 16
6.000183 91 11 11
6.000183 92 16 16
6.000183 93 17 17
6.000183 95 15 15
6.000183 96 16 16
6.000183 97 16 16
6.000183 99 15 15
6.000183 100 13 13
6.000183 102 15 15
6.000183 104 19 19
6.000183 105 16 16
6.000183 106 13 13
6.000183 108 16 16
6.000183 111 14 14
6.000183 113 17 17
6.000183 115 14 14
6.000183 118 14 14
6.000183 119 16 16
6.000183 120 18 18
6.000183 121 14 14
6.000183 122 17 17
6.000183 123 16 16
6.000183 126 13 13
6.000183 129 18 18
6.000183 132 14 14
6.000183 133 16 16
6.000183 134 13 13
6.000183 136 14 14
6.000183 137 16 16
6.000183 138 15 15
6.000183 141 16 16
6.000183 142 14 14
6.000183 144 15 15
6.000183 145 16 16
6.000183 146 12 12
6.000183 148 17 17
6.000183 149 13 13
6.000183 150 16 16
6.000183 152 16 16
6.000183 154 16 16
6.000183 155 18 18
6.000183 156 14 14
6.000183 157 14 14
6.000183 158 13 13
6.000183 159 13 13
6.000183 160 8 8
6.000183 162 16 16
6.000183 164 10 10
6.000183 165 15 15
6.000183 167 12 12
6.000183 168 16 16
6.000183 171 17 17
6.000183 172 17 17
6.000183 173 11 11
6.000183 174 14 14
6.000183 175 10 10
6.000183 177 12 12
6.000183 178 16 16
6.000183 179 16 16
6.000183 180 17 17
6.000183 182 15 15
6.000183 183 16 16
6.000183 184 17 17
6.000183 185 15 15
6.000183 186 16 16
6.000183 187 15 15
6.000183 188 16 16
6.000183 189 18 18
6.000183 190 17 17
6.000183 191 16 16
6.000183 192 16 16
6.000183 194 15 15
6.000183 195 15 15
6.000183 196 15 15
6.000183 197 16 16
6.000183 198 16 16
6.000183 201 16 16
6.000183 202 16 16
6.000183 203 18 18
6.000183 205 15 15
6.000183 206 17 17
6.000183 207 9 9
6.000183 208 14 14
6.000183 211 13 13
6.000183 212 13 13
6.000183 213 13 13
6.000183 214 16 16
6.000183 215 13 13
6.000183 217 14 14
6.000183 218 13 13
6.000183 219 14 14
6.000183 220 16 16
6.000183 221 16 16
6.000183 222 6 6
6.000183 224 15 15
6.000183 226 13 13
6.000183 228 1 1
6.000183 229 15 15
6.000183 230 16 16
6.000183 231 16 16
6.000183 232 13 13
6.000183 233 15 15
6.000183 234 16 16
6.000183 237 14 14
6.000183 238 16 16
6.000183 241 11 11
6.000183 242 14 14
6.000183 243 16 16
6.000183 244 16 16
6.000183 248 6 6
6.000183 249 15 15
6.000183 250 16 16
6.000183 252 16 16
6.000183 253 13 13
6.000183 254 17 17
6.000183 256 13 13
6.000183 257 5 5
6.000183 258 14 14
6.000183 260 18 18
6.000183 262 18 18
6.000183 264 21 21
6.000183 267 17 17
6.000183 268 16 16
6.000183 269 19 19
6.000183 271 11 11
6.000183 272 18 18
6.000183 273 15 15
6.000183 274 15 15
6.000183 275 14 14
6.000183 276 15 15
6.000183 277 9 9
6.000183 278 16 16
6.000183 279 16 16
6.000183 280 18 18
6.000183 281 15 15
6.000183 285 17 17
6.000183 286 15 15
6.000183 288 17 17
6.000183 289 15 15
6.000183 292 9 9
6.000183 293 16 16
6.000183 295 14 14
6.000183 296 16 16
6.000183 299 1 1
6.000183 300 16 16
6.000183 301 15 15
6.000183 302 15 15
6.000183 303 14 14
6.000183 304 16 16
6.000183 305 16 16
6.000183 308 15 15
6.000183 309 16 16
6.000183 311 16 16
6.000183 312 18 18
6.000183 313 15 15
6.000183 314 16 16
6.000183 315 12 12
6.000183 316 15 15
6.000183 317 16 16
6.000183 318 16 16
6.000183 319 15 15
6.000183 320 15 15
6.000183 321 15 15
6.000183 323 16 16
6.000183 325 14 14
6.000183 330 11 11
6.000183 331 16 16
6.000183 332 15 15
6.000183 333 16 16
6.000183 335 13 13
6.000183 336 13 13
6.000183 337 17 17
6.000183 338 16 16
6.000183 339 16 16
6.000183 340 16 16
6.000183 341 15 15
6.000183 344 15 15
6.000183 345 12 12
6.000183 346 18 18
6.000183 347 12 12
6.000183 348 16 16
6.000183 349 16 16
6.000183 350 18 18
6.000183 351 14 14
6.000183 353 16 16
6.000183 354 17 17
6.000183 355 14 14
6.000183 357 14 14
6.000183 358 17 17
6.000183 359 15 15
6.000183 360 16 16
6.000183 361 17 17
6.000183 363 21 21
6.000183 364 15 15
6.000183 365 17 17
6.000183 369 14 14
6.000183 370 7 7
6.000183 371 17 17
6.000183 372 15 15
6.000183 373 16 16
6.000183 374 12 12
6.000183 375 14 14
6.000183 376 20 20
6.000183 379 13 13
6.000183 380 15 15
6.000183 381 17 17
6.000183 382 15 15
6.000183 383 10 10
6.000183 384 15 15
6.000183 387 14 14
6.000183 388 11 11
6.000183 389 16 16
6.000183 391 14 14
6.000183 392 15 15
6.000183 393 16 16
6.000183 394 13 13
6.000183 395 13 13
6.000183 396 13 13
6.000183 397 17 17
6.000183 399 5 5
6.000183 400 13 13
6.000183 402 17 17
6.000183 403 13 13
6.000183 407 17 17
6.000183 408 12 12
6.000183 411 8 8
6.000183 413 16 16
6.000183 417 14 14
6.000183 418 17 17
6.000183 419 15 15
6.000183 421 17 17
6.000183 423 15 15
6.000183 424 15 15
6.000183 425 16 16
6.000183 426 16 16
6.000183 428 16 16
6.000183 433 13 13
6.000183 434 16 16
6.000183 435 16 16
6.000183 436 17 17
6.000183 437 16 16
6.000183 440 15 15
6.000183 441 5 5
6.000183 442 13 13
6.000183 445 12 12
6.000183 447 18 18
6.000183 449 16 16
6.000183 450 15 15
6.000183 452 16 16
6.000183 453 16 16
6.000183 454 14 14
6.000183 455 15 15
6.000183 456 10 10
6.000183 457 15 15
6.000183 458 16 16
6.000183 459 1 1
6.000183 460 16 16
6.000183 461 16 16
6.000183 462 3 3
6.000183 463 16 16
6.000183 466 12 12
6.000183 467 15 15
6.000183 468 17 17
6.000183 469 17 17
6.000183 470 11 11
6.000183 471 19 19
6.000183 472 8 8
6.000183 473 15 15
6.000183 475 15 15
6.000183 476 7 7
6.000183 477 16 16
6.000183 479 16 16
6.000183 480 12 12
6.000183 481 10 10
6.000183 482 15 15
6.000183 483 16 16
6.000183 484 16 16
6.000183 485 11 11
6.000183 486 16 16
6.000183 487 16 16
6.000183 488 14 14
6.000183 489 15 15
6.000183 490 2 2
6.000183 492 15 15
6.000183 493 16 16
6.000183 494 17 17
6.000183 495 16 16
6.000183 496 14 14
6.000183 498 18 18
6.000183 499 16 16
6.000183 500 15 15
6.000183 502 14 14
6.000183 504 14 14
6.000183 505 16 16
6.000183 506 13 13
6.000183 507 13 13
6.000183 508 14 14
6.000183 509 2 2
6.000183 510 17 17
6.000183 511 14 14
6.000183 513 13 13
6.000183 514 14 14
6.000183 515 15 15
6.000183 516 17 17
6.000183 517 16 16
6.000183 518 14 14
6.000183 519 18 18
6.000183 523 15 15
6.000183 525 13 13
6.000183 528 9 9
6.000183 529 16 16
6.000183 530 14 14
6.000183 532 14 14
6.000183 533 14 14
6.000183 534 16 16
6.000183 535 17 17
6.000183 536 16 16
6.000183 538 17 17
6.000183 539 15 15
6.000183 540 15 15
6.000183 541 15 15
6.000183 542 17 17
6.000183 543 15 15
6.000183 544 12 12
6.000183 545 15 15
6.000183 546 13 13
6.000183 547 16 16
6.000183 549 15 15
7.000214 0 7 7
7.000214 4 22 22
7.000214 5 4 4
7.000214 6 22 22
7.000214 9 24 24
7.000214 10 25 25
7.000214 11 22 22
7.000214 12 2 2
7.000214 15 20 20
7.000214 17 30 30
7.000214 18 24 24
7.000214 21 20 20
7.000214 23 30 30
7.000214 25 16 16
7.000214 26 28 28
7.000214 27 36 36
7.000214 28 27 27
7.000214 29 27 27
7.000214 31 29 29
7.000214 32 20 20
7.000214 34 22 22
7.000214 35 25 25
7.000214 36 1 1
7.000214 39 21 21
7.000214 41 30 30
7.000214 43 29 29
7.000214 47 21 21
7.000214 49 31 31
7.000214 50 17 17
7.000214 51 31 31
7.000214 53 27 27
7.000214 55 27 27
7.000214 57 25 25
7.000214 62 19 19
7.000214 63 27 27
7.000214 64 22 22
7.000214 66 25 25
7.000214 68 20 20
7.000214 72 27 27
7.000214 73 22 22
7.000214 74 4 4
7.000214 76 29 29
7.000214 79 30 30
7.000214 80 18 18
7.000214 81 27 27
7.000214 83 29 29
7.000214 85 20 20
7.000214 87 17 17
7.000214 88 25 25
7.000214 91 16 16
7.000214 92 7 7
7.000214 95 21 21
7.000214 96 2 2
7.000214 97 5 5
7.000214 99 6 6
7.000214 100 25 25
7.000214 102 22 22
7.000214 104 16 16
7.000214 105 22 22
7.000214 106 23 23
7.000214 108 23 23
7.000214 111 16 16
7.000214 113 29 29
7.000214 115 24 24
7.000214 118 21 21
7.000214 119 22 22
7.000214 120 30 30
7.000214 123 28 28
7.000214 129 32 32
7.000214 132 22 22
7.000214 133 25 25
7.000214 137 27 27
7.000214 138 25 25
7.000214 141 19 19
7.000214 142 19 19
7.000214 144 21 21
7.000214 145 25 25
7.000214 146 17 17
7.000214 149 19 19
7.000214 150 25 25
7.000214 152 1 1
7.000214 154 23 23
7.000214 155 32 32
7.000214 159 15 15
7.000214 162 22 22
7.000214 167 8 8
7.000214 168 29 29
7.000214 171 23 23
7.000214 172 27 27
7.000214 174 22 22
7.000214 177 17 17
7.000214 178 26 26
7.000214 179 25 25
7.000214 182 22 22
7.000214 184 29 29
7.000214 185 24 24
7.000214 186 22 22
7.000214 187 28 28
7.000214 188 12 12
7.000214 189 28 28
7.000214 191 23 23
7.000214 192 24 24
7.000214 194 21 21
7.000214 195 26 26
7.000214 196 24 24
7.000214 197 29 29
7.000214 198 23 23
7.000214 203 29 29
7.000214 206 26 26
7.000214 208 20 20
7.000214 211 21 21
7.000214 212 22 22
7.000214 213 23 23
7.000214 214 25 25
7.000214 215 16 16
7.000214 218 21 21
7.000214 219 24 24
7.000214 220 28 28
7.000214 221 21 21
7.000214 229 24 24
7.000214 231 25 25
7.000214 233 24 24
7.000214 238 24 24
7.000214 241 17 17
7.000214 242 19 19
7.000214 244 24 24
7.000214 249 24 24
7.000214 256 18 18
7.000214 258 14 14
7.000214 262 30 30
7.000214 268 27 27
7.000214 271 16 16
7.000214 272 29 29
7.000214 273 24 24
7.000214 274 1 1
7.000214 276 23 23
7.000214 278 26 26
7.000214 279 28 28
7.000214 280 31 31
7.000214 288 28 28
7.000214 289 27 27
7.000214 292 9 9
7.000214 293 28 28
7.000214 295 18 18
7.000214 296 23 23
7.000214 300 26 26
7.000214 301 2 2
7.000214 303 17 17
7.000214 304 28 28
7.000214 305 26 26
7.000214 312 28 28
7.000214 314 27 27
7.000214 315 20 20
7.000214 316 24 24
7.000214 317 1 1
7.000214 318 26 26
7.000214 319 27 27
7.000214 325 25 25
7.000214 330 17 17
7.000214 331 28 28
7.000214 332 24 24
7.000214 336 19 19
7.000214 338 25 25
7.000214 339 26 26
7.000214 340 28 28
7.000214 341 20 20
7.000214 345 15 15
7.000214 346 27 27
7.000214 348 27 27
7.000214 349 3 3
7.000214 350 26 26
7.000214 351 17 17
7.000214 353 27 27
7.000214 354 28 28
7.000214 355 21 21
7.000214 357 7 7
7.000214 358 28 28
7.000214 359 21 21
7.000214 360 26 26
7.000214 361 28 28
7.000214 363 33 33
7.000214 364 26 26
7.000214 365 27 27
7.000214 369 23 23
7.000214 371 27 27
7.000214 372 24 24
7.000214 373 23 23
7.000214 376 32 32
7.000214 380 27 27
7.000214 381 26 26
7.000214 382 27 27
7.000214 384 21 21
7.000214 387 19 19
7.000214 388 16 16
7.000214 391 22 22
7.000214 392 18 18
7.000214 393 25 25
7.000214 394 18 18
7.000214 395 20 20
7.000214 396 20 20
7.000214 397 30 30
7.000214 400 20 20
7.000214 402 26 26
7.000214 407 25 25
7.000214 411 16 16
7.000214 413 23 23
7.000214 417 24 24
7.000214 418 30 30
7.000214 421 27 27
7.000214 428 28 28
7.000214 434 18 18
7.000214 435 26 26
7.000214 440 21 21
7.000214 447 28 28
7.000214 449 27 27
7.000214 450 24 24
7.000214 454 25 25
7.000214 455 19 19
7.000214 458 22 22
7.000214 460 24 24
7.000214 461 24 24
7.000214 463 24 24
7.000214 468 28 28
7.000214 469 27 27
7.000214 470 18 18
7.000214 471 30 30
7.000214 475 28 28
7.000214 477 25 25
7.000214 479 25 25
7.000214 482 19 19
7.000214 483 27 27
7.000214 484 27 27
7.000214 485 17 17
7.000214 486 30 30
7.000214 488 20 20
7.000214 489 24 24
7.000214 492 24 24
7.000214 495 25 25
7.000214 496 23 23
7.000214 499 27 27
7.000214 504 20 20
7.000214 505 26 26
7.000214 506 20 20
7.000214 507 19 19
7.000214 508 20 20
7.000214 510 27 27
7.000214 511 23 23
7.000214 514 24 24
7.000214 516 32 32
7.000214 518 19 19
7.000214 523 29 29
7.000214 525 22 22
7.000214 529 26 26
7.000214 533 20 20
7.000214 535 28 28
7.000214 536 22 22
7.000214 538 23 23
7.000214 539 22 22
7.000214 540 24 24
7.000214 541 24 24
7.000214 543 26 26
7.000214 544 18 18
7.000214 545 10 10
7.000214 546 25 25
7.000214 549 23 23
8.000244 9 40 40
8.000244 10 37 37
8.000244 11 29 29
8.000244 15 37 37
8.000244 17 42 42
8.000244 21 32 32
8.000244 23 49 49
8.000244 25 29 29
8.000244 26 43 43
8.000244 27 24 24
8.000244 28 34 34
8.000244 31 28 28
8.000244 32 34 34
8.000244 34 36 36
8.000244 41 1 1
8.000244 43 45 45
8.000244 47 36 36
8.000244 49 47 47
8.000244 51 53 53
8.000244 53 41 41
8.000244 63 34 34
8.000244 66 39 39
8.000244 68 34 34
8.000244 72 42 42
8.000244 73 34 34
8.000244 76 43 43
8.000244 79 21 21
8.000244 80 32 32
8.000244 81 43 43
8.000244 83 46 46
8.000244 85 34 34
8.000244 91 29 29
8.000244 95 32 32
8.000244 100 2 2
8.000244 105 12 12
8.000244 106 37 37
8.000244 115 39 39
8.000244 118 32 32
8.000244 132 32 32
8.000244 133 35 35
8.000244 137 41 41
8.000244 138 35 35
8.000244 142 32 32
8.000244 144 32 32
8.000244 145 40 40
8.000244 150 12 12
8.000244 155 4 4
8.000244 168 35 35
8.000244 171 40 40
8.000244 172 45 45
8.000244 174 3 3
8.000244 177 29 29
8.000244 179 38 38
8.000244 184 42 42
8.000244 185 39 39
8.000244 186 36 36
8.000244 187 36 36
8.000244 191 36 36
8.000244 192 36 36
8.000244 194 32 32
8.000244 195 36 36
8.000244 198 37 37
8.000244 203 40 40
8.000244 206 40 40
8.000244 208 32 32
8.000244 211 33 33
8.000244 212 33 33
8.000244 213 37 37
8.000244 218 35 35
8.000244 219 36 36
8.000244 220 25 25
8.000244 229 36 36
8.000244 231 35 35
8.000244 233 34 34
8.000244 238 34 34
8.000244 241 28 28
8.000244 242 32 32
8.000244 244 3 3
8.000244 249 38 38
8.000244 256 31 31
8.000244 262 49 49
8.000244 268 2 2
8.000244 271 29 29
8.000244 273 35 35
8.000244 276 40 40
8.000244 279 38 38
8.000244 288 19 19
8.000244 293 45 45
8.000244 296 36 36
8.000244 300 39 39
8.000244 304 45 45
8.000244 305 39 39
8.000244 312 44 44
8.000244 314 45 45
8.000244 316 33 33
8.000244 318 42 42
8.000244 319 11 11
8.000244 325 37 37
8.000244 331 15 15
8.000244 332 38 38
8.000244 336 26 26
8.000244 338 42 42
8.000244 340 38 38
8.000244 345 29 29
8.000244 346 43 43
8.000244 348 8 8
8.000244 350 32 32
8.000244 351 32 32
8.000244 353 38 38
8.000244 354 39 39
8.000244 355 33 33
8.000244 358 33 33
8.000244 359 36 36
8.000244 360 30 30
8.000244 361 34 34
8.000244 363 56 56
8.000244 364 37 37
8.000244 365 37 37
8.000244 369 37 37
8.000244 371 22 22
8.000244 373 36 36
8.000244 376 41 41
8.000244 380 24 24
8.000244 381 41 41
8.000244 382 36 36
8.000244 384 37 37
8.000244 387 1 1
8.000244 391 35 35
8.000244 392 33 33
8.000244 397 44 44
8.000244 400 32 32
8.000244 402 39 39
8.000244 407 14 14
8.000244 411 27 27
8.000244 418 38 38
8.000244 428 37 37
8.000244 435 45 45
8.000244 447 42 42
8.000244 449 43 43
8.000244 454 38 38
8.000244 458 36 36
8.000244 460 33 33
8.000244 461 31 31
8.000244 463 40 40
8.000244 468 47 47
8.000244 470 28 28
8.000244 471 47 47
8.000244 475 40 40
8.000244 479 41 41
8.000244 483 39 39
8.000244 484 34 34
8.000244 485 29 29
8.000244 486 47 47
8.000244 488 29 29
8.000244 495 41 41
8.000244 496 32 32
8.000244 499 29 29
8.000244 504 36 36
8.000244 507 28 28
8.000244 508 33 33
8.000244 510 42 42
8.000244 511 32 32
8.000244 516 12 12
8.000244 518 32 32
8.000244 533 34 34
8.000244 536 32 32
8.000244 538 26 26
8.000244 539 34 34
8.000244 540 38 38
8.000244 541 36 36
8.000244 543 35 35
8.000244 544 32 32
8.000244 546 36 36
8.000244 549 5 5
9.000275 10 17 17
9.000275 11 41 41
9.000275 15 42 42
9.000275 17 40 40
9.000275 21 3 3
9.000275 23 1 1
9.000275 25 44 44
9.000275 28 59 59
9.000275 32 52 52
9.000275 34 20 20
9.000275 47 60 60
9.000275 49 76 76
9.000275 53 68 68
9.000275 68 1 1
9.000275 72 7 7
9.000275 73 59 59
9.000275 76 64 64
9.000275 80 49 49
9.000275 81 68 68
9.000275 83 22 22
9.000275 85 29 29
9.000275 91 40 40
9.000275 95 55 55
9.000275 106 54 54
9.000275 115 61 61
9.000275 118 59 59
9.000275 133 63 63
9.000275 137 59 59
9.000275 142 54 54
9.000275 144 57 57
9.000275 145 59 59
9.000275 168 62 62
9.000275 171 70 70
9.000275 172 61 61
9.000275 177 47 47
9.000275 179 63 63
9.000275 185 62 62
9.000275 186 62 62
9.000275 187 66 66
9.000275 194 59 59
9.000275 195 59 59
9.000275 198 62 62
9.000275 203 68 68
9.000275 206 14 14
9.000275 208 46 46
9.000275 211 47 47
9.000275 212 51 51
9.000275 218 41 41
9.000275 219 45 45
9.000275 229 48 48
9.000275 231 5 5
9.000275 233 61 61
9.000275 238 4 4
9.000275 241 40 40
9.000275 242 49 49
9.000275 249 61 61
9.000275 256 50 50
9.000275 262 7 7
9.000275 271 27 27
9.000275 276 61 61
9.000275 279 65 65
9.000275 293 71 71
9.000275 296 64 64
9.000275 300 66 66
9.000275 304 69 69
9.000275 305 64 64
9.000275 312 65 65
9.000275 314 65 65
9.000275 316 4 4
9.000275 318 66 66
9.000275 325 61 61
9.000275 332 45 45
9.000275 340 66 66
9.000275 345 37 37
9.000275 346 69 69
9.000275 351 54 54
9.000275 353 35 35
9.000275 354 66 66
9.000275 355 49 49
9.000275 359 53 53
9.000275 363 85 85
9.000275 364 62 62
9.000275 365 7 7
9.000275 381 66 66
9.000275 382 64 64
9.000275 384 50 50
9.000275 391 58 58
9.000275 392 59 59
9.000275 397 67 67
9.000275 400 51 51
9.000275 402 62 62
9.000275 411 23 23
9.000275 435 27 27
9.000275 447 78 78
9.000275 454 57 57
9.000275 458 1 1
9.000275 460 59 59
9.000275 463 48 48
9.000275 468 40 40
9.000275 470 45 45
9.000275 471 80 80
9.000275 475 63 63
9.000275 479 2 2
9.000275 483 36 36
9.000275 484 30 30
9.000275 485 43 43
9.000275 488 52 52
9.000275 495 66 66
9.000275 496 56 56
9.000275 504 55 55
9.000275 507 52 52
9.000275 508 54 54
9.000275 510 73 73
9.000275 511 48 48
9.000275 518 49 49
9.000275 533 59 59
9.000275 536 59 59
9.000275 539 56 56
9.000275 541 1 1
9.000275 543 60 60
9.000275 544 48 48
9.000275 546 32 32
10.000305 25 68 68
10.000305 28 35 35
10.000305 32 86 86
10.000305 47 93 93
10.000305 49 96 96
10.000305 53 5 5
10.000305 73 86 86
10.000305 76 9 9
10.000305 80 5 5
10.000305 81 113 113
10.000305 91 7 7
10.000305 95 85 85
10.000305 106 91 91
10.000305 115 100 100
10.000305 133 101 101
10.000305 137 27 27
10.000305 142 69 69
10.000305 144 71 71
10.000305 145 12 12
10.000305 168 104 104
10.000305 171 97 97
10.000305 172 18 18
10.000305 177 36 36
10.000305 179 78 78
10.000305 185 95 95
10.000305 186 93 93
10.000305 187 109 109
10.000305 194 87 87
10.000305 195 97 97
10.000305 198 93 93
10.000305 203 116 116
10.000305 211 27 27
10.000305 212 87 87
10.000305 233 101 101
10.000305 242 80 80
10.000305 256 70 70
10.000305 276 94 94
10.000305 279 107 107
10.000305 293 82 82
10.000305 296 88 88
10.000305 300 64 64
10.000305 304 108 108
10.000305 305 44 44
10.000305 312 102 102
10.000305 314 71 71
10.000305 318 100 100
10.000305 325 82 82
10.000305 332 3 3
10.000305 340 110 110
10.000305 345 9 9
10.000305 346 36 36
10.000305 351 78 78
10.000305 354 60 60
10.000305 355 78 78
10.000305 359 59 59
10.000305 363 135 135
10.000305 364 50 50
10.000305 381 105 105
10.000305 382 45 45
10.000305 384 14 14
10.000305 391 2 2
10.000305 392 82 82
10.000305 397 28 28
10.000305 400 81 81
10.000305 402 100 100
10.000305 447 123 123
10.000305 454 14 14
10.000305 460 99 99
10.000305 470 75 75
10.000305 471 105 105
10.000305 475 1 1
10.000305 485 71 71
10.000305 488 41 41
10.000305 495 107 107
10.000305 496 85 85
10.000305 504 89 89
10.000305 507 75 75
10.000305 508 87 87
10.000305 510 110 110
10.000305 511 13 13
10.000305 518 78 78
10.000305 533 6 6
10.000305 536 81 81
10.000305 539 84 84
10.000305 543 5 5
10.000305 544 71 71
11.000336 25 19 19
11.000336 32 5 5
11.000336 47 97 97
11.000336 49 58 58
11.000336 73 137 137
11.000336 81 168 168
11.000336 95 138 138
11.000336 106 125 125
11.000336 115 155 155
11.000336 133 157 157
11.000336 142 23 23
11.000336 168 125 125
11.000336 171 158 158
11.000336 177 2 2
11.000336 179 58 58
11.000336 185 99 99
11.000336 186 148 148
11.000336 187 65 65
11.000336 194 123 123
11.000336 195 147 147
11.000336 198 39 39
11.000336 203 175 175
11.000336 212 90 90
11.000336 233 152 152
11.000336 242 102 102
11.000336 276 129 129
11.000336 279 67 67
11.000336 293 19 19
11.000336 296 116 116
11.000336 304 95 95
11.000336 305 19 19
11.000336 312 49 49
11.000336 314 3 3
11.000336 318 52 52
11.000336 325 84 84
11.000336 340 98 98
11.000336 351 129 129
11.000336 354 30 30
11.000336 355 138 138
11.000336 359 23 23
11.000336 363 213 213
11.000336 364 15 15
11.000336 381 160 160
11.000336 392 51 51
11.000336 400 129 129
11.000336 402 144 144
11.000336 447 187 187
11.000336 460 103 103
11.000336 470 114 114
11.000336 471 47 47
11.000336 485 42 42
11.000336 495 101 101
11.000336 496 132 132
11.000336 504 145 145
11.000336 507 122 122
11.000336 508 86 86
11.000336 510 182 182
11.000336 518 108 108
11.000336 536 28 28
11.000336 539 105 105
11.000336 544 125 125
12.000366 25 6 6
12.000366 47 91 91
12.000366 49 12 12
12.000366 73 125 125
12.000366 81 133 133
12.000366 95 222 222
12.000366 106 57 57
12.000366 115 209 209
12.000366 133 196 196
12.000366 168 175 175
12.000366 171 245 245
12.000366 179 8 8
12.000366 185 45 45
12.000366 186 185 185
12.000366 194 152 152
12.000366 195 231 231
12.000366 198 23 23
12.000366 203 282 282
12.000366 212 6 6
12.000366 233 215 215
12.000366 242 86 86
12.000366 296 149 149
12.000366 304 41 41
12.000366 312 23 23
12.000366 318 9 9
12.000366 325 13 13
12.000366 340 55 55
12.000366 351 203 203
12.000366 354 7 7
12.000366 355 154 154
12.000366 359 2 2
12.000366 363 244 244
12.000366 381 260 260
12.000366 392 28 28
12.000366 400 210 210
12.000366 402 188 188
12.000366 447 307 307
12.000366 460 42 42
12.000366 470 136 136
12.000366 471 32 32
12.000366 485 18 18
12.000366 495 11 11
12.000366 496 186 186
12.000366 504 196 196
12.000366 507 172 172
12.000366 508 27 27
12.000366 510 261 261
12.000366 518 85 85
12.000366 539 106 106
12.000366 544 148 148
13.000397 47 35 35
13.000397 73 87 87
13.000397 81 50 50
13.000397 95 319 319
13.000397 106 2 2
13.000397 115 147 147
13.000397 133 256 256
13.000397 168 175 175
13.000397 171 256 256
13.000397 185 15 15
13.000397 186 157 157
13.000397 194 179 179
13.000397 195 380 380
13.000397 203 343 343
13.000397 233 279 279
13.000397 242 27 27
13.000397 296 149 149
13.000397 304 8 8
13.000397 340 21 21
13.000397 351 317 317
13.000397 355 138 138
13.000397 363 166 166
13.000397 381 327 327
13.000397 392 16 16
13.000397 400 323 323
13.000397 402 233 233
13.000397 447 464 464
13.000397 460 9 9
13.000397 470 107 107
13.000397 471 21 21
13.000397 485 2 2
13.000397 496 222 222
13.000397 504 118 118
13.000397 507 102 102
13.000397 508 24 24
13.000397 510 228 228
13.000397 518 18 18
13.000397 539 69 69
13.000397 544 160 160
14.000427 47 2 2
14.000427 73 66 66
14.000427 81 14 14
14.000427 95 438 438
14.000427 115 128 128
14.000427 133 239 239
14.000427 168 184 184
14.000427 171 229 229
14.000427 186 137 137
14.000427 194 234 234
14.000427 195 537 537
14.000427 203 261 261
14.000427 233 180 180
14.000427 296 170 170
14.000427 340 16 16
14.000427 351 365 365
14.000427 355 66 66
14.000427 363 117 117
14.000427 381 423 423
14.000427 392 11 11
14.000427 400 487 487
14.000427 402 263 263
14.000427 447 633 633
14.000427 470 119 119
14.000427 471 15 15
14.000427 496 211 211
14.000427 504 69 69
14.000427 507 25 25
14.000427 508 21 21
14.000427 510 131 131
14.000427 518 15 15
14.000427 539 41 41
14.000427 544 133 133
15.000458 73 28 28
15.000458 95 594 594
15.000458 115 84 84
15.000458 133 223 223
15.000458 168 171 171
15.000458 171 167 167
15.000458 186 101 101
15.000458 194 269 269
15.000458 195 639 639
15.000458 203 261 261
15.000458 233 136 136
15.000458 296 172 172
15.000458 351 325 325
15.000458 355 59 59
15.000458 363 111 111
15.000458 381 542 542
15.000458 400 477 477
15.000458 402 278 278
15.000458 447 688 688
15.000458 470 137 137
15.000458 496 207 207
15.000458 504 64 64
15.000458 508 14 14
15.000458 510 119 119
15.000458 518 7 7
15.000458 539 26 26
15.000458 544 113 113
16.000488 73 32 32
16.000488 95 725 725
16.000488 115 71 71
16.000488 133 135 135
16.000488 168 220 220
16.000488 171 112 112
16.000488 186 17 17
16.000488 194 280 280
16.000488 195 784 784
16.000488 203 203 203
16.000488 233 57 57
16.000488 296 242 242
16.000488 351 302 302
16.000488 355 50 50
16.000488 363 87 87
16.000488 381 634 634
16.000488 400 477 477
16.000488 402 274 274
16.000488 447 693 693
16.000488 470 158 158
16.000488 496 186 186
16.000488 504 77 77
16.000488 510 119 119
16.000488 544 77 77
17.000519 73 40 40
17.000519 95 985 985
17.000519 115 77 77
17.000519 133 120 120
17.000519 168 219 219
17.000519 171 43 43
17.000519 194 334 334
17.000519 195 847 847
17.000519 203 173 173
17.000519 233 25 25
17.000519 296 234 234
17.000519 351 247 247
17.000519 363 83 83
17.000519 381 638 638
17.000519 400 362 362
17.000519 402 251 251
17.000519 447 776 776
17.000519 470 152 152
17.000519 496 125 125
17.000519 504 67 67
17.000519 510 127 127
17.000519 544 90 90
18.000549 73 50 50
18.000549 95 1095 1095
18.000549 115 73 73
18.000549 133 135 135
18.000549 168 223 223
18.000549 171 2 2
18.000549 194 404 404
18.000549 195 900 900
18.000549 203 160 160
18.000549 233 27 27
18.000549 296 215 215
18.000549 351 175 175
18.000549 363 58 58
18.000549 381 637 637
18.000549 400 309 309
18.000549 402 260 260
18.000549 447 730 730
18.000549 470 94 94
18.000549 496 105 105
18.000549 504 75 75
18.000549 510 153 153
18.000549 544 96 96
19.000580 73 33 33
19.000580 95 1164 1164
19.000580 115 48 48
19.000580 133 159 159
19.000580 168 241 241
19.000580 194 510 510
19.000580 195 851 851
19.000580 203 116 116
19.000580 233 30 30
19.000580 296 213 213
19.000580 351 185 185
19.000580 363 43 43
19.000580 381 685 685
19.000580 400 272 272
19.000580 402 269 269
19.000580 447 711 711
19.000580 496 107 107
19.000580 504 52 52
19.000580 510 196 196
19.000580 544 108 108
20.000610 73 23 23
20.000610 95 1188 1188
20.000610 115 63 63
20.000610 133 155 155
20.000610 168 231 231
20.000610 194 582 582
20.000610 195 763 763
20.000610 203 92 92
20.000610 233 6 6
20.000610 296 192 192
20.000610 351 206 206
20.000610 363 45 45
20.000610 381 727 727
20.000610 400 250 250
20.000610 402 253 253
20.000610 447 722 722
20.000610 496 90 90
20.000610 504 4 4
20.000610 510 266 266
20.000610 544 136 136
21.000641 73 6 6
21.000641 95 1212 1212
21.000641 115 97 97
21.000641 133 163 163
21.000641 168 189 189
21.000641 194 549 549
21.000641 195 741 741
21.000641 203 43 43
21.000641 296 220 220
21.000641 351 185 185
21.000641 363 37 37
21.000641 381 723 723
21.000641 400 281 281
21.000641 402 242 242
21.000641 447 749 749
21.000641 496 94 94
21.000641 510 318 318
21.000641 544 146 146
22.000671 95 1313 1313
22.000671 115 98 98
22.000671 133 162 162
22.000671 168 148 148
22.000671 194 445 445
22.000671 195 775 775
22.000671 203 8 8
22.000671 296 253 253
22.000671 351 152 152
22.000671 363 40 40
22.000671 381 698 698
22.000671 400 315 315
22.000671 402 239 239
22.000671 447 713 713
22.000671 496 91 91
22.000671 510 307 307
22.000671 544 206 206
23.000702 95 1436 1436
23.000702 115 118 118
23.000702 133 136 136
23.000702 168 147 147
23.000702 194 420 420
23.000702 195 773 773
23.000702 296 228 228
23.000702 351 144 144
23.000702 363 45 45
23.000702 381 685 685
23.000702 400 287 287
23.000702 402 223 223
23.000702 447 669 669
23.000702 496 107 107
23.000702 510 333 333
23.000702 544 226 226
24.000732 95 1538 1538
24.000732 115 143 143
24.000732 133 115 115
24.000732 168 151 151
24.000732 194 406 406
24.000732 195 753 753
24.000732 296 125 125
24.000732 351 161 161
24.000732 363 35 35
24.000732 381 829 829
24.000732 400 224 224
24.000732 402 199 199
24.000732 447 728 728
24.000732 496 106 106
24.000732 510 295 295
24.000732 544 191 191
25.000763 95 1678 1678
25.000763 115 188 188
25.000763 133 108 108
25.000763 168 160 160
25.000763 194 419 419
25.000763 195 791 791
25.000763 296 48 48
25.000763 351 180 180
25.000763 363 46 46
25.000763 381 811 811
25.000763 400 202 202
25.000763 402 166 166
25.000763 447 734 734
25.000763 496 2 2
25.000763 510 373 373
25.000763 544 129 129
26.000793 95 1699 1699
26.000793 115 129 129
26.000793 133 108 108
26.000793 168 159 159
26.000793 194 446 446
26.000793 195 831 831
26.000793 296 53 53
26.000793 351 204 204
26.000793 363 43 43
26.000793 381 732 732
26.000793 400 221 221
26.000793 402 162 162
26.000793 447 704 704
26.000793 510 413 413
26.000793 544 63 63
27.000824 95 1733 1733
27.000824 115 25 25
27.000824 133 121 121
27.000824 168 127 127
27.000824 194 477 477
27.000824 195 933 933
27.000824 296 43 43
27.000824 351 202 202
27.000824 363 36 36
27.000824 381 740 740
27.000824 400 286 286
27.000824 402 137 137
27.000824 447 669 669
27.000824 510 481 481
27.000824 544 24 24
28.000854 95 1805 1805
28.000854 133 53 53
28.000854 168 110 110
28.000854 194 479 479
28.000854 195 981 981
28.000854 296 25 25
28.000854 351 190 190
28.000854 363 37 37
28.000854 381 732 732
28.000854 400 339 339
28.000854 402 143 143
28.000854 447 652 652
28.000854 510 422 422
29.000885 95 1825 1825
29.000885 133 22 22
29.000885 168 134 134
29.000885 194 467 467
29.000885 195 1082 1082
29.000885 351 190 190
29.000885 363 29 29
29.000885 381 751 751
29.000885 400 332 332
29.000885 402 111 111
29.000885 447 657 657
29.000885 510 395 395
30.000916 95 1996 1996
30.000916 168 111 111
30.000916 194 512 512
30.000916 195 1213 1213
30.000916 351 134 134
30.000916 363 14 14
30.000916 381 659 659
30.000916 400 276 276
30.000916 402 56 56
30.000916 447 688 688
30.000916 510 374 374
31.000946 95 2053 2053
31.000946 168 115 115
31.000946 194 510 510
31.000946 195 1255 1255
31.000946 351 19 19
31.000946 381 670 670
31.000946 400 269 269
31.000946 402 47 47
31.000946 447 674 674
31.000946 510 326 326
32.000977 95 2217 2217
32.000977 168 91 91
32.000977 194 621 621
32.000977 195 1212 1212
32.000977 351 6 6
32.000977 381 595 595
32.000977 400 248 248
32.000977 402 33 33
32.000977 447 690 690
32.000977 510 271 271
33.001007 95 2304 2304
33.001007 168 42 42
33.001007 194 797 797
33.001007 195 1167 1167
33.001007 381 493 493
33.001007 400 229 229
33.001007 402 21 21
33.001007 447 728 728
33.001007 510 190 190
34.001038 95 2390 2390
34.001038 168 1 1
34.001038 194 888 888
34.001038 195 1068 1068
34.001038 381 469 469
34.001038 400 155 155
34.001038 402 31 31
34.001038 447 846 846
34.001038 510 144 144
35.001068 95 2411 2411
35.001068 194 896 896
35.001068 195 1018 1018
35.001068 381 423 423
35.001068 400 129 129
35.001068 402 35 35
35.001068 447 924 924
35.001068 510 121 121
36.001099 95 2360 2360
36.001099 194 903 903
36.001099 195 1042 1042
36.001099 381 380 380
36.001099 400 145 145
36.001099 402 32 32
36.001099 447 1031 1031
36.001099 510 69 69
37.001129 95 2408 2408
37.001129 194 821 821
37.001129 195 1079 1079
37.001129 381 317 317
37.001129 400 136 136
37.001129 402 17 17
37.001129 447 1127 1127
37.001129 510 63 63
38.001160 95 2458 2458
38.001160 194 792 792
38.001160 195 1140 1140
38.001160 381 221 221
38.001160 400 181 181
38.001160 447 1154 1154
38.001160 510 95 95
39.001190 95 2571 2571
39.001190 194 788 788
39.001190 195 1102 1102
39.001190 381 145 145
39.001190 400 113 113
39.001190 447 1192 1192
39.001190 510 51 51
40.001221 95 2749 2749
40.001221 194 702 702
40.001221 195 1026 1026
40.001221 381 82 82
40.001221 400 97 97
40.001221 447 1301 1301
40.001221 510 26 26
41.001251 95 2967 2967
41.001251 194 643 643
41.001251 195 998 998
41.001251 381 32 32
41.001251 400 128 128
41.001251 447 1253 1253
42.001282 95 3271 3271
42.001282 194 443 443
42.001282 195 940 940
42.001282 381 26 26
42.001282 400 123 123
42.001282 447 1218 1218
43.001312 95 3533 3533
43.001312 194 273 273
43.001312 195 865 865
43.001312 381 24 24
43.001312 400 150 150
43.001312 447 1180 1180
44.001343 95 3661 3661
44.001343 194 166 166
44.001343 195 785 785
44.001343 381 24 24
44.001343 400 203 203
44.001343 447 1180 1180
45.001373 95 3819 3819
45.001373 194 84 84
45.001373 195 741 741
45.001373 381 1 1
45.001373 400 245 245
45.001373 447 1130 1130
46.001404 95 3923 3923
46.001404 194 18 18
46.001404 195 703 703
46.001404 400 320 320
46.001404 447 1069 1069
47.001434 95 4036 4036
47.001434 195 659 659
47.001434 400 355 355
47.001434 447 961 961
48.001465 95 4141 4141
48.001465 195 611 611
48.001465 400 405 405
48.001465 447 857 857
49.001495 95 4283 4283
49.001495 195 547 547
49.001495 400 409 409
49.001495 447 755 755
50.001526 95 4539 4539
50.001526 195 531 531
50.001526 400 261 261
50.001526 447 619 619
51.001556 95 4824 4824
51.001556 195 548 548
51.001556 400 145 145
51.001556 447 450 450
52.001587 95 5026 5026
52.001587 195 562 562
52.001587 400 103 103
52.001587 447 337 337
53.001617 95 5031 5031
53.001617 195 603 603
53.001617 400 84 84
53.001617 447 266 266
54.001648 95 5057 5057
54.001648 195 730 730
54.001648 400 58 58
54.001648 447 157 157
55.001678 95 4998 4998
55.001678 195 801 801
55.001678 400 59 59
55.001678 447 128 128
56.001709 95 4944 4944
56.001709 195 926 926
56.001709 400 53 53
56.001709 447 91 91
57.001740 95 4823 4823
57.001740 195 1054 1054
57.001740 400 49 49
57.001740 447 77 77
58.001770 95 4691 4691
58.001770 195 1156 1156
58.001770 400 51 51
58.001770 447 85 85
59.001801 95 4744 4744
59.001801 195 1201 1201
59.001801 400 46 46
59.001801 447 52 52
60.001831 95 4604 4604
60.001831 195 1293 1293
60.001831 400 52 52
60.001831 447 58 58
61.001862 95 4517 4517
61.001862 195 1349 1349
61.001862 400 68 68
61.001862 447 69 69
62.001892 95 4335 4335
62.001892 195 1560 1560
62.001892 400 68 68
62.001892 447 30 30
63.001923 95 4315 4315
63.001923 195 1613 1613
63.001923 400 97 97
63.001923 447 8 8
64.001953 95 4332 4332
64.001953 195 1544 1544
64.001953 400 115 115
65.001984 95 4341 4341
65.001984 195 1599 1599
65.001984 400 70 70
66.002014 95 4332 4332
66.002014 195 1628 1628
66.002014 400 45 45
67.002045 95 4281 4281
67.002045 195 1678 1678
67.002045 400 35 35
68.002075 95 4241 4241
68.002075 195 1714 1714
68.002075 400 26 26
69.002106 95 4333 4333
69.002106 195 1669 1669
70.002136 95 4404 4404
70.002136 195 1631 1631
71.002167 95 4446 4446
71.002167 195 1581 1581
