0.000000 0 1 1
0.000000 1 1 1
0.000000 2 1 1
0.000000 3 1 1
0.000000 4 1 1
0.000000 5 1 1
0.000000 6 1 1
0.000000 7 1 1
0.000000 8 1 1
0.000000 9 1 1
0.000000 10 1 1
0.000000 11 1 1
0.000000 12 1 1
0.000000 13 1 1
0.000000 14 1 1
0.000000 15 1 1
0.000000 16 1 1
0.000000 17 1 1
0.000000 18 1 1
0.000000 19 1 1
0.000000 20 1 1
0.000000 21 1 1
0.000000 22 1 1
0.000000 23 1 1
0.000000 24 1 1
0.000000 25 1 1
0.000000 26 1 1
0.000000 27 1 1
0.000000 28 1 1
0.000000 30 1 1
0.000000 31 1 1
0.000000 32 1 1
0.000000 33 1 1
0.000000 34 1 1
0.000000 35 1 1
0.000000 36 1 1
0.000000 37 1 1
0.000000 38 1 1
0.000000 39 1 1
0.000000 40 1 1
0.000000 41 1 1
0.000000 43 1 1
0.000000 44 1 1
0.000000 45 1 1
0.000000 46 1 1
0.000000 48 1 1
0.000000 50 1 1
0.000000 51 1 1
0.000000 55 1 1
0.000000 56 1 1
0.000000 57 1 1
0.000000 58 1 1
0.000000 60 1 1
0.000000 61 1 1
0.000000 62 1 1
0.000000 64 1 1
0.000000 65 1 1
0.000000 66 1 1
0.000000 67 1 1
0.000000 68 1 1
0.000000 70 1 1
0.000000 71 1 1
0.000000 72 1 1
0.000000 73 1 1
0.000000 74 1 1
0.000000 75 1 1
0.000000 76 1 1
0.000000 78 1 1
0.000000 80 1 1
0.000000 81 1 1
0.000000 83 1 1
0.000000 84 1 1
0.000000 85 1 1
0.000000 86 1 1
0.000000 87 1 1
0.000000 88 1 1
0.000000 89 1 1
0.000000 90 1 1
0.000000 91 1 1
0.000000 92 1 1
0.000000 93 1 1
0.000000 94 1 1
0.000000 95 1 1
0.000000 96 1 1
0.000000 97 1 1
0.000000 98 1 1
0.000000 99 1 1
0.000000 100 1 1
0.000000 101 1 1
0.000000 102 1 1
0.000000 103 1 1
0.000000 104 1 1
0.000000 105 1 1
0.000000 106 1 1
0.000000 107 1 1
0.000000 108 1 1
0.000000 109 1 1
0.000000 110 1 1
0.000000 111 1 1
0.000000 112 1 1
0.000000 113 1 1
0.000000 114 1 1
0.000000 115 1 1
0.000000 116 1 1
0.000000 118 1 1
0.000000 119 1 1
0.000000 120 1 1
0.000000 121 1 1
0.000000 122 1 1
0.000000 123 1 1
0.000000 124 1 1
0.000000 125 1 1
0.000000 129 1 1
0.000000 130 1 1
0.000000 131 1 1
0.000000 132 1 1
0.000000 133 1 1
0.000000 134 1 1
0.000000 135 1 1
0.000000 136 1 1
0.000000 137 1 1
0.000000 138 1 1
0.000000 139 1 1
0.000000 140 1 1
0.000000 141 1 1
0.000000 142 1 1
0.000000 143 1 1
0.000000 144 1 1
0.000000 145 1 1
0.000000 146 1 1
0.000000 147 1 1
0.000000 148 1 1
0.000000 149 1 1
0.000000 150 1 1
0.000000 151 1 1
0.000000 152 1 1
0.000000 154 1 1
0.000000 155 1 1
0.000000 156 1 1
0.000000 157 1 1
0.000000 158 1 1
0.000000 159 1 1
0.000000 160 1 1
0.000000 161 1 1
0.000000 162 1 1
0.000000 163 1 1
0.000000 164 1 1
0.000000 165 1 1
0.000000 166 1 1
0.000000 167 1 1
0.000000 168 1 1
0.000000 169 1 1
0.000000 170 1 1
0.000000 171 1 1
0.000000 172 1 1
0.000000 173 1 1
0.000000 174 1 1
0.000000 175 1 1
0.000000 176 1 1
0.000000 177 1 1
0.000000 178 1 1
0.000000 179 1 1
0.000000 180 1 1
0.000000 181 1 1
0.000000 182 1 1
0.000000 184 1 1
0.000000 185 1 1
0.000000 186 1 1
0.000000 187 1 1
0.000000 188 1 1
0.000000 189 1 1
0.000000 190 1 1
0.000000 192 1 1
0.000000 193 1 1
0.000000 194 1 1
0.000000 195 1 1
0.000000 196 1 1
0.000000 197 1 1
0.000000 198 1 1
0.000000 199 1 1
0.000000 200 1 1
0.000000 201 1 1
0.000000 202 1 1
0.000000 203 1 1
0.000000 204 1 1
0.000000 205 1 1
0.000000 206 1 1
0.000000 207 1 1
0.000000 208 1 1
0.000000 210 1 1
0.000000 211 1 1
0.000000 212 1 1
0.000000 213 1 1
0.000000 214 1 1
0.000000 215 1 1
0.000000 216 1 1
0.000000 217 1 1
0.000000 218 1 1
0.000000 219 1 1
1.000031 0 1 1
1.000031 1 2 2
1.000031 2 2 2
1.000031 3 1 1
1.000031 4 2 2
1.000031 5 2 2
1.000031 6 1 1
1.000031 7 2 2
1.000031 8 2 2
1.000031 9 1 1
1.000031 10 2 2
1.000031 11 2 2
1.000031 12 2 2
1.000031 13 2 2
1.000031 14 2 2
1.000031 15 1 1
1.000031 16 2 2
1.000031 17 2 2
1.000031 18 1 1
1.000031 19 1 1
1.000031 20 1 1
1.000031 21 2 2
1.000031 22 1 1
1.000031 23 2 2
1.000031 24 2 2
1.000031 25 2 2
1.000031 26 2 2
1.000031 27 1 1
1.000031 28 1 1
1.000031 30 1 1
1.000031 31 2 2
1.000031 32 1 1
1.000031 33 2 2
1.000031 34 1 1
1.000031 35 2 2
1.000031 36 2 2
1.000031 37 2 2
1.000031 38 2 2
1.000031 39 2 2
1.000031 40 1 1
1.000031 41 2 2
1.000031 43 1 1
1.000031 44 2 2
1.000031 45 2 2
1.000031 46 2 2
1.000031 48 1 1
1.000031 50 1 1
1.000031 51 1 1
1.000031 55 1 1
1.000031 56 1 1
1.000031 57 1 1
1.000031 58 2 2
1.000031 60 2 2
1.000031 61 2 2
1.000031 62 1 1
1.000031 64 2 2
1.000031 65 1 1
1.000031 66 1 1
1.000031 67 1 1
1.000031 68 2 2
1.000031 70 1 1
1.000031 71 2 2
1.000031 72 1 1
1.000031 73 1 1
1.000031 74 2 2
1.000031 75 2 2
1.000031 76 2 2
1.000031 78 2 2
1.000031 80 2 2
1.000031 81 1 1
1.000031 83 1 1
1.000031 84 2 2
1.000031 85 1 1
1.000031 86 1 1
1.000031 87 2 2
1.000031 88 2 2
1.000031 89 1 1
1.000031 90 1 1
1.000031 91 2 2
1.000031 92 1 1
1.000031 93 1 1
1.000031 94 1 1
1.000031 95 2 2
1.000031 96 1 1
1.000031 97 1 1
1.000031 98 1 1
1.000031 99 2 2
1.000031 100 2 2
1.000031 101 1 1
1.000031 102 2 2
1.000031 103 1 1
1.000031 104 2 2
1.000031 105 2 2
1.000031 106 1 1
1.000031 107 2 2
1.000031 108 1 1
1.000031 109 2 2
1.000031 110 2 2
1.000031 111 2 2
1.000031 112 2 2
1.000031 113 1 1
1.000031 114 2 2
1.000031 115 1 1
1.000031 116 2 2
1.000031 118 1 1
1.000031 119 1 1
1.000031 120 1 1
1.000031 121 1 1
1.000031 122 1 1
1.000031 123 2 2
1.000031 124 2 2
1.000031 125 1 1
1.000031 129 1 1
1.000031 130 2 2
1.000031 131 2 2
1.000031 132 1 1
1.000031 133 2 2
1.000031 134 1 1
1.000031 135 2 2
1.000031 136 2 2
1.000031 137 1 1
1.000031 138 2 2
1.000031 139 2 2
1.000031 140 1 1
1.000031 141 2 2
1.000031 142 2 2
1.000031 143 1 1
1.000031 144 2 2
1.000031 145 2 2
1.000031 146 2 2
1.000031 147 1 1
1.000031 148 1 1
1.000031 149 1 1
1.000031 150 1 1
1.000031 151 1 1
1.000031 152 2 2
1.000031 154 1 1
1.000031 155 2 2
1.000031 156 1 1
1.000031 157 2 2
1.000031 158 1 1
1.000031 159 1 1
1.000031 160 2 2
1.000031 161 2 2
1.000031 162 1 1
1.000031 163 2 2
1.000031 164 2 2
1.000031 165 1 1
1.000031 166 1 1
1.000031 167 1 1
1.000031 168 1 1
1.000031 169 1 1
1.000031 170 2 2
1.000031 171 2 2
1.000031 172 1 1
1.000031 173 1 1
1.000031 174 2 2
1.000031 175 2 2
1.000031 176 2 2
1.000031 177 1 1
1.000031 178 2 2
1.000031 179 1 1
1.000031 180 2 2
1.000031 181 2 2
1.000031 182 1 1
1.000031 184 1 1
1.000031 185 2 2
1.000031 186 2 2
1.000031 187 2 2
1.000031 188 2 2
1.000031 189 2 2
1.000031 190 2 2
1.000031 192 1 1
1.000031 193 1 1
1.000031 194 2 2
1.000031 195 1 1
1.000031 196 1 1
1.000031 197 2 2
1.000031 198 2 2
1.000031 199 2 2
1.000031 200 1 1
1.000031 201 1 1
1.000031 202 1 1
1.000031 203 2 2
1.000031 204 2 2
1.000031 205 1 1
1.000031 206 2 2
1.000031 207 1 1
1.000031 208 1 1
1.000031 210 2 2
1.000031 211 2 2
1.000031 212 2 2
1.000031 213 2 2
1.000031 214 1 1
1.000031 215 2 2
1.000031 216 1 1
1.000031 217 2 2
1.000031 218 2 2
1.000031 219 2 2
2.000061 0 2 2
2.000061 1 2 2
2.000061 2 2 2
2.000061 3 2 2
2.000061 4 2 2
2.000061 5 2 2
2.000061 6 2 2
2.000061 7 2 2
2.000061 8 2 2
2.000061 9 3 3
2.000061 10 3 3
2.000061 11 3 3
2.000061 12 2 2
2.000061 13 3 3
2.000061 14 2 2
2.000061 15 2 2
2.000061 16 2 2
2.000061 17 2 2
2.000061 18 2 2
2.000061 19 2 2
2.000061 20 2 2
2.000061 21 2 2
2.000061 22 2 2
2.000061 23 3 3
2.000061 24 3 3
2.000061 25 2 2
2.000061 26 2 2
2.000061 27 2 2
2.000061 28 2 2
2.000061 30 2 2
2.000061 31 2 2
2.000061 32 1 1
2.000061 33 2 2
2.000061 34 2 2
2.000061 35 2 2
2.000061 36 2 2
2.000061 37 2 2
2.000061 38 2 2
2.000061 39 2 2
2.000061 40 2 2
2.000061 41 2 2
2.000061 43 2 2
2.000061 44 2 2
2.000061 45 2 2
2.000061 46 2 2
2.000061 48 2 2
2.000061 50 2 2
2.000061 51 2 2
2.000061 55 2 2
2.000061 56 2 2
2.000061 57 2 2
2.000061 58 1 1
2.000061 60 2 2
2.000061 61 2 2
2.000061 62 2 2
2.000061 64 2 2
2.000061 65 2 2
2.000061 66 2 2
2.000061 67 2 2
2.000061 68 3 3
2.000061 70 2 2
2.000061 71 2 2
2.000061 72 2 2
2.000061 73 2 2
2.000061 74 2 2
2.000061 75 2 2
2.000061 76 2 2
2.000061 78 2 2
2.000061 80 2 2
2.000061 81 2 2
2.000061 83 2 2
2.000061 84 2 2
2.000061 85 2 2
2.000061 86 2 2
2.000061 87 2 2
2.000061 88 2 2
2.000061 89 2 2
2.000061 90 2 2
2.000061 91 2 2
2.000061 92 2 2
2.000061 93 2 2
2.000061 94 2 2
2.000061 95 2 2
2.000061 96 2 2
2.000061 97 2 2
2.000061 98 2 2
2.000061 99 2 2
2.000061 100 3 3
2.000061 101 2 2
2.000061 102 3 3
2.000061 103 2 2
2.000061 104 2 2
2.000061 105 2 2
2.000061 106 2 2
2.000061 107 2 2
2.000061 108 3 3
2.000061 109 2 2
2.000061 110 3 3
2.000061 111 2 2
2.000061 112 2 2
2.000061 113 2 2
2.000061 114 2 2
2.000061 115 2 2
2.000061 116 2 2
2.000061 118 2 2
2.000061 119 2 2
2.000061 120 2 2
2.000061 121 2 2
2.000061 122 2 2
2.000061 123 2 2
2.000061 124 2 2
2.000061 125 2 2
2.000061 129 2 2
2.000061 130 2 2
2.000061 131 2 2
2.000061 132 2 2
2.000061 133 2 2
2.000061 134 2 2
2.000061 135 2 2
2.000061 136 2 2
2.000061 137 2 2
2.000061 138 2 2
2.000061 139 2 2
2.000061 140 2 2
2.000061 141 2 2
2.000061 142 2 2
2.000061 143 3 3
2.000061 144 2 2
2.000061 145 2 2
2.000061 146 2 2
2.000061 147 2 2
2.000061 148 2 2
2.000061 149 2 2
2.000061 150 2 2
2.000061 151 2 2
2.000061 152 3 3
2.000061 154 2 2
2.000061 155 3 3
2.000061 156 2 2
2.000061 157 2 2
2.000061 158 2 2
2.000061 159 2 2
2.000061 160 3 3
2.000061 161 2 2
2.000061 162 2 2
2.000061 163 2 2
2.000061 164 2 2
2.000061 165 2 2
2.000061 166 2 2
2.000061 167 2 2
2.000061 168 3 3
2.000061 169 2 2
2.000061 170 2 2
2.000061 171 2 2
2.000061 172 2 2
2.000061 173 2 2
2.000061 174 2 2
2.000061 175 2 2
2.000061 176 3 3
2.000061 177 2 2
2.000061 178 2 2
2.000061 179 2 2
2.000061 180 2 2
2.000061 181 2 2
2.000061 182 2 2
2.000061 184 2 2
2.000061 185 2 2
2.000061 186 2 2
2.000061 187 3 3
2.000061 188 3 3
2.000061 189 2 2
2.000061 190 2 2
2.000061 192 2 2
2.000061 193 2 2
2.000061 194 2 2
2.000061 195 2 2
2.000061 196 1 1
2.000061 197 2 2
2.000061 198 3 3
2.000061 199 2 2
2.000061 200 2 2
2.000061 201 2 2
2.000061 202 2 2
2.000061 203 2 2
2.000061 204 2 2
2.000061 205 2 2
2.000061 206 2 2
2.000061 207 2 2
2.000061 208 2 2
2.000061 210 2 2
2.000061 211 2 2
2.000061 212 2 2
2.000061 213 2 2
2.000061 214 2 2
2.000061 215 2 2
2.000061 216 2 2
2.000061 217 2 2
2.000061 218 2 2
2.000061 219 2 2
3.000092 0 4 4
3.000092 1 4 4
3.000092 2 4 4
3.000092 3 3 3
3.000092 4 4 4
3.000092 5 4 4
3.000092 6 3 3
3.000092 7 4 4
3.000092 8 4 4
3.000092 9 5 5
3.000092 10 4 4
3.000092 11 5 5
3.000092 12 4 4
3.000092 13 5 5
3.000092 14 4 4
3.000092 15 4 4
3.000092 16 4 4
3.000092 17 4 4
3.000092 18 3 3
3.000092 19 4 4
3.000092 20 4 4
3.000092 21 4 4
3.000092 22 3 3
3.000092 23 4 4
3.000092 24 4 4
3.000092 25 4 4
3.000092 26 4 4
3.000092 27 4 4
3.000092 28 4 4
3.000092 30 4 4
3.000092 31 4 4
3.000092 32 1 1
3.000092 33 5 5
3.000092 34 4 4
3.000092 35 4 4
3.000092 36 5 5
3.000092 37 4 4
3.000092 38 4 4
3.000092 39 4 4
3.000092 40 4 4
3.000092 41 4 4
3.000092 43 4 4
3.000092 44 4 4
3.000092 45 4 4
3.000092 46 4 4
3.000092 48 4 4
3.000092 50 3 3
3.000092 51 4 4
3.000092 55 3 3
3.000092 56 4 4
3.000092 57 4 4
3.000092 58 2 2
3.000092 60 4 4
3.000092 61 4 4
3.000092 62 4 4
3.000092 64 4 4
3.000092 65 4 4
3.000092 66 4 4
3.000092 67 4 4
3.000092 68 5 5
3.000092 70 2 2
3.000092 71 4 4
3.000092 72 3 3
3.000092 73 4 4
3.000092 74 4 4
3.000092 75 4 4
3.000092 76 4 4
3.000092 78 4 4
3.000092 80 4 4
3.000092 81 4 4
3.000092 83 4 4
3.000092 84 4 4
3.000092 85 4 4
3.000092 86 4 4
3.000092 87 4 4
3.000092 88 4 4
3.000092 89 4 4
3.000092 90 4 4
3.000092 91 4 4
3.000092 92 4 4
3.000092 93 4 4
3.000092 94 4 4
3.000092 95 4 4
3.000092 96 4 4
3.000092 97 4 4
3.000092 98 3 3
3.000092 99 4 4
3.000092 100 4 4
3.000092 101 3 3
3.000092 102 4 4
3.000092 103 3 3
3.000092 104 4 4
3.000092 105 4 4
3.000092 106 4 4
3.000092 107 3 3
3.000092 108 5 5
3.000092 109 4 4
3.000092 110 4 4
3.000092 111 4 4
3.000092 112 4 4
3.000092 113 3 3
3.000092 114 4 4
3.000092 115 4 4
3.000092 116 4 4
3.000092 118 4 4
3.000092 119 4 4
3.000092 120 4 4
3.000092 121 4 4
3.000092 122 4 4
3.000092 123 4 4
3.000092 124 4 4
3.000092 125 4 4
3.000092 129 3 3
3.000092 130 4 4
3.000092 131 4 4
3.000092 132 4 4
3.000092 133 4 4
3.000092 134 4 4
3.000092 135 4 4
3.000092 136 4 4
3.000092 137 4 4
3.000092 138 4 4
3.000092 139 3 3
3.000092 140 4 4
3.000092 141 4 4
3.000092 142 4 4
3.000092 143 5 5
3.000092 144 4 4
3.000092 145 4 4
3.000092 146 4 4
3.000092 147 3 3
3.000092 148 3 3
3.000092 149 3 3
3.000092 150 4 4
3.000092 151 4 4
3.000092 152 4 4
3.000092 154 3 3
3.000092 155 4 4
3.000092 156 4 4
3.000092 157 4 4
3.000092 158 4 4
3.000092 159 3 3
3.000092 160 4 4
3.000092 161 4 4
3.000092 162 4 4
3.000092 163 4 4
3.000092 164 4 4
3.000092 165 4 4
3.000092 166 4 4
3.000092 167 4 4
3.000092 168 4 4
3.000092 169 4 4
3.000092 170 4 4
3.000092 171 4 4
3.000092 172 4 4
3.000092 173 3 3
3.000092 174 4 4
3.000092 175 4 4
3.000092 176 5 5
3.000092 177 3 3
3.000092 178 4 4
3.000092 179 4 4
3.000092 180 4 4
3.000092 181 5 5
3.000092 182 4 4
3.000092 184 4 4
3.000092 185 3 3
3.000092 186 4 4
3.000092 187 4 4
3.000092 188 4 4
3.000092 189 4 4
3.000092 190 4 4
3.000092 192 4 4
3.000092 193 4 4
3.000092 194 4 4
3.000092 195 4 4
3.000092 196 2 2
3.000092 197 4 4
3.000092 198 4 4
3.000092 199 4 4
3.000092 200 4 4
3.000092 201 4 4
3.000092 202 4 4
3.000092 203 4 4
3.000092 204 4 4
3.000092 205 3 3
3.000092 206 4 4
3.000092 207 4 4
3.000092 208 4 4
3.000092 210 4 4
3.000092 211 4 4
3.000092 212 4 4
3.000092 213 4 4
3.000092 214 4 4
3.000092 215 4 4
3.000092 216 4 4
3.000092 217 4 4
3.000092 218 4 4
3.000092 219 4 4
4.000122 0 6 6
4.000122 1 7 7
4.000122 2 5 5
4.000122 3 6 6
4.000122 4 6 6
4.000122 5 6 6
4.000122 6 4 4
4.000122 7 7 7
4.000122 8 7 7
4.000122 9 6 6
4.000122 10 8 8
4.000122 11 7 7
4.000122 12 6 6
4.000122 13 7 7
4.000122 14 6 6
4.000122 15 5 5
4.000122 16 4 4
4.000122 17 6 6
4.000122 18 4 4
4.000122 19 7 7
4.000122 20 4 4
4.000122 21 7 7
4.000122 22 5 5
4.000122 23 7 7
4.000122 24 7 7
4.000122 25 6 6
4.000122 26 6 6
4.000122 27 6 6
4.000122 28 5 5
4.000122 30 6 6
4.000122 31 7 7
4.000122 32 2 2
4.000122 33 7 7
4.000122 34 6 6
4.000122 35 8 8
4.000122 36 8 8
4.000122 37 6 6
4.000122 38 5 5
4.000122 39 5 5
4.000122 40 6 6
4.000122 41 6 6
4.000122 43 4 4
4.000122 44 5 5
4.000122 45 7 7
4.000122 46 7 7
4.000122 48 5 5
4.000122 50 4 4
4.000122 51 5 5
4.000122 55 6 6
4.000122 56 5 5
4.000122 57 6 6
4.000122 58 3 3
4.000122 60 7 7
4.000122 61 5 5
4.000122 62 6 6
4.000122 64 7 7
4.000122 65 6 6
4.000122 66 4 4
4.000122 67 4 4
4.000122 68 8 8
4.000122 70 4 4
4.000122 71 8 8
4.000122 72 5 5
4.000122 73 5 5
4.000122 74 6 6
4.000122 75 7 7
4.000122 76 7 7
4.000122 78 5 5
4.000122 80 5 5
4.000122 81 6 6
4.000122 83 6 6
4.000122 84 7 7
4.000122 85 6 6
4.000122 86 6 6
4.000122 87 6 6
4.000122 88 6 6
4.000122 89 4 4
4.000122 90 6 6
4.000122 91 5 5
4.000122 92 4 4
4.000122 93 6 6
4.000122 94 6 6
4.000122 95 8 8
4.000122 96 5 5
4.000122 97 7 7
4.000122 98 5 5
4.000122 99 6 6
4.000122 100 6 6
4.000122 101 4 4
4.000122 102 7 7
4.000122 103 5 5
4.000122 104 6 6
4.000122 105 8 8
4.000122 106 6 6
4.000122 107 6 6
4.000122 108 6 6
4.000122 109 8 8
4.000122 110 8 8
4.000122 111 6 6
4.000122 112 4 4
4.000122 113 4 4
4.000122 114 6 6
4.000122 115 6 6
4.000122 116 7 7
4.000122 118 5 5
4.000122 119 4 4
4.000122 120 6 6
4.000122 121 5 5
4.000122 122 6 6
4.000122 123 6 6
4.000122 124 6 6
4.000122 125 5 5
4.000122 129 6 6
4.000122 130 7 7
4.000122 131 6 6
4.000122 132 4 4
4.000122 133 8 8
4.000122 134 5 5
4.000122 135 7 7
4.000122 136 6 6
4.000122 137 5 5
4.000122 138 7 7
4.000122 139 5 5
4.000122 140 5 5
4.000122 141 6 6
4.000122 142 6 6
4.000122 143 7 7
4.000122 144 8 8
4.000122 145 7 7
4.000122 146 7 7
4.000122 147 6 6
4.000122 148 5 5
4.000122 149 6 6
4.000122 150 6 6
4.000122 151 4 4
4.000122 152 8 8
4.000122 154 4 4
4.000122 155 6 6
4.000122 156 4 4
4.000122 157 6 6
4.000122 158 7 7
4.000122 159 4 4
4.000122 160 7 7
4.000122 161 6 6
4.000122 162 6 6
4.000122 163 6 6
4.000122 164 6 6
4.000122 165 5 5
4.000122 166 5 5
4.000122 167 8 8
4.000122 168 7 7
4.000122 169 4 4
4.000122 170 8 8
4.000122 171 7 7
4.000122 172 5 5
4.000122 173 4 4
4.000122 174 7 7
4.000122 175 6 6
4.000122 176 9 9
4.000122 177 5 5
4.000122 178 8 8
4.000122 179 4 4
4.000122 180 6 6
4.000122 181 8 8
4.000122 182 5 5
4.000122 184 4 4
4.000122 185 5 5
4.000122 186 5 5
4.000122 187 8 8
4.000122 188 8 8
4.000122 189 7 7
4.000122 190 5 5
4.000122 192 5 5
4.000122 193 6 6
4.000122 194 8 8
4.000122 195 7 7
4.000122 196 2 2
4.000122 197 8 8
4.000122 198 8 8
4.000122 199 5 5
4.000122 200 5 5
4.000122 201 4 4
4.000122 202 4 4
4.000122 203 7 7
4.000122 204 5 5
4.000122 205 3 3
4.000122 206 5 5
4.000122 207 6 6
4.000122 208 7 7
4.000122 210 7 7
4.000122 211 6 6
4.000122 212 5 5
4.000122 213 8 8
4.000122 214 6 6
4.000122 215 8 8
4.000122 216 5 5
4.000122 217 8 8
4.000122 218 6 6
4.000122 219 7 7
5.000153 0 10 10
5.000153 1 10 10
5.000153 2 9 9
5.000153 3 8 8
5.000153 4 9 9
5.000153 5 10 10
5.000153 6 7 7
5.000153 7 10 10
5.000153 8 10 10
5.000153 9 12 12
5.000153 10 11 11
5.000153 11 11 11
5.000153 12 9 9
5.000153 13 11 11
5.000153 14 9 9
5.000153 15 9 9
5.000153 16 8 8
5.000153 17 8 8
5.000153 18 7 7
5.000153 19 9 9
5.000153 20 8 8
5.000153 21 13 13
5.000153 22 8 8
5.000153 23 13 13
5.000153 24 10 10
5.000153 25 12 12
5.000153 26 8 8
5.000153 27 8 8
5.000153 28 9 9
5.000153 30 8 8
5.000153 31 8 8
5.000153 32 2 2
5.000153 33 10 10
5.000153 34 10 10
5.000153 35 11 11
5.000153 36 10 10
5.000153 37 9 9
5.000153 38 8 8
5.000153 39 9 9
5.000153 40 8 8
5.000153 41 9 9
5.000153 43 8 8
5.000153 44 8 8
5.000153 45 9 9
5.000153 46 8 8
5.000153 48 8 8
5.000153 50 8 8
5.000153 51 8 8
5.000153 55 9 9
5.000153 56 8 8
5.000153 57 9 9
5.000153 58 4 4
5.000153 60 12 12
5.000153 61 8 8
5.000153 62 9 9
5.000153 64 9 9
5.000153 65 8 8
5.000153 66 8 8
5.000153 67 8 8
5.000153 68 12 12
5.000153 70 8 8
5.000153 71 10 10
5.000153 72 8 8
5.000153 73 8 8
5.000153 74 8 8
5.000153 75 9 9
5.000153 76 8 8
5.000153 78 9 9
5.000153 80 9 9
5.000153 81 8 8
5.000153 83 8 8
5.000153 84 9 9
5.000153 85 9 9
5.000153 86 8 8
5.000153 87 11 11
5.000153 88 8 8
5.000153 89 8 8
5.000153 90 9 9
5.000153 91 8 8
5.000153 92 8 8
5.000153 93 11 11
5.000153 94 9 9
5.000153 95 10 10
5.000153 96 8 8
5.000153 97 10 10
5.000153 98 10 10
5.000153 99 8 8
5.000153 100 10 10
5.000153 101 8 8
5.000153 102 10 10
5.000153 103 8 8
5.000153 104 8 8
5.000153 105 11 11
5.000153 106 9 9
5.000153 107 10 10
5.000153 108 11 11
5.000153 109 8 8
5.000153 110 13 13
5.000153 111 9 9
5.000153 112 8 8
5.000153 113 8 8
5.000153 114 8 8
5.000153 115 9 9
5.000153 116 10 10
5.000153 118 8 8
5.000153 119 8 8
5.000153 120 9 9
5.000153 121 9 9
5.000153 122 9 9
5.000153 123 8 8
5.000153 124 11 11
5.000153 125 9 9
5.000153 129 9 9
5.000153 130 10 10
5.000153 131 8 8
5.000153 132 8 8
5.000153 133 10 10
5.000153 134 8 8
5.000153 135 9 9
5.000153 136 9 9
5.000153 137 8 8
5.000153 138 8 8
5.000153 139 9 9
5.000153 140 9 9
5.000153 141 9 9
5.000153 142 8 8
5.000153 143 11 11
5.000153 144 10 10
5.000153 145 11 11
5.000153 146 9 9
5.000153 147 10 10
5.000153 148 7 7
5.000153 149 9 9
5.000153 150 10 10
5.000153 151 8 8
5.000153 152 11 11
5.000153 154 8 8
5.000153 155 10 10
5.000153 156 7 7
5.000153 157 9 9
5.000153 158 10 10
5.000153 159 8 8
5.000153 160 10 10
5.000153 161 8 8
5.000153 162 12 12
5.000153 163 8 8
5.000153 164 11 11
5.000153 165 10 10
5.000153 166 8 8
5.000153 167 10 10
5.000153 168 10 10
5.000153 169 8 8
5.000153 170 9 9
5.000153 171 11 11
5.000153 172 8 8
5.000153 173 7 7
5.000153 174 10 10
5.000153 175 9 9
5.000153 176 12 12
5.000153 177 8 8
5.000153 178 12 12
5.000153 179 8 8
5.000153 180 8 8
5.000153 181 10 10
5.000153 182 8 8
5.000153 184 8 8
5.000153 185 8 8
5.000153 186 8 8
5.000153 187 11 11
5.000153 188 10 10
5.000153 189 10 10
5.000153 190 9 9
5.000153 192 8 8
5.000153 193 8 8
5.000153 194 12 12
5.000153 195 11 11
5.000153 196 2 2
5.000153 197 9 9
5.000153 198 9 9
5.000153 199 8 8
5.000153 200 8 8
5.000153 201 8 8
5.000153 202 9 9
5.000153 203 9 9
5.000153 204 10 10
5.000153 205 5 5
5.000153 206 8 8
5.000153 207 8 8
5.000153 208 11 11
5.000153 210 10 10
5.000153 211 10 10
5.000153 212 8 8
5.000153 213 11 11
5.000153 214 9 9
5.000153 215 9 9
5.000153 216 8 8
5.000153 217 11 11
5.000153 218 8 8
5.000153 219 10 10
6.000183 0 18 18
6.000183 1 20 20
6.000183 2 18 18
6.000183 3 14 14
6.000183 4 17 17
6.000183 5 14 14
6.000183 6 8 8
6.000183 7 16 16
6.000183 8 15 15
6.000183 9 18 18
6.000183 10 17 17
6.000183 11 20 20
6.000183 12 16 16
6.000183 13 21 21
6.000183 14 15 15
6.000183 15 15 15
6.000183 16 14 14
6.000183 17 14 14
6.000183 18 14 14
6.000183 19 16 16
6.000183 20 13 13
6.000183 21 16 16
6.000183 22 13 13
6.000183 23 17 17
6.000183 24 18 18
6.000183 25 18 18
6.000183 26 16 16
6.000183 27 16 16
6.000183 28 15 15
6.000183 30 15 15
6.000183 31 16 16
6.000183 32 3 3
6.000183 33 14 14
6.000183 34 14 14
6.000183 35 19 19
6.000183 36 17 17
6.000183 37 15 15
6.000183 38 15 15
6.000183 39 15 15
6.000183 40 16 16
6.000183 41 17 17
6.000183 43 15 15
6.000183 44 15 15
6.000183 45 15 15
6.000183 46 14 14
6.000183 48 14 14
6.000183 50 12 12
6.000183 51 14 14
6.000183 55 15 15
6.000183 56 14 14
6.000183 57 16 16
6.000183 58 5 5
6.000183 60 16 16
6.000183 61 13 13
6.000183 62 15 15
6.000183 64 16 16
6.000183 65 15 15
6.000183 66 12 12
6.000183 67 13 13
6.000183 68 20 20
6.000183 70 11 11
6.000183 71 16 16
6.000183 72 13 13
6.000183 73 14 14
6.000183 74 16 16
6.000183 75 18 18
6.000183 76 15 15
6.000183 78 15 15
6.000183 80 13 13
6.000183 81 15 15
6.000183 83 12 12
6.000183 84 11 11
6.000183 85 14 14
6.000183 86 16 16
6.000183 87 18 18
6.000183 88 16 16
6.000183 89 11 11
6.000183 90 14 14
6.000183 91 15 15
6.000183 92 13 13
6.000183 93 15 15
6.000183 94 16 16
6.000183 95 17 17
6.000183 96 15 15
6.000183 97 15 15
6.000183 98 13 13
6.000183 99 14 14
6.000183 100 17 17
6.000183 101 14 14
6.000183 102 18 18
6.000183 103 12 12
6.000183 104 16 16
6.000183 105 16 16
6.000183 106 13 13
6.000183 107 16 16
6.000183 108 16 16
6.000183 109 16 16
6.000183 110 17 17
6.000183 111 16 16
6.000183 112 13 13
6.000183 113 14 14
6.000183 114 16 16
6.000183 115 16 16
6.000183 116 16 16
6.000183 118 15 15
6.000183 119 12 12
6.000183 120 15 15
6.000183 121 15 15
6.000183 122 13 13
6.000183 123 16 16
6.000183 124 16 16
6.000183 125 14 14
6.000183 129 15 15
6.000183 130 17 17
6.000183 131 14 14
6.000183 132 15 15
6.000183 133 17 17
6.000183 134 14 14
6.000183 135 15 15
6.000183 136 15 15
6.000183 137 16 16
6.000183 138 16 16
6.000183 139 13 13
6.000183 140 17 17
6.000183 141 16 16
6.000183 142 15 15
6.000183 143 19 19
6.000183 144 17 17
6.000183 145 17 17
6.000183 146 15 15
6.000183 147 13 13
6.000183 148 12 12
6.000183 149 14 14
6.000183 150 16 16
6.000183 151 14 14
6.000183 152 17 17
6.000183 154 12 12
6.000183 155 16 16
6.000183 156 15 15
6.000183 157 14 14
6.000183 158 14 14
6.000183 159 12 12
6.000183 160 18 18
6.000183 161 15 15
6.000183 162 15 15
6.000183 163 14 14
6.000183 164 18 18
6.000183 165 16 16
6.000183 166 16 16
6.000183 167 16 16
6.000183 168 18 18
6.000183 169 14 14
6.000183 170 16 16
6.000183 171 16 16
6.000183 172 15 15
6.000183 173 10 10
6.000183 174 16 16
6.000183 175 16 16
6.000183 176 19 19
6.000183 177 15 15
6.000183 178 18 18
6.000183 179 16 16
6.000183 180 15 15
6.000183 181 17 17
6.000183 182 14 14
6.000183 184 16 16
6.000183 185 14 14
6.000183 186 14 14
6.000183 187 18 18
6.000183 188 18 18
6.000183 189 16 16
6.000183 190 13 13
6.000183 192 15 15
6.000183 193 9 9
6.000183 194 17 17
6.000183 195 16 16
6.000183 196 3 3
6.000183 197 16 16
6.000183 198 17 17
6.000183 199 14 14
6.000183 200 12 12
6.000183 201 14 14
6.000183 202 14 14
6.000183 203 16 16
6.000183 204 13 13
6.000183 205 8 8
6.000183 206 16 16
6.000183 207 16 16
6.000183 208 15 15
6.000183 210 13 13
6.000183 211 16 16
6.000183 212 14 14
6.000183 213 16 16
6.000183 214 14 14
6.000183 215 15 15
6.000183 216 16 16
6.000183 217 18 18
6.000183 218 16 16
6.000183 219 16 16
7.000214 0 25 25
7.000214 1 30 30
7.000214 2 27 27
7.000214 3 23 23
7.000214 4 27 27
7.000214 5 23 23
7.000214 6 16 16
7.000214 7 25 25
7.000214 8 23 23
7.000214 9 28 28
7.000214 10 31 31
7.000214 11 31 31
7.000214 12 25 25
7.000214 13 31 31
7.000214 14 24 24
7.000214 15 21 21
7.000214 16 20 20
7.000214 17 21 21
7.000214 18 19 19
7.000214 19 26 26
7.000214 20 18 18
7.000214 21 28 28
7.000214 22 21 21
7.000214 23 29 29
7.000214 24 30 30
7.000214 25 25 25
7.000214 26 21 21
7.000214 27 22 22
7.000214 28 22 22
7.000214 30 24 24
7.000214 31 25 25
7.000214 32 4 4
7.000214 33 14 14
7.000214 34 24 24
7.000214 35 31 31
7.000214 36 27 27
7.000214 37 20 20
7.000214 38 23 23
7.000214 39 23 23
7.000214 40 20 20
7.000214 41 26 26
7.000214 43 19 19
7.000214 44 22 22
7.000214 45 24 24
7.000214 46 25 25
7.000214 48 25 25
7.000214 50 18 18
7.000214 51 21 21
7.000214 55 24 24
7.000214 56 22 22
7.000214 57 24 24
7.000214 58 3 3
7.000214 60 28 28
7.000214 61 22 22
7.000214 62 24 24
7.000214 64 25 25
7.000214 65 25 25
7.000214 66 20 20
7.000214 67 19 19
7.000214 68 31 31
7.000214 70 17 17
7.000214 71 27 27
7.000214 72 18 18
7.000214 73 20 20
7.000214 74 24 24
7.000214 75 30 30
7.000214 76 24 24
7.000214 78 24 24
7.000214 80 19 19
7.000214 81 24 24
7.000214 83 13 13
7.000214 84 17 17
7.000214 85 23 23
7.000214 86 24 24
7.000214 87 28 28
7.000214 88 22 22
7.000214 89 18 18
7.000214 90 25 25
7.000214 91 24 24
7.000214 92 20 20
7.000214 93 24 24
7.000214 94 26 26
7.000214 95 30 30
7.000214 96 18 18
7.000214 97 27 27
7.000214 98 22 22
7.000214 99 20 20
7.000214 100 25 25
7.000214 101 18 18
7.000214 102 29 29
7.000214 103 19 19
7.000214 104 24 24
7.000214 105 31 31
7.000214 106 25 25
7.000214 107 27 27
7.000214 108 26 26
7.000214 109 26 26
7.000214 110 32 32
7.000214 111 25 25
7.000214 112 18 18
7.000214 113 17 17
7.000214 114 24 24
7.000214 115 27 27
7.000214 116 29 29
7.000214 118 21 21
7.000214 119 17 17
7.000214 120 26 26
7.000214 121 23 23
7.000214 122 23 23
7.000214 123 24 24
7.000214 124 26 26
7.000214 125 25 25
7.000214 129 24 24
7.000214 130 27 27
7.000214 131 21 21
7.000214 132 22 22
7.000214 133 28 28
7.000214 134 23 23
7.000214 135 24 24
7.000214 136 24 24
7.000214 137 19 19
7.000214 138 27 27
7.000214 139 23 23
7.000214 140 22 22
7.000214 141 24 24
7.000214 142 24 24
7.000214 143 30 30
7.000214 144 28 28
7.000214 145 28 28
7.000214 146 30 30
7.000214 147 19 19
7.000214 148 20 20
7.000214 149 24 24
7.000214 150 26 26
7.000214 151 21 21
7.000214 152 28 28
7.000214 154 18 18
7.000214 155 24 24
7.000214 156 18 18
7.000214 157 25 25
7.000214 158 24 24
7.000214 159 19 19
7.000214 160 30 30
7.000214 161 25 25
7.000214 162 26 26
7.000214 163 25 25
7.000214 164 25 25
7.000214 165 24 24
7.000214 166 23 23
7.000214 167 25 25
7.000214 168 30 30
7.000214 169 20 20
7.000214 170 27 27
7.000214 171 24 24
7.000214 172 19 19
7.000214 173 15 15
7.000214 174 28 28
7.000214 175 25 25
7.000214 176 31 31
7.000214 177 24 24
7.000214 178 30 30
7.000214 179 21 21
7.000214 180 24 24
7.000214 181 29 29
7.000214 182 21 21
7.000214 184 20 20
7.000214 185 19 19
7.000214 186 25 25
7.000214 187 33 33
7.000214 188 29 29
7.000214 189 25 25
7.000214 190 19 19
7.000214 192 21 21
7.000214 193 16 16
7.000214 194 32 32
7.000214 195 27 27
7.000214 196 2 2
7.000214 197 31 31
7.000214 198 27 27
7.000214 199 21 21
7.000214 200 11 11
7.000214 201 17 17
7.000214 202 19 19
7.000214 203 31 31
7.000214 204 12 12
7.000214 205 6 6
7.000214 206 23 23
7.000214 207 24 24
7.000214 208 26 26
7.000214 210 23 23
7.000214 211 24 24
7.000214 212 21 21
7.000214 213 29 29
7.000214 214 24 24
7.000214 215 27 27
7.000214 216 25 25
7.000214 217 31 31
7.000214 218 22 22
7.000214 219 26 26
8.000244 0 42 42
8.000244 1 42 42
8.000244 2 39 39
8.000244 3 33 33
8.000244 4 41 41
8.000244 5 38 38
8.000244 6 25 25
8.000244 7 37 37
8.000244 8 37 37
8.000244 10 9 9
8.000244 11 48 48
8.000244 12 40 40
8.000244 13 44 44
8.000244 15 38 38
8.000244 16 34 34
8.000244 17 31 31
8.000244 18 31 31
8.000244 19 38 38
8.000244 22 27 27
8.000244 24 42 42
8.000244 25 42 42
8.000244 27 34 34
8.000244 28 35 35
8.000244 30 39 39
8.000244 31 34 34
8.000244 34 34 34
8.000244 35 49 49
8.000244 36 43 43
8.000244 37 33 33
8.000244 38 37 37
8.000244 39 34 34
8.000244 40 34 34
8.000244 41 18 18
8.000244 43 32 32
8.000244 45 37 37
8.000244 46 34 34
8.000244 48 15 15
8.000244 50 31 31
8.000244 51 33 33
8.000244 56 38 38
8.000244 57 35 35
8.000244 60 46 46
8.000244 61 33 33
8.000244 62 37 37
8.000244 64 38 38
8.000244 65 13 13
8.000244 66 31 31
8.000244 67 31 31
8.000244 70 30 30
8.000244 71 42 42
8.000244 72 2 2
8.000244 73 33 33
8.000244 74 36 36
8.000244 75 46 46
8.000244 76 2 2
8.000244 78 34 34
8.000244 80 34 34
8.000244 81 38 38
8.000244 85 38 38
8.000244 86 39 39
8.000244 89 29 29
8.000244 90 36 36
8.000244 91 31 31
8.000244 93 39 39
8.000244 94 37 37
8.000244 95 41 41
8.000244 96 32 32
8.000244 97 36 36
8.000244 98 32 32
8.000244 99 33 33
8.000244 100 41 41
8.000244 101 28 28
8.000244 102 44 44
8.000244 103 30 30
8.000244 104 37 37
8.000244 106 36 36
8.000244 107 38 38
8.000244 108 46 46
8.000244 109 2 2
8.000244 110 47 47
8.000244 111 40 40
8.000244 112 31 31
8.000244 113 31 31
8.000244 114 36 36
8.000244 115 37 37
8.000244 116 8 8
8.000244 118 33 33
8.000244 119 13 13
8.000244 120 17 17
8.000244 121 38 38
8.000244 122 37 37
8.000244 123 35 35
8.000244 124 44 44
8.000244 125 35 35
8.000244 129 39 39
8.000244 130 37 37
8.000244 131 34 34
8.000244 132 33 33
8.000244 133 40 40
8.000244 134 33 33
8.000244 135 39 39
8.000244 136 14 14
8.000244 138 41 41
8.000244 139 35 35
8.000244 141 38 38
8.000244 143 45 45
8.000244 144 47 47
8.000244 145 46 46
8.000244 146 41 41
8.000244 149 39 39
8.000244 150 9 9
8.000244 151 31 31
8.000244 152 40 40
8.000244 154 31 31
8.000244 155 39 39
8.000244 156 30 30
8.000244 157 2 2
8.000244 158 38 38
8.000244 159 33 33
8.000244 160 47 47
8.000244 161 35 35
8.000244 162 42 42
8.000244 163 35 35
8.000244 164 42 42
8.000244 166 35 35
8.000244 167 38 38
8.000244 168 43 43
8.000244 169 4 4
8.000244 170 38 38
8.000244 172 32 32
8.000244 173 24 24
8.000244 174 8 8
8.000244 175 40 40
8.000244 176 53 53
8.000244 177 35 35
8.000244 180 31 31
8.000244 181 45 45
8.000244 182 36 36
8.000244 185 29 29
8.000244 186 21 21
8.000244 187 50 50
8.000244 188 41 41
8.000244 189 3 3
8.000244 192 35 35
8.000244 194 52 52
8.000244 197 45 45
8.000244 198 24 24
8.000244 199 34 34
8.000244 201 30 30
8.000244 202 34 34
8.000244 206 34 34
8.000244 207 34 34
8.000244 208 43 43
8.000244 210 36 36
8.000244 211 44 44
8.000244 212 33 33
8.000244 213 44 44
8.000244 214 39 39
8.000244 215 45 45
8.000244 216 20 20
8.000244 218 34 34
8.000244 219 42 42
9.000275 1 74 74
9.000275 3 55 55
9.000275 4 68 68
9.000275 5 42 42
9.000275 6 35 35
9.000275 8 3 3
9.000275 11 80 80
9.000275 13 2 2
9.000275 15 57 57
9.000275 16 55 55
9.000275 17 54 54
9.000275 18 54 54
9.000275 19 64 64
9.000275 25 69 69
9.000275 27 58 58
9.000275 28 61 61
9.000275 30 60 60
9.000275 34 47 47
9.000275 35 74 74
9.000275 36 68 68
9.000275 39 62 62
9.000275 40 61 61
9.000275 43 48 48
9.000275 45 61 61
9.000275 46 58 58
9.000275 50 48 48
9.000275 56 57 57
9.000275 57 60 60
9.000275 60 44 44
9.000275 61 16 16
9.000275 62 61 61
9.000275 64 60 60
9.000275 66 50 50
9.000275 67 51 51
9.000275 70 46 46
9.000275 71 68 68
9.000275 73 57 57
9.000275 74 62 62
9.000275 75 66 66
9.000275 80 48 48
9.000275 85 23 23
9.000275 86 68 68
9.000275 89 48 48
9.000275 90 57 57
9.000275 93 62 62
9.000275 94 61 61
9.000275 95 27 27
9.000275 96 60 60
9.000275 97 60 60
9.000275 99 57 57
9.000275 102 72 72
9.000275 103 48 48
9.000275 104 63 63
9.000275 106 22 22
9.000275 107 60 60
9.000275 108 69 69
9.000275 110 75 75
9.000275 111 15 15
9.000275 113 54 54
9.000275 114 57 57
9.000275 115 64 64
9.000275 118 56 56
9.000275 121 64 64
9.000275 122 55 55
9.000275 124 66 66
9.000275 125 60 60
9.000275 129 38 38
9.000275 130 7 7
9.000275 131 54 54
9.000275 132 62 62
9.000275 133 72 72
9.000275 134 56 56
9.000275 135 66 66
9.000275 141 69 69
9.000275 144 57 57
9.000275 145 72 72
9.000275 154 47 47
9.000275 158 59 59
9.000275 159 49 49
9.000275 160 74 74
9.000275 161 58 58
9.000275 162 38 38
9.000275 163 55 55
9.000275 166 62 62
9.000275 167 63 63
9.000275 168 69 69
9.000275 170 67 67
9.000275 173 40 40
9.000275 175 64 64
9.000275 176 82 82
9.000275 177 59 59
9.000275 181 11 11
9.000275 182 54 54
9.000275 185 54 54
9.000275 187 31 31
9.000275 188 68 68
9.000275 192 55 55
9.000275 194 79 79
9.000275 197 14 14
9.000275 199 48 48
9.000275 206 59 59
9.000275 207 63 63
9.000275 210 42 42
9.000275 212 58 58
9.000275 213 5 5
9.000275 215 70 70
9.000275 218 47 47
9.000275 219 62 62
10.000305 1 55 55
10.000305 3 87 87
10.000305 4 48 48
10.000305 6 61 61
10.000305 11 127 127
10.000305 15 84 84
10.000305 17 52 52
10.000305 19 104 104
10.000305 25 103 103
10.000305 27 92 92
10.000305 30 92 92
10.000305 36 112 112
10.000305 39 5 5
10.000305 40 9 9
10.000305 43 78 78
10.000305 45 96 96
10.000305 46 95 95
10.000305 50 75 75
10.000305 56 90 90
10.000305 57 96 96
10.000305 62 100 100
10.000305 64 96 96
10.000305 66 75 75
10.000305 67 78 78
10.000305 70 62 62
10.000305 71 2 2
10.000305 73 36 36
10.000305 74 96 96
10.000305 80 35 35
10.000305 86 8 8
10.000305 89 75 75
10.000305 93 12 12
10.000305 94 100 100
10.000305 96 85 85
10.000305 97 103 103
10.000305 99 92 92
10.000305 103 81 81
10.000305 104 95 95
10.000305 107 98 98
10.000305 108 2 2
10.000305 110 121 121
10.000305 113 80 80
10.000305 114 93 93
10.000305 115 106 106
10.000305 118 90 90
10.000305 121 103 103
10.000305 122 89 89
10.000305 124 106 106
10.000305 125 92 92
10.000305 132 76 76
10.000305 133 93 93
10.000305 134 6 6
10.000305 141 31 31
10.000305 145 118 118
10.000305 154 17 17
10.000305 158 99 99
10.000305 159 43 43
10.000305 160 125 125
10.000305 161 96 96
10.000305 163 92 92
10.000305 166 94 94
10.000305 167 102 102
10.000305 168 108 108
10.000305 170 7 7
10.000305 175 62 62
10.000305 176 131 131
10.000305 177 91 91
10.000305 182 89 89
10.000305 185 79 79
10.000305 188 114 114
10.000305 194 91 91
10.000305 206 95 95
10.000305 207 93 93
10.000305 212 16 16
10.000305 215 105 105
10.000305 219 9 9
11.000336 3 142 142
11.000336 6 41 41
11.000336 11 195 195
11.000336 19 125 125
11.000336 25 173 173
11.000336 27 140 140
11.000336 30 75 75
11.000336 36 174 174
11.000336 43 83 83
11.000336 45 149 149
11.000336 46 138 138
11.000336 50 124 124
11.000336 56 143 143
11.000336 57 18 18
11.000336 62 155 155
11.000336 64 152 152
11.000336 66 84 84
11.000336 74 21 21
11.000336 89 20 20
11.000336 94 8 8
11.000336 96 7 7
11.000336 97 149 149
11.000336 99 138 138
11.000336 103 128 128
11.000336 104 154 154
11.000336 107 108 108
11.000336 110 190 190
11.000336 113 126 126
11.000336 114 68 68
11.000336 115 120 120
11.000336 118 133 133
11.000336 121 56 56
11.000336 122 8 8
11.000336 124 123 123
11.000336 125 80 80
11.000336 145 178 178
11.000336 158 148 148
11.000336 160 184 184
11.000336 161 148 148
11.000336 163 149 149
11.000336 166 140 140
11.000336 167 15 15
11.000336 168 175 175
11.000336 176 197 197
11.000336 177 118 118
11.000336 182 67 67
11.000336 185 33 33
11.000336 188 179 179
11.000336 206 151 151
11.000336 207 154 154
11.000336 215 6 6
12.000366 3 231 231
12.000366 11 323 323
12.000366 19 67 67
12.000366 25 234 234
12.000366 27 232 232
12.000366 30 26 26
12.000366 36 279 279
12.000366 43 21 21
12.000366 45 241 241
12.000366 46 139 139
12.000366 50 202 202
12.000366 56 233 233
12.000366 62 98 98
12.000366 64 78 78
12.000366 97 133 133
12.000366 99 143 143
12.000366 103 164 164
12.000366 104 204 204
12.000366 107 54 54
12.000366 110 309 309
12.000366 113 135 135
12.000366 118 166 166
12.000366 121 12 12
12.000366 124 15 15
12.000366 145 298 298
12.000366 158 187 187
12.000366 160 121 121
12.000366 161 236 236
12.000366 163 140 140
12.000366 166 127 127
12.000366 168 279 279
12.000366 176 164 164
12.000366 177 30 30
12.000366 188 217 217
12.000366 206 243 243
12.000366 207 129 129
13.000397 3 364 364
13.000397 11 501 501
13.000397 19 6 6
13.000397 25 300 300
13.000397 27 318 318
13.000397 36 300 300
13.000397 45 261 261
13.000397 46 70 70
13.000397 50 270 270
13.000397 56 248 248
13.000397 62 20 20
13.000397 64 46 46
13.000397 97 128 128
13.000397 99 83 83
13.000397 103 196 196
13.000397 104 62 62
13.000397 110 430 430
13.000397 113 57 57
13.000397 118 71 71
13.000397 145 472 472
13.000397 158 156 156
13.000397 160 70 70
13.000397 161 314 314
13.000397 163 84 84
13.000397 166 152 152
13.000397 168 247 247
13.000397 176 79 79
13.000397 177 2 2
13.000397 188 246 246
13.000397 206 358 358
14.000427 3 504 504
14.000427 11 652 652
14.000427 25 304 304
14.000427 27 301 301
14.000427 36 124 124
14.000427 45 221 221
14.000427 46 37 37
14.000427 50 256 256
14.000427 56 203 203
14.000427 62 6 6
14.000427 64 31 31
14.000427 97 68 68
14.000427 99 15 15
14.000427 103 226 226
14.000427 110 582 582
14.000427 113 38 38
14.000427 118 5 5
14.000427 145 544 544
14.000427 158 134 134
14.000427 160 44 44
14.000427 161 306 306
14.000427 163 89 89
14.000427 166 179 179
14.000427 168 255 255
14.000427 176 31 31
14.000427 188 173 173
14.000427 206 468 468
15.000458 3 532 532
15.000458 11 874 874
15.000458 25 316 316
15.000458 27 134 134
15.000458 36 103 103
15.000458 45 226 226
15.000458 50 247 247
15.000458 56 172 172
15.000458 64 28 28
15.000458 97 20 20
15.000458 103 197 197
15.000458 110 702 702
15.000458 113 1 1
15.000458 145 578 578
15.000458 158 129 129
15.000458 160 36 36
15.000458 161 351 351
15.000458 163 83 83
15.000458 166 153 153
15.000458 168 243 243
15.000458 188 177 177
15.000458 206 573 573
16.000488 3 561 561
16.000488 11 1056 1056
16.000488 25 363 363
16.000488 27 33 33
16.000488 36 95 95
16.000488 45 220 220
16.000488 50 242 242
16.000488 56 123 123
16.000488 64 3 3
16.000488 97 3 3
16.000488 103 124 124
16.000488 110 724 724
16.000488 145 525 525
16.000488 158 197 197
16.000488 160 29 29
16.000488 161 313 313
16.000488 163 82 82
16.000488 166 131 131
16.000488 168 243 243
16.000488 188 162 162
16.000488 206 666 666
17.000519 3 527 527
17.000519 11 1151 1151
17.000519 25 425 425
17.000519 36 97 97
17.000519 45 177 177
17.000519 50 239 239
17.000519 56 127 127
17.000519 103 80 80
17.000519 110 679 679
17.000519 145 453 453
17.000519 158 224 224
17.000519 161 401 401
17.000519 163 91 91
17.000519 166 150 150
17.000519 168 159 159
17.000519 188 141 141
17.000519 206 697 697
18.000549 3 566 566
18.000549 11 1172 1172
18.000549 25 475 475
18.000549 36 122 122
18.000549 45 236 236
18.000549 50 196 196
18.000549 56 131 131
18.000549 103 15 15
18.000549 110 695 695
18.000549 145 394 394
18.000549 158 117 117
18.000549 161 485 485
18.000549 163 81 81
18.000549 166 165 165
18.000549 168 120 120
18.000549 188 118 118
18.000549 206 808 808
19.000580 3 641 641
19.000580 11 1174 1174
19.000580 25 468 468
19.000580 36 97 97
19.000580 45 240 240
19.000580 50 188 188
19.000580 56 117 117
19.000580 110 713 713
19.000580 145 372 372
19.000580 158 84 84
19.000580 161 515 515
19.000580 163 81 81
19.000580 166 157 157
19.000580 168 103 103
19.000580 188 88 88
19.000580 206 883 883
20.000610 3 697 697
20.000610 11 1203 1203
20.000610 25 441 441
20.000610 36 53 53
20.000610 45 245 245
20.000610 50 207 207
20.000610 56 55 55
20.000610 110 695 695
20.000610 145 385 385
20.000610 158 53 53
20.000610 161 594 594
20.000610 163 73 73
20.000610 166 171 171
20.000610 168 63 63
20.000610 188 100 100
20.000610 206 828 828
21.000641 3 718 718
21.000641 11 1131 1131
21.000641 25 503 503
21.000641 36 58 58
21.000641 45 268 268
21.000641 50 262 262
21.000641 56 67 67
21.000641 110 618 618
21.000641 145 436 436
21.000641 158 41 41
21.000641 161 645 645
21.000641 163 81 81
21.000641 166 183 183
21.000641 168 26 26
21.000641 188 85 85
21.000641 206 770 770
22.000671 3 825 825
22.000671 11 1098 1098
22.000671 25 504 504
22.000671 36 82 82
22.000671 45 259 259
22.000671 50 366 366
22.000671 56 25 25
22.000671 110 566 566
22.000671 145 454 454
22.000671 158 13 13
22.000671 161 634 634
22.000671 163 64 64
22.000671 166 208 208
22.000671 168 18 18
22.000671 188 79 79
22.000671 206 688 688
23.000702 3 827 827
23.000702 11 1032 1032
23.000702 25 490 490
23.000702 36 105 105
23.000702 45 256 256
23.000702 50 414 414
23.000702 56 25 25
23.000702 110 534 534
23.000702 145 519 519
23.000702 161 675 675
23.000702 163 48 48
23.000702 166 202 202
23.000702 188 78 78
23.000702 206 648 648
24.000732 3 789 789
24.000732 11 997 997
24.000732 25 545 545
24.000732 36 123 123
24.000732 45 318 318
24.000732 50 378 378
24.000732 56 7 7
24.000732 110 567 567
24.000732 145 574 574
24.000732 161 733 733
24.000732 163 37 37
24.000732 166 189 189
24.000732 188 74 74
24.000732 206 603 603
25.000763 3 706 706
25.000763 11 959 959
25.000763 25 561 561
25.000763 36 108 108
25.000763 45 340 340
25.000763 50 383 383
25.000763 110 577 577
25.000763 145 661 661
25.000763 161 714 714
25.000763 163 25 25
25.000763 166 171 171
25.000763 188 40 40
25.000763 206 635 635
26.000793 3 657 657
26.000793 11 1012 1012
26.000793 25 549 549
26.000793 36 82 82
26.000793 45 344 344
26.000793 50 381 381
26.000793 110 616 616
26.000793 145 709 709
26.000793 161 719 719
26.000793 163 32 32
26.000793 166 165 165
26.000793 206 635 635
27.000824 3 657 657
27.000824 11 983 983
27.000824 25 500 500
27.000824 36 85 85
27.000824 45 349 349
27.000824 50 425 425
27.000824 110 552 552
27.000824 145 688 688
27.000824 161 791 791
27.000824 163 45 45
27.000824 166 126 126
27.000824 206 688 688
28.000854 3 576 576
28.000854 11 1079 1079
28.000854 25 461 461
28.000854 36 73 73
28.000854 45 491 491
28.000854 50 450 450
28.000854 110 485 485
28.000854 145 660 660
28.000854 161 808 808
28.000854 163 35 35
28.000854 166 23 23
28.000854 206 736 736
29.000885 3 531 531
29.000885 11 1195 1195
29.000885 25 378 378
29.000885 36 54 54
29.000885 45 512 512
29.000885 50 437 437
29.000885 110 448 448
29.000885 145 587 587
29.000885 161 897 897
29.000885 163 30 30
29.000885 206 768 768
30.000916 3 543 543
30.000916 11 1218 1218
30.000916 25 316 316
30.000916 36 31 31
30.000916 45 529 529
30.000916 50 388 388
30.000916 110 468 468
30.000916 145 586 586
30.000916 161 939 939
30.000916 163 32 32
30.000916 206 862 862
31.000946 3 580 580
31.000946 11 1210 1210
31.000946 25 199 199
31.000946 36 29 29
31.000946 45 517 517
31.000946 50 398 398
31.000946 110 431 431
31.000946 145 611 611
31.000946 161 909 909
31.000946 163 43 43
31.000946 206 916 916
32.000977 3 551 551
32.000977 11 1182 1182
32.000977 25 188 188
32.000977 36 41 41
32.000977 45 548 548
32.000977 50 446 446
32.000977 110 331 331
32.000977 145 618 618
32.000977 161 944 944
32.000977 163 40 40
32.000977 206 983 983
33.001007 3 570 570
33.001007 11 1250 1250
33.001007 25 164 164
33.001007 36 36 36
33.001007 45 570 570
33.001007 50 484 484
33.001007 110 293 293
33.001007 145 571 571
33.001007 161 931 931
33.001007 163 43 43
33.001007 206 981 981
34.001038 3 562 562
34.001038 11 1225 1225
34.001038 25 168 168
34.001038 36 36 36
34.001038 45 523 523
34.001038 50 566 566
34.001038 110 258 258
34.001038 145 586 586
34.001038 161 932 932
34.001038 163 39 39
34.001038 206 1003 1003
35.001068 3 485 485
35.001068 11 1180 1180
35.001068 25 213 213
35.001068 36 27 27
35.001068 45 491 491
35.001068 50 557 557
35.001068 110 271 271
35.001068 145 642 642
35.001068 161 935 935
35.001068 163 46 46
35.001068 206 1044 1044
35.767059 3 440 440
35.767059 11 1230 1230
35.767059 25 245 245
35.767059 36 29 29
35.767059 45 442 442
35.767059 50 619 619
35.767059 110 285 285
35.767059 145 685 685
35.767059 161 955 955
35.767059 163 48 48
35.767059 206 1045 1045
36.767075 3 450 450
36.767075 11 1173 1173
36.767075 25 226 226
36.767075 36 37 37
36.767075 45 436 436
36.767075 50 707 707
36.767075 110 301 301
36.767075 145 764 764
36.767075 161 982 982
36.767075 163 51 51
36.767075 206 1025 1025
37.767090 3 480 480
37.767090 11 1077 1077
37.767090 25 208 208
37.767090 36 33 33
37.767090 45 365 365
37.767090 50 759 759
37.767090 110 255 255
37.767090 145 839 839
37.767090 161 1048 1048
37.767090 163 49 49
37.767090 206 1046 1046
38.767105 3 501 501
38.767105 11 1021 1021
38.767105 25 199 199
38.767105 36 36 36
38.767105 45 188 188
38.767105 50 786 786
38.767105 110 242 242
38.767105 145 902 902
38.767105 161 1092 1092
38.767105 163 53 53
38.767105 206 1108 1108
39.767120 3 608 608
39.767120 11 940 940
39.767120 25 181 181
39.767120 36 42 42
39.767120 45 152 152
39.767120 50 819 819
39.767120 110 182 182
39.767120 145 978 978
39.767120 161 953 953
39.767120 163 56 56
39.767120 206 1254 1254
40.767136 3 651 651
40.767136 11 964 964
40.767136 25 192 192
40.767136 36 41 41
40.767136 45 155 155
40.767136 50 750 750
40.767136 110 152 152
40.767136 145 958 958
40.767136 161 840 840
40.767136 163 53 53
40.767136 206 1344 1344
41.767151 3 637 637
41.767151 11 988 988
41.767151 25 215 215
41.767151 36 38 38
41.767151 45 173 173
41.767151 50 766 766
41.767151 110 130 130
41.767151 145 997 997
41.767151 161 816 816
41.767151 163 40 40
41.767151 206 1293 1293
42.767166 3 599 599
42.767166 11 901 901
42.767166 25 268 268
42.767166 36 35 35
42.767166 45 176 176
42.767166 50 795 795
42.767166 110 119 119
42.767166 145 1065 1065
42.767166 161 936 936
42.767166 163 44 44
42.767166 206 1263 1263
43.767181 3 596 596
43.767181 11 837 837
43.767181 25 316 316
43.767181 36 37 37
43.767181 45 96 96
43.767181 50 835 835
43.767181 110 115 115
43.767181 145 1084 1084
43.767181 161 916 916
43.767181 163 48 48
43.767181 206 1293 1293
44.767197 3 516 516
44.767197 11 893 893
44.767197 25 315 315
44.767197 36 35 35
44.767197 45 51 51
44.767197 50 836 836
44.767197 110 99 99
44.767197 145 1144 1144
44.767197 161 874 874
44.767197 163 45 45
44.767197 206 1327 1327
45.767212 3 489 489
45.767212 11 777 777
45.767212 25 362 362
45.767212 36 41 41
45.767212 45 73 73
45.767212 50 721 721
45.767212 110 116 116
45.767212 145 1187 1187
45.767212 161 919 919
45.767212 163 46 46
45.767212 206 1415 1415
46.767227 3 452 452
46.767227 11 767 767
46.767227 25 438 438
46.767227 36 52 52
46.767227 45 96 96
46.767227 50 662 662
46.767227 110 139 139
46.767227 145 1212 1212
46.767227 161 850 850
46.767227 163 50 50
46.767227 206 1450 1450
47.767242 3 449 449
47.767242 11 732 732
47.767242 25 419 419
47.767242 36 35 35
47.767242 45 108 108
47.767242 50 646 646
47.767242 110 154 154
47.767242 145 1276 1276
47.767242 161 903 903
47.767242 163 48 48
47.767242 206 1402 1402
48.767258 3 493 493
48.767258 11 685 685
48.767258 25 418 418
48.767258 36 35 35
48.767258 45 87 87
48.767258 50 643 643
48.767258 110 168 168
48.767258 145 1233 1233
48.767258 161 975 975
48.767258 163 44 44
48.767258 206 1338 1338
49.767273 3 600 600
49.767273 11 728 728
49.767273 25 432 432
49.767273 36 43 43
49.767273 45 96 96
49.767273 50 622 622
49.767273 110 204 204
49.767273 145 1137 1137
49.767273 161 968 968
49.767273 163 46 46
49.767273 206 1302 1302
50.767288 3 663 663
50.767288 11 754 754
50.767288 25 340 340
50.767288 36 47 47
50.767288 45 111 111
50.767288 50 580 580
50.767288 110 214 214
50.767288 145 1153 1153
50.767288 161 963 963
50.767288 163 44 44
50.767288 206 1285 1285
51.767303 3 774 774
51.767303 11 790 790
51.767303 25 287 287
51.767303 36 46 46
51.767303 45 139 139
51.767303 50 555 555
51.767303 110 206 206
51.767303 145 1082 1082
51.767303 161 942 942
51.767303 163 44 44
51.767303 206 1294 1294
52.767319 3 705 705
52.767319 11 761 761
52.767319 25 301 301
52.767319 36 52 52
52.767319 45 114 114
52.767319 50 639 639
52.767319 110 182 182
52.767319 145 1137 1137
52.767319 161 987 987
52.767319 163 50 50
52.767319 206 1232 1232
53.767334 3 607 607
53.767334 11 762 762
53.767334 25 231 231
53.767334 36 44 44
53.767334 45 121 121
53.767334 50 672 672
53.767334 110 161 161
53.767334 145 1163 1163
53.767334 161 1145 1145
53.767334 163 46 46
53.767334 206 1206 1206
54.767349 3 566 566
54.767349 11 758 758
54.767349 25 146 146
54.767349 36 40 40
54.767349 45 126 126
54.767349 50 717 717
54.767349 110 142 142
54.767349 145 1102 1102
54.767349 161 1338 1338
54.767349 163 37 37
54.767349 206 1165 1165
55.767365 3 535 535
55.767365 11 783 783
55.767365 25 159 159
55.767365 36 46 46
55.767365 45 135 135
55.767365 50 779 779
55.767365 110 141 141
55.767365 145 1109 1109
55.767365 161 1402 1402
55.767365 163 30 30
55.767365 206 1019 1019
56.767380 3 527 527
56.767380 11 762 762
56.767380 25 168 168
56.767380 36 45 45
56.767380 45 165 165
56.767380 50 837 837
56.767380 110 128 128
56.767380 145 1159 1159
56.767380 161 1370 1370
56.767380 163 37 37
56.767380 206 952 952
57.767395 3 580 580
57.767395 11 724 724
57.767395 25 163 163
57.767395 36 38 38
57.767395 45 152 152
57.767395 50 820 820
57.767395 110 119 119
57.767395 145 1201 1201
57.767395 161 1359 1359
57.767395 163 36 36
57.767395 206 939 939
58.767410 3 640 640
58.767410 11 741 741
58.767410 25 90 90
58.767410 36 32 32
58.767410 45 204 204
58.767410 50 784 784
58.767410 110 113 113
58.767410 145 1203 1203
58.767410 161 1386 1386
58.767410 163 28 28
58.767410 206 909 909
59.767426 3 723 723
59.767426 11 692 692
59.767426 25 39 39
59.767426 36 24 24
59.767426 45 174 174
59.767426 50 764 764
59.767426 110 120 120
59.767426 145 1175 1175
59.767426 161 1377 1377
59.767426 163 44 44
59.767426 206 993 993
60.767441 3 736 736
60.767441 11 715 715
60.767441 36 24 24
60.767441 45 177 177
60.767441 50 739 739
60.767441 110 153 153
60.767441 145 1133 1133
60.767441 161 1536 1536
60.767441 163 43 43
60.767441 206 943 943
61.767456 3 813 813
61.767456 11 670 670
61.767456 36 33 33
61.767456 45 155 155
61.767456 50 745 745
61.767456 110 154 154
61.767456 145 1054 1054
61.767456 161 1558 1558
61.767456 163 43 43
61.767456 206 927 927
62.767471 3 849 849
62.767471 11 631 631
62.767471 36 38 38
62.767471 45 165 165
62.767471 50 664 664
62.767471 110 157 157
62.767471 145 1039 1039
62.767471 161 1654 1654
62.767471 163 47 47
62.767471 206 858 858
63.767487 3 708 708
63.767487 11 624 624
63.767487 36 37 37
63.767487 45 191 191
63.767487 50 595 595
63.767487 110 171 171
63.767487 145 1154 1154
63.767487 161 1760 1760
63.767487 163 45 45
63.767487 206 844 844
64.767502 3 582 582
64.767502 11 586 586
64.767502 36 24 24
64.767502 45 215 215
64.767502 50 624 624
64.767502 110 153 153
64.767502 145 1338 1338
64.767502 161 1676 1676
64.767502 163 47 47
64.767502 206 917 917
65.767517 3 596 596
65.767517 11 577 577
65.767517 36 25 25
65.767517 45 214 214
65.767517 50 719 719
65.767517 110 122 122
65.767517 145 1261 1261
65.767517 161 1718 1718
65.767517 163 35 35
65.767517 206 874 874
66.767532 3 618 618
66.767532 11 579 579
66.767532 36 34 34
66.767532 45 211 211
66.767532 50 694 694
66.767532 110 122 122
66.767532 145 1250 1250
66.767532 161 1773 1773
66.767532 163 28 28
66.767532 206 852 852
67.767548 3 634 634
67.767548 11 654 654
67.767548 36 21 21
67.767548 45 262 262
67.767548 50 686 686
67.767548 110 124 124
67.767548 145 1197 1197
67.767548 161 1899 1899
67.767548 163 20 20
67.767548 206 679 679
68.767563 3 652 652
68.767563 11 647 647
68.767563 36 26 26
68.767563 45 282 282
68.767563 50 736 736
68.767563 110 89 89
68.767563 145 1112 1112
68.767563 161 1951 1951
68.767563 163 32 32
68.767563 206 556 556
69.767578 3 616 616
69.767578 11 643 643
69.767578 36 39 39
69.767578 45 285 285
69.767578 50 742 742
69.767578 110 54 54
69.767578 145 1246 1246
69.767578 161 1959 1959
69.767578 163 46 46
69.767578 206 496 496
70.767593 3 636 636
70.767593 11 677 677
70.767593 36 46 46
70.767593 45 257 257
70.767593 50 764 764
70.767593 110 51 51
70.767593 145 1192 1192
70.767593 161 2015 2015
70.767593 163 45 45
70.767593 206 489 489
71.767609 3 620 620
71.767609 11 627 627
71.767609 36 44 44
71.767609 45 235 235
71.767609 50 788 788
71.767609 110 50 50
71.767609 145 1229 1229
71.767609 161 2036 2036
71.767609 163 46 46
71.767609 206 443 443
