0.000000 0 1 1
0.000000 1 1 1
0.000000 2 1 1
0.000000 3 1 1
0.000000 5 1 1
0.000000 6 1 1
0.000000 7 1 1
0.000000 8 1 1
0.000000 9 1 1
0.000000 10 1 1
0.000000 11 1 1
0.000000 12 1 1
0.000000 13 1 1
0.000000 14 1 1
0.000000 16 1 1
0.000000 17 1 1
0.000000 18 1 1
0.000000 19 1 1
0.000000 20 1 1
0.000000 21 1 1
0.000000 22 1 1
0.000000 23 1 1
0.000000 24 1 1
0.000000 25 1 1
0.000000 26 1 1
0.000000 27 1 1
0.000000 28 1 1
0.000000 29 1 1
0.000000 30 1 1
0.000000 31 1 1
0.000000 32 1 1
0.000000 33 1 1
0.000000 34 1 1
0.000000 36 1 1
0.000000 38 1 1
0.000000 40 1 1
0.000000 41 1 1
0.000000 42 1 1
0.000000 43 1 1
0.000000 44 1 1
0.000000 45 1 1
0.000000 46 1 1
0.000000 47 1 1
0.000000 48 1 1
0.000000 49 1 1
0.000000 50 1 1
0.000000 51 1 1
0.000000 52 1 1
0.000000 54 1 1
0.000000 55 1 1
0.000000 56 1 1
0.000000 57 1 1
0.000000 58 1 1
0.000000 59 1 1
0.000000 60 1 1
0.000000 61 1 1
0.000000 62 1 1
0.000000 63 1 1
0.000000 64 1 1
0.000000 65 1 1
0.000000 66 1 1
0.000000 67 1 1
0.000000 68 1 1
0.000000 69 1 1
0.000000 70 1 1
0.000000 72 1 1
0.000000 74 1 1
0.000000 75 1 1
0.000000 76 1 1
0.000000 77 1 1
0.000000 78 1 1
0.000000 79 1 1
0.000000 80 1 1
0.000000 81 1 1
0.000000 82 1 1
0.000000 83 1 1
0.000000 84 1 1
0.000000 85 1 1
0.000000 86 1 1
0.000000 87 1 1
0.000000 88 1 1
0.000000 89 1 1
0.000000 90 1 1
0.000000 91 1 1
0.000000 93 1 1
0.000000 94 1 1
0.000000 95 1 1
0.000000 96 1 1
0.000000 97 1 1
0.000000 98 1 1
0.000000 99 1 1
0.000000 100 1 1
0.000000 101 1 1
0.000000 102 1 1
0.000000 103 1 1
0.000000 104 1 1
0.000000 105 1 1
0.000000 106 1 1
0.000000 107 1 1
0.000000 108 1 1
0.000000 109 1 1
0.000000 110 1 1
0.000000 111 1 1
0.000000 112 1 1
0.000000 113 1 1
0.000000 114 1 1
0.000000 116 1 1
0.000000 118 1 1
0.000000 119 1 1
0.000000 121 1 1
0.000000 122 1 1
0.000000 123 1 1
0.000000 124 1 1
0.000000 125 1 1
0.000000 126 1 1
0.000000 127 1 1
0.000000 128 1 1
0.000000 129 1 1
0.000000 130 1 1
0.000000 131 1 1
0.000000 132 1 1
0.000000 133 1 1
0.000000 134 1 1
0.000000 135 1 1
0.000000 136 1 1
0.000000 137 1 1
0.000000 138 1 1
0.000000 139 1 1
0.000000 140 1 1
0.000000 141 1 1
0.000000 142 1 1
0.000000 143 1 1
0.000000 145 1 1
0.000000 146 1 1
0.000000 147 1 1
0.000000 148 1 1
0.000000 149 1 1
0.000000 150 1 1
0.000000 151 1 1
0.000000 152 1 1
0.000000 153 1 1
0.000000 154 1 1
0.000000 155 1 1
0.000000 156 1 1
0.000000 157 1 1
0.000000 158 1 1
0.000000 160 1 1
0.000000 161 1 1
0.000000 162 1 1
0.000000 163 1 1
0.000000 164 1 1
0.000000 165 1 1
0.000000 166 1 1
0.000000 167 1 1
0.000000 168 1 1
0.000000 169 1 1
0.000000 170 1 1
0.000000 171 1 1
0.000000 172 1 1
0.000000 173 1 1
0.000000 174 1 1
0.000000 175 1 1
0.000000 176 1 1
0.000000 177 1 1
0.000000 178 1 1
0.000000 179 1 1
0.000000 180 1 1
0.000000 181 1 1
0.000000 182 1 1
0.000000 183 1 1
0.000000 184 1 1
0.000000 185 1 1
0.000000 187 1 1
0.000000 189 1 1
0.000000 190 1 1
0.000000 191 1 1
0.000000 192 1 1
0.000000 193 1 1
0.000000 194 1 1
0.000000 195 1 1
0.000000 196 1 1
0.000000 197 1 1
0.000000 198 1 1
0.000000 199 1 1
0.000000 200 1 1
0.000000 201 1 1
0.000000 202 1 1
0.000000 203 1 1
0.000000 204 1 1
0.000000 205 1 1
0.000000 206 1 1
0.000000 207 1 1
0.000000 208 1 1
0.000000 209 1 1
0.000000 210 1 1
0.000000 211 1 1
0.000000 212 1 1
0.000000 213 1 1
0.000000 214 1 1
0.000000 215 1 1
0.000000 216 1 1
0.000000 217 1 1
0.000000 218 1 1
0.000000 219 1 1
1.000031 0 1 1
1.000031 1 2 2
1.000031 2 2 2
1.000031 3 2 2
1.000031 5 1 1
1.000031 6 1 1
1.000031 7 1 1
1.000031 8 1 1
1.000031 9 2 2
1.000031 10 1 1
1.000031 11 1 1
1.000031 12 2 2
1.000031 13 1 1
1.000031 14 2 2
1.000031 16 1 1
1.000031 17 1 1
1.000031 18 2 2
1.000031 19 2 2
1.000031 20 2 2
1.000031 21 2 2
1.000031 22 1 1
1.000031 23 1 1
1.000031 24 2 2
1.000031 25 1 1
1.000031 26 2 2
1.000031 27 2 2
1.000031 28 2 2
1.000031 29 2 2
1.000031 30 2 2
1.000031 31 2 2
1.000031 32 2 2
1.000031 33 1 1
1.000031 34 1 1
1.000031 36 1 1
1.000031 38 1 1
1.000031 40 1 1
1.000031 41 1 1
1.000031 42 1 1
1.000031 43 2 2
1.000031 44 1 1
1.000031 45 2 2
1.000031 46 1 1
1.000031 47 1 1
1.000031 48 1 1
1.000031 49 1 1
1.000031 50 2 2
1.000031 51 2 2
1.000031 52 1 1
1.000031 54 1 1
1.000031 55 1 1
1.000031 56 1 1
1.000031 57 1 1
1.000031 58 1 1
1.000031 59 2 2
1.000031 60 2 2
1.000031 61 1 1
1.000031 62 2 2
1.000031 63 1 1
1.000031 64 2 2
1.000031 65 1 1
1.000031 66 2 2
1.000031 67 1 1
1.000031 68 2 2
1.000031 69 1 1
1.000031 70 1 1
1.000031 72 2 2
1.000031 74 2 2
1.000031 75 2 2
1.000031 76 1 1
1.000031 77 1 1
1.000031 78 2 2
1.000031 79 1 1
1.000031 80 1 1
1.000031 81 1 1
1.000031 82 2 2
1.000031 83 2 2
1.000031 84 2 2
1.000031 85 2 2
1.000031 86 1 1
1.000031 87 2 2
1.000031 88 1 1
1.000031 89 1 1
1.000031 90 1 1
1.000031 91 2 2
1.000031 93 1 1
1.000031 94 2 2
1.000031 95 1 1
1.000031 96 1 1
1.000031 97 1 1
1.000031 98 1 1
1.000031 99 1 1
1.000031 100 2 2
1.000031 101 2 2
1.000031 102 2 2
1.000031 103 2 2
1.000031 104 2 2
1.000031 105 2 2
1.000031 106 1 1
1.000031 107 2 2
1.000031 108 1 1
1.000031 109 2 2
1.000031 110 2 2
1.000031 111 2 2
1.000031 112 2 2
1.000031 113 1 1
1.000031 114 1 1
1.000031 116 2 2
1.000031 118 2 2
1.000031 119 2 2
1.000031 121 1 1
1.000031 122 2 2
1.000031 123 1 1
1.000031 124 2 2
1.000031 125 2 2
1.000031 126 2 2
1.000031 127 2 2
1.000031 128 2 2
1.000031 129 2 2
1.000031 130 2 2
1.000031 131 2 2
1.000031 132 1 1
1.000031 133 2 2
1.000031 134 2 2
1.000031 135 1 1
1.000031 136 1 1
1.000031 137 2 2
1.000031 138 1 1
1.000031 139 2 2
1.000031 140 1 1
1.000031 141 1 1
1.000031 142 2 2
1.000031 143 1 1
1.000031 145 2 2
1.000031 146 1 1
1.000031 147 1 1
1.000031 148 1 1
1.000031 149 1 1
1.000031 150 1 1
1.000031 151 1 1
1.000031 152 2 2
1.000031 153 1 1
1.000031 154 1 1
1.000031 155 2 2
1.000031 156 1 1
1.000031 157 2 2
1.000031 158 1 1
1.000031 160 2 2
1.000031 161 1 1
1.000031 162 2 2
1.000031 163 1 1
1.000031 164 2 2
1.000031 165 1 1
1.000031 166 1 1
1.000031 167 2 2
1.000031 168 2 2
1.000031 169 2 2
1.000031 170 2 2
1.000031 171 2 2
1.000031 172 1 1
1.000031 173 2 2
1.000031 174 2 2
1.000031 175 2 2
1.000031 176 2 2
1.000031 177 2 2
1.000031 178 2 2
1.000031 179 2 2
1.000031 180 2 2
1.000031 181 1 1
1.000031 182 1 1
1.000031 183 1 1
1.000031 184 1 1
1.000031 185 2 2
1.000031 187 1 1
1.000031 189 2 2
1.000031 190 1 1
1.000031 191 2 2
1.000031 192 2 2
1.000031 193 1 1
1.000031 194 1 1
1.000031 195 1 1
1.000031 196 1 1
1.000031 197 1 1
1.000031 198 2 2
1.000031 199 1 1
1.000031 200 2 2
1.000031 201 1 1
1.000031 202 2 2
1.000031 203 2 2
1.000031 204 2 2
1.000031 205 2 2
1.000031 206 1 1
1.000031 207 1 1
1.000031 208 2 2
1.000031 209 2 2
1.000031 210 2 2
1.000031 211 2 2
1.000031 212 2 2
1.000031 213 2 2
1.000031 214 2 2
1.000031 215 1 1
1.000031 216 2 2
1.000031 217 2 2
1.000031 218 2 2
1.000031 219 1 1
2.000061 0 2 2
2.000061 1 2 2
2.000061 2 2 2
2.000061 3 2 2
2.000061 5 2 2
2.000061 6 2 2
2.000061 7 3 3
2.000061 8 2 2
2.000061 9 2 2
2.000061 10 2 2
2.000061 11 2 2
2.000061 12 2 2
2.000061 13 2 2
2.000061 14 2 2
2.000061 16 2 2
2.000061 17 2 2
2.000061 18 2 2
2.000061 19 2 2
2.000061 20 2 2
2.000061 21 2 2
2.000061 22 2 2
2.000061 23 2 2
2.000061 24 2 2
2.000061 25 2 2
2.000061 26 2 2
2.000061 27 2 2
2.000061 28 3 3
2.000061 29 2 2
2.000061 30 2 2
2.000061 31 2 2
2.000061 32 3 3
2.000061 33 2 2
2.000061 34 2 2
2.000061 36 2 2
2.000061 38 2 2
2.000061 40 2 2
2.000061 41 2 2
2.000061 42 2 2
2.000061 43 2 2
2.000061 44 2 2
2.000061 45 3 3
2.000061 46 2 2
2.000061 47 2 2
2.000061 48 2 2
2.000061 49 2 2
2.000061 50 2 2
2.000061 51 2 2
2.000061 52 2 2
2.000061 54 2 2
2.000061 55 2 2
2.000061 56 2 2
2.000061 57 2 2
2.000061 58 2 2
2.000061 59 2 2
2.000061 60 3 3
2.000061 61 2 2
2.000061 62 2 2
2.000061 63 2 2
2.000061 64 2 2
2.000061 65 2 2
2.000061 66 2 2
2.000061 67 2 2
2.000061 68 2 2
2.000061 69 2 2
2.000061 70 2 2
2.000061 72 3 3
2.000061 74 3 3
2.000061 75 2 2
2.000061 76 2 2
2.000061 77 2 2
2.000061 78 2 2
2.000061 79 2 2
2.000061 80 2 2
2.000061 81 2 2
2.000061 82 3 3
2.000061 83 2 2
2.000061 84 2 2
2.000061 85 2 2
2.000061 86 2 2
2.000061 87 2 2
2.000061 88 2 2
2.000061 89 2 2
2.000061 90 3 3
2.000061 91 3 3
2.000061 93 2 2
2.000061 94 2 2
2.000061 95 2 2
2.000061 96 2 2
2.000061 97 2 2
2.000061 98 2 2
2.000061 99 2 2
2.000061 100 2 2
2.000061 101 2 2
2.000061 102 2 2
2.000061 103 2 2
2.000061 104 2 2
2.000061 105 3 3
2.000061 106 2 2
2.000061 107 2 2
2.000061 108 2 2
2.000061 109 3 3
2.000061 110 2 2
2.000061 111 3 3
2.000061 112 3 3
2.000061 113 2 2
2.000061 114 2 2
2.000061 116 2 2
2.000061 118 2 2
2.000061 119 2 2
2.000061 121 2 2
2.000061 122 2 2
2.000061 123 2 2
2.000061 124 2 2
2.000061 125 2 2
2.000061 126 2 2
2.000061 127 2 2
2.000061 128 2 2
2.000061 129 2 2
2.000061 130 3 3
2.000061 131 3 3
2.000061 132 2 2
2.000061 133 2 2
2.000061 134 3 3
2.000061 135 2 2
2.000061 136 2 2
2.000061 137 2 2
2.000061 138 2 2
2.000061 139 2 2
2.000061 140 2 2
2.000061 141 2 2
2.000061 142 2 2
2.000061 143 2 2
2.000061 145 2 2
2.000061 146 2 2
2.000061 147 2 2
2.000061 148 2 2
2.000061 149 2 2
2.000061 150 2 2
2.000061 151 2 2
2.000061 152 2 2
2.000061 153 2 2
2.000061 154 2 2
2.000061 155 3 3
2.000061 156 2 2
2.000061 157 2 2
2.000061 158 2 2
2.000061 160 2 2
2.000061 161 2 2
2.000061 162 2 2
2.000061 163 2 2
2.000061 164 2 2
2.000061 165 2 2
2.000061 166 2 2
2.000061 167 2 2
2.000061 168 2 2
2.000061 169 2 2
2.000061 170 2 2
2.000061 171 2 2
2.000061 172 2 2
2.000061 173 2 2
2.000061 174 2 2
2.000061 175 4 4
2.000061 176 3 3
2.000061 177 3 3
2.000061 178 2 2
2.000061 179 2 2
2.000061 180 3 3
2.000061 181 2 2
2.000061 182 2 2
2.000061 183 1 1
2.000061 184 2 2
2.000061 185 2 2
2.000061 187 2 2
2.000061 189 2 2
2.000061 190 3 3
2.000061 191 2 2
2.000061 192 2 2
2.000061 193 2 2
2.000061 194 2 2
2.000061 195 2 2
2.000061 196 2 2
2.000061 197 2 2
2.000061 198 3 3
2.000061 199 2 2
2.000061 200 2 2
2.000061 201 2 2
2.000061 202 2 2
2.000061 203 2 2
2.000061 204 2 2
2.000061 205 3 3
2.000061 206 2 2
2.000061 207 2 2
2.000061 208 2 2
2.000061 209 2 2
2.000061 210 2 2
2.000061 211 2 2
2.000061 212 3 3
2.000061 213 2 2
2.000061 214 2 2
2.000061 215 2 2
2.000061 216 2 2
2.000061 217 2 2
2.000061 218 3 3
2.000061 219 2 2
3.000092 0 4 4
3.000092 1 4 4
3.000092 2 4 4
3.000092 3 4 4
3.000092 5 4 4
3.000092 6 4 4
3.000092 7 3 3
3.000092 8 4 4
3.000092 9 2 2
3.000092 10 4 4
3.000092 11 4 4
3.000092 12 4 4
3.000092 13 4 4
3.000092 14 4 4
3.000092 16 4 4
3.000092 17 4 4
3.000092 18 4 4
3.000092 19 4 4
3.000092 20 4 4
3.000092 21 4 4
3.000092 22 4 4
3.000092 23 4 4
3.000092 24 4 4
3.000092 25 4 4
3.000092 26 4 4
3.000092 27 4 4
3.000092 28 5 5
3.000092 29 4 4
3.000092 30 4 4
3.000092 31 3 3
3.000092 32 5 5
3.000092 33 4 4
3.000092 34 4 4
3.000092 36 4 4
3.000092 38 4 4
3.000092 40 4 4
3.000092 41 3 3
3.000092 42 4 4
3.000092 43 4 4
3.000092 44 3 3
3.000092 45 4 4
3.000092 46 3 3
3.000092 47 4 4
3.000092 48 4 4
3.000092 49 4 4
3.000092 50 4 4
3.000092 51 3 3
3.000092 52 4 4
3.000092 54 4 4
3.000092 55 3 3
3.000092 56 3 3
3.000092 57 4 4
3.000092 58 4 4
3.000092 59 3 3
3.000092 60 4 4
3.000092 61 3 3
3.000092 62 4 4
3.000092 63 4 4
3.000092 64 4 4
3.000092 65 4 4
3.000092 66 4 4
3.000092 67 4 4
3.000092 68 4 4
3.000092 69 3 3
3.000092 70 4 4
3.000092 72 4 4
3.000092 74 5 5
3.000092 75 4 4
3.000092 76 4 4
3.000092 77 4 4
3.000092 78 4 4
3.000092 79 3 3
3.000092 80 4 4
3.000092 81 4 4
3.000092 82 4 4
3.000092 83 4 4
3.000092 84 4 4
3.000092 85 4 4
3.000092 86 4 4
3.000092 87 4 4
3.000092 88 2 2
3.000092 89 4 4
3.000092 90 4 4
3.000092 91 4 4
3.000092 93 4 4
3.000092 94 4 4
3.000092 95 4 4
3.000092 96 3 3
3.000092 97 4 4
3.000092 98 3 3
3.000092 99 4 4
3.000092 100 4 4
3.000092 101 4 4
3.000092 102 4 4
3.000092 103 4 4
3.000092 104 4 4
3.000092 105 5 5
3.000092 106 4 4
3.000092 107 4 4
3.000092 108 4 4
3.000092 109 4 4
3.000092 110 4 4
3.000092 111 5 5
3.000092 112 4 4
3.000092 113 4 4
3.000092 114 4 4
3.000092 116 4 4
3.000092 118 4 4
3.000092 119 4 4
3.000092 121 4 4
3.000092 122 4 4
3.000092 123 4 4
3.000092 124 4 4
3.000092 125 3 3
3.000092 126 4 4
3.000092 127 4 4
3.000092 128 4 4
3.000092 129 4 4
3.000092 130 5 5
3.000092 131 4 4
3.000092 132 4 4
3.000092 133 4 4
3.000092 134 5 5
3.000092 135 4 4
3.000092 136 3 3
3.000092 137 4 4
3.000092 138 4 4
3.000092 139 4 4
3.000092 140 4 4
3.000092 141 4 4
3.000092 142 4 4
3.000092 143 4 4
3.000092 145 4 4
3.000092 146 4 4
3.000092 147 4 4
3.000092 148 3 3
3.000092 149 4 4
3.000092 150 4 4
3.000092 151 4 4
3.000092 152 4 4
3.000092 153 3 3
3.000092 154 4 4
3.000092 155 4 4
3.000092 156 4 4
3.000092 157 4 4
3.000092 158 4 4
3.000092 160 4 4
3.000092 161 4 4
3.000092 162 4 4
3.000092 163 4 4
3.000092 164 4 4
3.000092 165 4 4
3.000092 166 4 4
3.000092 167 4 4
3.000092 168 4 4
3.000092 169 4 4
3.000092 170 4 4
3.000092 171 3 3
3.000092 172 4 4
3.000092 173 4 4
3.000092 174 4 4
3.000092 175 4 4
3.000092 176 4 4
3.000092 177 5 5
3.000092 178 4 4
3.000092 179 4 4
3.000092 180 4 4
3.000092 181 4 4
3.000092 182 4 4
3.000092 183 2 2
3.000092 184 4 4
3.000092 185 4 4
3.000092 187 2 2
3.000092 189 4 4
3.000092 190 5 5
3.000092 191 4 4
3.000092 192 4 4
3.000092 193 3 3
3.000092 194 4 4
3.000092 195 4 4
3.000092 196 3 3
3.000092 197 4 4
3.000092 198 4 4
3.000092 199 3 3
3.000092 200 4 4
3.000092 201 4 4
3.000092 202 4 4
3.000092 203 4 4
3.000092 204 4 4
3.000092 205 5 5
3.000092 206 3 3
3.000092 207 4 4
3.000092 208 4 4
3.000092 209 4 4
3.000092 210 4 4
3.000092 211 4 4
3.000092 212 5 5
3.000092 213 4 4
3.000092 214 4 4
3.000092 215 4 4
3.000092 216 3 3
3.000092 217 4 4
3.000092 218 5 5
3.000092 219 3 3
4.000122 0 5 5
4.000122 1 5 5
4.000122 2 7 7
4.000122 3 8 8
4.000122 5 6 6
4.000122 6 6 6
4.000122 7 5 5
4.000122 8 4 4
4.000122 9 4 4
4.000122 10 4 4
4.000122 11 4 4
4.000122 12 5 5
4.000122 13 8 8
4.000122 14 6 6
4.000122 16 6 6
4.000122 17 7 7
4.000122 18 5 5
4.000122 19 7 7
4.000122 20 8 8
4.000122 21 7 7
4.000122 22 5 5
4.000122 23 7 7
4.000122 24 7 7
4.000122 25 4 4
4.000122 26 5 5
4.000122 27 8 8
4.000122 28 6 6
4.000122 29 8 8
4.000122 30 8 8
4.000122 31 6 6
4.000122 32 8 8
4.000122 33 4 4
4.000122 34 7 7
4.000122 36 7 7
4.000122 38 8 8
4.000122 40 4 4
4.000122 41 4 4
4.000122 42 4 4
4.000122 43 8 8
4.000122 44 3 3
4.000122 45 7 7
4.000122 46 4 4
4.000122 47 6 6
4.000122 48 5 5
4.000122 49 5 5
4.000122 50 6 6
4.000122 51 6 6
4.000122 52 6 6
4.000122 54 5 5
4.000122 55 4 4
4.000122 56 6 6
4.000122 57 5 5
4.000122 58 5 5
4.000122 59 6 6
4.000122 60 8 8
4.000122 61 4 4
4.000122 62 7 7
4.000122 63 6 6
4.000122 64 5 5
4.000122 65 4 4
4.000122 66 7 7
4.000122 67 4 4
4.000122 68 5 5
4.000122 69 5 5
4.000122 70 4 4
4.000122 72 8 8
4.000122 74 7 7
4.000122 75 7 7
4.000122 76 4 4
4.000122 77 5 5
4.000122 78 7 7
4.000122 79 4 4
4.000122 80 4 4
4.000122 81 5 5
4.000122 82 8 8
4.000122 83 5 5
4.000122 84 7 7
4.000122 85 8 8
4.000122 86 6 6
4.000122 87 6 6
4.000122 88 3 3
4.000122 89 4 4
4.000122 90 6 6
4.000122 91 8 8
4.000122 93 5 5
4.000122 94 7 7
4.000122 95 4 4
4.000122 96 4 4
4.000122 97 5 5
4.000122 98 4 4
4.000122 99 6 6
4.000122 100 8 8
4.000122 101 5 5
4.000122 102 6 6
4.000122 103 6 6
4.000122 104 8 8
4.000122 105 7 7
4.000122 106 5 5
4.000122 107 6 6
4.000122 108 4 4
4.000122 109 8 8
4.000122 110 7 7
4.000122 111 9 9
4.000122 112 8 8
4.000122 113 6 6
4.000122 114 5 5
4.000122 116 6 6
4.000122 118 7 7
4.000122 119 7 7
4.000122 121 4 4
4.000122 122 7 7
4.000122 123 4 4
4.000122 124 7 7
4.000122 125 6 6
4.000122 126 5 5
4.000122 127 8 8
4.000122 128 6 6
4.000122 129 5 5
4.000122 130 7 7
4.000122 131 8 8
4.000122 132 6 6
4.000122 133 7 7
4.000122 134 9 9
4.000122 135 7 7
4.000122 136 5 5
4.000122 137 7 7
4.000122 138 6 6
4.000122 139 6 6
4.000122 140 7 7
4.000122 141 5 5
4.000122 142 7 7
4.000122 143 6 6
4.000122 145 7 7
4.000122 146 6 6
4.000122 147 6 6
4.000122 148 4 4
4.000122 149 6 6
4.000122 150 4 4
4.000122 151 6 6
4.000122 152 7 7
4.000122 153 5 5
4.000122 154 6 6
4.000122 155 6 6
4.000122 156 7 7
4.000122 157 7 7
4.000122 158 7 7
4.000122 160 7 7
4.000122 161 4 4
4.000122 162 7 7
4.000122 163 6 6
4.000122 164 8 8
4.000122 165 5 5
4.000122 166 4 4
4.000122 167 6 6
4.000122 168 7 7
4.000122 169 6 6
4.000122 170 4 4
4.000122 171 5 5
4.000122 172 5 5
4.000122 173 5 5
4.000122 174 7 7
4.000122 175 8 8
4.000122 176 7 7
4.000122 177 7 7
4.000122 178 6 6
4.000122 179 7 7
4.000122 180 8 8
4.000122 181 5 5
4.000122 182 7 7
4.000122 183 1 1
4.000122 184 5 5
4.000122 185 8 8
4.000122 187 4 4
4.000122 189 6 6
4.000122 190 5 5
4.000122 191 6 6
4.000122 192 7 7
4.000122 193 3 3
4.000122 194 5 5
4.000122 195 4 4
4.000122 196 4 4
4.000122 197 7 7
4.000122 198 7 7
4.000122 199 6 6
4.000122 200 7 7
4.000122 201 6 6
4.000122 202 7 7
4.000122 203 6 6
4.000122 204 6 6
4.000122 205 7 7
4.000122 206 5 5
4.000122 207 4 4
4.000122 208 7 7
4.000122 209 5 5
4.000122 210 6 6
4.000122 211 5 5
4.000122 212 8 8
4.000122 213 6 6
4.000122 214 7 7
4.000122 215 6 6
4.000122 216 5 5
4.000122 217 8 8
4.000122 218 8 8
4.000122 219 7 7
5.000153 0 9 9
5.000153 1 8 8
5.000153 2 10 10
5.000153 3 16 16
5.000153 5 9 9
5.000153 6 8 8
5.000153 7 9 9
5.000153 8 8 8
5.000153 9 4 4
5.000153 10 8 8
5.000153 11 8 8
5.000153 12 10 10
5.000153 13 8 8
5.000153 14 9 9
5.000153 16 8 8
5.000153 17 10 10
5.000153 18 8 8
5.000153 19 11 11
5.000153 20 11 11
5.000153 21 10 10
5.000153 22 9 9
5.000153 23 8 8
5.000153 24 12 12
5.000153 25 8 8
5.000153 26 9 9
5.000153 27 12 12
5.000153 28 11 11
5.000153 29 9 9
5.000153 30 9 9
5.000153 31 8 8
5.000153 32 12 12
5.000153 33 8 8
5.000153 34 9 9
5.000153 36 9 9
5.000153 38 8 8
5.000153 40 8 8
5.000153 41 6 6
5.000153 42 8 8
5.000153 43 12 12
5.000153 44 6 6
5.000153 45 10 10
5.000153 46 8 8
5.000153 47 9 9
5.000153 48 9 9
5.000153 49 10 10
5.000153 50 10 10
5.000153 51 11 11
5.000153 52 12 12
5.000153 54 8 8
5.000153 55 8 8
5.000153 56 7 7
5.000153 57 8 8
5.000153 58 8 8
5.000153 59 8 8
5.000153 60 11 11
5.000153 61 7 7
5.000153 62 9 9
5.000153 63 8 8
5.000153 64 9 9
5.000153 65 8 8
5.000153 66 11 11
5.000153 67 5 5
5.000153 68 9 9
5.000153 69 8 8
5.000153 70 8 8
5.000153 72 14 14
5.000153 74 13 13
5.000153 75 10 10
5.000153 76 8 8
5.000153 77 8 8
5.000153 78 11 11
5.000153 79 8 8
5.000153 80 8 8
5.000153 81 9 9
5.000153 82 11 11
5.000153 83 7 7
5.000153 84 8 8
5.000153 85 8 8
5.000153 86 8 8
5.000153 87 8 8
5.000153 88 5 5
5.000153 89 8 8
5.000153 90 10 10
5.000153 91 12 12
5.000153 93 8 8
5.000153 94 10 10
5.000153 95 8 8
5.000153 96 8 8
5.000153 97 9 9
5.000153 98 6 6
5.000153 99 8 8
5.000153 100 8 8
5.000153 101 10 10
5.000153 102 8 8
5.000153 103 9 9
5.000153 104 9 9
5.000153 105 12 12
5.000153 106 8 8
5.000153 107 9 9
5.000153 108 8 8
5.000153 109 10 10
5.000153 110 8 8
5.000153 111 12 12
5.000153 112 11 11
5.000153 113 10 10
5.000153 114 8 8
5.000153 116 8 8
5.000153 118 11 11
5.000153 119 10 10
5.000153 121 8 8
5.000153 122 10 10
5.000153 123 8 8
5.000153 124 11 11
5.000153 125 9 9
5.000153 126 9 9
5.000153 127 9 9
5.000153 128 8 8
5.000153 129 8 8
5.000153 130 10 10
5.000153 131 12 12
5.000153 132 10 10
5.000153 133 9 9
5.000153 134 13 13
5.000153 135 10 10
5.000153 136 8 8
5.000153 137 8 8
5.000153 138 10 10
5.000153 139 9 9
5.000153 140 8 8
5.000153 141 8 8
5.000153 142 9 9
5.000153 143 9 9
5.000153 145 9 9
5.000153 146 10 10
5.000153 147 8 8
5.000153 148 8 8
5.000153 149 11 11
5.000153 150 8 8
5.000153 151 8 8
5.000153 152 9 9
5.000153 153 8 8
5.000153 154 9 9
5.000153 155 11 11
5.000153 156 11 11
5.000153 157 9 9
5.000153 158 10 10
5.000153 160 11 11
5.000153 161 9 9
5.000153 162 9 9
5.000153 163 10 10
5.000153 164 11 11
5.000153 165 8 8
5.000153 166 8 8
5.000153 167 9 9
5.000153 168 10 10
5.000153 169 10 10
5.000153 170 8 8
5.000153 171 8 8
5.000153 172 8 8
5.000153 173 8 8
5.000153 174 8 8
5.000153 175 14 14
5.000153 176 11 11
5.000153 177 12 12
5.000153 178 9 9
5.000153 179 9 9
5.000153 180 11 11
5.000153 181 8 8
5.000153 182 11 11
5.000153 183 1 1
5.000153 184 9 9
5.000153 185 8 8
5.000153 187 7 7
5.000153 189 8 8
5.000153 190 10 10
5.000153 191 10 10
5.000153 192 10 10
5.000153 193 4 4
5.000153 194 9 9
5.000153 195 8 8
5.000153 196 8 8
5.000153 197 11 11
5.000153 198 12 12
5.000153 199 10 10
5.000153 200 9 9
5.000153 201 9 9
5.000153 202 11 11
5.000153 203 8 8
5.000153 204 8 8
5.000153 205 10 10
5.000153 206 8 8
5.000153 207 8 8
5.000153 208 10 10
5.000153 209 8 8
5.000153 210 11 11
5.000153 211 8 8
5.000153 212 12 12
5.000153 213 8 8
5.000153 214 10 10
5.000153 215 10 10
5.000153 216 5 5
5.000153 217 8 8
5.000153 218 11 11
5.000153 219 10 10
6.000183 0 15 15
6.000183 1 15 15
6.000183 2 17 17
6.000183 3 18 18
6.000183 5 15 15
6.000183 6 16 16
6.000183 7 15 15
6.000183 8 12 12
6.000183 9 7 7
6.000183 10 12 12
6.000183 11 14 14
6.000183 12 15 15
6.000183 13 16 16
6.000183 14 12 12
6.000183 16 15 15
6.000183 17 15 15
6.000183 18 13 13
6.000183 19 17 17
6.000183 20 17 17
6.000183 21 17 17
6.000183 22 17 17
6.000183 23 16 16
6.000183 24 16 16
6.000183 25 15 15
6.000183 26 17 17
6.000183 27 15 15
6.000183 28 16 16
6.000183 29 16 16
6.000183 30 17 17
6.000183 31 14 14
6.000183 32 20 20
6.000183 33 16 16
6.000183 34 14 14
6.000183 36 16 16
6.000183 38 16 16
6.000183 40 14 14
6.000183 41 5 5
6.000183 42 13 13
6.000183 43 19 19
6.000183 44 9 9
6.000183 45 19 19
6.000183 46 12 12
6.000183 47 15 15
6.000183 48 15 15
6.000183 49 16 16
6.000183 50 17 17
6.000183 51 17 17
6.000183 52 16 16
6.000183 54 13 13
6.000183 55 11 11
6.000183 56 14 14
6.000183 57 13 13
6.000183 58 15 15
6.000183 59 14 14
6.000183 60 19 19
6.000183 61 10 10
6.000183 62 16 16
6.000183 63 14 14
6.000183 64 16 16
6.000183 65 12 12
6.000183 66 18 18
6.000183 67 7 7
6.000183 68 15 15
6.000183 69 11 11
6.000183 70 15 15
6.000183 72 20 20
6.000183 74 19 19
6.000183 75 15 15
6.000183 76 13 13
6.000183 77 14 14
6.000183 78 16 16
6.000183 79 12 12
6.000183 80 16 16
6.000183 81 15 15
6.000183 82 17 17
6.000183 83 13 13
6.000183 84 16 16
6.000183 85 16 16
6.000183 86 13 13
6.000183 87 14 14
6.000183 88 4 4
6.000183 89 13 13
6.000183 90 15 15
6.000183 91 17 17
6.000183 93 16 16
6.000183 94 16 16
6.000183 95 14 14
6.000183 96 13 13
6.000183 97 17 17
6.000183 98 6 6
6.000183 99 16 16
6.000183 100 16 16
6.000183 101 16 16
6.000183 102 15 15
6.000183 103 15 15
6.000183 104 16 16
6.000183 105 17 17
6.000183 106 14 14
6.000183 107 14 14
6.000183 108 16 16
6.000183 109 18 18
6.000183 110 16 16
6.000183 111 20 20
6.000183 112 19 19
6.000183 113 16 16
6.000183 114 15 15
6.000183 116 12 12
6.000183 118 17 17
6.000183 119 16 16
6.000183 121 13 13
6.000183 122 17 17
6.000183 123 16 16
6.000183 124 19 19
6.000183 125 13 13
6.000183 126 16 16
6.000183 127 17 17
6.000183 128 9 9
6.000183 129 16 16
6.000183 130 19 19
6.000183 131 19 19
6.000183 132 16 16
6.000183 133 16 16
6.000183 134 21 21
6.000183 135 15 15
6.000183 136 14 14
6.000183 137 16 16
6.000183 138 14 14
6.000183 139 16 16
6.000183 140 16 16
6.000183 141 13 13
6.000183 142 16 16
6.000183 143 15 15
6.000183 145 15 15
6.000183 146 18 18
6.000183 147 15 15
6.000183 148 13 13
6.000183 149 17 17
6.000183 150 13 13
6.000183 151 14 14
6.000183 152 16 16
6.000183 153 14 14
6.000183 154 16 16
6.000183 155 17 17
6.000183 156 16 16
6.000183 157 14 14
6.000183 158 17 17
6.000183 160 16 16
6.000183 161 13 13
6.000183 162 16 16
6.000183 163 17 17
6.000183 164 17 17
6.000183 165 14 14
6.000183 166 13 13
6.000183 167 15 15
6.000183 168 15 15
6.000183 169 15 15
6.000183 170 14 14
6.000183 171 13 13
6.000183 172 15 15
6.000183 173 15 15
6.000183 174 16 16
6.000183 175 23 23
6.000183 176 20 20
6.000183 177 20 20
6.000183 178 16 16
6.000183 179 16 16
6.000183 180 18 18
6.000183 181 15 15
6.000183 182 16 16
6.000183 183 2 2
6.000183 184 17 17
6.000183 185 16 16
6.000183 187 11 11
6.000183 189 14 14
6.000183 190 17 17
6.000183 191 16 16
6.000183 192 16 16
6.000183 193 7 7
6.000183 194 13 13
6.000183 195 14 14
6.000183 196 12 12
6.000183 197 16 16
6.000183 198 19 19
6.000183 199 15 15
6.000183 200 16 16
6.000183 201 16 16
6.000183 202 16 16
6.000183 203 14 14
6.000183 204 16 16
6.000183 205 19 19
6.000183 206 13 13
6.000183 207 13 13
6.000183 208 17 17
6.000183 209 16 16
6.000183 210 17 17
6.000183 211 14 14
6.000183 212 20 20
6.000183 213 14 14
6.000183 214 16 16
6.000183 215 16 16
6.000183 216 6 6
6.000183 217 16 16
6.000183 218 20 20
6.000183 219 15 15
7.000214 0 22 22
7.000214 1 18 18
7.000214 2 27 27
7.000214 3 33 33
7.000214 5 23 23
7.000214 6 25 25
7.000214 7 23 23
7.000214 8 20 20
7.000214 9 6 6
7.000214 10 18 18
7.000214 11 18 18
7.000214 12 24 24
7.000214 13 26 26
7.000214 14 23 23
7.000214 16 24 24
7.000214 17 26 26
7.000214 18 22 22
7.000214 19 27 27
7.000214 20 31 31
7.000214 21 24 24
7.000214 22 25 25
7.000214 23 24 24
7.000214 24 28 28
7.000214 25 19 19
7.000214 26 27 27
7.000214 27 29 29
7.000214 28 29 29
7.000214 29 27 27
7.000214 30 32 32
7.000214 31 22 22
7.000214 32 29 29
7.000214 33 18 18
7.000214 34 24 24
7.000214 36 26 26
7.000214 38 26 26
7.000214 40 20 20
7.000214 42 18 18
7.000214 43 31 31
7.000214 44 4 4
7.000214 45 27 27
7.000214 46 17 17
7.000214 47 24 24
7.000214 48 20 20
7.000214 49 22 22
7.000214 50 25 25
7.000214 51 24 24
7.000214 52 28 28
7.000214 54 20 20
7.000214 55 17 17
7.000214 56 22 22
7.000214 57 22 22
7.000214 58 20 20
7.000214 59 26 26
7.000214 60 32 32
7.000214 61 16 16
7.000214 62 26 26
7.000214 63 24 24
7.000214 64 23 23
7.000214 65 17 17
7.000214 66 28 28
7.000214 67 3 3
7.000214 68 26 26
7.000214 69 20 20
7.000214 70 20 20
7.000214 72 34 34
7.000214 74 32 32
7.000214 75 25 25
7.000214 76 17 17
7.000214 77 19 19
7.000214 78 28 28
7.000214 79 18 18
7.000214 80 23 23
7.000214 81 21 21
7.000214 82 31 31
7.000214 83 15 15
7.000214 84 27 27
7.000214 85 27 27
7.000214 86 19 19
7.000214 87 27 27
7.000214 88 5 5
7.000214 89 17 17
7.000214 90 26 26
7.000214 91 31 31
7.000214 93 23 23
7.000214 94 26 26
7.000214 95 19 19
7.000214 96 19 19
7.000214 97 24 24
7.000214 99 25 25
7.000214 100 29 29
7.000214 101 25 25
7.000214 102 22 22
7.000214 103 23 23
7.000214 104 29 29
7.000214 105 17 17
7.000214 106 18 18
7.000214 107 26 26
7.000214 108 19 19
7.000214 109 28 28
7.000214 110 26 26
7.000214 111 36 36
7.000214 112 16 16
7.000214 113 25 25
7.000214 114 18 18
7.000214 116 21 21
7.000214 118 28 28
7.000214 119 26 26
7.000214 121 18 18
7.000214 122 25 25
7.000214 123 23 23
7.000214 124 30 30
7.000214 125 22 22
7.000214 126 28 28
7.000214 127 28 28
7.000214 128 4 4
7.000214 129 17 17
7.000214 130 27 27
7.000214 131 30 30
7.000214 132 27 27
7.000214 133 26 26
7.000214 134 32 32
7.000214 135 24 24
7.000214 136 21 21
7.000214 137 28 28
7.000214 138 23 23
7.000214 139 26 26
7.000214 140 25 25
7.000214 141 14 14
7.000214 142 26 26
7.000214 143 24 24
7.000214 145 28 28
7.000214 146 26 26
7.000214 147 21 21
7.000214 148 10 10
7.000214 149 26 26
7.000214 150 16 16
7.000214 151 24 24
7.000214 152 27 27
7.000214 153 23 23
7.000214 154 25 25
7.000214 155 27 27
7.000214 156 24 24
7.000214 157 25 25
7.000214 158 27 27
7.000214 160 29 29
7.000214 161 23 23
7.000214 162 29 29
7.000214 163 29 29
7.000214 164 30 30
7.000214 165 22 22
7.000214 166 18 18
7.000214 167 24 24
7.000214 168 27 27
7.000214 169 25 25
7.000214 170 20 20
7.000214 171 22 22
7.000214 172 23 23
7.000214 173 18 18
7.000214 174 28 28
7.000214 175 35 35
7.000214 176 29 29
7.000214 177 33 33
7.000214 178 25 25
7.000214 179 27 27
7.000214 180 27 27
7.000214 181 21 21
7.000214 182 30 30
7.000214 184 25 25
7.000214 185 29 29
7.000214 187 17 17
7.000214 189 19 19
7.000214 190 29 29
7.000214 191 23 23
7.000214 192 29 29
7.000214 193 4 4
7.000214 194 19 19
7.000214 195 18 18
7.000214 196 18 18
7.000214 197 24 24
7.000214 198 31 31
7.000214 199 24 24
7.000214 200 29 29
7.000214 201 16 16
7.000214 202 27 27
7.000214 203 25 25
7.000214 204 24 24
7.000214 205 24 24
7.000214 206 19 19
7.000214 207 19 19
7.000214 208 28 28
7.000214 209 26 26
7.000214 210 27 27
7.000214 211 22 22
7.000214 212 32 32
7.000214 213 23 23
7.000214 214 30 30
7.000214 215 24 24
7.000214 216 4 4
7.000214 217 30 30
7.000214 218 31 31
7.000214 219 29 29
8.000244 0 32 32
8.000244 1 32 32
8.000244 2 44 44
8.000244 3 57 57
8.000244 5 36 36
8.000244 6 37 37
8.000244 7 40 40
8.000244 8 33 33
8.000244 10 32 32
8.000244 11 32 32
8.000244 13 36 36
8.000244 14 39 39
8.000244 16 39 39
8.000244 17 40 40
8.000244 18 33 33
8.000244 19 43 43
8.000244 20 44 44
8.000244 22 38 38
8.000244 23 27 27
8.000244 25 32 32
8.000244 26 39 39
8.000244 27 46 46
8.000244 28 9 9
8.000244 29 40 40
8.000244 30 43 43
8.000244 31 34 34
8.000244 33 33 33
8.000244 34 33 33
8.000244 36 36 36
8.000244 38 33 33
8.000244 40 35 35
8.000244 42 24 24
8.000244 43 47 47
8.000244 45 40 40
8.000244 46 30 30
8.000244 47 35 35
8.000244 49 38 38
8.000244 50 40 40
8.000244 51 40 40
8.000244 52 45 45
8.000244 55 10 10
8.000244 57 34 34
8.000244 59 36 36
8.000244 60 46 46
8.000244 61 29 29
8.000244 62 38 38
8.000244 63 32 32
8.000244 64 11 11
8.000244 65 31 31
8.000244 66 44 44
8.000244 68 39 39
8.000244 69 32 32
8.000244 70 34 34
8.000244 74 50 50
8.000244 76 32 32
8.000244 77 30 30
8.000244 78 43 43
8.000244 79 32 32
8.000244 80 23 23
8.000244 81 35 35
8.000244 84 36 36
8.000244 86 35 35
8.000244 87 33 33
8.000244 89 33 33
8.000244 90 40 40
8.000244 91 45 45
8.000244 93 36 36
8.000244 94 39 39
8.000244 95 32 32
8.000244 96 31 31
8.000244 97 40 40
8.000244 99 36 36
8.000244 100 36 36
8.000244 101 35 35
8.000244 102 17 17
8.000244 103 38 38
8.000244 104 41 41
8.000244 106 31 31
8.000244 107 42 42
8.000244 108 34 34
8.000244 109 41 41
8.000244 110 34 34
8.000244 111 51 51
8.000244 114 35 35
8.000244 116 9 9
8.000244 118 41 41
8.000244 119 38 38
8.000244 121 30 30
8.000244 125 17 17
8.000244 126 39 39
8.000244 130 45 45
8.000244 131 25 25
8.000244 132 39 39
8.000244 133 36 36
8.000244 134 49 49
8.000244 135 36 36
8.000244 136 34 34
8.000244 137 40 40
8.000244 138 41 41
8.000244 140 41 41
8.000244 145 39 39
8.000244 146 42 42
8.000244 150 32 32
8.000244 151 38 38
8.000244 152 43 43
8.000244 153 37 37
8.000244 155 46 46
8.000244 157 36 36
8.000244 158 41 41
8.000244 161 31 31
8.000244 162 8 8
8.000244 163 40 40
8.000244 166 31 31
8.000244 167 24 24
8.000244 168 40 40
8.000244 169 36 36
8.000244 170 34 34
8.000244 171 29 29
8.000244 172 35 35
8.000244 174 39 39
8.000244 175 55 55
8.000244 176 43 43
8.000244 177 51 51
8.000244 178 41 41
8.000244 179 42 42
8.000244 182 40 40
8.000244 184 35 35
8.000244 190 40 40
8.000244 191 39 39
8.000244 192 42 42
8.000244 194 36 36
8.000244 195 32 32
8.000244 196 29 29
8.000244 198 47 47
8.000244 199 36 36
8.000244 200 36 36
8.000244 202 39 39
8.000244 203 35 35
8.000244 204 38 38
8.000244 205 42 42
8.000244 206 33 33
8.000244 207 29 29
8.000244 208 42 42
8.000244 209 28 28
8.000244 210 43 43
8.000244 211 34 34
8.000244 212 52 52
8.000244 214 44 44
8.000244 215 42 42
8.000244 217 38 38
8.000244 218 48 48
8.000244 219 27 27
9.000275 0 53 53
9.000275 1 50 50
9.000275 2 67 67
9.000275 3 45 45
9.000275 5 62 62
9.000275 6 63 63
9.000275 7 62 62
9.000275 11 1 1
9.000275 13 3 3
9.000275 14 57 57
9.000275 18 52 52
9.000275 20 70 70
9.000275 22 63 63
9.000275 25 55 55
9.000275 26 63 63
9.000275 29 65 65
9.000275 31 39 39
9.000275 33 57 57
9.000275 34 55 55
9.000275 36 41 41
9.000275 38 61 61
9.000275 40 37 37
9.000275 43 80 80
9.000275 45 38 38
9.000275 46 46 46
9.000275 47 59 59
9.000275 49 62 62
9.000275 52 73 73
9.000275 60 73 73
9.000275 61 44 44
9.000275 62 64 64
9.000275 63 56 56
9.000275 65 50 50
9.000275 66 41 41
9.000275 68 60 60
9.000275 69 51 51
9.000275 70 43 43
9.000275 74 80 80
9.000275 76 41 41
9.000275 78 67 67
9.000275 79 47 47
9.000275 81 2 2
9.000275 84 34 34
9.000275 86 49 49
9.000275 89 52 52
9.000275 90 66 66
9.000275 93 63 63
9.000275 94 68 68
9.000275 95 54 54
9.000275 96 51 51
9.000275 97 59 59
9.000275 99 3 3
9.000275 100 63 63
9.000275 101 65 65
9.000275 103 56 56
9.000275 104 25 25
9.000275 106 57 57
9.000275 107 63 63
9.000275 108 59 59
9.000275 109 73 73
9.000275 110 62 62
9.000275 111 84 84
9.000275 118 70 70
9.000275 119 63 63
9.000275 126 67 67
9.000275 130 76 76
9.000275 132 3 3
9.000275 135 41 41
9.000275 136 53 53
9.000275 137 64 64
9.000275 138 59 59
9.000275 140 9 9
9.000275 145 68 68
9.000275 146 67 67
9.000275 151 58 58
9.000275 152 61 61
9.000275 155 64 64
9.000275 157 57 57
9.000275 158 69 69
9.000275 161 53 53
9.000275 163 67 67
9.000275 169 60 60
9.000275 170 56 56
9.000275 172 57 57
9.000275 174 66 66
9.000275 175 71 71
9.000275 176 75 75
9.000275 177 77 77
9.000275 178 67 67
9.000275 179 65 65
9.000275 182 67 67
9.000275 184 28 28
9.000275 191 61 61
9.000275 192 70 70
9.000275 194 55 55
9.000275 195 51 51
9.000275 196 48 48
9.000275 202 13 13
9.000275 203 38 38
9.000275 204 63 63
9.000275 205 55 55
9.000275 208 74 74
9.000275 210 72 72
9.000275 215 63 63
9.000275 218 78 78
10.000305 0 83 83
10.000305 1 75 75
10.000305 2 113 113
10.000305 5 98 98
10.000305 6 99 99
10.000305 7 95 95
10.000305 14 94 94
10.000305 18 83 83
10.000305 20 119 119
10.000305 22 105 105
10.000305 25 82 82
10.000305 26 62 62
10.000305 29 105 105
10.000305 33 83 83
10.000305 34 89 89
10.000305 38 109 109
10.000305 43 40 40
10.000305 46 34 34
10.000305 47 92 92
10.000305 49 83 83
10.000305 52 108 108
10.000305 60 124 124
10.000305 63 1 1
10.000305 65 76 76
10.000305 68 54 54
10.000305 69 82 82
10.000305 74 92 92
10.000305 78 114 114
10.000305 79 72 72
10.000305 86 84 84
10.000305 89 17 17
10.000305 90 78 78
10.000305 93 94 94
10.000305 94 106 106
10.000305 95 58 58
10.000305 97 99 99
10.000305 101 107 107
10.000305 103 93 93
10.000305 107 55 55
10.000305 108 32 32
10.000305 109 109 109
10.000305 110 100 100
10.000305 111 141 141
10.000305 118 115 115
10.000305 119 102 102
10.000305 126 109 109
10.000305 130 2 2
10.000305 136 87 87
10.000305 138 97 97
10.000305 145 27 27
10.000305 146 107 107
10.000305 152 106 106
10.000305 155 107 107
10.000305 157 90 90
10.000305 158 9 9
10.000305 161 86 86
10.000305 163 114 114
10.000305 169 101 101
10.000305 170 86 86
10.000305 172 86 86
10.000305 174 1 1
10.000305 176 114 114
10.000305 177 126 126
10.000305 178 21 21
10.000305 179 105 105
10.000305 191 1 1
10.000305 192 51 51
10.000305 194 7 7
10.000305 195 36 36
10.000305 196 69 69
10.000305 204 26 26
10.000305 215 104 104
10.000305 218 132 132
11.000336 0 98 98
11.000336 1 128 128
11.000336 2 51 51
11.000336 5 151 151
11.000336 6 151 151
11.000336 7 154 154
11.000336 14 38 38
11.000336 18 136 136
11.000336 20 185 185
11.000336 22 154 154
11.000336 25 18 18
11.000336 29 164 164
11.000336 33 108 108
11.000336 34 129 129
11.000336 38 153 153
11.000336 47 152 152
11.000336 52 174 174
11.000336 60 195 195
11.000336 65 124 124
11.000336 69 84 84
11.000336 74 5 5
11.000336 78 174 174
11.000336 79 123 123
11.000336 86 125 125
11.000336 90 6 6
11.000336 93 128 128
11.000336 94 166 166
11.000336 97 2 2
11.000336 101 18 18
11.000336 103 136 136
11.000336 109 170 170
11.000336 110 75 75
11.000336 111 204 204
11.000336 118 167 167
11.000336 119 139 139
11.000336 126 172 172
11.000336 136 133 133
11.000336 138 118 118
11.000336 146 17 17
11.000336 152 49 49
11.000336 155 177 177
11.000336 157 143 143
11.000336 161 77 77
11.000336 163 148 148
11.000336 170 129 129
11.000336 172 8 8
11.000336 176 87 87
11.000336 177 7 7
11.000336 179 41 41
11.000336 196 116 116
11.000336 215 4 4
11.000336 218 211 211
12.000366 0 1 1
12.000366 1 156 156
12.000366 5 103 103
12.000366 6 246 246
12.000366 7 187 187
12.000366 18 220 220
12.000366 20 277 277
12.000366 22 247 247
12.000366 29 246 246
12.000366 34 9 9
12.000366 38 252 252
12.000366 47 237 237
12.000366 52 90 90
12.000366 60 278 278
12.000366 65 208 208
12.000366 69 2 2
12.000366 78 74 74
12.000366 79 190 190
12.000366 86 128 128
12.000366 93 45 45
12.000366 94 163 163
12.000366 101 2 2
12.000366 103 68 68
12.000366 109 287 287
12.000366 110 9 9
12.000366 111 226 226
12.000366 118 275 275
12.000366 119 84 84
12.000366 126 229 229
12.000366 136 226 226
12.000366 138 115 115
12.000366 155 208 208
12.000366 157 228 228
12.000366 161 5 5
12.000366 170 101 101
12.000366 176 14 14
12.000366 196 177 177
12.000366 218 203 203
13.000397 1 30 30
13.000397 5 25 25
13.000397 6 277 277
13.000397 7 141 141
13.000397 18 320 320
13.000397 20 324 324
13.000397 22 390 390
13.000397 29 263 263
13.000397 38 195 195
13.000397 47 337 337
13.000397 52 1 1
13.000397 60 216 216
13.000397 65 318 318
13.000397 78 33 33
13.000397 79 295 295
13.000397 86 73 73
13.000397 94 53 53
13.000397 103 9 9
13.000397 109 403 403
13.000397 111 206 206
13.000397 118 441 441
13.000397 119 59 59
13.000397 126 301 301
13.000397 136 310 310
13.000397 138 44 44
13.000397 155 90 90
13.000397 157 354 354
13.000397 170 18 18
13.000397 196 266 266
13.000397 218 97 97
14.000427 6 166 166
14.000427 7 68 68
14.000427 18 363 363
14.000427 20 350 350
14.000427 22 418 418
14.000427 29 322 322
14.000427 38 109 109
14.000427 47 419 419
14.000427 60 64 64
14.000427 65 410 410
14.000427 78 31 31
14.000427 79 488 488
14.000427 86 37 37
14.000427 94 41 41
14.000427 109 431 431
14.000427 111 112 112
14.000427 118 606 606
14.000427 119 10 10
14.000427 126 334 334
14.000427 136 328 328
14.000427 138 32 32
14.000427 155 17 17
14.000427 157 380 380
14.000427 196 282 282
14.000427 218 34 34
15.000046 6 89 89
15.000046 7 6 6
15.000046 18 340 340
15.000046 20 345 345
15.000046 22 410 410
15.000046 29 370 370
15.000046 38 101 101
15.000046 47 507 507
15.000046 60 4 4
15.000046 65 482 482
15.000046 79 655 655
15.000046 86 22 22
15.000046 94 22 22
15.000046 109 601 601
15.000046 111 54 54
15.000046 118 701 701
15.000046 126 387 387
15.000046 136 298 298
15.000046 138 24 24
15.000046 157 351 351
15.000046 196 276 276
15.000046 218 4 4
16.000061 6 19 19
16.000061 18 303 303
16.000061 20 402 402
16.000061 22 378 378
16.000061 29 391 391
16.000061 38 52 52
16.000061 47 465 465
16.000061 65 552 552
16.000061 79 751 751
16.000061 109 805 805
16.000061 118 745 745
16.000061 126 384 384
16.000061 136 212 212
16.000061 138 10 10
16.000061 157 290 290
16.000061 196 297 297
17.000076 18 284 284
17.000076 20 499 499
17.000076 22 375 375
17.000076 29 375 375
17.000076 38 32 32
17.000076 47 362 362
17.000076 65 629 629
17.000076 79 795 795
17.000076 109 918 918
17.000076 118 703 703
17.000076 126 422 422
17.000076 136 115 115
17.000076 157 254 254
17.000076 196 382 382
18.000092 18 290 290
18.000092 20 558 558
18.000092 22 371 371
18.000092 29 363 363
18.000092 38 11 11
18.000092 47 242 242
18.000092 65 620 620
18.000092 79 776 776
18.000092 109 982 982
18.000092 118 678 678
18.000092 126 473 473
18.000092 136 47 47
18.000092 157 225 225
18.000092 196 468 468
19.000107 18 326 326
19.000107 20 615 615
19.000107 22 404 404
19.000107 29 351 351
19.000107 47 109 109
19.000107 65 648 648
19.000107 79 750 750
19.000107 109 1035 1035
19.000107 118 743 743
19.000107 126 513 513
19.000107 136 5 5
19.000107 157 197 197
19.000107 196 476 476
20.000122 18 367 367
20.000122 20 596 596
20.000122 22 397 397
20.000122 29 294 294
20.000122 47 106 106
20.000122 65 629 629
20.000122 79 747 747
20.000122 109 1100 1100
20.000122 118 715 715
20.000122 126 542 542
20.000122 157 168 168
20.000122 196 474 474
21.000137 18 411 411
21.000137 20 599 599
21.000137 22 348 348
21.000137 29 227 227
21.000137 47 126 126
21.000137 65 673 673
21.000137 79 774 774
21.000137 109 1128 1128
21.000137 118 598 598
21.000137 126 627 627
21.000137 157 122 122
21.000137 196 493 493
22.000153 18 430 430
22.000153 20 575 575
22.000153 22 311 311
22.000153 29 149 149
22.000153 47 128 128
22.000153 65 801 801
22.000153 79 822 822
22.000153 109 1176 1176
22.000153 118 499 499
22.000153 126 669 669
22.000153 157 55 55
22.000153 196 560 560
23.000168 18 420 420
23.000168 20 525 525
23.000168 22 289 289
23.000168 29 96 96
23.000168 47 123 123
23.000168 65 851 851
23.000168 79 880 880
23.000168 109 1233 1233
23.000168 118 421 421
23.000168 126 750 750
23.000168 157 26 26
23.000168 196 589 589
24.000183 18 419 419
24.000183 20 492 492
24.000183 22 272 272
24.000183 29 68 68
24.000183 47 92 92
24.000183 65 941 941
24.000183 79 929 929
24.000183 109 1173 1173
24.000183 118 442 442
24.000183 126 702 702
24.000183 196 607 607
25.000198 18 475 475
25.000198 20 487 487
25.000198 22 284 284
25.000198 29 55 55
25.000198 47 12 12
25.000198 65 997 997
25.000198 79 986 986
25.000198 109 1121 1121
25.000198 118 517 517
25.000198 126 665 665
25.000198 196 601 601
26.000214 18 522 522
26.000214 20 398 398
26.000214 22 297 297
26.000214 29 50 50
26.000214 65 1116 1116
26.000214 79 954 954
26.000214 109 1080 1080
26.000214 118 571 571
26.000214 126 636 636
26.000214 196 571 571
27.000229 18 574 574
27.000229 20 392 392
27.000229 22 299 299
27.000229 29 65 65
27.000229 65 1105 1105
27.000229 79 894 894
27.000229 109 1066 1066
27.000229 118 621 621
27.000229 126 609 609
27.000229 196 556 556
28.000244 18 583 583
28.000244 20 416 416
28.000244 22 334 334
28.000244 29 68 68
28.000244 65 1157 1157
28.000244 79 850 850
28.000244 109 985 985
28.000244 118 611 611
28.000244 126 600 600
28.000244 196 561 561
29.000259 18 521 521
29.000259 20 381 381
29.000259 22 310 310
29.000259 29 60 60
29.000259 65 1188 1188
29.000259 79 905 905
29.000259 109 1060 1060
29.000259 118 478 478
29.000259 126 652 652
29.000259 196 595 595
30.000275 18 592 592
30.000275 20 315 315
30.000275 22 277 277
30.000275 29 66 66
30.000275 65 1081 1081
30.000275 79 808 808
30.000275 109 1160 1160
30.000275 118 509 509
30.000275 126 697 697
30.000275 196 638 638
31.000290 18 590 590
31.000290 20 261 261
31.000290 22 281 281
31.000290 29 64 64
31.000290 65 1080 1080
31.000290 79 667 667
31.000290 109 1215 1215
31.000290 118 526 526
31.000290 126 765 765
31.000290 196 664 664
32.000305 18 663 663
32.000305 20 238 238
32.000305 22 266 266
32.000305 29 7 7
32.000305 65 1180 1180
32.000305 79 578 578
32.000305 109 1229 1229
32.000305 118 528 528
32.000305 126 803 803
32.000305 196 647 647
33.000320 18 680 680
33.000320 20 234 234
33.000320 22 211 211
33.000320 65 1217 1217
33.000320 79 622 622
33.000320 109 1254 1254
33.000320 118 563 563
33.000320 126 728 728
33.000320 196 635 635
34.000336 18 625 625
34.000336 20 294 294
34.000336 22 192 192
34.000336 65 1066 1066
34.000336 79 679 679
34.000336 109 1346 1346
34.000336 118 641 641
34.000336 126 665 665
34.000336 196 666 666
35.000351 18 644 644
35.000351 20 269 269
35.000351 22 170 170
35.000351 65 1014 1014
35.000351 79 649 649
35.000351 109 1421 1421
35.000351 118 692 692
35.000351 126 609 609
35.000351 196 713 713
36.000366 18 618 618
36.000366 20 237 237
36.000366 22 169 169
36.000366 65 1059 1059
36.000366 79 661 661
36.000366 109 1380 1380
36.000366 118 706 706
36.000366 126 659 659
36.000366 196 611 611
37.000381 18 654 654
37.000381 20 218 218
37.000381 22 177 177
37.000381 65 1078 1078
37.000381 79 605 605
37.000381 109 1416 1416
37.000381 118 693 693
37.000381 126 702 702
37.000381 196 611 611
38.000397 18 693 693
38.000397 20 158 158
38.000397 22 186 186
38.000397 65 1121 1121
38.000397 79 568 568
38.000397 109 1398 1398
38.000397 118 639 639
38.000397 126 695 695
38.000397 196 690 690
39.000412 18 759 759
39.000412 20 100 100
39.000412 22 202 202
39.000412 65 1108 1108
39.000412 79 426 426
39.000412 109 1363 1363
39.000412 118 702 702
39.000412 126 683 683
39.000412 196 808 808
40.000427 18 753 753
40.000427 20 79 79
40.000427 22 192 192
40.000427 65 1044 1044
40.000427 79 424 424
40.000427 109 1434 1434
40.000427 118 725 725
40.000427 126 727 727
40.000427 196 769 769
41.000443 18 796 796
41.000443 20 74 74
41.000443 22 152 152
41.000443 65 1083 1083
41.000443 79 446 446
41.000443 109 1472 1472
41.000443 118 629 629
41.000443 126 752 752
41.000443 196 704 704
42.000458 18 841 841
42.000458 20 55 55
42.000458 22 110 110
42.000458 65 1127 1127
42.000458 79 455 455
42.000458 109 1462 1462
42.000458 118 609 609
42.000458 126 775 775
42.000458 196 717 717
43.000473 18 914 914
43.000473 20 12 12
43.000473 22 62 62
43.000473 65 1119 1119
43.000473 79 492 492
43.000473 109 1491 1491
43.000473 118 607 607
43.000473 126 803 803
43.000473 196 649 649
44.000488 18 887 887
44.000488 22 76 76
44.000488 65 1075 1075
44.000488 79 578 578
44.000488 109 1505 1505
44.000488 118 594 594
44.000488 126 764 764
44.000488 196 645 645
45.000504 18 843 843
45.000504 22 63 63
45.000504 65 1070 1070
45.000504 79 607 607
45.000504 109 1504 1504
45.000504 118 700 700
45.000504 126 644 644
45.000504 196 694 694
46.000519 18 837 837
46.000519 22 68 68
46.000519 65 1068 1068
46.000519 79 577 577
46.000519 109 1506 1506
46.000519 118 811 811
46.000519 126 543 543
46.000519 196 748 748
47.000534 18 734 734
47.000534 22 77 77
47.000534 65 980 980
47.000534 79 598 598
47.000534 109 1494 1494
47.000534 118 986 986
47.000534 126 513 513
47.000534 196 778 778
48.000549 18 675 675
48.000549 22 78 78
48.000549 65 1029 1029
48.000549 79 611 611
48.000549 109 1491 1491
48.000549 118 929 929
48.000549 126 537 537
48.000549 196 761 761
49.000565 18 693 693
49.000565 22 80 80
49.000565 65 1112 1112
49.000565 79 555 555
49.000565 109 1509 1509
49.000565 118 835 835
49.000565 126 650 650
49.000565 196 702 702
50.000580 18 685 685
50.000580 22 61 61
50.000580 65 1197 1197
50.000580 79 524 524
50.000580 109 1512 1512
50.000580 118 719 719
50.000580 126 726 726
50.000580 196 709 709
51.000595 18 670 670
51.000595 22 60 60
51.000595 65 1265 1265
51.000595 79 571 571
51.000595 109 1507 1507
51.000595 118 703 703
51.000595 126 655 655
51.000595 196 681 681
52.000610 18 660 660
52.000610 22 68 68
52.000610 65 1283 1283
52.000610 79 620 620
52.000610 109 1539 1539
52.000610 118 807 807
52.000610 126 460 460
52.000610 196 717 717
53.000626 18 692 692
53.000626 22 55 55
53.000626 65 1308 1308
53.000626 79 646 646
53.000626 109 1545 1545
53.000626 118 804 804
53.000626 126 379 379
53.000626 196 743 743
54.000641 18 617 617
54.000641 22 49 49
54.000641 65 1315 1315
54.000641 79 711 711
54.000641 109 1494 1494
54.000641 118 787 787
54.000641 126 393 393
54.000641 196 776 776
55.000656 18 615 615
55.000656 22 49 49
55.000656 65 1324 1324
55.000656 79 722 722
55.000656 109 1402 1402
55.000656 118 814 814
55.000656 126 454 454
55.000656 196 785 785
56.000671 18 636 636
56.000671 22 60 60
56.000671 65 1406 1406
56.000671 79 694 694
56.000671 109 1358 1358
56.000671 118 757 757
56.000671 126 478 478
56.000671 196 774 774
57.000687 18 679 679
57.000687 22 58 58
57.000687 65 1396 1396
57.000687 79 664 664
57.000687 109 1427 1427
57.000687 118 664 664
57.000687 126 521 521
57.000687 196 752 752
58.000702 18 812 812
58.000702 22 63 63
58.000702 65 1437 1437
58.000702 79 605 605
58.000702 109 1377 1377
58.000702 118 638 638
58.000702 126 551 551
58.000702 196 688 688
59.000717 18 824 824
59.000717 22 29 29
59.000717 65 1490 1490
59.000717 79 657 657
59.000717 109 1380 1380
59.000717 118 562 562
59.000717 126 609 609
59.000717 196 631 631
60.000732 18 720 720
60.000732 22 13 13
60.000732 65 1460 1460
60.000732 79 808 808
60.000732 109 1391 1391
60.000732 118 568 568
60.000732 126 585 585
60.000732 196 591 591
61.000748 18 657 657
61.000748 65 1395 1395
61.000748 79 933 933
61.000748 109 1401 1401
61.000748 118 633 633
61.000748 126 550 550
61.000748 196 562 562
62.000763 18 702 702
62.000763 65 1361 1361
62.000763 79 927 927
62.000763 109 1460 1460
62.000763 118 596 596
62.000763 126 589 589
62.000763 196 559 559
63.000778 18 733 733
63.000778 65 1410 1410
63.000778 79 939 939
63.000778 109 1433 1433
63.000778 118 521 521
63.000778 126 561 561
63.000778 196 533 533
64.000793 18 768 768
64.000793 65 1428 1428
64.000793 79 873 873
64.000793 109 1535 1535
64.000793 118 496 496
64.000793 126 478 478
64.000793 196 558 558
65.000809 18 840 840
65.000809 65 1345 1345
65.000809 79 720 720
65.000809 109 1578 1578
65.000809 118 572 572
65.000809 126 511 511
65.000809 196 606 606
66.000824 18 887 887
66.000824 65 1463 1463
66.000824 79 580 580
66.000824 109 1541 1541
66.000824 118 540 540
66.000824 126 574 574
66.000824 196 540 540
67.000839 18 828 828
67.000839 65 1509 1509
67.000839 79 580 580
67.000839 109 1492 1492
67.000839 118 560 560
67.000839 126 517 517
67.000839 196 583 583
68.000854 18 759 759
68.000854 65 1569 1569
68.000854 79 648 648
68.000854 109 1425 1425
68.000854 118 606 606
68.000854 126 593 593
68.000854 196 559 559
69.000870 18 758 758
69.000870 65 1502 1502
69.000870 79 716 716
69.000870 109 1366 1366
69.000870 118 647 647
69.000870 126 609 609
69.000870 196 534 534
70.000885 18 725 725
70.000885 65 1567 1567
70.000885 79 759 759
70.000885 109 1250 1250
70.000885 118 589 589
70.000885 126 646 646
70.000885 196 546 546
71.000900 18 769 769
71.000900 65 1627 1627
71.000900 79 683 683
71.000900 109 1210 1210
71.000900 118 502 502
71.000900 126 824 824
71.000900 196 550 550
