0.000000 0 1 1
0.000000 1 1 1
0.000000 2 1 1
0.000000 3 1 1
0.000000 4 1 1
0.000000 6 1 1
0.000000 7 1 1
0.000000 8 1 1
0.000000 9 1 1
0.000000 10 1 1
0.000000 11 1 1
0.000000 12 1 1
0.000000 13 1 1
0.000000 14 1 1
0.000000 16 1 1
0.000000 17 1 1
0.000000 18 1 1
0.000000 19 1 1
0.000000 20 1 1
0.000000 21 1 1
0.000000 24 1 1
0.000000 25 1 1
0.000000 26 1 1
0.000000 27 1 1
0.000000 28 1 1
0.000000 29 1 1
0.000000 30 1 1
0.000000 31 1 1
0.000000 32 1 1
0.000000 33 1 1
0.000000 34 1 1
0.000000 35 1 1
0.000000 36 1 1
0.000000 38 1 1
0.000000 39 1 1
0.000000 40 1 1
0.000000 41 1 1
0.000000 42 1 1
0.000000 43 1 1
0.000000 44 1 1
0.000000 45 1 1
0.000000 46 1 1
0.000000 47 1 1
0.000000 48 1 1
0.000000 49 1 1
0.000000 50 1 1
0.000000 51 1 1
0.000000 52 1 1
0.000000 53 1 1
0.000000 54 1 1
0.000000 55 1 1
0.000000 56 1 1
0.000000 57 1 1
0.000000 59 1 1
0.000000 60 1 1
0.000000 61 1 1
0.000000 62 1 1
0.000000 63 1 1
0.000000 64 1 1
0.000000 65 1 1
0.000000 66 1 1
0.000000 67 1 1
0.000000 68 1 1
0.000000 69 1 1
0.000000 70 1 1
0.000000 71 1 1
0.000000 72 1 1
0.000000 73 1 1
0.000000 74 1 1
0.000000 75 1 1
0.000000 77 1 1
0.000000 79 1 1
0.000000 81 1 1
0.000000 82 1 1
0.000000 83 1 1
0.000000 84 1 1
0.000000 85 1 1
0.000000 87 1 1
0.000000 88 1 1
0.000000 89 1 1
0.000000 90 1 1
0.000000 91 1 1
0.000000 92 1 1
0.000000 93 1 1
0.000000 94 1 1
0.000000 95 1 1
0.000000 96 1 1
0.000000 97 1 1
0.000000 98 1 1
0.000000 100 1 1
0.000000 101 1 1
0.000000 102 1 1
0.000000 103 1 1
0.000000 105 1 1
0.000000 106 1 1
0.000000 107 1 1
0.000000 108 1 1
0.000000 109 1 1
0.000000 110 1 1
0.000000 111 1 1
0.000000 112 1 1
0.000000 114 1 1
0.000000 116 1 1
0.000000 117 1 1
0.000000 118 1 1
0.000000 120 1 1
0.000000 121 1 1
0.000000 122 1 1
0.000000 123 1 1
0.000000 124 1 1
0.000000 125 1 1
0.000000 126 1 1
0.000000 127 1 1
0.000000 128 1 1
0.000000 129 1 1
0.000000 130 1 1
0.000000 131 1 1
0.000000 132 1 1
0.000000 134 1 1
0.000000 135 1 1
0.000000 136 1 1
0.000000 137 1 1
0.000000 138 1 1
0.000000 140 1 1
0.000000 141 1 1
0.000000 142 1 1
0.000000 143 1 1
0.000000 144 1 1
0.000000 145 1 1
0.000000 146 1 1
0.000000 147 1 1
0.000000 148 1 1
0.000000 149 1 1
0.000000 150 1 1
0.000000 151 1 1
0.000000 152 1 1
0.000000 153 1 1
0.000000 154 1 1
0.000000 155 1 1
0.000000 157 1 1
0.000000 158 1 1
0.000000 159 1 1
0.000000 161 1 1
0.000000 162 1 1
0.000000 163 1 1
0.000000 164 1 1
0.000000 165 1 1
0.000000 166 1 1
0.000000 168 1 1
0.000000 169 1 1
0.000000 170 1 1
0.000000 171 1 1
0.000000 172 1 1
0.000000 173 1 1
0.000000 174 1 1
0.000000 176 1 1
0.000000 177 1 1
0.000000 178 1 1
0.000000 180 1 1
0.000000 181 1 1
0.000000 182 1 1
0.000000 183 1 1
0.000000 184 1 1
0.000000 185 1 1
0.000000 186 1 1
0.000000 188 1 1
0.000000 189 1 1
0.000000 190 1 1
0.000000 191 1 1
0.000000 192 1 1
0.000000 193 1 1
0.000000 194 1 1
0.000000 195 1 1
0.000000 196 1 1
0.000000 198 1 1
0.000000 199 1 1
0.000000 200 1 1
0.000000 201 1 1
0.000000 202 1 1
0.000000 203 1 1
0.000000 204 1 1
0.000000 205 1 1
0.000000 206 1 1
0.000000 207 1 1
0.000000 209 1 1
0.000000 210 1 1
0.000000 211 1 1
0.000000 212 1 1
0.000000 213 1 1
0.000000 214 1 1
0.000000 215 1 1
0.000000 216 1 1
0.000000 217 1 1
0.000000 218 1 1
0.000000 219 1 1
1.000031 0 1 1
1.000031 1 2 2
1.000031 2 2 2
1.000031 3 2 2
1.000031 4 1 1
1.000031 6 1 1
1.000031 7 1 1
1.000031 8 2 2
1.000031 9 1 1
1.000031 10 1 1
1.000031 11 2 2
1.000031 12 1 1
1.000031 13 2 2
1.000031 14 2 2
1.000031 16 2 2
1.000031 17 1 1
1.000031 18 2 2
1.000031 19 2 2
1.000031 20 1 1
1.000031 21 1 1
1.000031 24 1 1
1.000031 25 1 1
1.000031 26 1 1
1.000031 27 1 1
1.000031 28 2 2
1.000031 29 1 1
1.000031 30 1 1
1.000031 31 1 1
1.000031 32 2 2
1.000031 33 1 1
1.000031 34 1 1
1.000031 35 1 1
1.000031 36 2 2
1.000031 38 2 2
1.000031 39 2 2
1.000031 40 2 2
1.000031 41 1 1
1.000031 42 2 2
1.000031 43 2 2
1.000031 44 2 2
1.000031 45 2 2
1.000031 46 2 2
1.000031 47 1 1
1.000031 48 2 2
1.000031 49 2 2
1.000031 50 1 1
1.000031 51 2 2
1.000031 52 1 1
1.000031 53 2 2
1.000031 54 1 1
1.000031 55 1 1
1.000031 56 2 2
1.000031 57 2 2
1.000031 59 2 2
1.000031 60 2 2
1.000031 61 1 1
1.000031 62 2 2
1.000031 63 1 1
1.000031 64 1 1
1.000031 65 2 2
1.000031 66 2 2
1.000031 67 2 2
1.000031 68 1 1
1.000031 69 2 2
1.000031 70 2 2
1.000031 71 2 2
1.000031 72 2 2
1.000031 73 2 2
1.000031 74 2 2
1.000031 75 2 2
1.000031 77 2 2
1.000031 79 2 2
1.000031 81 1 1
1.000031 82 1 1
1.000031 83 2 2
1.000031 84 2 2
1.000031 85 2 2
1.000031 87 2 2
1.000031 88 1 1
1.000031 89 2 2
1.000031 90 2 2
1.000031 91 2 2
1.000031 92 2 2
1.000031 93 2 2
1.000031 94 2 2
1.000031 95 1 1
1.000031 96 2 2
1.000031 97 1 1
1.000031 98 2 2
1.000031 100 1 1
1.000031 101 2 2
1.000031 102 2 2
1.000031 103 2 2
1.000031 105 2 2
1.000031 106 1 1
1.000031 107 2 2
1.000031 108 2 2
1.000031 109 2 2
1.000031 110 1 1
1.000031 111 1 1
1.000031 112 2 2
1.000031 114 2 2
1.000031 116 2 2
1.000031 117 2 2
1.000031 118 1 1
1.000031 120 2 2
1.000031 121 2 2
1.000031 122 2 2
1.000031 123 1 1
1.000031 124 1 1
1.000031 125 2 2
1.000031 126 1 1
1.000031 127 2 2
1.000031 128 2 2
1.000031 129 2 2
1.000031 130 2 2
1.000031 131 1 1
1.000031 132 2 2
1.000031 134 1 1
1.000031 135 1 1
1.000031 136 2 2
1.000031 137 1 1
1.000031 138 2 2
1.000031 140 2 2
1.000031 141 1 1
1.000031 142 2 2
1.000031 143 1 1
1.000031 144 2 2
1.000031 145 1 1
1.000031 146 2 2
1.000031 147 1 1
1.000031 148 2 2
1.000031 149 2 2
1.000031 150 1 1
1.000031 151 2 2
1.000031 152 2 2
1.000031 153 1 1
1.000031 154 2 2
1.000031 155 2 2
1.000031 157 1 1
1.000031 158 1 1
1.000031 159 1 1
1.000031 161 2 2
1.000031 162 2 2
1.000031 163 1 1
1.000031 164 2 2
1.000031 165 2 2
1.000031 166 1 1
1.000031 168 1 1
1.000031 169 1 1
1.000031 170 2 2
1.000031 171 1 1
1.000031 172 2 2
1.000031 173 1 1
1.000031 174 1 1
1.000031 176 1 1
1.000031 177 1 1
1.000031 178 1 1
1.000031 180 2 2
1.000031 181 2 2
1.000031 182 2 2
1.000031 183 1 1
1.000031 184 1 1
1.000031 185 1 1
1.000031 186 2 2
1.000031 188 1 1
1.000031 189 1 1
1.000031 190 1 1
1.000031 191 1 1
1.000031 192 2 2
1.000031 193 1 1
1.000031 194 2 2
1.000031 195 2 2
1.000031 196 2 2
1.000031 198 2 2
1.000031 199 2 2
1.000031 200 2 2
1.000031 201 2 2
1.000031 202 1 1
1.000031 203 1 1
1.000031 204 2 2
1.000031 205 1 1
1.000031 206 2 2
1.000031 207 2 2
1.000031 209 2 2
1.000031 210 1 1
1.000031 211 2 2
1.000031 212 2 2
1.000031 213 2 2
1.000031 214 2 2
1.000031 215 2 2
1.000031 216 1 1
1.000031 217 1 1
1.000031 218 2 2
1.000031 219 2 2
2.000061 0 2 2
2.000061 1 2 2
2.000061 2 3 3
2.000061 3 2 2
2.000061 4 2 2
2.000061 6 3 3
2.000061 7 2 2
2.000061 8 2 2
2.000061 9 2 2
2.000061 10 2 2
2.000061 11 2 2
2.000061 12 2 2
2.000061 13 2 2
2.000061 14 2 2
2.000061 16 3 3
2.000061 17 2 2
2.000061 18 2 2
2.000061 19 2 2
2.000061 20 2 2
2.000061 21 2 2
2.000061 24 2 2
2.000061 25 2 2
2.000061 26 2 2
2.000061 27 2 2
2.000061 28 2 2
2.000061 29 2 2
2.000061 30 2 2
2.000061 31 2 2
2.000061 32 2 2
2.000061 33 2 2
2.000061 34 2 2
2.000061 35 2 2
2.000061 36 2 2
2.000061 38 2 2
2.000061 39 2 2
2.000061 40 2 2
2.000061 41 2 2
2.000061 42 2 2
2.000061 43 2 2
2.000061 44 2 2
2.000061 45 2 2
2.000061 46 2 2
2.000061 47 2 2
2.000061 48 2 2
2.000061 49 2 2
2.000061 50 2 2
2.000061 51 3 3
2.000061 52 2 2
2.000061 53 2 2
2.000061 54 2 2
2.000061 55 2 2
2.000061 56 2 2
2.000061 57 2 2
2.000061 59 3 3
2.000061 60 2 2
2.000061 61 2 2
2.000061 62 2 2
2.000061 63 2 2
2.000061 64 2 2
2.000061 65 2 2
2.000061 66 2 2
2.000061 67 2 2
2.000061 68 2 2
2.000061 69 2 2
2.000061 70 2 2
2.000061 71 2 2
2.000061 72 2 2
2.000061 73 3 3
2.000061 74 2 2
2.000061 75 3 3
2.000061 77 2 2
2.000061 79 2 2
2.000061 81 2 2
2.000061 82 3 3
2.000061 83 2 2
2.000061 84 3 3
2.000061 85 2 2
2.000061 87 2 2
2.000061 88 2 2
2.000061 89 2 2
2.000061 90 2 2
2.000061 91 3 3
2.000061 92 2 2
2.000061 93 3 3
2.000061 94 2 2
2.000061 95 2 2
2.000061 96 2 2
2.000061 97 2 2
2.000061 98 2 2
2.000061 100 2 2
2.000061 101 2 2
2.000061 102 2 2
2.000061 103 2 2
2.000061 105 2 2
2.000061 106 2 2
2.000061 107 2 2
2.000061 108 2 2
2.000061 109 3 3
2.000061 110 2 2
2.000061 111 3 3
2.000061 112 3 3
2.000061 114 3 3
2.000061 116 2 2
2.000061 117 3 3
2.000061 118 2 2
2.000061 120 2 2
2.000061 121 2 2
2.000061 122 2 2
2.000061 123 2 2
2.000061 124 2 2
2.000061 125 2 2
2.000061 126 2 2
2.000061 127 3 3
2.000061 128 2 2
2.000061 129 2 2
2.000061 130 2 2
2.000061 131 2 2
2.000061 132 2 2
2.000061 134 2 2
2.000061 135 2 2
2.000061 136 2 2
2.000061 137 2 2
2.000061 138 2 2
2.000061 140 2 2
2.000061 141 2 2
2.000061 142 2 2
2.000061 143 2 2
2.000061 144 2 2
2.000061 145 2 2
2.000061 146 2 2
2.000061 147 2 2
2.000061 148 3 3
2.000061 149 2 2
2.000061 150 2 2
2.000061 151 2 2
2.000061 152 2 2
2.000061 153 2 2
2.000061 154 2 2
2.000061 155 2 2
2.000061 157 1 1
2.000061 158 2 2
2.000061 159 2 2
2.000061 161 2 2
2.000061 162 2 2
2.000061 163 2 2
2.000061 164 3 3
2.000061 165 2 2
2.000061 166 2 2
2.000061 168 2 2
2.000061 169 2 2
2.000061 170 2 2
2.000061 171 2 2
2.000061 172 2 2
2.000061 173 2 2
2.000061 174 2 2
2.000061 176 2 2
2.000061 177 2 2
2.000061 178 3 3
2.000061 180 2 2
2.000061 181 2 2
2.000061 182 2 2
2.000061 183 2 2
2.000061 184 2 2
2.000061 185 2 2
2.000061 186 2 2
2.000061 188 2 2
2.000061 189 2 2
2.000061 190 2 2
2.000061 191 2 2
2.000061 192 2 2
2.000061 193 2 2
2.000061 194 3 3
2.000061 195 1 1
2.000061 196 2 2
2.000061 198 3 3
2.000061 199 2 2
2.000061 200 2 2
2.000061 201 2 2
2.000061 202 2 2
2.000061 203 2 2
2.000061 204 2 2
2.000061 205 2 2
2.000061 206 2 2
2.000061 207 2 2
2.000061 209 2 2
2.000061 210 2 2
2.000061 211 3 3
2.000061 212 2 2
2.000061 213 2 2
2.000061 214 2 2
2.000061 215 3 3
2.000061 216 3 3
2.000061 217 2 2
2.000061 218 2 2
2.000061 219 3 3
3.000092 0 3 3
3.000092 1 4 4
3.000092 2 4 4
3.000092 3 4 4
3.000092 4 4 4
3.000092 6 5 5
3.000092 7 4 4
3.000092 8 4 4
3.000092 9 4 4
3.000092 10 4 4
3.000092 11 4 4
3.000092 12 4 4
3.000092 13 4 4
3.000092 14 4 4
3.000092 16 4 4
3.000092 17 4 4
3.000092 18 4 4
3.000092 19 4 4
3.000092 20 4 4
3.000092 21 4 4
3.000092 24 4 4
3.000092 25 4 4
3.000092 26 4 4
3.000092 27 4 4
3.000092 28 4 4
3.000092 29 4 4
3.000092 30 4 4
3.000092 31 3 3
3.000092 32 4 4
3.000092 33 4 4
3.000092 34 3 3
3.000092 35 4 4
3.000092 36 4 4
3.000092 38 4 4
3.000092 39 4 4
3.000092 40 4 4
3.000092 41 4 4
3.000092 42 4 4
3.000092 43 4 4
3.000092 44 4 4
3.000092 45 4 4
3.000092 46 4 4
3.000092 47 4 4
3.000092 48 4 4
3.000092 49 4 4
3.000092 50 4 4
3.000092 51 4 4
3.000092 52 4 4
3.000092 53 4 4
3.000092 54 4 4
3.000092 55 4 4
3.000092 56 4 4
3.000092 57 4 4
3.000092 59 4 4
3.000092 60 4 4
3.000092 61 4 4
3.000092 62 4 4
3.000092 63 4 4
3.000092 64 3 3
3.000092 65 4 4
3.000092 66 4 4
3.000092 67 4 4
3.000092 68 4 4
3.000092 69 4 4
3.000092 70 4 4
3.000092 71 4 4
3.000092 72 3 3
3.000092 73 4 4
3.000092 74 4 4
3.000092 75 4 4
3.000092 77 4 4
3.000092 79 4 4
3.000092 81 3 3
3.000092 82 3 3
3.000092 83 4 4
3.000092 84 5 5
3.000092 85 3 3
3.000092 87 4 4
3.000092 88 4 4
3.000092 89 3 3
3.000092 90 4 4
3.000092 91 4 4
3.000092 92 4 4
3.000092 93 5 5
3.000092 94 4 4
3.000092 95 3 3
3.000092 96 3 3
3.000092 97 4 4
3.000092 98 4 4
3.000092 100 3 3
3.000092 101 4 4
3.000092 102 4 4
3.000092 103 4 4
3.000092 105 4 4
3.000092 106 4 4
3.000092 107 4 4
3.000092 108 4 4
3.000092 109 4 4
3.000092 110 2 2
3.000092 111 4 4
3.000092 112 4 4
3.000092 114 4 4
3.000092 116 4 4
3.000092 117 5 5
3.000092 118 3 3
3.000092 120 4 4
3.000092 121 4 4
3.000092 122 4 4
3.000092 123 3 3
3.000092 124 4 4
3.000092 125 4 4
3.000092 126 4 4
3.000092 127 5 5
3.000092 128 4 4
3.000092 129 4 4
3.000092 130 4 4
3.000092 131 4 4
3.000092 132 4 4
3.000092 134 4 4
3.000092 135 4 4
3.000092 136 4 4
3.000092 137 4 4
3.000092 138 4 4
3.000092 140 4 4
3.000092 141 4 4
3.000092 142 4 4
3.000092 143 4 4
3.000092 144 4 4
3.000092 145 3 3
3.000092 146 4 4
3.000092 147 3 3
3.000092 148 5 5
3.000092 149 4 4
3.000092 150 4 4
3.000092 151 4 4
3.000092 152 4 4
3.000092 153 3 3
3.000092 154 4 4
3.000092 155 3 3
3.000092 157 1 1
3.000092 158 4 4
3.000092 159 4 4
3.000092 161 4 4
3.000092 162 4 4
3.000092 163 4 4
3.000092 164 5 5
3.000092 165 4 4
3.000092 166 4 4
3.000092 168 4 4
3.000092 169 4 4
3.000092 170 3 3
3.000092 171 4 4
3.000092 172 4 4
3.000092 173 4 4
3.000092 174 4 4
3.000092 176 4 4
3.000092 177 4 4
3.000092 178 4 4
3.000092 180 4 4
3.000092 181 4 4
3.000092 182 4 4
3.000092 183 4 4
3.000092 184 4 4
3.000092 185 4 4
3.000092 186 4 4
3.000092 188 2 2
3.000092 189 3 3
3.000092 190 3 3
3.000092 191 4 4
3.000092 192 4 4
3.000092 193 3 3
3.000092 194 5 5
3.000092 195 2 2
3.000092 196 4 4
3.000092 198 4 4
3.000092 199 4 4
3.000092 200 4 4
3.000092 201 4 4
3.000092 202 3 3
3.000092 203 4 4
3.000092 204 4 4
3.000092 205 3 3
3.000092 206 4 4
3.000092 207 4 4
3.000092 209 4 4
3.000092 210 4 4
3.000092 211 4 4
3.000092 212 4 4
3.000092 213 3 3
3.000092 214 4 4
3.000092 215 4 4
3.000092 216 4 4
3.000092 217 4 4
3.000092 218 4 4
3.000092 219 5 5
4.000122 0 3 3
4.000122 1 6 6
4.000122 2 6 6
4.000122 3 8 8
4.000122 4 4 4
4.000122 6 7 7
4.000122 7 5 5
4.000122 8 8 8
4.000122 9 5 5
4.000122 10 4 4
4.000122 11 8 8
4.000122 12 6 6
4.000122 13 7 7
4.000122 14 8 8
4.000122 16 8 8
4.000122 17 8 8
4.000122 18 7 7
4.000122 19 6 6
4.000122 20 5 5
4.000122 21 4 4
4.000122 24 4 4
4.000122 25 6 6
4.000122 26 6 6
4.000122 27 4 4
4.000122 28 6 6
4.000122 29 5 5
4.000122 30 7 7
4.000122 31 6 6
4.000122 32 6 6
4.000122 33 6 6
4.000122 34 5 5
4.000122 35 4 4
4.000122 36 7 7
4.000122 38 7 7
4.000122 39 7 7
4.000122 40 8 8
4.000122 41 4 4
4.000122 42 7 7
4.000122 43 6 6
4.000122 44 7 7
4.000122 45 7 7
4.000122 46 8 8
4.000122 47 6 6
4.000122 48 8 8
4.000122 49 6 6
4.000122 50 6 6
4.000122 51 7 7
4.000122 52 5 5
4.000122 53 8 8
4.000122 54 5 5
4.000122 55 7 7
4.000122 56 6 6
4.000122 57 7 7
4.000122 59 6 6
4.000122 60 5 5
4.000122 61 5 5
4.000122 62 8 8
4.000122 63 6 6
4.000122 64 5 5
4.000122 65 7 7
4.000122 66 8 8
4.000122 67 4 4
4.000122 68 7 7
4.000122 69 8 8
4.000122 70 6 6
4.000122 71 7 7
4.000122 72 6 6
4.000122 73 8 8
4.000122 74 6 6
4.000122 75 6 6
4.000122 77 6 6
4.000122 79 5 5
4.000122 81 4 4
4.000122 82 6 6
4.000122 83 6 6
4.000122 84 7 7
4.000122 85 5 5
4.000122 87 8 8
4.000122 88 5 5
4.000122 89 6 6
4.000122 90 7 7
4.000122 91 7 7
4.000122 92 6 6
4.000122 93 6 6
4.000122 94 7 7
4.000122 95 4 4
4.000122 96 6 6
4.000122 97 4 4
4.000122 98 5 5
4.000122 100 6 6
4.000122 101 8 8
4.000122 102 7 7
4.000122 103 8 8
4.000122 105 8 8
4.000122 106 6 6
4.000122 107 7 7
4.000122 108 6 6
4.000122 109 6 6
4.000122 110 2 2
4.000122 111 7 7
4.000122 112 8 8
4.000122 114 8 8
4.000122 116 5 5
4.000122 117 7 7
4.000122 118 6 6
4.000122 120 8 8
4.000122 121 8 8
4.000122 122 8 8
4.000122 123 5 5
4.000122 124 5 5
4.000122 125 6 6
4.000122 126 6 6
4.000122 127 7 7
4.000122 128 7 7
4.000122 129 7 7
4.000122 130 5 5
4.000122 131 7 7
4.000122 132 7 7
4.000122 134 6 6
4.000122 135 6 6
4.000122 136 4 4
4.000122 137 6 6
4.000122 138 7 7
4.000122 140 4 4
4.000122 141 7 7
4.000122 142 5 5
4.000122 143 6 6
4.000122 144 8 8
4.000122 145 5 5
4.000122 146 8 8
4.000122 147 6 6
4.000122 148 7 7
4.000122 149 6 6
4.000122 150 6 6
4.000122 151 8 8
4.000122 152 6 6
4.000122 153 4 4
4.000122 154 7 7
4.000122 155 6 6
4.000122 157 1 1
4.000122 158 5 5
4.000122 159 6 6
4.000122 161 8 8
4.000122 162 7 7
4.000122 163 6 6
4.000122 164 6 6
4.000122 165 6 6
4.000122 166 5 5
4.000122 168 6 6
4.000122 169 6 6
4.000122 170 6 6
4.000122 171 4 4
4.000122 172 7 7
4.000122 173 5 5
4.000122 174 4 4
4.000122 176 7 7
4.000122 177 4 4
4.000122 178 7 7
4.000122 180 6 6
4.000122 181 6 6
4.000122 182 7 7
4.000122 183 5 5
4.000122 184 6 6
4.000122 185 6 6
4.000122 186 6 6
4.000122 188 4 4
4.000122 189 4 4
4.000122 190 6 6
4.000122 191 6 6
4.000122 192 6 6
4.000122 193 5 5
4.000122 194 9 9
4.000122 195 3 3
4.000122 196 6 6
4.000122 198 7 7
4.000122 199 7 7
4.000122 200 8 8
4.000122 201 6 6
4.000122 202 6 6
4.000122 203 5 5
4.000122 204 7 7
4.000122 205 5 5
4.000122 206 8 8
4.000122 207 6 6
4.000122 209 6 6
4.000122 210 4 4
4.000122 211 8 8
4.000122 212 7 7
4.000122 213 5 5
4.000122 214 5 5
4.000122 215 8 8
4.000122 216 6 6
4.000122 217 6 6
4.000122 218 8 8
4.000122 219 9 9
5.000153 0 3 3
5.000153 1 9 9
5.000153 2 10 10
5.000153 3 12 12
5.000153 4 8 8
5.000153 6 9 9
5.000153 7 9 9
5.000153 8 11 11
5.000153 9 8 8
5.000153 10 8 8
5.000153 11 8 8
5.000153 12 8 8
5.000153 13 10 10
5.000153 14 12 12
5.000153 16 12 12
5.000153 17 8 8
5.000153 18 10 10
5.000153 19 10 10
5.000153 20 8 8
5.000153 21 9 9
5.000153 24 8 8
5.000153 25 9 9
5.000153 26 9 9
5.000153 27 8 8
5.000153 28 10 10
5.000153 29 9 9
5.000153 30 8 8
5.000153 31 8 8
5.000153 32 10 10
5.000153 33 8 8
5.000153 34 8 8
5.000153 35 8 8
5.000153 36 11 11
5.000153 38 12 12
5.000153 39 10 10
5.000153 40 10 10
5.000153 41 8 8
5.000153 42 11 11
5.000153 43 7 7
5.000153 44 9 9
5.000153 45 9 9
5.000153 46 8 8
5.000153 47 9 9
5.000153 48 9 9
5.000153 49 9 9
5.000153 50 9 9
5.000153 51 13 13
5.000153 52 8 8
5.000153 53 10 10
5.000153 54 8 8
5.000153 55 11 11
5.000153 56 10 10
5.000153 57 10 10
5.000153 59 10 10
5.000153 60 9 9
5.000153 61 9 9
5.000153 62 10 10
5.000153 63 8 8
5.000153 64 8 8
5.000153 65 10 10
5.000153 66 10 10
5.000153 67 8 8
5.000153 68 9 9
5.000153 69 9 9
5.000153 70 9 9
5.000153 71 9 9
5.000153 72 8 8
5.000153 73 12 12
5.000153 74 8 8
5.000153 75 11 11
5.000153 77 8 8
5.000153 79 9 9
5.000153 81 8 8
5.000153 82 10 10
5.000153 83 10 10
5.000153 84 12 12
5.000153 85 7 7
5.000153 87 11 11
5.000153 88 8 8
5.000153 89 10 10
5.000153 90 9 9
5.000153 91 13 13
5.000153 92 10 10
5.000153 93 11 11
5.000153 94 8 8
5.000153 95 8 8
5.000153 96 9 9
5.000153 97 8 8
5.000153 98 9 9
5.000153 100 8 8
5.000153 101 10 10
5.000153 102 9 9
5.000153 103 11 11
5.000153 105 10 10
5.000153 106 9 9
5.000153 107 9 9
5.000153 108 12 12
5.000153 109 11 11
5.000153 110 3 3
5.000153 111 12 12
5.000153 112 11 11
5.000153 114 11 11
5.000153 116 8 8
5.000153 117 11 11
5.000153 118 8 8
5.000153 120 8 8
5.000153 121 10 10
5.000153 122 10 10
5.000153 123 9 9
5.000153 124 9 9
5.000153 125 10 10
5.000153 126 8 8
5.000153 127 10 10
5.000153 128 9 9
5.000153 129 10 10
5.000153 130 8 8
5.000153 131 8 8
5.000153 132 10 10
5.000153 134 9 9
5.000153 135 8 8
5.000153 136 9 9
5.000153 137 9 9
5.000153 138 10 10
5.000153 140 8 8
5.000153 141 8 8
5.000153 142 10 10
5.000153 143 10 10
5.000153 144 8 8
5.000153 145 7 7
5.000153 146 11 11
5.000153 147 7 7
5.000153 148 11 11
5.000153 149 12 12
5.000153 150 10 10
5.000153 151 10 10
5.000153 152 8 8
5.000153 153 6 6
5.000153 154 8 8
5.000153 155 10 10
5.000153 157 2 2
5.000153 158 8 8
5.000153 159 8 8
5.000153 161 13 13
5.000153 162 10 10
5.000153 163 8 8
5.000153 164 12 12
5.000153 165 8 8
5.000153 166 10 10
5.000153 168 9 9
5.000153 169 11 11
5.000153 170 8 8
5.000153 171 7 7
5.000153 172 9 9
5.000153 173 9 9
5.000153 174 8 8
5.000153 176 9 9
5.000153 177 8 8
5.000153 178 11 11
5.000153 180 9 9
5.000153 181 8 8
5.000153 182 9 9
5.000153 183 8 8
5.000153 184 11 11
5.000153 185 9 9
5.000153 186 10 10
5.000153 188 7 7
5.000153 189 7 7
5.000153 190 8 8
5.000153 191 8 8
5.000153 192 9 9
5.000153 193 9 9
5.000153 194 11 11
5.000153 195 2 2
5.000153 196 9 9
5.000153 198 9 9
5.000153 199 8 8
5.000153 200 9 9
5.000153 201 8 8
5.000153 202 8 8
5.000153 203 8 8
5.000153 204 10 10
5.000153 205 8 8
5.000153 206 10 10
5.000153 207 11 11
5.000153 209 10 10
5.000153 210 8 8
5.000153 211 12 12
5.000153 212 11 11
5.000153 213 9 9
5.000153 214 8 8
5.000153 215 10 10
5.000153 216 11 11
5.000153 217 8 8
5.000153 218 13 13
5.000153 219 12 12
6.000183 0 4 4
6.000183 1 16 16
6.000183 2 18 18
6.000183 3 18 18
6.000183 4 15 15
6.000183 6 17 17
6.000183 7 15 15
6.000183 8 16 16
6.000183 9 16 16
6.000183 10 15 15
6.000183 11 15 15
6.000183 12 15 15
6.000183 13 16 16
6.000183 14 18 18
6.000183 16 22 22
6.000183 17 16 16
6.000183 18 16 16
6.000183 19 19 19
6.000183 20 16 16
6.000183 21 15 15
6.000183 24 16 16
6.000183 25 16 16
6.000183 26 17 17
6.000183 27 15 15
6.000183 28 18 18
6.000183 29 11 11
6.000183 30 16 16
6.000183 31 15 15
6.000183 32 16 16
6.000183 33 13 13
6.000183 34 12 12
6.000183 35 15 15
6.000183 36 16 16
6.000183 38 16 16
6.000183 39 17 17
6.000183 40 16 16
6.000183 41 13 13
6.000183 42 14 14
6.000183 43 11 11
6.000183 44 16 16
6.000183 45 15 15
6.000183 46 16 16
6.000183 47 16 16
6.000183 48 18 18
6.000183 49 14 14
6.000183 50 15 15
6.000183 51 18 18
6.000183 52 15 15
6.000183 53 18 18
6.000183 54 14 14
6.000183 55 18 18
6.000183 56 17 17
6.000183 57 16 16
6.000183 59 17 17
6.000183 60 16 16
6.000183 61 17 17
6.000183 62 16 16
6.000183 63 15 15
6.000183 64 12 12
6.000183 65 17 17
6.000183 66 16 16
6.000183 67 12 12
6.000183 68 15 15
6.000183 69 16 16
6.000183 70 16 16
6.000183 71 16 16
6.000183 72 14 14
6.000183 73 19 19
6.000183 74 16 16
6.000183 75 18 18
6.000183 77 16 16
6.000183 79 14 14
6.000183 81 14 14
6.000183 82 16 16
6.000183 83 16 16
6.000183 84 19 19
6.000183 85 13 13
6.000183 87 19 19
6.000183 88 16 16
6.000183 89 15 15
6.000183 90 16 16
6.000183 91 18 18
6.000183 92 15 15
6.000183 93 18 18
6.000183 94 14 14
6.000183 95 12 12
6.000183 96 16 16
6.000183 97 13 13
6.000183 98 14 14
6.000183 100 13 13
6.000183 101 17 17
6.000183 102 17 17
6.000183 103 18 18
6.000183 105 16 16
6.000183 106 16 16
6.000183 107 16 16
6.000183 108 17 17
6.000183 109 18 18
6.000183 110 5 5
6.000183 111 20 20
6.000183 112 18 18
6.000183 114 17 17
6.000183 116 15 15
6.000183 117 19 19
6.000183 118 15 15
6.000183 120 16 16
6.000183 121 17 17
6.000183 122 16 16
6.000183 123 15 15
6.000183 124 16 16
6.000183 125 16 16
6.000183 126 15 15
6.000183 127 17 17
6.000183 128 15 15
6.000183 129 16 16
6.000183 130 15 15
6.000183 131 16 16
6.000183 132 16 16
6.000183 134 13 13
6.000183 135 16 16
6.000183 136 14 14
6.000183 137 15 15
6.000183 138 17 17
6.000183 140 16 16
6.000183 141 14 14
6.000183 142 15 15
6.000183 143 15 15
6.000183 144 16 16
6.000183 145 11 11
6.000183 146 19 19
6.000183 147 14 14
6.000183 148 20 20
6.000183 149 14 14
6.000183 150 18 18
6.000183 151 17 17
6.000183 152 13 13
6.000183 153 9 9
6.000183 154 16 16
6.000183 155 16 16
6.000183 157 1 1
6.000183 158 16 16
6.000183 159 12 12
6.000183 161 19 19
6.000183 162 16 16
6.000183 163 14 14
6.000183 164 19 19
6.000183 165 14 14
6.000183 166 15 15
6.000183 168 16 16
6.000183 169 16 16
6.000183 170 13 13
6.000183 171 11 11
6.000183 172 16 16
6.000183 173 14 14
6.000183 174 13 13
6.000183 176 14 14
6.000183 177 12 12
6.000183 178 18 18
6.000183 180 16 16
6.000183 181 16 16
6.000183 182 16 16
6.000183 183 15 15
6.000183 184 17 17
6.000183 185 15 15
6.000183 186 15 15
6.000183 188 11 11
6.000183 189 13 13
6.000183 190 13 13
6.000183 191 15 15
6.000183 192 16 16
6.000183 193 13 13
6.000183 194 18 18
6.000183 195 3 3
6.000183 196 14 14
6.000183 198 17 17
6.000183 199 15 15
6.000183 200 16 16
6.000183 201 14 14
6.000183 202 14 14
6.000183 203 13 13
6.000183 204 18 18
6.000183 205 13 13
6.000183 206 17 17
6.000183 207 16 16
6.000183 209 16 16
6.000183 210 12 12
6.000183 211 18 18
6.000183 212 15 15
6.000183 213 12 12
6.000183 214 14 14
6.000183 215 17 17
6.000183 216 17 17
6.000183 217 15 15
6.000183 218 20 20
6.000183 219 17 17
7.000214 0 5 5
7.000214 1 26 26
7.000214 2 26 26
7.000214 3 29 29
7.000214 4 19 19
7.000214 6 25 25
7.000214 7 17 17
7.000214 8 30 30
7.000214 9 25 25
7.000214 10 20 20
7.000214 11 29 29
7.000214 12 25 25
7.000214 13 26 26
7.000214 14 14 14
7.000214 16 31 31
7.000214 17 26 26
7.000214 18 28 28
7.000214 19 29 29
7.000214 20 27 27
7.000214 21 24 24
7.000214 24 18 18
7.000214 25 23 23
7.000214 26 25 25
7.000214 27 20 20
7.000214 28 25 25
7.000214 29 5 5
7.000214 30 25 25
7.000214 31 24 24
7.000214 32 25 25
7.000214 33 22 22
7.000214 34 21 21
7.000214 35 18 18
7.000214 36 27 27
7.000214 38 28 28
7.000214 39 28 28
7.000214 40 31 31
7.000214 41 19 19
7.000214 42 25 25
7.000214 43 6 6
7.000214 44 25 25
7.000214 45 26 26
7.000214 46 29 29
7.000214 47 24 24
7.000214 48 32 32
7.000214 49 25 25
7.000214 50 24 24
7.000214 51 31 31
7.000214 52 24 24
7.000214 53 28 28
7.000214 54 20 20
7.000214 55 30 30
7.000214 56 25 25
7.000214 57 29 29
7.000214 59 24 24
7.000214 60 22 22
7.000214 61 25 25
7.000214 62 28 28
7.000214 63 26 26
7.000214 64 19 19
7.000214 65 27 27
7.000214 66 30 30
7.000214 67 17 17
7.000214 68 25 25
7.000214 69 30 30
7.000214 70 25 25
7.000214 71 28 28
7.000214 72 23 23
7.000214 73 32 32
7.000214 74 24 24
7.000214 75 24 24
7.000214 77 25 25
7.000214 79 20 20
7.000214 81 21 21
7.000214 82 27 27
7.000214 83 24 24
7.000214 84 29 29
7.000214 85 21 21
7.000214 87 29 29
7.000214 88 20 20
7.000214 89 23 23
7.000214 90 28 28
7.000214 91 31 31
7.000214 92 26 26
7.000214 93 28 28
7.000214 94 21 21
7.000214 95 17 17
7.000214 96 25 25
7.000214 97 18 18
7.000214 98 20 20
7.000214 100 23 23
7.000214 101 29 29
7.000214 102 28 28
7.000214 103 31 31
7.000214 105 29 29
7.000214 106 25 25
7.000214 107 25 25
7.000214 108 27 27
7.000214 109 30 30
7.000214 110 6 6
7.000214 111 29 29
7.000214 112 31 31
7.000214 114 29 29
7.000214 116 22 22
7.000214 117 29 29
7.000214 118 22 22
7.000214 120 24 24
7.000214 121 26 26
7.000214 122 15 15
7.000214 123 20 20
7.000214 124 24 24
7.000214 125 25 25
7.000214 126 22 22
7.000214 127 29 29
7.000214 128 28 28
7.000214 129 26 26
7.000214 130 23 23
7.000214 131 27 27
7.000214 132 28 28
7.000214 134 23 23
7.000214 135 28 28
7.000214 136 20 20
7.000214 137 23 23
7.000214 138 27 27
7.000214 140 23 23
7.000214 141 22 22
7.000214 142 22 22
7.000214 143 25 25
7.000214 144 29 29
7.000214 145 18 18
7.000214 146 30 30
7.000214 147 21 21
7.000214 148 28 28
7.000214 149 21 21
7.000214 150 28 28
7.000214 151 30 30
7.000214 152 19 19
7.000214 153 9 9
7.000214 154 26 26
7.000214 155 23 23
7.000214 158 27 27
7.000214 159 19 19
7.000214 161 32 32
7.000214 162 25 25
7.000214 163 22 22
7.000214 164 26 26
7.000214 165 19 19
7.000214 166 23 23
7.000214 168 27 27
7.000214 169 24 24
7.000214 170 22 22
7.000214 171 16 16
7.000214 172 25 25
7.000214 173 19 19
7.000214 174 19 19
7.000214 176 24 24
7.000214 177 17 17
7.000214 178 28 28
7.000214 180 26 26
7.000214 181 25 25
7.000214 182 28 28
7.000214 183 20 20
7.000214 184 29 29
7.000214 185 25 25
7.000214 186 25 25
7.000214 188 15 15
7.000214 189 17 17
7.000214 190 21 21
7.000214 191 24 24
7.000214 192 25 25
7.000214 193 18 18
7.000214 194 32 32
7.000214 195 2 2
7.000214 196 23 23
7.000214 198 26 26
7.000214 199 27 27
7.000214 200 26 26
7.000214 201 24 24
7.000214 202 22 22
7.000214 203 21 21
7.000214 204 28 28
7.000214 205 19 19
7.000214 206 29 29
7.000214 207 27 27
7.000214 209 24 24
7.000214 210 19 19
7.000214 211 32 32
7.000214 212 27 27
7.000214 213 20 20
7.000214 214 21 21
7.000214 215 32 32
7.000214 216 26 26
7.000214 217 24 24
7.000214 218 32 32
7.000214 219 29 29
8.000244 1 42 42
8.000244 2 43 43
8.000244 3 51 51
8.000244 4 32 32
8.000244 6 18 18
8.000244 8 46 46
8.000244 10 31 31
8.000244 11 37 37
8.000244 12 32 32
8.000244 13 46 46
8.000244 16 3 3
8.000244 17 40 40
8.000244 18 43 43
8.000244 19 39 39
8.000244 20 34 34
8.000244 21 38 38
8.000244 24 32 32
8.000244 25 36 36
8.000244 26 38 38
8.000244 27 34 34
8.000244 28 41 41
8.000244 30 35 35
8.000244 31 33 33
8.000244 32 7 7
8.000244 34 33 33
8.000244 35 32 32
8.000244 36 45 45
8.000244 38 42 42
8.000244 39 43 43
8.000244 40 43 43
8.000244 41 33 33
8.000244 42 1 1
8.000244 44 40 40
8.000244 45 35 35
8.000244 48 45 45
8.000244 49 39 39
8.000244 50 39 39
8.000244 51 58 58
8.000244 52 35 35
8.000244 53 42 42
8.000244 54 33 33
8.000244 55 41 41
8.000244 56 43 43
8.000244 57 44 44
8.000244 59 41 41
8.000244 60 37 37
8.000244 61 37 37
8.000244 62 40 40
8.000244 63 41 41
8.000244 64 30 30
8.000244 65 17 17
8.000244 67 16 16
8.000244 68 38 38
8.000244 69 38 38
8.000244 70 38 38
8.000244 71 41 41
8.000244 72 33 33
8.000244 73 50 50
8.000244 75 21 21
8.000244 81 32 32
8.000244 82 40 40
8.000244 84 49 49
8.000244 85 29 29
8.000244 87 45 45
8.000244 88 34 34
8.000244 89 36 36
8.000244 90 37 37
8.000244 91 47 47
8.000244 92 42 42
8.000244 95 33 33
8.000244 96 38 38
8.000244 97 33 33
8.000244 98 34 34
8.000244 100 32 32
8.000244 101 46 46
8.000244 102 37 37
8.000244 105 42 42
8.000244 106 41 41
8.000244 107 20 20
8.000244 108 44 44
8.000244 109 42 42
8.000244 111 50 50
8.000244 112 46 46
8.000244 114 40 40
8.000244 116 32 32
8.000244 117 34 34
8.000244 118 38 38
8.000244 120 36 36
8.000244 121 40 40
8.000244 123 33 33
8.000244 124 38 38
8.000244 125 40 40
8.000244 126 33 33
8.000244 127 43 43
8.000244 128 39 39
8.000244 129 40 40
8.000244 130 33 33
8.000244 131 35 35
8.000244 132 45 45
8.000244 134 32 32
8.000244 135 39 39
8.000244 136 35 35
8.000244 137 35 35
8.000244 138 23 23
8.000244 140 4 4
8.000244 142 36 36
8.000244 143 36 36
8.000244 144 40 40
8.000244 145 17 17
8.000244 146 2 2
8.000244 148 52 52
8.000244 150 42 42
8.000244 151 42 42
8.000244 154 36 36
8.000244 158 36 36
8.000244 159 19 19
8.000244 161 51 51
8.000244 162 25 25
8.000244 163 32 32
8.000244 164 45 45
8.000244 165 31 31
8.000244 168 37 37
8.000244 169 39 39
8.000244 170 37 37
8.000244 171 25 25
8.000244 172 38 38
8.000244 173 35 35
8.000244 174 32 32
8.000244 176 35 35
8.000244 177 31 31
8.000244 178 45 45
8.000244 180 19 19
8.000244 181 38 38
8.000244 182 1 1
8.000244 183 35 35
8.000244 184 37 37
8.000244 185 41 41
8.000244 189 8 8
8.000244 191 18 18
8.000244 192 39 39
8.000244 194 52 52
8.000244 198 40 40
8.000244 199 33 33
8.000244 200 44 44
8.000244 202 33 33
8.000244 203 33 33
8.000244 204 42 42
8.000244 207 41 41
8.000244 210 30 30
8.000244 211 42 42
8.000244 212 45 45
8.000244 213 31 31
8.000244 214 35 35
8.000244 215 52 52
8.000244 217 36 36
9.000275 1 50 50
9.000275 3 80 80
9.000275 8 70 70
9.000275 10 53 53
9.000275 11 20 20
9.000275 17 64 64
9.000275 18 70 70
9.000275 19 71 71
9.000275 20 62 62
9.000275 21 54 54
9.000275 24 59 59
9.000275 25 61 61
9.000275 26 49 49
9.000275 27 60 60
9.000275 28 73 73
9.000275 30 63 63
9.000275 31 55 55
9.000275 34 49 49
9.000275 35 49 49
9.000275 36 1 1
9.000275 41 53 53
9.000275 44 62 62
9.000275 48 5 5
9.000275 50 67 67
9.000275 51 78 78
9.000275 52 60 60
9.000275 53 70 70
9.000275 56 65 65
9.000275 57 65 65
9.000275 59 61 61
9.000275 60 19 19
9.000275 61 63 63
9.000275 62 67 67
9.000275 63 62 62
9.000275 68 62 62
9.000275 69 4 4
9.000275 71 59 59
9.000275 73 78 78
9.000275 81 58 58
9.000275 82 67 67
9.000275 84 81 81
9.000275 85 49 49
9.000275 87 72 72
9.000275 88 58 58
9.000275 89 60 60
9.000275 90 30 30
9.000275 91 69 69
9.000275 92 67 67
9.000275 95 52 52
9.000275 96 61 61
9.000275 97 18 18
9.000275 100 52 52
9.000275 102 67 67
9.000275 105 71 71
9.000275 106 62 62
9.000275 109 73 73
9.000275 111 77 77
9.000275 112 11 11
9.000275 114 72 72
9.000275 116 61 61
9.000275 118 5 5
9.000275 120 60 60
9.000275 121 34 34
9.000275 123 56 56
9.000275 124 59 59
9.000275 125 62 62
9.000275 126 57 57
9.000275 127 74 74
9.000275 128 66 66
9.000275 129 37 37
9.000275 130 60 60
9.000275 132 65 65
9.000275 134 22 22
9.000275 135 56 56
9.000275 136 58 58
9.000275 137 32 32
9.000275 142 14 14
9.000275 143 60 60
9.000275 148 77 77
9.000275 150 16 16
9.000275 151 70 70
9.000275 154 61 61
9.000275 161 76 76
9.000275 163 48 48
9.000275 164 73 73
9.000275 165 54 54
9.000275 168 63 63
9.000275 169 62 62
9.000275 170 6 6
9.000275 171 40 40
9.000275 173 51 51
9.000275 176 58 58
9.000275 178 74 74
9.000275 185 60 60
9.000275 192 70 70
9.000275 194 74 74
9.000275 198 68 68
9.000275 199 59 59
9.000275 200 68 68
9.000275 204 37 37
9.000275 207 65 65
9.000275 210 46 46
9.000275 212 1 1
9.000275 213 53 53
9.000275 214 58 58
9.000275 215 76 76
10.000305 3 118 118
10.000305 10 82 82
10.000305 17 105 105
10.000305 18 119 119
10.000305 19 95 95
10.000305 20 102 102
10.000305 24 78 78
10.000305 25 74 74
10.000305 27 95 95
10.000305 28 103 103
10.000305 30 102 102
10.000305 31 88 88
10.000305 34 84 84
10.000305 41 82 82
10.000305 44 98 98
10.000305 50 83 83
10.000305 51 130 130
10.000305 52 54 54
10.000305 53 113 113
10.000305 56 103 103
10.000305 59 100 100
10.000305 61 15 15
10.000305 62 10 10
10.000305 63 105 105
10.000305 68 105 105
10.000305 71 83 83
10.000305 73 124 124
10.000305 81 80 80
10.000305 82 80 80
10.000305 84 27 27
10.000305 85 80 80
10.000305 89 96 96
10.000305 91 125 125
10.000305 95 76 76
10.000305 96 22 22
10.000305 100 90 90
10.000305 102 1 1
10.000305 105 112 112
10.000305 106 104 104
10.000305 109 114 114
10.000305 111 40 40
10.000305 114 119 119
10.000305 116 41 41
10.000305 123 85 85
10.000305 124 1 1
10.000305 125 45 45
10.000305 126 90 90
10.000305 127 113 113
10.000305 128 23 23
10.000305 130 92 92
10.000305 132 11 11
10.000305 136 38 38
10.000305 143 37 37
10.000305 148 118 118
10.000305 151 116 116
10.000305 154 96 96
10.000305 161 133 133
10.000305 164 108 108
10.000305 168 24 24
10.000305 169 1 1
10.000305 171 64 64
10.000305 173 82 82
10.000305 176 6 6
10.000305 178 111 111
10.000305 185 97 97
10.000305 192 100 100
10.000305 194 8 8
10.000305 198 108 108
10.000305 199 99 99
10.000305 200 109 109
10.000305 207 104 104
10.000305 210 70 70
10.000305 215 126 126
11.000336 3 139 139
11.000336 10 138 138
11.000336 17 159 159
11.000336 18 177 177
11.000336 20 143 143
11.000336 24 129 129
11.000336 27 140 140
11.000336 30 126 126
11.000336 31 71 71
11.000336 34 133 133
11.000336 41 133 133
11.000336 44 162 162
11.000336 51 232 232
11.000336 53 157 157
11.000336 56 51 51
11.000336 59 137 137
11.000336 63 167 167
11.000336 73 199 199
11.000336 81 137 137
11.000336 85 78 78
11.000336 89 150 150
11.000336 91 198 198
11.000336 100 135 135
11.000336 105 179 179
11.000336 106 160 160
11.000336 114 169 169
11.000336 123 76 76
11.000336 126 140 140
11.000336 127 186 186
11.000336 130 145 145
11.000336 148 133 133
11.000336 151 71 71
11.000336 154 142 142
11.000336 161 55 55
11.000336 164 118 118
11.000336 171 89 89
11.000336 173 136 136
11.000336 178 188 188
11.000336 185 52 52
11.000336 192 165 165
11.000336 198 5 5
11.000336 199 16 16
11.000336 207 168 168
11.000336 215 189 189
12.000366 10 206 206
12.000366 17 197 197
12.000366 18 227 227
12.000366 20 28 28
12.000366 24 219 219
12.000366 27 241 241
12.000366 30 44 44
12.000366 34 204 204
12.000366 41 218 218
12.000366 44 233 233
12.000366 51 333 333
12.000366 53 203 203
12.000366 59 118 118
12.000366 63 61 61
12.000366 73 332 332
12.000366 81 218 218
12.000366 85 20 20
12.000366 89 186 186
12.000366 91 303 303
12.000366 100 118 118
12.000366 105 136 136
12.000366 106 123 123
12.000366 114 76 76
12.000366 126 41 41
12.000366 127 279 279
12.000366 130 222 222
12.000366 148 13 13
12.000366 154 155 155
12.000366 173 90 90
12.000366 178 255 255
12.000366 192 232 232
12.000366 207 254 254
12.000366 215 296 296
13.000397 10 324 324
13.000397 17 140 140
13.000397 18 293 293
13.000397 24 315 315
13.000397 27 346 346
13.000397 34 238 238
13.000397 41 338 338
13.000397 44 134 134
13.000397 51 364 364
13.000397 53 213 213
13.000397 59 60 60
13.000397 63 16 16
13.000397 73 373 373
13.000397 81 335 335
13.000397 89 78 78
13.000397 91 498 498
13.000397 100 28 28
13.000397 105 27 27
13.000397 106 29 29
13.000397 127 326 326
13.000397 130 195 195
13.000397 154 99 99
13.000397 178 175 175
13.000397 192 274 274
13.000397 207 268 268
13.000397 215 372 372
14.000427 10 340 340
14.000427 17 87 87
14.000427 18 255 255
14.000427 24 363 363
14.000427 27 403 403
14.000427 34 188 188
14.000427 41 498 498
14.000427 44 113 113
14.000427 51 420 420
14.000427 53 200 200
14.000427 59 53 53
14.000427 63 4 4
14.000427 73 413 413
14.000427 81 523 523
14.000427 91 734 734
14.000427 127 233 233
14.000427 130 116 116
14.000427 154 27 27
14.000427 178 89 89
14.000427 192 276 276
14.000427 207 237 237
14.000427 215 315 315
15.000458 10 404 404
15.000458 17 59 59
15.000458 18 232 232
15.000458 24 319 319
15.000458 27 497 497
15.000458 34 189 189
15.000458 41 636 636
15.000458 44 28 28
15.000458 51 424 424
15.000458 53 124 124
15.000458 59 21 21
15.000458 73 480 480
15.000458 81 629 629
15.000458 91 943 943
15.000458 127 110 110
15.000458 130 32 32
15.000458 154 18 18
15.000458 178 25 25
15.000458 192 272 272
15.000458 207 226 226
15.000458 215 248 248
16.000488 10 452 452
16.000488 17 79 79
16.000488 18 198 198
16.000488 24 270 270
16.000488 27 566 566
16.000488 34 201 201
16.000488 41 754 754
16.000488 44 25 25
16.000488 51 492 492
16.000488 53 81 81
16.000488 73 440 440
16.000488 81 668 668
16.000488 91 916 916
16.000488 127 45 45
16.000488 154 8 8
16.000488 192 229 229
16.000488 207 192 192
16.000488 215 211 211
17.000519 10 531 531
17.000519 17 48 48
17.000519 18 169 169
17.000519 24 256 256
17.000519 27 584 584
17.000519 34 200 200
17.000519 41 766 766
17.000519 44 6 6
17.000519 51 608 608
17.000519 53 13 13
17.000519 73 455 455
17.000519 81 717 717
17.000519 91 949 949
17.000519 192 181 181
17.000519 207 191 191
17.000519 215 178 178
18.000549 10 550 550
18.000549 17 5 5
18.000549 18 244 244
18.000549 24 253 253
18.000549 27 565 565
18.000549 34 193 193
18.000549 41 867 867
18.000549 51 651 651
18.000549 73 398 398
18.000549 81 799 799
18.000549 91 901 901
18.000549 192 129 129
18.000549 207 198 198
18.000549 215 129 129
19.000580 10 490 490
19.000580 18 394 394
19.000580 24 247 247
19.000580 27 549 549
19.000580 34 214 214
19.000580 41 931 931
19.000580 51 662 662
19.000580 73 360 360
19.000580 81 832 832
19.000580 91 737 737
19.000580 192 108 108
19.000580 207 262 262
19.000580 215 109 109
20.000610 10 515 515
20.000610 18 457 457
20.000610 24 231 231
20.000610 27 574 574
20.000610 34 241 241
20.000610 41 935 935
20.000610 51 640 640
20.000610 73 280 280
20.000610 81 885 885
20.000610 91 689 689
20.000610 192 82 82
20.000610 207 263 263
20.000610 215 44 44
21.000641 10 472 472
21.000641 18 482 482
21.000641 24 252 252
21.000641 27 538 538
21.000641 34 256 256
21.000641 41 1088 1088
21.000641 51 635 635
21.000641 73 206 206
21.000641 81 997 997
21.000641 91 703 703
21.000641 192 56 56
21.000641 207 214 214
21.000641 215 2 2
22.000671 10 419 419
22.000671 18 512 512
22.000671 24 274 274
22.000671 27 594 594
22.000671 34 273 273
22.000671 41 1074 1074
22.000671 51 580 580
22.000671 73 139 139
22.000671 81 1109 1109
22.000671 91 710 710
22.000671 192 20 20
22.000671 207 254 254
23.000702 10 465 465
23.000702 18 503 503
23.000702 24 246 246
23.000702 27 573 573
23.000702 34 266 266
23.000702 41 1079 1079
23.000702 51 553 553
23.000702 73 77 77
23.000702 81 1104 1104
23.000702 91 738 738
23.000702 207 286 286
24.000732 10 501 501
24.000732 18 492 492
24.000732 24 240 240
24.000732 27 511 511
24.000732 34 270 270
24.000732 41 1028 1028
24.000732 51 588 588
24.000732 73 59 59
24.000732 81 1098 1098
24.000732 91 781 781
24.000732 207 301 301
25.000763 10 581 581
25.000763 18 444 444
25.000763 24 264 264
25.000763 27 516 516
25.000763 34 222 222
25.000763 41 1012 1012
25.000763 51 573 573
25.000763 73 70 70
25.000763 81 1119 1119
25.000763 91 762 762
25.000763 207 310 310
26.000793 10 484 484
26.000793 18 443 443
26.000793 24 238 238
26.000793 27 559 559
26.000793 34 232 232
26.000793 41 1052 1052
26.000793 51 581 581
26.000793 73 81 81
26.000793 81 1163 1163
26.000793 91 816 816
26.000793 207 246 246
27.000824 10 456 456
27.000824 18 487 487
27.000824 24 245 245
27.000824 27 593 593
27.000824 34 152 152
27.000824 41 1073 1073
27.000824 51 567 567
27.000824 73 87 87
27.000824 81 1200 1200
27.000824 91 813 813
27.000824 207 193 193
28.000854 10 421 421
28.000854 18 497 497
28.000854 24 295 295
28.000854 27 588 588
28.000854 34 46 46
28.000854 41 1077 1077
28.000854 51 581 581
28.000854 73 80 80
28.000854 81 1284 1284
28.000854 91 863 863
28.000854 207 177 177
29.000885 10 378 378
29.000885 18 397 397
29.000885 24 317 317
29.000885 27 506 506
29.000885 34 13 13
29.000885 41 1124 1124
29.000885 51 639 639
29.000885 73 92 92
29.000885 81 1391 1391
29.000885 91 902 902
29.000885 207 174 174
30.000916 10 380 380
30.000916 18 330 330
30.000916 24 315 315
30.000916 27 480 480
30.000916 41 1133 1133
30.000916 51 606 606
30.000916 73 91 91
30.000916 81 1379 1379
30.000916 91 932 932
30.000916 207 225 225
31.000946 10 431 431
31.000946 18 240 240
31.000946 24 390 390
31.000946 27 505 505
31.000946 41 1097 1097
31.000946 51 524 524
31.000946 73 85 85
31.000946 81 1371 1371
31.000946 91 942 942
31.000946 207 269 269
32.000977 10 450 450
32.000977 18 211 211
32.000977 24 325 325
32.000977 27 625 625
32.000977 41 1067 1067
32.000977 51 554 554
32.000977 73 86 86
32.000977 81 1303 1303
32.000977 91 1051 1051
32.000977 207 208 208
33.001007 10 369 369
33.001007 18 172 172
33.001007 24 303 303
33.001007 27 675 675
33.001007 41 1152 1152
33.001007 51 575 575
33.001007 73 87 87
33.001007 81 1262 1262
33.001007 91 1194 1194
33.001007 207 119 119
34.001038 10 338 338
34.001038 18 209 209
34.001038 24 308 308
34.001038 27 697 697
34.001038 41 1154 1154
34.001038 51 610 610
34.001038 73 83 83
34.001038 81 1198 1198
34.001038 91 1151 1151
34.001038 207 91 91
35.001068 10 311 311
35.001068 18 281 281
35.001068 24 300 300
35.001068 27 632 632
35.001068 41 1175 1175
35.001068 51 664 664
35.001068 73 81 81
35.001068 81 1191 1191
35.001068 91 1200 1200
35.001068 207 53 53
36.001099 10 290 290
36.001099 18 355 355
36.001099 24 293 293
36.001099 27 598 598
36.001099 41 1116 1116
36.001099 51 677 677
36.001099 73 83 83
36.001099 81 1187 1187
36.001099 91 1224 1224
36.001099 207 51 51
37.001129 10 327 327
37.001129 18 374 374
37.001129 24 296 296
37.001129 27 655 655
37.001129 41 1123 1123
37.001129 51 658 658
37.001129 73 91 91
37.001129 81 1134 1134
37.001129 91 1175 1175
37.001129 207 53 53
38.001160 10 256 256
38.001160 18 456 456
38.001160 24 285 285
38.001160 27 778 778
38.001160 41 1076 1076
38.001160 51 601 601
38.001160 73 93 93
38.001160 81 1131 1131
38.001160 91 1190 1190
38.001160 207 39 39
39.001190 10 191 191
39.001190 18 515 515
39.001190 24 277 277
39.001190 27 768 768
39.001190 41 1164 1164
39.001190 51 531 531
39.001190 73 89 89
39.001190 81 1167 1167
39.001190 91 1126 1126
39.001190 207 36 36
40.001221 10 120 120
40.001221 18 554 554
40.001221 24 269 269
40.001221 27 671 671
40.001221 41 1270 1270
40.001221 51 569 569
40.001221 73 93 93
40.001221 81 1121 1121
40.001221 91 1186 1186
40.001221 207 10 10
41.001251 10 73 73
41.001251 18 583 583
41.001251 24 279 279
41.001251 27 634 634
41.001251 41 1255 1255
41.001251 51 582 582
41.001251 73 87 87
41.001251 81 1115 1115
41.001251 91 1297 1297
42.001282 10 36 36
42.001282 18 549 549
42.001282 24 316 316
42.001282 27 535 535
42.001282 41 1242 1242
42.001282 51 585 585
42.001282 73 85 85
42.001282 81 1114 1114
42.001282 91 1413 1413
43.001312 10 16 16
43.001312 18 562 562
43.001312 24 317 317
43.001312 27 485 485
43.001312 41 1246 1246
43.001312 51 585 585
43.001312 73 79 79
43.001312 81 1100 1100
43.001312 91 1464 1464
44.001343 10 22 22
44.001343 18 619 619
44.001343 24 347 347
44.001343 27 523 523
44.001343 41 1184 1184
44.001343 51 546 546
44.001343 73 73 73
44.001343 81 1154 1154
44.001343 91 1421 1421
45.001373 18 663 663
45.001373 24 340 340
45.001373 27 505 505
45.001373 41 1229 1229
45.001373 51 520 520
45.001373 73 62 62
45.001373 81 1193 1193
45.001373 91 1370 1370
46.001404 18 718 718
46.001404 24 331 331
46.001404 27 488 488
46.001404 41 1231 1231
46.001404 51 521 521
46.001404 73 64 64
46.001404 81 1175 1175
46.001404 91 1352 1352
47.001434 18 677 677
47.001434 24 317 317
47.001434 27 459 459
47.001434 41 1248 1248
47.001434 51 562 562
47.001434 73 55 55
47.001434 81 1160 1160
47.001434 91 1409 1409
48.001465 18 652 652
48.001465 24 305 305
48.001465 27 489 489
48.001465 41 1158 1158
48.001465 51 628 628
48.001465 73 45 45
48.001465 81 1218 1218
48.001465 91 1389 1389
49.001495 18 702 702
49.001495 24 318 318
49.001495 27 521 521
49.001495 41 1058 1058
49.001495 51 656 656
49.001495 73 36 36
49.001495 81 1213 1213
49.001495 91 1350 1350
50.001526 18 700 700
50.001526 24 289 289
50.001526 27 525 525
50.001526 41 1142 1142
50.001526 51 683 683
50.001526 73 40 40
50.001526 81 1205 1205
50.001526 91 1255 1255
51.001556 18 713 713
51.001556 24 244 244
51.001556 27 538 538
51.001556 41 1199 1199
51.001556 51 747 747
51.001556 73 40 40
51.001556 81 1180 1180
51.001556 91 1227 1227
52.001587 18 689 689
52.001587 24 178 178
52.001587 27 602 602
52.001587 41 1198 1198
52.001587 51 823 823
52.001587 73 41 41
52.001587 81 1186 1186
52.001587 91 1146 1146
53.001617 18 707 707
53.001617 24 164 164
53.001617 27 636 636
53.001617 41 1311 1311
53.001617 51 835 835
53.001617 73 40 40
53.001617 81 1178 1178
53.001617 91 1057 1057
54.001648 18 649 649
54.001648 24 126 126
54.001648 27 688 688
54.001648 41 1394 1394
54.001648 51 795 795
54.001648 73 39 39
54.001648 81 1181 1181
54.001648 91 990 990
55.001678 18 640 640
55.001678 24 103 103
55.001678 27 749 749
55.001678 41 1308 1308
55.001678 51 792 792
55.001678 73 46 46
55.001678 81 1169 1169
55.001678 91 1019 1019
56.001709 18 594 594
56.001709 24 61 61
56.001709 27 783 783
56.001709 41 1301 1301
56.001709 51 828 828
56.001709 73 40 40
56.001709 81 1180 1180
56.001709 91 1106 1106
57.001740 18 544 544
57.001740 24 11 11
57.001740 27 704 704
57.001740 41 1330 1330
57.001740 51 854 854
57.001740 73 44 44
57.001740 81 1217 1217
57.001740 91 1172 1172
58.001770 18 566 566
58.001770 27 584 584
58.001770 41 1334 1334
58.001770 51 910 910
58.001770 73 54 54
58.001770 81 1268 1268
58.001770 91 1179 1179
59.001801 18 432 432
59.001801 27 568 568
59.001801 41 1322 1322
59.001801 51 954 954
59.001801 73 42 42
59.001801 81 1310 1310
59.001801 91 1232 1232
60.001831 18 391 391
60.001831 27 541 541
60.001831 41 1354 1354
60.001831 51 946 946
60.001831 73 35 35
60.001831 81 1305 1305
60.001831 91 1295 1295
61.001862 18 388 388
61.001862 27 502 502
61.001862 41 1349 1349
61.001862 51 1013 1013
61.001862 73 35 35
61.001862 81 1368 1368
61.001862 91 1246 1246
62.001892 18 373 373
62.001892 27 411 411
62.001892 41 1270 1270
62.001892 51 1085 1085
62.001892 73 32 32
62.001892 81 1340 1340
62.001892 91 1346 1346
63.001923 18 367 367
63.001923 27 426 426
63.001923 41 1057 1057
63.001923 51 1156 1156
63.001923 73 47 47
63.001923 81 1281 1281
63.001923 91 1499 1499
64.001953 18 291 291
64.001953 27 491 491
64.001953 41 887 887
64.001953 51 1162 1162
64.001953 73 46 46
64.001953 81 1326 1326
64.001953 91 1702 1702
65.001984 18 256 256
65.001984 27 595 595
65.001984 41 767 767
65.001984 51 1038 1038
65.001984 73 47 47
65.001984 81 1335 1335
65.001984 91 1848 1848
66.002014 18 245 245
66.002014 27 599 599
66.002014 41 697 697
66.002014 51 1004 1004
66.002014 73 44 44
66.002014 81 1313 1313
66.002014 91 1947 1947
67.002045 18 218 218
67.002045 27 572 572
67.002045 41 631 631
67.002045 51 1003 1003
67.002045 73 41 41
67.002045 81 1351 1351
67.002045 91 2071 2071
68.002075 18 172 172
68.002075 27 615 615
68.002075 41 641 641
68.002075 51 938 938
68.002075 73 44 44
68.002075 81 1381 1381
68.002075 91 2097 2097
69.002106 18 186 186
69.002106 27 621 621
69.002106 41 611 611
69.002106 51 933 933
69.002106 73 48 48
69.002106 81 1325 1325
69.002106 91 2138 2138
70.002136 18 194 194
70.002136 27 627 627
70.002136 41 640 640
70.002136 51 924 924
70.002136 73 38 38
70.002136 81 1350 1350
70.002136 91 2109 2109
71.002167 18 205 205
71.002167 27 608 608
71.002167 41 628 628
71.002167 51 900 900
71.002167 73 41 41
71.002167 81 1282 1282
71.002167 91 2187 2187
