0.000000 0 1 1
0.000000 1 1 1
0.000000 2 1 1
0.000000 3 1 1
0.000000 4 1 1
0.000000 5 1 1
0.000000 6 1 1
0.000000 7 1 1
0.000000 8 1 1
0.000000 9 1 1
0.000000 10 1 1
0.000000 11 1 1
0.000000 12 1 1
0.000000 13 1 1
0.000000 14 1 1
0.000000 15 1 1
0.000000 16 1 1
0.000000 17 1 1
0.000000 18 1 1
0.000000 19 1 1
0.000000 21 1 1
0.000000 22 1 1
0.000000 23 1 1
0.000000 24 1 1
0.000000 25 1 1
0.000000 26 1 1
0.000000 27 1 1
0.000000 28 1 1
0.000000 29 1 1
0.000000 30 1 1
0.000000 31 1 1
0.000000 32 1 1
0.000000 33 1 1
0.000000 34 1 1
0.000000 35 1 1
0.000000 36 1 1
0.000000 37 1 1
0.000000 38 1 1
0.000000 39 1 1
0.000000 40 1 1
0.000000 41 1 1
0.000000 42 1 1
0.000000 43 1 1
0.000000 44 1 1
0.000000 45 1 1
0.000000 47 1 1
0.000000 48 1 1
0.000000 49 1 1
0.000000 50 1 1
0.000000 51 1 1
0.000000 52 1 1
0.000000 53 1 1
0.000000 54 1 1
0.000000 55 1 1
0.000000 56 1 1
0.000000 57 1 1
0.000000 58 1 1
0.000000 59 1 1
0.000000 60 1 1
0.000000 61 1 1
0.000000 62 1 1
0.000000 63 1 1
0.000000 64 1 1
0.000000 65 1 1
0.000000 66 1 1
0.000000 67 1 1
0.000000 68 1 1
0.000000 70 1 1
0.000000 71 1 1
0.000000 72 1 1
0.000000 73 1 1
0.000000 74 1 1
0.000000 75 1 1
0.000000 76 1 1
0.000000 77 1 1
0.000000 78 1 1
0.000000 79 1 1
0.000000 80 1 1
0.000000 81 1 1
0.000000 83 1 1
0.000000 84 1 1
0.000000 85 1 1
0.000000 86 1 1
0.000000 87 1 1
0.000000 88 1 1
0.000000 89 1 1
0.000000 90 1 1
0.000000 91 1 1
0.000000 92 1 1
0.000000 93 1 1
0.000000 94 1 1
0.000000 95 1 1
0.000000 96 1 1
0.000000 98 1 1
0.000000 99 1 1
0.000000 100 1 1
0.000000 101 1 1
0.000000 102 1 1
0.000000 103 1 1
0.000000 104 1 1
0.000000 105 1 1
0.000000 106 1 1
0.000000 107 1 1
0.000000 108 1 1
0.000000 109 1 1
0.000000 110 1 1
0.000000 111 1 1
0.000000 112 1 1
0.000000 114 1 1
0.000000 115 1 1
0.000000 116 1 1
0.000000 117 1 1
0.000000 118 1 1
0.000000 119 1 1
0.000000 120 1 1
0.000000 121 1 1
0.000000 122 1 1
0.000000 123 1 1
0.000000 124 1 1
0.000000 125 1 1
0.000000 126 1 1
0.000000 127 1 1
0.000000 128 1 1
0.000000 129 1 1
0.000000 131 1 1
0.000000 132 1 1
0.000000 133 1 1
0.000000 134 1 1
0.000000 135 1 1
0.000000 136 1 1
0.000000 137 1 1
0.000000 138 1 1
0.000000 140 1 1
0.000000 141 1 1
0.000000 142 1 1
0.000000 143 1 1
0.000000 144 1 1
0.000000 145 1 1
0.000000 146 1 1
0.000000 147 1 1
0.000000 148 1 1
0.000000 149 1 1
0.000000 150 1 1
0.000000 151 1 1
0.000000 152 1 1
0.000000 153 1 1
0.000000 154 1 1
0.000000 155 1 1
0.000000 157 1 1
0.000000 158 1 1
0.000000 160 1 1
0.000000 161 1 1
0.000000 162 1 1
0.000000 163 1 1
0.000000 164 1 1
0.000000 165 1 1
0.000000 166 1 1
0.000000 168 1 1
0.000000 169 1 1
0.000000 170 1 1
0.000000 171 1 1
0.000000 172 1 1
0.000000 173 1 1
0.000000 174 1 1
0.000000 175 1 1
0.000000 176 1 1
0.000000 177 1 1
0.000000 178 1 1
0.000000 179 1 1
0.000000 180 1 1
0.000000 181 1 1
0.000000 182 1 1
0.000000 183 1 1
0.000000 184 1 1
0.000000 186 1 1
0.000000 187 1 1
0.000000 188 1 1
0.000000 189 1 1
0.000000 190 1 1
0.000000 191 1 1
0.000000 192 1 1
0.000000 194 1 1
0.000000 195 1 1
0.000000 196 1 1
0.000000 197 1 1
0.000000 198 1 1
0.000000 199 1 1
0.000000 200 1 1
0.000000 201 1 1
0.000000 202 1 1
0.000000 203 1 1
0.000000 204 1 1
0.000000 205 1 1
0.000000 206 1 1
0.000000 207 1 1
0.000000 208 1 1
0.000000 209 1 1
0.000000 210 1 1
0.000000 211 1 1
0.000000 212 1 1
0.000000 213 1 1
0.000000 214 1 1
0.000000 215 1 1
0.000000 217 1 1
0.000000 218 1 1
1.000031 0 1 1
1.000031 1 2 2
1.000031 2 1 1
1.000031 3 2 2
1.000031 4 1 1
1.000031 5 1 1
1.000031 6 2 2
1.000031 7 1 1
1.000031 8 1 1
1.000031 9 1 1
1.000031 10 2 2
1.000031 11 1 1
1.000031 12 1 1
1.000031 13 1 1
1.000031 14 2 2
1.000031 15 2 2
1.000031 16 2 2
1.000031 17 1 1
1.000031 18 1 1
1.000031 19 1 1
1.000031 21 2 2
1.000031 22 1 1
1.000031 23 1 1
1.000031 24 2 2
1.000031 25 2 2
1.000031 26 1 1
1.000031 27 2 2
1.000031 28 2 2
1.000031 29 1 1
1.000031 30 1 1
1.000031 31 1 1
1.000031 32 2 2
1.000031 33 1 1
1.000031 34 1 1
1.000031 35 1 1
1.000031 36 1 1
1.000031 37 2 2
1.000031 38 2 2
1.000031 39 1 1
1.000031 40 1 1
1.000031 41 1 1
1.000031 42 2 2
1.000031 43 1 1
1.000031 44 2 2
1.000031 45 2 2
1.000031 47 1 1
1.000031 48 1 1
1.000031 49 1 1
1.000031 50 1 1
1.000031 51 1 1
1.000031 52 2 2
1.000031 53 2 2
1.000031 54 1 1
1.000031 55 1 1
1.000031 56 1 1
1.000031 57 2 2
1.000031 58 1 1
1.000031 59 1 1
1.000031 60 1 1
1.000031 61 1 1
1.000031 62 2 2
1.000031 63 2 2
1.000031 64 2 2
1.000031 65 2 2
1.000031 66 1 1
1.000031 67 2 2
1.000031 68 2 2
1.000031 70 1 1
1.000031 71 2 2
1.000031 72 1 1
1.000031 73 1 1
1.000031 74 2 2
1.000031 75 1 1
1.000031 76 1 1
1.000031 77 2 2
1.000031 78 1 1
1.000031 79 1 1
1.000031 80 1 1
1.000031 81 2 2
1.000031 83 1 1
1.000031 84 1 1
1.000031 85 2 2
1.000031 86 1 1
1.000031 87 2 2
1.000031 88 2 2
1.000031 89 2 2
1.000031 90 1 1
1.000031 91 2 2
1.000031 92 1 1
1.000031 93 1 1
1.000031 94 2 2
1.000031 95 2 2
1.000031 96 1 1
1.000031 98 2 2
1.000031 99 1 1
1.000031 100 2 2
1.000031 101 1 1
1.000031 102 2 2
1.000031 103 2 2
1.000031 104 1 1
1.000031 105 1 1
1.000031 106 2 2
1.000031 107 2 2
1.000031 108 2 2
1.000031 109 2 2
1.000031 110 2 2
1.000031 111 1 1
1.000031 112 2 2
1.000031 114 1 1
1.000031 115 2 2
1.000031 116 1 1
1.000031 117 2 2
1.000031 118 2 2
1.000031 119 2 2
1.000031 120 2 2
1.000031 121 1 1
1.000031 122 1 1
1.000031 123 2 2
1.000031 124 2 2
1.000031 125 1 1
1.000031 126 2 2
1.000031 127 1 1
1.000031 128 2 2
1.000031 129 2 2
1.000031 131 1 1
1.000031 132 2 2
1.000031 133 1 1
1.000031 134 1 1
1.000031 135 1 1
1.000031 136 2 2
1.000031 137 1 1
1.000031 138 2 2
1.000031 140 1 1
1.000031 141 2 2
1.000031 142 2 2
1.000031 143 2 2
1.000031 144 2 2
1.000031 145 1 1
1.000031 146 2 2
1.000031 147 1 1
1.000031 148 1 1
1.000031 149 1 1
1.000031 150 2 2
1.000031 151 2 2
1.000031 152 1 1
1.000031 153 2 2
1.000031 154 2 2
1.000031 155 2 2
1.000031 157 2 2
1.000031 158 1 1
1.000031 160 2 2
1.000031 161 2 2
1.000031 162 2 2
1.000031 163 1 1
1.000031 164 2 2
1.000031 165 1 1
1.000031 166 2 2
1.000031 168 2 2
1.000031 169 2 2
1.000031 170 2 2
1.000031 171 2 2
1.000031 172 1 1
1.000031 173 1 1
1.000031 174 2 2
1.000031 175 1 1
1.000031 176 2 2
1.000031 177 2 2
1.000031 178 2 2
1.000031 179 2 2
1.000031 180 2 2
1.000031 181 2 2
1.000031 182 2 2
1.000031 183 1 1
1.000031 184 2 2
1.000031 186 1 1
1.000031 187 1 1
1.000031 188 2 2
1.000031 189 1 1
1.000031 190 2 2
1.000031 191 2 2
1.000031 192 1 1
1.000031 194 2 2
1.000031 195 2 2
1.000031 196 2 2
1.000031 197 1 1
1.000031 198 2 2
1.000031 199 1 1
1.000031 200 1 1
1.000031 201 1 1
1.000031 202 2 2
1.000031 203 2 2
1.000031 204 2 2
1.000031 205 2 2
1.000031 206 2 2
1.000031 207 1 1
1.000031 208 1 1
1.000031 209 2 2
1.000031 210 1 1
1.000031 211 2 2
1.000031 212 1 1
1.000031 213 1 1
1.000031 214 2 2
1.000031 215 2 2
1.000031 217 1 1
1.000031 218 2 2
2.000061 0 2 2
2.000061 1 2 2
2.000061 2 2 2
2.000061 3 3 3
2.000061 4 2 2
2.000061 5 2 2
2.000061 6 2 2
2.000061 7 2 2
2.000061 8 2 2
2.000061 9 2 2
2.000061 10 2 2
2.000061 11 2 2
2.000061 12 2 2
2.000061 13 2 2
2.000061 14 2 2
2.000061 15 2 2
2.000061 16 2 2
2.000061 17 2 2
2.000061 18 2 2
2.000061 19 2 2
2.000061 21 2 2
2.000061 22 2 2
2.000061 23 2 2
2.000061 24 2 2
2.000061 25 2 2
2.000061 26 2 2
2.000061 27 2 2
2.000061 28 2 2
2.000061 29 2 2
2.000061 30 2 2
2.000061 31 2 2
2.000061 32 2 2
2.000061 33 2 2
2.000061 34 2 2
2.000061 35 2 2
2.000061 36 2 2
2.000061 37 2 2
2.000061 38 3 3
2.000061 39 2 2
2.000061 40 3 3
2.000061 41 3 3
2.000061 42 2 2
2.000061 43 2 2
2.000061 44 2 2
2.000061 45 2 2
2.000061 47 2 2
2.000061 48 2 2
2.000061 49 2 2
2.000061 50 2 2
2.000061 51 2 2
2.000061 52 2 2
2.000061 53 2 2
2.000061 54 2 2
2.000061 55 2 2
2.000061 56 2 2
2.000061 57 3 3
2.000061 58 2 2
2.000061 59 2 2
2.000061 60 2 2
2.000061 61 2 2
2.000061 62 2 2
2.000061 63 2 2
2.000061 64 2 2
2.000061 65 2 2
2.000061 66 2 2
2.000061 67 3 3
2.000061 68 2 2
2.000061 70 2 2
2.000061 71 2 2
2.000061 72 2 2
2.000061 73 2 2
2.000061 74 3 3
2.000061 75 2 2
2.000061 76 2 2
2.000061 77 2 2
2.000061 78 2 2
2.000061 79 2 2
2.000061 80 2 2
2.000061 81 2 2
2.000061 83 2 2
2.000061 84 3 3
2.000061 85 2 2
2.000061 86 2 2
2.000061 87 3 3
2.000061 88 3 3
2.000061 89 2 2
2.000061 90 2 2
2.000061 91 2 2
2.000061 92 2 2
2.000061 93 2 2
2.000061 94 3 3
2.000061 95 2 2
2.000061 96 2 2
2.000061 98 2 2
2.000061 99 2 2
2.000061 100 2 2
2.000061 101 2 2
2.000061 102 2 2
2.000061 103 2 2
2.000061 104 2 2
2.000061 105 2 2
2.000061 106 2 2
2.000061 107 2 2
2.000061 108 2 2
2.000061 109 2 2
2.000061 110 2 2
2.000061 111 2 2
2.000061 112 2 2
2.000061 114 2 2
2.000061 115 2 2
2.000061 116 2 2
2.000061 117 2 2
2.000061 118 2 2
2.000061 119 3 3
2.000061 120 2 2
2.000061 121 2 2
2.000061 122 2 2
2.000061 123 2 2
2.000061 124 2 2
2.000061 125 2 2
2.000061 126 3 3
2.000061 127 2 2
2.000061 128 2 2
2.000061 129 2 2
2.000061 131 2 2
2.000061 132 2 2
2.000061 133 2 2
2.000061 134 2 2
2.000061 135 2 2
2.000061 136 2 2
2.000061 137 2 2
2.000061 138 2 2
2.000061 140 2 2
2.000061 141 2 2
2.000061 142 3 3
2.000061 143 2 2
2.000061 144 2 2
2.000061 145 2 2
2.000061 146 2 2
2.000061 147 2 2
2.000061 148 2 2
2.000061 149 2 2
2.000061 150 2 2
2.000061 151 3 3
2.000061 152 2 2
2.000061 153 2 2
2.000061 154 2 2
2.000061 155 2 2
2.000061 157 2 2
2.000061 158 2 2
2.000061 160 2 2
2.000061 161 3 3
2.000061 162 2 2
2.000061 163 2 2
2.000061 164 2 2
2.000061 165 2 2
2.000061 166 2 2
2.000061 168 2 2
2.000061 169 2 2
2.000061 170 2 2
2.000061 171 2 2
2.000061 172 2 2
2.000061 173 2 2
2.000061 174 3 3
2.000061 175 3 3
2.000061 176 2 2
2.000061 177 3 3
2.000061 178 2 2
2.000061 179 2 2
2.000061 180 2 2
2.000061 181 2 2
2.000061 182 2 2
2.000061 183 2 2
2.000061 184 3 3
2.000061 186 2 2
2.000061 187 2 2
2.000061 188 3 3
2.000061 189 2 2
2.000061 190 2 2
2.000061 191 2 2
2.000061 192 2 2
2.000061 194 2 2
2.000061 195 2 2
2.000061 196 2 2
2.000061 197 2 2
2.000061 198 2 2
2.000061 199 2 2
2.000061 200 2 2
2.000061 201 2 2
2.000061 202 2 2
2.000061 203 2 2
2.000061 204 2 2
2.000061 205 2 2
2.000061 206 2 2
2.000061 207 2 2
2.000061 208 2 2
2.000061 209 2 2
2.000061 210 2 2
2.000061 211 3 3
2.000061 212 2 2
2.000061 213 2 2
2.000061 214 2 2
2.000061 215 3 3
2.000061 217 2 2
2.000061 218 2 2
3.000092 0 4 4
3.000092 1 4 4
3.000092 2 4 4
3.000092 3 4 4
3.000092 4 3 3
3.000092 5 4 4
3.000092 6 4 4
3.000092 7 4 4
3.000092 8 3 3
3.000092 9 4 4
3.000092 10 4 4
3.000092 11 4 4
3.000092 12 4 4
3.000092 13 3 3
3.000092 14 4 4
3.000092 15 4 4
3.000092 16 4 4
3.000092 17 3 3
3.000092 18 3 3
3.000092 19 4 4
3.000092 21 4 4
3.000092 22 4 4
3.000092 23 2 2
3.000092 24 4 4
3.000092 25 4 4
3.000092 26 3 3
3.000092 27 4 4
3.000092 28 4 4
3.000092 29 4 4
3.000092 30 4 4
3.000092 31 4 4
3.000092 32 3 3
3.000092 33 4 4
3.000092 34 4 4
3.000092 35 4 4
3.000092 36 4 4
3.000092 37 4 4
3.000092 38 4 4
3.000092 39 4 4
3.000092 40 4 4
3.000092 41 4 4
3.000092 42 4 4
3.000092 43 4 4
3.000092 44 4 4
3.000092 45 4 4
3.000092 47 3 3
3.000092 48 4 4
3.000092 49 4 4
3.000092 50 4 4
3.000092 51 4 4
3.000092 52 4 4
3.000092 53 4 4
3.000092 54 4 4
3.000092 55 4 4
3.000092 56 4 4
3.000092 57 5 5
3.000092 58 3 3
3.000092 59 3 3
3.000092 60 4 4
3.000092 61 4 4
3.000092 62 4 4
3.000092 63 4 4
3.000092 64 4 4
3.000092 65 4 4
3.000092 66 4 4
3.000092 67 4 4
3.000092 68 4 4
3.000092 70 4 4
3.000092 71 4 4
3.000092 72 4 4
3.000092 73 3 3
3.000092 74 4 4
3.000092 75 2 2
3.000092 76 4 4
3.000092 77 4 4
3.000092 78 4 4
3.000092 79 4 4
3.000092 80 4 4
3.000092 81 4 4
3.000092 83 3 3
3.000092 84 4 4
3.000092 85 4 4
3.000092 86 4 4
3.000092 87 4 4
3.000092 88 2 2
3.000092 89 4 4
3.000092 90 4 4
3.000092 91 4 4
3.000092 92 4 4
3.000092 93 4 4
3.000092 94 5 5
3.000092 95 3 3
3.000092 96 4 4
3.000092 98 4 4
3.000092 99 4 4
3.000092 100 4 4
3.000092 101 4 4
3.000092 102 4 4
3.000092 103 4 4
3.000092 104 4 4
3.000092 105 4 4
3.000092 106 4 4
3.000092 107 4 4
3.000092 108 4 4
3.000092 109 4 4
3.000092 110 4 4
3.000092 111 3 3
3.000092 112 3 3
3.000092 114 4 4
3.000092 115 4 4
3.000092 116 4 4
3.000092 117 4 4
3.000092 118 4 4
3.000092 119 4 4
3.000092 120 4 4
3.000092 121 3 3
3.000092 122 4 4
3.000092 123 4 4
3.000092 124 4 4
3.000092 125 4 4
3.000092 126 4 4
3.000092 127 4 4
3.000092 128 4 4
3.000092 129 4 4
3.000092 131 3 3
3.000092 132 3 3
3.000092 133 4 4
3.000092 134 4 4
3.000092 135 3 3
3.000092 136 4 4
3.000092 137 4 4
3.000092 138 4 4
3.000092 140 4 4
3.000092 141 4 4
3.000092 142 4 4
3.000092 143 4 4
3.000092 144 4 4
3.000092 145 4 4
3.000092 146 4 4
3.000092 147 4 4
3.000092 148 4 4
3.000092 149 4 4
3.000092 150 4 4
3.000092 151 4 4
3.000092 152 4 4
3.000092 153 4 4
3.000092 154 4 4
3.000092 155 3 3
3.000092 157 5 5
3.000092 158 4 4
3.000092 160 4 4
3.000092 161 4 4
3.000092 162 4 4
3.000092 163 4 4
3.000092 164 3 3
3.000092 165 4 4
3.000092 166 4 4
3.000092 168 4 4
3.000092 169 4 4
3.000092 170 4 4
3.000092 171 4 4
3.000092 172 4 4
3.000092 173 4 4
3.000092 174 4 4
3.000092 175 4 4
3.000092 176 5 5
3.000092 177 4 4
3.000092 178 4 4
3.000092 179 4 4
3.000092 180 4 4
3.000092 181 4 4
3.000092 182 4 4
3.000092 183 3 3
3.000092 184 4 4
3.000092 186 4 4
3.000092 187 3 3
3.000092 188 5 5
3.000092 189 4 4
3.000092 190 3 3
3.000092 191 4 4
3.000092 192 4 4
3.000092 194 4 4
3.000092 195 4 4
3.000092 196 4 4
3.000092 197 4 4
3.000092 198 4 4
3.000092 199 4 4
3.000092 200 4 4
3.000092 201 4 4
3.000092 202 4 4
3.000092 203 4 4
3.000092 204 4 4
3.000092 205 4 4
3.000092 206 4 4
3.000092 207 2 2
3.000092 208 3 3
3.000092 209 4 4
3.000092 210 3 3
3.000092 211 4 4
3.000092 212 4 4
3.000092 213 3 3
3.000092 214 4 4
3.000092 215 4 4
3.000092 217 4 4
3.000092 218 4 4
4.000122 0 5 5
4.000122 1 6 6
4.000122 2 6 6
4.000122 3 6 6
4.000122 4 5 5
4.000122 5 6 6
4.000122 6 5 5
4.000122 7 6 6
4.000122 8 6 6
4.000122 9 5 5
4.000122 10 6 6
4.000122 11 6 6
4.000122 12 7 7
4.000122 13 5 5
4.000122 14 7 7
4.000122 15 8 8
4.000122 16 6 6
4.000122 17 4 4
4.000122 18 6 6
4.000122 19 5 5
4.000122 21 7 7
4.000122 22 5 5
4.000122 23 4 4
4.000122 24 7 7
4.000122 25 7 7
4.000122 26 4 4
4.000122 27 6 6
4.000122 28 6 6
4.000122 29 4 4
4.000122 30 6 6
4.000122 31 6 6
4.000122 32 5 5
4.000122 33 5 5
4.000122 34 5 5
4.000122 35 6 6
4.000122 36 6 6
4.000122 37 7 7
4.000122 38 8 8
4.000122 39 4 4
4.000122 40 6 6
4.000122 41 6 6
4.000122 42 6 6
4.000122 43 5 5
4.000122 44 5 5
4.000122 45 5 5
4.000122 47 5 5
4.000122 48 6 6
4.000122 49 6 6
4.000122 50 6 6
4.000122 51 6 6
4.000122 52 4 4
4.000122 53 8 8
4.000122 54 5 5
4.000122 55 6 6
4.000122 56 7 7
4.000122 57 8 8
4.000122 58 6 6
4.000122 59 5 5
4.000122 60 5 5
4.000122 61 5 5
4.000122 62 8 8
4.000122 63 7 7
4.000122 64 8 8
4.000122 65 6 6
4.000122 66 5 5
4.000122 67 8 8
4.000122 68 5 5
4.000122 70 7 7
4.000122 71 7 7
4.000122 72 7 7
4.000122 73 5 5
4.000122 74 7 7
4.000122 75 4 4
4.000122 76 6 6
4.000122 77 8 8
4.000122 78 5 5
4.000122 79 5 5
4.000122 80 6 6
4.000122 81 7 7
4.000122 83 5 5
4.000122 84 6 6
4.000122 85 7 7
4.000122 86 6 6
4.000122 87 8 8
4.000122 88 3 3
4.000122 89 8 8
4.000122 90 7 7
4.000122 91 6 6
4.000122 92 6 6
4.000122 93 4 4
4.000122 94 6 6
4.000122 95 4 4
4.000122 96 8 8
4.000122 98 5 5
4.000122 99 7 7
4.000122 100 6 6
4.000122 101 6 6
4.000122 102 7 7
4.000122 103 6 6
4.000122 104 5 5
4.000122 105 7 7
4.000122 106 7 7
4.000122 107 6 6
4.000122 108 6 6
4.000122 109 7 7
4.000122 110 6 6
4.000122 111 5 5
4.000122 112 5 5
4.000122 114 5 5
4.000122 115 6 6
4.000122 116 6 6
4.000122 117 7 7
4.000122 118 7 7
4.000122 119 8 8
4.000122 120 8 8
4.000122 121 5 5
4.000122 122 5 5
4.000122 123 7 7
4.000122 124 8 8
4.000122 125 5 5
4.000122 126 8 8
4.000122 127 4 4
4.000122 128 6 6
4.000122 129 8 8
4.000122 131 4 4
4.000122 132 6 6
4.000122 133 4 4
4.000122 134 5 5
4.000122 135 6 6
4.000122 136 6 6
4.000122 137 5 5
4.000122 138 5 5
4.000122 140 4 4
4.000122 141 8 8
4.000122 142 8 8
4.000122 143 7 7
4.000122 144 5 5
4.000122 145 6 6
4.000122 146 6 6
4.000122 147 6 6
4.000122 148 4 4
4.000122 149 5 5
4.000122 150 7 7
4.000122 151 8 8
4.000122 152 6 6
4.000122 153 6 6
4.000122 154 7 7
4.000122 155 5 5
4.000122 157 7 7
4.000122 158 6 6
4.000122 160 8 8
4.000122 161 7 7
4.000122 162 8 8
4.000122 163 5 5
4.000122 164 6 6
4.000122 165 4 4
4.000122 166 8 8
4.000122 168 8 8
4.000122 169 6 6
4.000122 170 7 7
4.000122 171 7 7
4.000122 172 4 4
4.000122 173 4 4
4.000122 174 8 8
4.000122 175 6 6
4.000122 176 6 6
4.000122 177 7 7
4.000122 178 6 6
4.000122 179 6 6
4.000122 180 8 8
4.000122 181 8 8
4.000122 182 7 7
4.000122 183 5 5
4.000122 184 7 7
4.000122 186 7 7
4.000122 187 4 4
4.000122 188 8 8
4.000122 189 5 5
4.000122 190 6 6
4.000122 191 7 7
4.000122 192 5 5
4.000122 194 6 6
4.000122 195 5 5
4.000122 196 6 6
4.000122 197 6 6
4.000122 198 6 6
4.000122 199 5 5
4.000122 200 4 4
4.000122 201 4 4
4.000122 202 4 4
4.000122 203 6 6
4.000122 204 6 6
4.000122 205 7 7
4.000122 206 6 6
4.000122 207 4 4
4.000122 208 5 5
4.000122 209 7 7
4.000122 210 4 4
4.000122 211 7 7
4.000122 212 6 6
4.000122 213 4 4
4.000122 214 7 7
4.000122 215 6 6
4.000122 217 6 6
4.000122 218 6 6
5.000153 0 9 9
5.000153 1 11 11
5.000153 2 9 9
5.000153 3 10 10
5.000153 4 8 8
5.000153 5 9 9
5.000153 6 8 8
5.000153 7 10 10
5.000153 8 9 9
5.000153 9 8 8
5.000153 10 8 8
5.000153 11 9 9
5.000153 12 9 9
5.000153 13 8 8
5.000153 14 9 9
5.000153 15 12 12
5.000153 16 10 10
5.000153 17 7 7
5.000153 18 8 8
5.000153 19 8 8
5.000153 21 10 10
5.000153 22 8 8
5.000153 23 6 6
5.000153 24 11 11
5.000153 25 9 9
5.000153 26 8 8
5.000153 27 11 11
5.000153 28 8 8
5.000153 29 8 8
5.000153 30 9 9
5.000153 31 11 11
5.000153 32 6 6
5.000153 33 9 9
5.000153 34 8 8
5.000153 35 8 8
5.000153 36 8 8
5.000153 37 10 10
5.000153 38 10 10
5.000153 39 8 8
5.000153 40 11 11
5.000153 41 10 10
5.000153 42 8 8
5.000153 43 8 8
5.000153 44 8 8
5.000153 45 8 8
5.000153 47 8 8
5.000153 48 8 8
5.000153 49 9 9
5.000153 50 9 9
5.000153 51 9 9
5.000153 52 8 8
5.000153 53 8 8
5.000153 54 8 8
5.000153 55 9 9
5.000153 56 8 8
5.000153 57 13 13
5.000153 58 9 9
5.000153 59 8 8
5.000153 60 8 8
5.000153 61 8 8
5.000153 62 10 10
5.000153 63 11 11
5.000153 64 11 11
5.000153 65 8 8
5.000153 66 8 8
5.000153 67 11 11
5.000153 68 8 8
5.000153 70 10 10
5.000153 71 9 9
5.000153 72 11 11
5.000153 73 8 8
5.000153 74 10 10
5.000153 75 8 8
5.000153 76 10 10
5.000153 77 9 9
5.000153 78 8 8
5.000153 79 8 8
5.000153 80 10 10
5.000153 81 8 8
5.000153 83 8 8
5.000153 84 11 11
5.000153 85 10 10
5.000153 86 7 7
5.000153 87 10 10
5.000153 88 4 4
5.000153 89 14 14
5.000153 90 8 8
5.000153 91 10 10
5.000153 92 8 8
5.000153 93 9 9
5.000153 94 11 11
5.000153 95 6 6
5.000153 96 10 10
5.000153 98 8 8
5.000153 99 8 8
5.000153 100 9 9
5.000153 101 8 8
5.000153 102 9 9
5.000153 103 9 9
5.000153 104 8 8
5.000153 105 9 9
5.000153 106 9 9
5.000153 107 9 9
5.000153 108 9 9
5.000153 109 10 10
5.000153 110 10 10
5.000153 111 7 7
5.000153 112 7 7
5.000153 114 8 8
5.000153 115 10 10
5.000153 116 9 9
5.000153 117 10 10
5.000153 118 8 8
5.000153 119 12 12
5.000153 120 10 10
5.000153 121 7 7
5.000153 122 9 9
5.000153 123 11 11
5.000153 124 9 9
5.000153 125 8 8
5.000153 126 13 13
5.000153 127 8 8
5.000153 128 8 8
5.000153 129 11 11
5.000153 131 8 8
5.000153 132 10 10
5.000153 133 8 8
5.000153 134 8 8
5.000153 135 9 9
5.000153 136 9 9
5.000153 137 8 8
5.000153 138 9 9
5.000153 140 8 8
5.000153 141 11 11
5.000153 142 10 10
5.000153 143 9 9
5.000153 144 7 7
5.000153 145 8 8
5.000153 146 8 8
5.000153 147 9 9
5.000153 148 8 8
5.000153 149 8 8
5.000153 150 9 9
5.000153 151 10 10
5.000153 152 8 8
5.000153 153 12 12
5.000153 154 10 10
5.000153 155 9 9
5.000153 157 11 11
5.000153 158 9 9
5.000153 160 10 10
5.000153 161 10 10
5.000153 162 12 12
5.000153 163 8 8
5.000153 164 9 9
5.000153 165 9 9
5.000153 166 11 11
5.000153 168 12 12
5.000153 169 8 8
5.000153 170 8 8
5.000153 171 11 11
5.000153 172 8 8
5.000153 173 8 8
5.000153 174 10 10
5.000153 175 12 12
5.000153 176 11 11
5.000153 177 10 10
5.000153 178 8 8
5.000153 179 8 8
5.000153 180 9 9
5.000153 181 10 10
5.000153 182 8 8
5.000153 183 8 8
5.000153 184 10 10
5.000153 186 8 8
5.000153 187 8 8
5.000153 188 11 11
5.000153 189 9 9
5.000153 190 8 8
5.000153 191 10 10
5.000153 192 9 9
5.000153 194 8 8
5.000153 195 8 8
5.000153 196 8 8
5.000153 197 9 9
5.000153 198 10 10
5.000153 199 8 8
5.000153 200 8 8
5.000153 201 8 8
5.000153 202 8 8
5.000153 203 9 9
5.000153 204 10 10
5.000153 205 11 11
5.000153 206 12 12
5.000153 207 8 8
5.000153 208 7 7
5.000153 209 8 8
5.000153 210 8 8
5.000153 211 12 12
5.000153 212 8 8
5.000153 213 8 8
5.000153 214 10 10
5.000153 215 9 9
5.000153 217 9 9
5.000153 218 9 9
6.000183 0 12 12
6.000183 1 17 17
6.000183 2 14 14
6.000183 3 13 13
6.000183 4 15 15
6.000183 5 17 17
6.000183 6 13 13
6.000183 7 16 16
6.000183 8 16 16
6.000183 9 15 15
6.000183 10 9 9
6.000183 11 16 16
6.000183 12 16 16
6.000183 13 13 13
6.000183 14 16 16
6.000183 15 15 15
6.000183 16 17 17
6.000183 17 14 14
6.000183 18 15 15
6.000183 19 16 16
6.000183 21 17 17
6.000183 22 15 15
6.000183 23 10 10
6.000183 24 17 17
6.000183 25 16 16
6.000183 26 11 11
6.000183 27 15 15
6.000183 28 16 16
6.000183 29 16 16
6.000183 30 15 15
6.000183 31 16 16
6.000183 32 9 9
6.000183 33 13 13
6.000183 34 15 15
6.000183 35 15 15
6.000183 36 16 16
6.000183 37 15 15
6.000183 38 17 17
6.000183 39 16 16
6.000183 40 16 16
6.000183 41 17 17
6.000183 42 14 14
6.000183 43 11 11
6.000183 44 15 15
6.000183 45 15 15
6.000183 47 11 11
6.000183 48 14 14
6.000183 49 17 17
6.000183 50 14 14
6.000183 51 16 16
6.000183 52 16 16
6.000183 53 16 16
6.000183 54 15 15
6.000183 55 16 16
6.000183 56 16 16
6.000183 57 17 17
6.000183 58 14 14
6.000183 59 13 13
6.000183 60 14 14
6.000183 61 10 10
6.000183 62 17 17
6.000183 63 15 15
6.000183 64 16 16
6.000183 65 16 16
6.000183 66 15 15
6.000183 67 18 18
6.000183 68 16 16
6.000183 70 17 17
6.000183 71 16 16
6.000183 72 16 16
6.000183 73 13 13
6.000183 74 18 18
6.000183 75 12 12
6.000183 76 16 16
6.000183 77 16 16
6.000183 78 15 15
6.000183 79 15 15
6.000183 80 16 16
6.000183 81 15 15
6.000183 83 13 13
6.000183 84 18 18
6.000183 85 17 17
6.000183 86 14 14
6.000183 87 17 17
6.000183 88 7 7
6.000183 89 19 19
6.000183 90 15 15
6.000183 91 15 15
6.000183 92 15 15
6.000183 93 15 15
6.000183 94 19 19
6.000183 95 11 11
6.000183 96 16 16
6.000183 98 14 14
6.000183 99 16 16
6.000183 100 15 15
6.000183 101 15 15
6.000183 102 16 16
6.000183 103 17 17
6.000183 104 14 14
6.000183 105 16 16
6.000183 106 17 17
6.000183 107 16 16
6.000183 108 17 17
6.000183 109 15 15
6.000183 110 16 16
6.000183 111 13 13
6.000183 112 14 14
6.000183 114 16 16
6.000183 115 15 15
6.000183 116 17 17
6.000183 117 17 17
6.000183 118 15 15
6.000183 119 18 18
6.000183 120 16 16
6.000183 121 12 12
6.000183 122 13 13
6.000183 123 18 18
6.000183 124 16 16
6.000183 125 13 13
6.000183 126 18 18
6.000183 127 12 12
6.000183 128 15 15
6.000183 129 16 16
6.000183 131 11 11
6.000183 132 14 14
6.000183 133 11 11
6.000183 134 14 14
6.000183 135 15 15
6.000183 136 17 17
6.000183 137 16 16
6.000183 138 15 15
6.000183 140 15 15
6.000183 141 18 18
6.000183 142 18 18
6.000183 143 16 16
6.000183 144 13 13
6.000183 145 15 15
6.000183 146 15 15
6.000183 147 15 15
6.000183 148 13 13
6.000183 149 15 15
6.000183 150 16 16
6.000183 151 17 17
6.000183 152 16 16
6.000183 153 17 17
6.000183 154 16 16
6.000183 155 16 16
6.000183 157 16 16
6.000183 158 14 14
6.000183 160 16 16
6.000183 161 17 17
6.000183 162 18 18
6.000183 163 13 13
6.000183 164 13 13
6.000183 165 16 16
6.000183 166 17 17
6.000183 168 17 17
6.000183 169 16 16
6.000183 170 16 16
6.000183 171 16 16
6.000183 172 13 13
6.000183 173 16 16
6.000183 174 17 17
6.000183 175 19 19
6.000183 176 18 18
6.000183 177 17 17
6.000183 178 16 16
6.000183 179 15 15
6.000183 180 16 16
6.000183 181 17 17
6.000183 182 13 13
6.000183 183 15 15
6.000183 184 17 17
6.000183 186 14 14
6.000183 187 14 14
6.000183 188 19 19
6.000183 189 16 16
6.000183 190 14 14
6.000183 191 17 17
6.000183 192 14 14
6.000183 194 17 17
6.000183 195 15 15
6.000183 196 15 15
6.000183 197 15 15
6.000183 198 12 12
6.000183 199 14 14
6.000183 200 13 13
6.000183 201 14 14
6.000183 202 15 15
6.000183 203 15 15
6.000183 204 16 16
6.000183 205 16 16
6.000183 206 17 17
6.000183 207 12 12
6.000183 208 14 14
6.000183 209 13 13
6.000183 210 10 10
6.000183 211 17 17
6.000183 212 16 16
6.000183 213 14 14
6.000183 214 16 16
6.000183 215 16 16
6.000183 217 17 17
6.000183 218 17 17
7.000214 0 22 22
7.000214 1 26 26
7.000214 2 22 22
7.000214 3 23 23
7.000214 4 20 20
7.000214 5 25 25
7.000214 6 21 21
7.000214 7 26 26
7.000214 8 22 22
7.000214 9 18 18
7.000214 11 24 24
7.000214 12 28 28
7.000214 13 22 22
7.000214 14 24 24
7.000214 15 30 30
7.000214 16 24 24
7.000214 17 18 18
7.000214 18 21 21
7.000214 19 22 22
7.000214 21 27 27
7.000214 22 12 12
7.000214 23 18 18
7.000214 24 29 29
7.000214 25 25 25
7.000214 26 17 17
7.000214 27 22 22
7.000214 28 24 24
7.000214 29 19 19
7.000214 30 26 26
7.000214 31 25 25
7.000214 32 10 10
7.000214 33 18 18
7.000214 34 21 21
7.000214 35 22 22
7.000214 36 25 25
7.000214 37 26 26
7.000214 38 29 29
7.000214 39 22 22
7.000214 40 26 26
7.000214 41 26 26
7.000214 42 22 22
7.000214 43 20 20
7.000214 44 25 25
7.000214 45 22 22
7.000214 47 21 21
7.000214 48 26 26
7.000214 49 26 26
7.000214 50 24 24
7.000214 51 24 24
7.000214 52 21 21
7.000214 53 27 27
7.000214 54 22 22
7.000214 55 24 24
7.000214 56 24 24
7.000214 57 29 29
7.000214 58 24 24
7.000214 59 19 19
7.000214 60 19 19
7.000214 61 20 20
7.000214 62 29 29
7.000214 63 28 28
7.000214 64 28 28
7.000214 65 22 22
7.000214 66 21 21
7.000214 67 26 26
7.000214 68 17 17
7.000214 70 26 26
7.000214 71 27 27
7.000214 72 28 28
7.000214 73 18 18
7.000214 74 30 30
7.000214 75 14 14
7.000214 76 25 25
7.000214 77 28 28
7.000214 78 22 22
7.000214 79 18 18
7.000214 80 24 24
7.000214 81 26 26
7.000214 83 20 20
7.000214 84 29 29
7.000214 85 23 23
7.000214 86 19 19
7.000214 87 31 31
7.000214 88 5 5
7.000214 89 21 21
7.000214 90 23 23
7.000214 91 25 25
7.000214 92 22 22
7.000214 93 18 18
7.000214 94 27 27
7.000214 95 6 6
7.000214 96 28 28
7.000214 98 22 22
7.000214 99 25 25
7.000214 100 23 23
7.000214 101 25 25
7.000214 102 26 26
7.000214 103 26 26
7.000214 104 21 21
7.000214 105 27 27
7.000214 106 25 25
7.000214 107 19 19
7.000214 108 25 25
7.000214 109 26 26
7.000214 110 25 25
7.000214 111 22 22
7.000214 112 20 20
7.000214 114 22 22
7.000214 115 25 25
7.000214 116 24 24
7.000214 117 28 28
7.000214 118 26 26
7.000214 119 32 32
7.000214 120 27 27
7.000214 121 21 21
7.000214 122 22 22
7.000214 123 22 22
7.000214 124 26 26
7.000214 125 18 18
7.000214 126 31 31
7.000214 127 18 18
7.000214 128 20 20
7.000214 129 31 31
7.000214 131 17 17
7.000214 132 22 22
7.000214 133 18 18
7.000214 134 22 22
7.000214 135 25 25
7.000214 136 25 25
7.000214 137 23 23
7.000214 138 21 21
7.000214 140 19 19
7.000214 141 28 28
7.000214 142 31 31
7.000214 143 27 27
7.000214 144 22 22
7.000214 145 23 23
7.000214 146 25 25
7.000214 147 23 23
7.000214 148 20 20
7.000214 149 9 9
7.000214 150 29 29
7.000214 151 25 25
7.000214 152 26 26
7.000214 153 28 28
7.000214 154 29 29
7.000214 155 26 26
7.000214 157 29 29
7.000214 158 22 22
7.000214 160 29 29
7.000214 161 27 27
7.000214 162 29 29
7.000214 163 22 22
7.000214 164 22 22
7.000214 165 22 22
7.000214 166 28 28
7.000214 168 31 31
7.000214 169 24 24
7.000214 170 23 23
7.000214 171 26 26
7.000214 172 8 8
7.000214 173 22 22
7.000214 174 27 27
7.000214 175 29 29
7.000214 176 28 28
7.000214 177 27 27
7.000214 178 27 27
7.000214 179 23 23
7.000214 180 27 27
7.000214 181 29 29
7.000214 182 24 24
7.000214 183 22 22
7.000214 184 25 25
7.000214 186 24 24
7.000214 187 20 20
7.000214 188 32 32
7.000214 189 22 22
7.000214 190 23 23
7.000214 191 31 31
7.000214 192 21 21
7.000214 194 26 26
7.000214 195 22 22
7.000214 196 24 24
7.000214 197 25 25
7.000214 198 25 25
7.000214 199 23 23
7.000214 200 17 17
7.000214 201 17 17
7.000214 202 18 18
7.000214 203 24 24
7.000214 204 23 23
7.000214 205 24 24
7.000214 206 25 25
7.000214 207 19 19
7.000214 208 23 23
7.000214 209 20 20
7.000214 210 17 17
7.000214 211 29 29
7.000214 212 21 21
7.000214 213 18 18
7.000214 214 22 22
7.000214 215 26 26
7.000214 217 25 25
7.000214 218 26 26
8.000244 0 36 36
8.000244 2 36 36
8.000244 3 40 40
8.000244 4 32 32
8.000244 6 31 31
8.000244 7 41 41
8.000244 8 36 36
8.000244 9 32 32
8.000244 11 37 37
8.000244 12 39 39
8.000244 13 34 34
8.000244 14 34 34
8.000244 15 49 49
8.000244 16 30 30
8.000244 17 29 29
8.000244 18 32 32
8.000244 19 35 35
8.000244 21 33 33
8.000244 23 26 26
8.000244 24 44 44
8.000244 25 39 39
8.000244 26 29 29
8.000244 27 40 40
8.000244 28 36 36
8.000244 30 40 40
8.000244 33 21 21
8.000244 34 34 34
8.000244 35 35 35
8.000244 37 42 42
8.000244 38 44 44
8.000244 39 35 35
8.000244 40 43 43
8.000244 41 45 45
8.000244 42 33 33
8.000244 43 32 32
8.000244 44 36 36
8.000244 47 32 32
8.000244 48 34 34
8.000244 49 38 38
8.000244 51 43 43
8.000244 52 34 34
8.000244 54 35 35
8.000244 55 35 35
8.000244 56 32 32
8.000244 58 38 38
8.000244 61 32 32
8.000244 62 48 48
8.000244 64 42 42
8.000244 65 36 36
8.000244 66 34 34
8.000244 67 42 42
8.000244 68 34 34
8.000244 70 40 40
8.000244 71 42 42
8.000244 72 41 41
8.000244 73 31 31
8.000244 74 48 48
8.000244 77 42 42
8.000244 78 17 17
8.000244 80 42 42
8.000244 81 37 37
8.000244 83 3 3
8.000244 84 41 41
8.000244 85 37 37
8.000244 86 11 11
8.000244 90 32 32
8.000244 91 41 41
8.000244 92 36 36
8.000244 93 34 34
8.000244 94 46 46
8.000244 96 39 39
8.000244 98 34 34
8.000244 99 38 38
8.000244 100 39 39
8.000244 101 33 33
8.000244 102 34 34
8.000244 103 39 39
8.000244 104 33 33
8.000244 105 38 38
8.000244 106 37 37
8.000244 107 33 33
8.000244 108 39 39
8.000244 109 25 25
8.000244 110 39 39
8.000244 111 5 5
8.000244 114 36 36
8.000244 117 41 41
8.000244 118 13 13
8.000244 119 47 47
8.000244 120 46 46
8.000244 121 13 13
8.000244 122 38 38
8.000244 124 42 42
8.000244 125 31 31
8.000244 127 32 32
8.000244 128 33 33
8.000244 129 44 44
8.000244 131 32 32
8.000244 132 36 36
8.000244 133 32 32
8.000244 136 41 41
8.000244 137 38 38
8.000244 138 36 36
8.000244 140 35 35
8.000244 141 49 49
8.000244 143 41 41
8.000244 145 34 34
8.000244 146 35 35
8.000244 147 34 34
8.000244 148 32 32
8.000244 151 38 38
8.000244 152 37 37
8.000244 153 47 47
8.000244 154 42 42
8.000244 157 49 49
8.000244 158 35 35
8.000244 161 42 42
8.000244 162 29 29
8.000244 163 19 19
8.000244 165 37 37
8.000244 166 7 7
8.000244 168 47 47
8.000244 169 38 38
8.000244 171 42 42
8.000244 173 10 10
8.000244 174 42 42
8.000244 175 44 44
8.000244 178 37 37
8.000244 179 34 34
8.000244 180 36 36
8.000244 181 41 41
8.000244 183 31 31
8.000244 184 41 41
8.000244 186 38 38
8.000244 187 32 32
8.000244 188 49 49
8.000244 189 37 37
8.000244 190 36 36
8.000244 191 49 49
8.000244 192 34 34
8.000244 194 37 37
8.000244 195 35 35
8.000244 196 37 37
8.000244 197 23 23
8.000244 200 31 31
8.000244 202 33 33
8.000244 204 20 20
8.000244 205 37 37
8.000244 206 43 43
8.000244 207 32 32
8.000244 208 17 17
8.000244 210 31 31
8.000244 211 47 47
8.000244 213 29 29
8.000244 214 38 38
8.000244 215 40 40
8.000244 218 42 42
9.000275 4 58 58
9.000275 7 63 63
9.000275 8 57 57
9.000275 9 51 51
9.000275 11 60 60
9.000275 12 68 68
9.000275 13 53 53
9.000275 14 60 60
9.000275 15 69 69
9.000275 17 51 51
9.000275 19 62 62
9.000275 23 41 41
9.000275 26 42 42
9.000275 27 66 66
9.000275 28 37 37
9.000275 30 15 15
9.000275 34 57 57
9.000275 35 14 14
9.000275 37 63 63
9.000275 38 71 71
9.000275 39 57 57
9.000275 40 72 72
9.000275 41 69 69
9.000275 42 55 55
9.000275 43 51 51
9.000275 44 63 63
9.000275 47 53 53
9.000275 49 65 65
9.000275 51 64 64
9.000275 52 58 58
9.000275 54 61 61
9.000275 55 61 61
9.000275 58 57 57
9.000275 61 50 50
9.000275 62 67 67
9.000275 64 67 67
9.000275 67 71 71
9.000275 68 58 58
9.000275 70 64 64
9.000275 71 63 63
9.000275 72 71 71
9.000275 73 49 49
9.000275 74 73 73
9.000275 77 54 54
9.000275 80 62 62
9.000275 81 60 60
9.000275 85 62 62
9.000275 90 59 59
9.000275 91 67 67
9.000275 92 59 59
9.000275 93 58 58
9.000275 94 72 72
9.000275 96 48 48
9.000275 98 55 55
9.000275 100 62 62
9.000275 101 29 29
9.000275 103 53 53
9.000275 104 24 24
9.000275 106 62 62
9.000275 107 58 58
9.000275 108 66 66
9.000275 110 58 58
9.000275 114 63 63
9.000275 117 63 63
9.000275 119 74 74
9.000275 120 70 70
9.000275 122 33 33
9.000275 124 4 4
9.000275 125 54 54
9.000275 127 46 46
9.000275 128 57 57
9.000275 129 75 75
9.000275 131 44 44
9.000275 132 41 41
9.000275 133 32 32
9.000275 138 55 55
9.000275 140 52 52
9.000275 141 78 78
9.000275 145 57 57
9.000275 148 54 54
9.000275 154 65 65
9.000275 157 76 76
9.000275 168 2 2
9.000275 174 63 63
9.000275 175 76 76
9.000275 179 58 58
9.000275 180 64 64
9.000275 181 7 7
9.000275 183 56 56
9.000275 184 68 68
9.000275 186 59 59
9.000275 187 53 53
9.000275 188 79 79
9.000275 190 58 58
9.000275 191 66 66
9.000275 195 12 12
9.000275 196 60 60
9.000275 200 48 48
9.000275 202 52 52
9.000275 205 66 66
9.000275 207 17 17
9.000275 210 6 6
9.000275 211 74 74
9.000275 213 50 50
9.000275 215 61 61
9.000275 218 65 65
10.000305 4 82 82
10.000305 7 102 102
10.000305 8 2 2
10.000305 9 79 79
10.000305 12 108 108
10.000305 13 89 89
10.000305 14 98 98
10.000305 15 119 119
10.000305 17 81 81
10.000305 23 67 67
10.000305 26 67 67
10.000305 27 101 101
10.000305 34 25 25
10.000305 37 102 102
10.000305 38 118 118
10.000305 39 89 89
10.000305 40 109 109
10.000305 41 78 78
10.000305 42 93 93
10.000305 43 13 13
10.000305 44 94 94
10.000305 47 3 3
10.000305 49 100 100
10.000305 52 88 88
10.000305 54 28 28
10.000305 55 98 98
10.000305 61 82 82
10.000305 64 108 108
10.000305 67 85 85
10.000305 68 86 86
10.000305 70 3 3
10.000305 71 73 73
10.000305 72 108 108
10.000305 73 20 20
10.000305 74 124 124
10.000305 80 97 97
10.000305 85 94 94
10.000305 90 90 90
10.000305 91 104 104
10.000305 93 86 86
10.000305 94 10 10
10.000305 98 85 85
10.000305 100 45 45
10.000305 106 84 84
10.000305 107 84 84
10.000305 110 100 100
10.000305 119 122 122
10.000305 120 112 112
10.000305 125 81 81
10.000305 127 3 3
10.000305 128 87 87
10.000305 129 67 67
10.000305 131 74 74
10.000305 138 84 84
10.000305 140 75 75
10.000305 141 123 123
10.000305 145 42 42
10.000305 148 59 59
10.000305 154 110 110
10.000305 157 20 20
10.000305 175 118 118
10.000305 180 107 107
10.000305 184 9 9
10.000305 186 96 96
10.000305 187 79 79
10.000305 188 126 126
10.000305 190 86 86
10.000305 196 94 94
10.000305 200 69 69
10.000305 202 19 19
10.000305 205 56 56
10.000305 211 115 115
10.000305 213 12 12
10.000305 215 99 99
10.000305 218 107 107
11.000336 4 138 138
11.000336 7 163 163
11.000336 9 110 110
11.000336 12 164 164
11.000336 13 115 115
11.000336 14 152 152
11.000336 15 201 201
11.000336 17 120 120
11.000336 23 12 12
11.000336 26 114 114
11.000336 27 157 157
11.000336 37 172 172
11.000336 38 181 181
11.000336 39 6 6
11.000336 40 114 114
11.000336 42 133 133
11.000336 44 75 75
11.000336 49 70 70
11.000336 52 34 34
11.000336 55 98 98
11.000336 61 129 129
11.000336 64 106 106
11.000336 67 1 1
11.000336 68 144 144
11.000336 71 18 18
11.000336 72 174 174
11.000336 74 198 198
11.000336 80 126 126
11.000336 85 148 148
11.000336 90 24 24
11.000336 91 5 5
11.000336 93 136 136
11.000336 98 64 64
11.000336 106 8 8
11.000336 107 139 139
11.000336 110 161 161
11.000336 119 130 130
11.000336 120 179 179
11.000336 125 129 129
11.000336 131 124 124
11.000336 141 197 197
11.000336 154 159 159
11.000336 175 189 189
11.000336 180 157 157
11.000336 186 109 109
11.000336 187 45 45
11.000336 188 34 34
11.000336 190 142 142
11.000336 200 21 21
11.000336 215 156 156
11.000336 218 163 163
12.000366 4 9 9
12.000366 7 253 253
12.000366 9 33 33
12.000366 12 78 78
12.000366 13 43 43
12.000366 14 238 238
12.000366 15 251 251
12.000366 17 204 204
12.000366 26 174 174
12.000366 27 24 24
12.000366 37 259 259
12.000366 38 289 289
12.000366 42 226 226
12.000366 44 31 31
12.000366 49 20 20
12.000366 55 5 5
12.000366 61 41 41
12.000366 68 239 239
12.000366 72 279 279
12.000366 74 306 306
12.000366 80 54 54
12.000366 85 248 248
12.000366 90 4 4
12.000366 93 146 146
12.000366 107 190 190
12.000366 110 245 245
12.000366 120 291 291
12.000366 125 143 143
12.000366 131 187 187
12.000366 141 233 233
12.000366 154 37 37
12.000366 175 220 220
12.000366 180 257 257
12.000366 186 106 106
12.000366 190 2 2
12.000366 215 256 256
12.000366 218 265 265
13.000397 7 226 226
13.000397 9 10 10
13.000397 12 11 11
13.000397 13 27 27
13.000397 14 184 184
13.000397 15 29 29
13.000397 17 203 203
13.000397 26 253 253
13.000397 37 227 227
13.000397 38 441 441
13.000397 42 355 355
13.000397 68 344 344
13.000397 72 455 455
13.000397 74 502 502
13.000397 80 14 14
13.000397 85 266 266
13.000397 93 51 51
13.000397 107 45 45
13.000397 110 388 388
13.000397 120 412 412
13.000397 125 41 41
13.000397 131 99 99
13.000397 141 138 138
13.000397 175 17 17
13.000397 180 321 321
13.000397 186 37 37
13.000397 215 381 381
13.000397 218 431 431
14.000427 7 59 59
14.000427 13 2 2
14.000427 14 56 56
14.000427 17 100 100
14.000427 26 357 357
14.000427 37 149 149
14.000427 38 399 399
14.000427 42 413 413
14.000427 68 411 411
14.000427 72 648 648
14.000427 74 596 596
14.000427 85 122 122
14.000427 93 44 44
14.000427 110 456 456
14.000427 120 358 358
14.000427 131 38 38
14.000427 141 26 26
14.000427 180 372 372
14.000427 186 1 1
14.000427 215 545 545
14.000427 218 667 667
15.000458 7 2 2
15.000458 14 20 20
15.000458 17 54 54
15.000458 26 429 429
15.000458 37 34 34
15.000458 38 384 384
15.000458 42 416 416
15.000458 68 398 398
15.000458 72 768 768
15.000458 74 636 636
15.000458 85 57 57
15.000458 93 19 19
15.000458 110 383 383
15.000458 120 293 293
15.000458 141 2 2
15.000458 180 462 462
15.000458 215 618 618
15.000458 218 923 923
15.910843 14 1 1
15.910843 17 21 21
15.910843 26 438 438
15.910843 38 433 433
15.910843 42 407 407
15.910843 68 351 351
15.910843 72 758 758
15.910843 74 808 808
15.910843 85 70 70
15.910843 110 369 369
15.910843 120 304 304
15.910843 180 513 513
15.910843 215 537 537
15.910843 218 1061 1061
16.910858 17 18 18
16.910858 26 464 464
16.910858 38 476 476
16.910858 42 417 417
16.910858 68 267 267
16.910858 72 755 755
16.910858 74 882 882
16.910858 85 70 70
16.910858 110 255 255
16.910858 120 377 377
16.910858 180 483 483
16.910858 215 484 484
16.910858 218 1093 1093
17.910873 26 535 535
17.910873 38 486 486
17.910873 42 426 426
17.910873 68 180 180
17.910873 72 728 728
17.910873 74 925 925
17.910873 85 71 71
17.910873 110 162 162
17.910873 120 398 398
17.910873 180 492 492
17.910873 215 484 484
17.910873 218 1260 1260
18.910889 26 641 641
18.910889 38 480 480
18.910889 42 395 395
18.910889 68 109 109
18.910889 72 652 652
18.910889 74 971 971
18.910889 85 46 46
18.910889 110 72 72
18.910889 120 536 536
18.910889 180 516 516
18.910889 215 365 365
18.910889 218 1348 1348
19.910904 26 748 748
19.910904 38 484 484
19.910904 42 377 377
19.910904 68 40 40
19.910904 72 660 660
19.910904 74 938 938
19.910904 85 32 32
19.910904 110 46 46
19.910904 120 655 655
19.910904 180 532 532
19.910904 215 232 232
19.910904 218 1351 1351
20.910919 26 773 773
20.910919 38 509 509
20.910919 42 347 347
20.910919 68 27 27
20.910919 72 609 609
20.910919 74 937 937
20.910919 85 23 23
20.910919 110 7 7
20.910919 120 676 676
20.910919 180 614 614
20.910919 215 189 189
20.910919 218 1416 1416
21.910934 26 792 792
21.910934 38 566 566
21.910934 42 280 280
21.910934 68 18 18
21.910934 72 644 644
21.910934 74 919 919
21.910934 85 8 8
21.910934 120 657 657
21.910934 180 667 667
21.910934 215 143 143
21.910934 218 1449 1449
22.910950 26 798 798
22.910950 38 699 699
22.910950 42 205 205
22.910950 68 7 7
22.910950 72 600 600
22.910950 74 978 978
22.910950 120 657 657
22.910950 180 750 750
22.910950 215 122 122
22.910950 218 1308 1308
23.910965 26 713 713
23.910965 38 762 762
23.910965 42 177 177
23.910965 72 602 602
23.910965 74 1157 1157
23.910965 120 580 580
23.910965 180 787 787
23.910965 215 84 84
23.910965 218 1249 1249
24.910980 26 731 731
24.910980 38 589 589
24.910980 42 166 166
24.910980 72 595 595
24.910980 74 1358 1358
24.910980 120 546 546
24.910980 180 799 799
24.910980 215 59 59
24.910980 218 1305 1305
25.910995 26 738 738
25.910995 38 552 552
25.910995 42 142 142
25.910995 72 604 604
25.910995 74 1429 1429
25.910995 120 460 460
25.910995 180 853 853
25.910995 215 20 20
25.910995 218 1341 1341
26.911011 26 695 695
26.911011 38 493 493
26.911011 42 142 142
26.911011 72 596 596
26.911011 74 1550 1550
26.911011 120 416 416
26.911011 180 880 880
26.911011 215 8 8
26.911011 218 1377 1377
27.911026 26 714 714
27.911026 38 468 468
27.911026 42 155 155
27.911026 72 523 523
27.911026 74 1478 1478
27.911026 120 460 460
27.911026 180 930 930
27.911026 218 1435 1435
28.911041 26 713 713
28.911041 38 544 544
28.911041 42 166 166
28.911041 72 504 504
28.911041 74 1399 1399
28.911041 120 487 487
28.911041 180 915 915
28.911041 218 1429 1429
29.911057 26 755 755
29.911057 38 503 503
29.911057 42 140 140
29.911057 72 439 439
29.911057 74 1403 1403
29.911057 120 654 654
29.911057 180 954 954
29.911057 218 1274 1274
30.911072 26 757 757
30.911072 38 482 482
30.911072 42 119 119
30.911072 72 397 397
30.911072 74 1421 1421
30.911072 120 751 751
30.911072 180 1051 1051
30.911072 218 1166 1166
31.911087 26 742 742
31.911087 38 490 490
31.911087 42 121 121
31.911087 72 415 415
31.911087 74 1514 1514
31.911087 120 772 772
31.911087 180 1026 1026
31.911087 218 1083 1083
32.911102 26 759 759
32.911102 38 430 430
32.911102 42 138 138
32.911102 72 495 495
32.911102 74 1635 1635
32.911102 120 666 666
32.911102 180 975 975
32.911102 218 1031 1031
33.911118 26 825 825
33.911118 38 381 381
33.911118 42 126 126
33.911118 72 456 456
33.911118 74 1583 1583
33.911118 120 683 683
33.911118 180 1156 1156
33.911118 218 961 961
34.911133 26 846 846
34.911133 38 362 362
34.911133 42 101 101
34.911133 72 345 345
34.911133 74 1633 1633
34.911133 120 657 657
34.911133 180 1339 1339
34.911133 218 962 962
35.911148 26 819 819
35.911148 38 301 301
35.911148 42 93 93
35.911148 72 225 225
35.911148 74 1624 1624
35.911148 120 668 668
35.911148 180 1542 1542
35.911148 218 899 899
36.911163 26 761 761
36.911163 38 302 302
36.911163 42 106 106
36.911163 72 166 166
36.911163 74 1655 1655
36.911163 120 593 593
36.911163 180 1651 1651
36.911163 218 917 917
37.911179 26 642 642
37.911179 38 372 372
37.911179 42 140 140
37.911179 72 39 39
37.911179 74 1679 1679
37.911179 120 608 608
37.911179 180 1746 1746
37.911179 218 956 956
38.911194 26 652 652
38.911194 38 407 407
38.911194 42 204 204
38.911194 72 8 8
38.911194 74 1565 1565
38.911194 120 609 609
38.911194 180 1645 1645
38.911194 218 1019 1019
39.911209 26 707 707
39.911209 38 408 408
39.911209 42 196 196
39.911209 74 1499 1499
39.911209 120 608 608
39.911209 180 1579 1579
39.911209 218 1128 1128
40.911224 26 746 746
40.911224 38 472 472
40.911224 42 175 175
40.911224 74 1361 1361
40.911224 120 616 616
40.911224 180 1580 1580
40.911224 218 1231 1231
41.911240 26 824 824
41.911240 38 448 448
41.911240 42 183 183
41.911240 74 1207 1207
41.911240 120 550 550
41.911240 180 1608 1608
41.911240 218 1306 1306
42.911255 26 846 846
42.911255 38 479 479
42.911255 42 152 152
42.911255 74 1175 1175
42.911255 120 481 481
42.911255 180 1659 1659
42.911255 218 1377 1377
43.911270 26 774 774
43.911270 38 500 500
43.911270 42 152 152
43.911270 74 1247 1247
43.911270 120 561 561
43.911270 180 1558 1558
43.911270 218 1385 1385
44.911285 26 697 697
44.911285 38 469 469
44.911285 42 180 180
44.911285 74 1365 1365
44.911285 120 593 593
44.911285 180 1423 1423
44.911285 218 1399 1399
45.911301 26 685 685
45.911301 38 495 495
45.911301 42 204 204
45.911301 74 1452 1452
45.911301 120 497 497
45.911301 180 1405 1405
45.911301 218 1416 1416
46.911316 26 742 742
46.911316 38 520 520
46.911316 42 215 215
46.911316 74 1405 1405
46.911316 120 501 501
46.911316 180 1419 1419
46.911316 218 1369 1369
47.911331 26 758 758
47.911331 38 518 518
47.911331 42 119 119
47.911331 74 1364 1364
47.911331 120 423 423
47.911331 180 1568 1568
47.911331 218 1382 1382
48.911346 26 786 786
48.911346 38 471 471
48.911346 42 123 123
48.911346 74 1343 1343
48.911346 120 356 356
48.911346 180 1551 1551
48.911346 218 1540 1540
49.911362 26 835 835
49.911362 38 436 436
49.911362 42 112 112
49.911362 74 1348 1348
49.911362 120 358 358
49.911362 180 1563 1563
49.911362 218 1533 1533
50.911377 26 813 813
50.911377 38 449 449
50.911377 42 108 108
50.911377 74 1350 1350
50.911377 120 324 324
50.911377 180 1582 1582
50.911377 218 1522 1522
51.911392 26 856 856
51.911392 38 453 453
51.911392 42 102 102
51.911392 74 1331 1331
51.911392 120 361 361
51.911392 180 1576 1576
51.911392 218 1476 1476
52.911407 26 831 831
52.911407 38 460 460
52.911407 42 118 118
52.911407 74 1329 1329
52.911407 120 313 313
52.911407 180 1554 1554
52.911407 218 1565 1565
53.911423 26 821 821
53.911423 38 496 496
53.911423 42 136 136
53.911423 74 1389 1389
53.911423 120 287 287
53.911423 180 1427 1427
53.911423 218 1607 1607
54.911438 26 794 794
54.911438 38 559 559
54.911438 42 110 110
54.911438 74 1363 1363
54.911438 120 179 179
54.911438 180 1467 1467
54.911438 218 1657 1657
55.911453 26 779 779
55.911453 38 578 578
55.911453 42 106 106
55.911453 74 1330 1330
55.911453 120 87 87
55.911453 180 1462 1462
55.911453 218 1800 1800
56.911469 26 789 789
56.911469 38 575 575
56.911469 42 94 94
56.911469 74 1286 1286
56.911469 120 88 88
56.911469 180 1430 1430
56.911469 218 1912 1912
57.911484 26 772 772
57.911484 38 585 585
57.911484 42 110 110
57.911484 74 1260 1260
57.911484 120 72 72
57.911484 180 1427 1427
57.911484 218 1920 1920
58.911499 26 790 790
58.911499 38 601 601
58.911499 42 166 166
58.911499 74 1222 1222
58.911499 120 40 40
58.911499 180 1410 1410
58.911499 218 1926 1926
59.911514 26 826 826
59.911514 38 599 599
59.911514 42 251 251
59.911514 74 1155 1155
59.911514 180 1381 1381
59.911514 218 1908 1908
60.911530 26 893 893
60.911530 38 609 609
60.911530 42 235 235
60.911530 74 1155 1155
60.911530 180 1418 1418
60.911530 218 1923 1923
61.911545 26 888 888
61.911545 38 600 600
61.911545 42 181 181
61.911545 74 1168 1168
61.911545 180 1504 1504
61.911545 218 1831 1831
62.911560 26 876 876
62.911560 38 640 640
62.911560 42 121 121
62.911560 74 1221 1221
62.911560 180 1606 1606
62.911560 218 1690 1690
63.911575 26 896 896
63.911575 38 571 571
63.911575 42 132 132
63.911575 74 1256 1256
63.911575 180 1617 1617
63.911575 218 1653 1653
64.911591 26 858 858
64.911591 38 559 559
64.911591 42 161 161
64.911591 74 1283 1283
64.911591 180 1625 1625
64.911591 218 1698 1698
65.911606 26 805 805
65.911606 38 565 565
65.911606 42 174 174
65.911606 74 1235 1235
65.911606 180 1613 1613
65.911606 218 1711 1711
66.911621 26 765 765
66.911621 38 635 635
66.911621 42 180 180
66.911621 74 1173 1173
66.911621 180 1659 1659
66.911621 218 1706 1706
67.911636 26 757 757
67.911636 38 696 696
67.911636 42 163 163
67.911636 74 1058 1058
67.911636 180 1666 1666
67.911636 218 1789 1789
68.911652 26 771 771
68.911652 38 774 774
68.911652 42 126 126
68.911652 74 957 957
68.911652 180 1687 1687
68.911652 218 1786 1786
69.911667 26 792 792
69.911667 38 728 728
69.911667 42 136 136
69.911667 74 1025 1025
69.911667 180 1645 1645
69.911667 218 1801 1801
70.911682 26 703 703
70.911682 38 750 750
70.911682 42 138 138
70.911682 74 1125 1125
70.911682 180 1632 1632
70.911682 218 1814 1814
71.911697 26 685 685
71.911697 38 639 639
71.911697 42 93 93
71.911697 74 1257 1257
71.911697 180 1666 1666
71.911697 218 1813 1813
