0.000000 1 1 1
0.000000 2 1 1
0.000000 3 1 1
0.000000 4 1 1
0.000000 5 1 1
0.000000 6 1 1
0.000000 7 1 1
0.000000 8 1 1
0.000000 9 1 1
0.000000 10 1 1
0.000000 11 1 1
0.000000 12 1 1
0.000000 13 1 1
0.000000 14 1 1
0.000000 15 1 1
0.000000 16 1 1
0.000000 17 1 1
0.000000 18 1 1
0.000000 19 1 1
0.000000 20 1 1
0.000000 21 1 1
0.000000 22 1 1
0.000000 23 1 1
0.000000 24 1 1
0.000000 25 1 1
0.000000 26 1 1
0.000000 27 1 1
0.000000 28 1 1
0.000000 29 1 1
0.000000 30 1 1
0.000000 31 1 1
0.000000 32 1 1
0.000000 33 1 1
0.000000 34 1 1
0.000000 35 1 1
0.000000 36 1 1
0.000000 37 1 1
0.000000 38 1 1
0.000000 39 1 1
0.000000 40 1 1
0.000000 41 1 1
0.000000 42 1 1
0.000000 43 1 1
0.000000 44 1 1
0.000000 45 1 1
0.000000 46 1 1
0.000000 47 1 1
0.000000 48 1 1
0.000000 49 1 1
0.000000 50 1 1
0.000000 51 1 1
0.000000 52 1 1
0.000000 53 1 1
0.000000 54 1 1
0.000000 55 1 1
0.000000 56 1 1
0.000000 57 1 1
0.000000 58 1 1
0.000000 59 1 1
0.000000 60 1 1
0.000000 61 1 1
0.000000 62 1 1
0.000000 63 1 1
0.000000 64 1 1
0.000000 65 1 1
0.000000 66 1 1
0.000000 67 1 1
0.000000 68 1 1
0.000000 69 1 1
0.000000 70 1 1
0.000000 71 1 1
0.000000 72 1 1
0.000000 73 1 1
0.000000 74 1 1
0.000000 75 1 1
0.000000 76 1 1
0.000000 77 1 1
0.000000 78 1 1
0.000000 79 1 1
0.000000 80 1 1
0.000000 81 1 1
0.000000 82 1 1
0.000000 83 1 1
0.000000 84 1 1
0.000000 85 1 1
0.000000 86 1 1
0.000000 87 1 1
0.000000 88 1 1
0.000000 89 1 1
0.000000 90 1 1
0.000000 91 1 1
0.000000 92 1 1
0.000000 93 1 1
0.000000 94 1 1
0.000000 95 1 1
0.000000 96 1 1
0.000000 97 1 1
0.000000 98 1 1
0.000000 99 1 1
0.000000 100 1 1
0.000000 101 1 1
0.000000 102 1 1
0.000000 103 1 1
0.000000 104 1 1
0.000000 105 1 1
0.000000 106 1 1
0.000000 107 1 1
0.000000 108 1 1
0.000000 109 1 1
0.000000 110 1 1
0.000000 111 1 1
0.000000 112 1 1
0.000000 113 1 1
0.000000 114 1 1
0.000000 115 1 1
0.000000 116 1 1
0.000000 117 1 1
0.000000 118 1 1
0.000000 119 1 1
0.000000 120 1 1
0.000000 121 1 1
0.000000 122 1 1
0.000000 123 1 1
0.000000 124 1 1
0.000000 125 1 1
0.000000 126 1 1
0.000000 127 1 1
0.000000 128 1 1
0.000000 129 1 1
0.000000 130 1 1
0.000000 131 1 1
0.000000 132 1 1
0.000000 133 1 1
0.000000 134 1 1
0.000000 135 1 1
0.000000 136 1 1
0.000000 137 1 1
0.000000 138 1 1
0.000000 139 1 1
0.000000 140 1 1
0.000000 141 1 1
0.000000 142 1 1
0.000000 143 1 1
0.000000 144 1 1
0.000000 145 1 1
0.000000 146 1 1
0.000000 147 1 1
0.000000 148 1 1
0.000000 149 1 1
0.000000 150 1 1
0.000000 151 1 1
0.000000 152 1 1
0.000000 153 1 1
0.000000 154 1 1
0.000000 155 1 1
0.000000 156 1 1
0.000000 157 1 1
0.000000 158 1 1
0.000000 159 1 1
0.000000 160 1 1
0.000000 161 1 1
0.000000 162 1 1
0.000000 163 1 1
0.000000 164 1 1
0.000000 165 1 1
0.000000 166 1 1
0.000000 167 1 1
0.000000 168 1 1
0.000000 169 1 1
0.000000 170 1 1
0.000000 171 1 1
0.000000 172 1 1
0.000000 173 1 1
0.000000 174 1 1
0.000000 175 1 1
0.000000 176 1 1
0.000000 177 1 1
0.000000 178 1 1
0.000000 179 1 1
0.000000 180 1 1
0.000000 181 1 1
0.000000 182 1 1
0.000000 183 1 1
0.000000 184 1 1
0.000000 185 1 1
0.000000 186 1 1
0.000000 187 1 1
0.000000 188 1 1
0.000000 189 1 1
0.000000 190 1 1
0.000000 191 1 1
0.000000 192 1 1
0.000000 193 1 1
0.000000 194 1 1
0.000000 195 1 1
0.000000 196 1 1
0.000000 197 1 1
0.000000 198 1 1
0.000000 199 1 1
0.000000 200 1 1
0.000000 201 1 1
0.000000 202 1 1
0.000000 203 1 1
0.000000 204 1 1
0.000000 205 1 1
0.000000 206 1 1
0.000000 207 1 1
0.000000 208 1 1
0.000000 209 1 1
0.000000 210 1 1
0.000000 211 1 1
0.000000 212 1 1
0.000000 213 1 1
0.000000 214 1 1
0.000000 215 1 1
0.000000 216 1 1
0.000000 217 1 1
0.000000 218 1 1
0.000000 219 1 1
1.000031 1 1 1
1.000031 2 1 1
1.000031 3 1 1
1.000031 4 2 2
1.000031 5 1 1
1.000031 6 1 1
1.000031 7 2 2
1.000031 8 1 1
1.000031 9 2 2
1.000031 10 2 2
1.000031 11 2 2
1.000031 12 2 2
1.000031 13 1 1
1.000031 14 2 2
1.000031 16 2 2
1.000031 17 1 1
1.000031 18 1 1
1.000031 20 2 2
1.000031 21 2 2
1.000031 22 1 1
1.000031 23 2 2
1.000031 24 1 1
1.000031 25 1 1
1.000031 26 2 2
1.000031 27 2 2
1.000031 28 2 2
1.000031 29 2 2
1.000031 30 2 2
1.000031 31 1 1
1.000031 32 2 2
1.000031 33 1 1
1.000031 34 2 2
1.000031 35 1 1
1.000031 36 2 2
1.000031 38 1 1
1.000031 39 1 1
1.000031 40 2 2
1.000031 41 2 2
1.000031 42 1 1
1.000031 43 2 2
1.000031 44 1 1
1.000031 45 2 2
1.000031 46 1 1
1.000031 47 1 1
1.000031 48 1 1
1.000031 49 1 1
1.000031 50 2 2
1.000031 51 1 1
1.000031 52 2 2
1.000031 53 2 2
1.000031 54 2 2
1.000031 55 2 2
1.000031 56 1 1
1.000031 57 1 1
1.000031 58 2 2
1.000031 59 1 1
1.000031 60 1 1
1.000031 61 2 2
1.000031 62 2 2
1.000031 63 1 1
1.000031 64 2 2
1.000031 65 2 2
1.000031 66 1 1
1.000031 67 1 1
1.000031 68 2 2
1.000031 70 1 1
1.000031 71 1 1
1.000031 72 1 1
1.000031 73 2 2
1.000031 74 1 1
1.000031 75 2 2
1.000031 76 1 1
1.000031 77 2 2
1.000031 78 2 2
1.000031 79 1 1
1.000031 80 2 2
1.000031 81 1 1
1.000031 82 1 1
1.000031 83 2 2
1.000031 84 2 2
1.000031 85 1 1
1.000031 86 1 1
1.000031 89 2 2
1.000031 90 2 2
1.000031 91 1 1
1.000031 92 1 1
1.000031 93 1 1
1.000031 94 2 2
1.000031 95 2 2
1.000031 96 1 1
1.000031 97 1 1
1.000031 98 2 2
1.000031 99 1 1
1.000031 100 2 2
1.000031 101 1 1
1.000031 102 2 2
1.000031 104 2 2
1.000031 105 2 2
1.000031 106 1 1
1.000031 107 2 2
1.000031 108 1 1
1.000031 109 1 1
1.000031 110 2 2
1.000031 111 1 1
1.000031 112 1 1
1.000031 113 1 1
1.000031 114 1 1
1.000031 115 1 1
1.000031 116 2 2
1.000031 117 2 2
1.000031 118 1 1
1.000031 119 2 2
1.000031 120 2 2
1.000031 121 1 1
1.000031 122 1 1
1.000031 123 2 2
1.000031 124 1 1
1.000031 125 2 2
1.000031 126 2 2
1.000031 127 2 2
1.000031 128 2 2
1.000031 129 2 2
1.000031 130 1 1
1.000031 131 2 2
1.000031 132 1 1
1.000031 133 2 2
1.000031 134 2 2
1.000031 135 2 2
1.000031 137 1 1
1.000031 138 1 1
1.000031 139 2 2
1.000031 141 2 2
1.000031 142 1 1
1.000031 143 1 1
1.000031 144 2 2
1.000031 145 1 1
1.000031 146 1 1
1.000031 147 1 1
1.000031 148 2 2
1.000031 149 1 1
1.000031 150 1 1
1.000031 151 2 2
1.000031 152 2 2
1.000031 153 2 2
1.000031 154 2 2
1.000031 155 1 1
1.000031 156 2 2
1.000031 157 2 2
1.000031 158 1 1
1.000031 159 2 2
1.000031 160 1 1
1.000031 161 1 1
1.000031 162 2 2
1.000031 163 2 2
1.000031 164 1 1
1.000031 165 2 2
1.000031 166 2 2
1.000031 167 1 1
1.000031 168 1 1
1.000031 169 2 2
1.000031 170 2 2
1.000031 171 2 2
1.000031 172 1 1
1.000031 173 1 1
1.000031 174 2 2
1.000031 175 2 2
1.000031 176 2 2
1.000031 177 1 1
1.000031 178 1 1
1.000031 179 2 2
1.000031 180 1 1
1.000031 181 1 1
1.000031 182 2 2
1.000031 183 1 1
1.000031 184 2 2
1.000031 185 1 1
1.000031 186 2 2
1.000031 187 1 1
1.000031 188 2 2
1.000031 189 1 1
1.000031 190 2 2
1.000031 191 2 2
1.000031 192 1 1
1.000031 193 2 2
1.000031 194 2 2
1.000031 195 2 2
1.000031 196 1 1
1.000031 197 1 1
1.000031 199 2 2
1.000031 200 2 2
1.000031 201 1 1
1.000031 202 1 1
1.000031 203 1 1
1.000031 204 2 2
1.000031 205 1 1
1.000031 206 2 2
1.000031 207 1 1
1.000031 208 2 2
1.000031 209 2 2
1.000031 210 1 1
1.000031 211 2 2
1.000031 212 2 2
1.000031 213 1 1
1.000031 214 2 2
1.000031 215 2 2
1.000031 216 1 1
1.000031 217 2 2
1.000031 218 2 2
1.000031 219 2 2
2.000061 1 2 2
2.000061 2 2 2
2.000061 3 2 2
2.000061 4 2 2
2.000061 5 2 2
2.000061 6 2 2
2.000061 7 2 2
2.000061 8 2 2
2.000061 9 2 2
2.000061 10 2 2
2.000061 11 2 2
2.000061 12 3 3
2.000061 13 2 2
2.000061 14 2 2
2.000061 16 2 2
2.000061 17 2 2
2.000061 18 2 2
2.000061 20 3 3
2.000061 21 2 2
2.000061 22 2 2
2.000061 23 2 2
2.000061 24 2 2
2.000061 25 2 2
2.000061 26 3 3
2.000061 27 2 2
2.000061 28 2 2
2.000061 29 3 3
2.000061 30 2 2
2.000061 31 2 2
2.000061 32 2 2
2.000061 33 2 2
2.000061 34 2 2
2.000061 35 2 2
2.000061 36 2 2
2.000061 38 2 2
2.000061 39 2 2
2.000061 40 2 2
2.000061 41 2 2
2.000061 42 2 2
2.000061 43 2 2
2.000061 44 2 2
2.000061 45 2 2
2.000061 46 2 2
2.000061 47 2 2
2.000061 48 2 2
2.000061 49 2 2
2.000061 50 2 2
2.000061 51 2 2
2.000061 52 2 2
2.000061 53 3 3
2.000061 54 3 3
2.000061 55 3 3
2.000061 56 2 2
2.000061 57 2 2
2.000061 58 3 3
2.000061 59 2 2
2.000061 60 2 2
2.000061 61 2 2
2.000061 62 2 2
2.000061 63 2 2
2.000061 64 2 2
2.000061 65 2 2
2.000061 66 1 1
2.000061 67 2 2
2.000061 68 3 3
2.000061 70 2 2
2.000061 71 2 2
2.000061 72 2 2
2.000061 73 2 2
2.000061 74 2 2
2.000061 75 2 2
2.000061 76 2 2
2.000061 77 3 3
2.000061 78 3 3
2.000061 79 2 2
2.000061 80 2 2
2.000061 81 2 2
2.000061 82 2 2
2.000061 83 2 2
2.000061 84 2 2
2.000061 85 2 2
2.000061 86 2 2
2.000061 89 3 3
2.000061 90 2 2
2.000061 91 2 2
2.000061 92 2 2
2.000061 93 2 2
2.000061 94 1 1
2.000061 95 2 2
2.000061 96 2 2
2.000061 97 2 2
2.000061 98 2 2
2.000061 99 2 2
2.000061 100 3 3
2.000061 101 2 2
2.000061 102 2 2
2.000061 104 2 2
2.000061 105 2 2
2.000061 106 2 2
2.000061 107 3 3
2.000061 108 2 2
2.000061 109 2 2
2.000061 110 3 3
2.000061 111 2 2
2.000061 112 2 2
2.000061 113 2 2
2.000061 114 2 2
2.000061 115 2 2
2.000061 116 2 2
2.000061 117 2 2
2.000061 118 2 2
2.000061 119 2 2
2.000061 120 2 2
2.000061 121 2 2
2.000061 122 2 2
2.000061 123 2 2
2.000061 124 2 2
2.000061 125 2 2
2.000061 126 3 3
2.000061 127 2 2
2.000061 128 3 3
2.000061 129 2 2
2.000061 130 2 2
2.000061 131 2 2
2.000061 132 2 2
2.000061 133 2 2
2.000061 134 2 2
2.000061 135 2 2
2.000061 137 2 2
2.000061 138 2 2
2.000061 139 2 2
2.000061 141 2 2
2.000061 142 2 2
2.000061 143 2 2
2.000061 144 2 2
2.000061 145 2 2
2.000061 146 2 2
2.000061 147 2 2
2.000061 148 2 2
2.000061 149 3 3
2.000061 150 2 2
2.000061 151 2 2
2.000061 152 2 2
2.000061 153 2 2
2.000061 154 2 2
2.000061 155 2 2
2.000061 156 3 3
2.000061 157 2 2
2.000061 158 2 2
2.000061 159 2 2
2.000061 160 2 2
2.000061 161 2 2
2.000061 162 2 2
2.000061 163 3 3
2.000061 164 2 2
2.000061 165 2 2
2.000061 166 3 3
2.000061 167 2 2
2.000061 168 2 2
2.000061 169 2 2
2.000061 170 2 2
2.000061 171 2 2
2.000061 172 2 2
2.000061 173 2 2
2.000061 174 2 2
2.000061 175 2 2
2.000061 176 2 2
2.000061 177 2 2
2.000061 178 2 2
2.000061 179 2 2
2.000061 180 2 2
2.000061 181 2 2
2.000061 182 2 2
2.000061 183 2 2
2.000061 184 2 2
2.000061 185 2 2
2.000061 186 2 2
2.000061 187 2 2
2.000061 188 2 2
2.000061 189 2 2
2.000061 190 2 2
2.000061 191 2 2
2.000061 192 2 2
2.000061 193 3 3
2.000061 194 2 2
2.000061 195 2 2
2.000061 196 2 2
2.000061 197 2 2
2.000061 199 2 2
2.000061 200 2 2
2.000061 201 2 2
2.000061 202 2 2
2.000061 203 2 2
2.000061 204 2 2
2.000061 205 2 2
2.000061 206 2 2
2.000061 207 2 2
2.000061 208 2 2
2.000061 209 2 2
2.000061 210 3 3
2.000061 211 2 2
2.000061 212 3 3
2.000061 213 2 2
2.000061 214 2 2
2.000061 215 2 2
2.000061 216 2 2
2.000061 217 1 1
2.000061 218 3 3
2.000061 219 3 3
3.000092 1 3 3
3.000092 2 4 4
3.000092 3 3 3
3.000092 4 4 4
3.000092 5 4 4
3.000092 6 4 4
3.000092 7 4 4
3.000092 8 4 4
3.000092 9 4 4
3.000092 10 4 4
3.000092 11 4 4
3.000092 12 4 4
3.000092 13 3 3
3.000092 14 4 4
3.000092 16 3 3
3.000092 17 4 4
3.000092 18 4 4
3.000092 20 4 4
3.000092 21 4 4
3.000092 22 4 4
3.000092 23 4 4
3.000092 24 4 4
3.000092 25 3 3
3.000092 26 4 4
3.000092 27 4 4
3.000092 28 4 4
3.000092 29 4 4
3.000092 30 4 4
3.000092 31 4 4
3.000092 32 4 4
3.000092 33 3 3
3.000092 34 4 4
3.000092 35 2 2
3.000092 36 4 4
3.000092 38 4 4
3.000092 39 4 4
3.000092 40 4 4
3.000092 41 4 4
3.000092 42 4 4
3.000092 43 4 4
3.000092 44 4 4
3.000092 45 4 4
3.000092 46 4 4
3.000092 47 4 4
3.000092 48 4 4
3.000092 49 3 3
3.000092 50 4 4
3.000092 51 4 4
3.000092 52 4 4
3.000092 53 4 4
3.000092 54 4 4
3.000092 55 4 4
3.000092 56 4 4
3.000092 57 4 4
3.000092 58 5 5
3.000092 59 4 4
3.000092 60 4 4
3.000092 61 4 4
3.000092 62 4 4
3.000092 63 4 4
3.000092 64 4 4
3.000092 65 4 4
3.000092 66 2 2
3.000092 67 3 3
3.000092 68 4 4
3.000092 70 4 4
3.000092 71 4 4
3.000092 72 4 4
3.000092 73 4 4
3.000092 74 4 4
3.000092 75 4 4
3.000092 76 4 4
3.000092 77 4 4
3.000092 78 5 5
3.000092 79 4 4
3.000092 80 4 4
3.000092 81 4 4
3.000092 82 4 4
3.000092 83 3 3
3.000092 84 4 4
3.000092 85 3 3
3.000092 86 4 4
3.000092 89 4 4
3.000092 90 4 4
3.000092 91 4 4
3.000092 92 4 4
3.000092 93 4 4
3.000092 94 2 2
3.000092 95 4 4
3.000092 96 3 3
3.000092 97 4 4
3.000092 98 3 3
3.000092 99 4 4
3.000092 100 4 4
3.000092 101 4 4
3.000092 102 4 4
3.000092 104 3 3
3.000092 105 4 4
3.000092 106 4 4
3.000092 107 4 4
3.000092 108 3 3
3.000092 109 4 4
3.000092 110 5 5
3.000092 111 4 4
3.000092 112 4 4
3.000092 113 4 4
3.000092 114 3 3
3.000092 115 4 4
3.000092 116 4 4
3.000092 117 4 4
3.000092 118 4 4
3.000092 119 4 4
3.000092 120 4 4
3.000092 121 4 4
3.000092 122 4 4
3.000092 123 4 4
3.000092 124 3 3
3.000092 125 4 4
3.000092 126 4 4
3.000092 127 4 4
3.000092 128 4 4
3.000092 129 4 4
3.000092 130 3 3
3.000092 131 4 4
3.000092 132 4 4
3.000092 133 4 4
3.000092 134 4 4
3.000092 135 4 4
3.000092 137 4 4
3.000092 138 4 4
3.000092 139 4 4
3.000092 141 4 4
3.000092 142 2 2
3.000092 143 4 4
3.000092 144 4 4
3.000092 145 4 4
3.000092 146 4 4
3.000092 147 4 4
3.000092 148 4 4
3.000092 149 5 5
3.000092 150 4 4
3.000092 151 4 4
3.000092 152 4 4
3.000092 153 4 4
3.000092 154 4 4
3.000092 155 4 4
3.000092 156 5 5
3.000092 157 4 4
3.000092 158 4 4
3.000092 159 4 4
3.000092 160 4 4
3.000092 161 4 4
3.000092 162 4 4
3.000092 163 4 4
3.000092 164 4 4
3.000092 165 4 4
3.000092 166 4 4
3.000092 167 4 4
3.000092 168 4 4
3.000092 169 4 4
3.000092 170 4 4
3.000092 171 4 4
3.000092 172 4 4
3.000092 173 4 4
3.000092 174 4 4
3.000092 175 4 4
3.000092 176 4 4
3.000092 177 4 4
3.000092 178 3 3
3.000092 179 4 4
3.000092 180 4 4
3.000092 181 4 4
3.000092 182 3 3
3.000092 183 4 4
3.000092 184 4 4
3.000092 185 4 4
3.000092 186 4 4
3.000092 187 4 4
3.000092 188 3 3
3.000092 189 4 4
3.000092 190 4 4
3.000092 191 4 4
3.000092 192 4 4
3.000092 193 4 4
3.000092 194 4 4
3.000092 195 4 4
3.000092 196 4 4
3.000092 197 4 4
3.000092 199 4 4
3.000092 200 4 4
3.000092 201 4 4
3.000092 202 4 4
3.000092 203 3 3
3.000092 204 4 4
3.000092 205 4 4
3.000092 206 4 4
3.000092 207 4 4
3.000092 208 4 4
3.000092 209 4 4
3.000092 210 4 4
3.000092 211 4 4
3.000092 212 4 4
3.000092 213 4 4
3.000092 214 4 4
3.000092 215 4 4
3.000092 216 4 4
3.000092 217 2 2
3.000092 218 4 4
3.000092 219 4 4
4.000122 1 4 4
4.000122 2 5 5
4.000122 3 7 7
4.000122 4 8 8
4.000122 5 5 5
4.000122 6 4 4
4.000122 7 7 7
4.000122 8 5 5
4.000122 9 8 8
4.000122 10 8 8
4.000122 11 6 6
4.000122 12 6 6
4.000122 13 5 5
4.000122 14 7 7
4.000122 16 5 5
4.000122 17 4 4
4.000122 18 5 5
4.000122 20 7 7
4.000122 21 7 7
4.000122 22 5 5
4.000122 23 8 8
4.000122 24 4 4
4.000122 25 6 6
4.000122 26 6 6
4.000122 27 7 7
4.000122 28 8 8
4.000122 29 8 8
4.000122 30 7 7
4.000122 31 5 5
4.000122 32 5 5
4.000122 33 4 4
4.000122 34 5 5
4.000122 35 4 4
4.000122 36 6 6
4.000122 38 4 4
4.000122 39 6 6
4.000122 40 4 4
4.000122 41 8 8
4.000122 42 6 6
4.000122 43 8 8
4.000122 44 5 5
4.000122 45 6 6
4.000122 46 6 6
4.000122 47 5 5
4.000122 48 5 5
4.000122 49 4 4
4.000122 50 7 7
4.000122 51 4 4
4.000122 52 6 6
4.000122 53 7 7
4.000122 54 7 7
4.000122 55 7 7
4.000122 56 6 6
4.000122 57 6 6
4.000122 58 9 9
4.000122 59 4 4
4.000122 60 4 4
4.000122 61 6 6
4.000122 62 6 6
4.000122 63 6 6
4.000122 64 7 7
4.000122 65 7 7
4.000122 66 2 2
4.000122 67 4 4
4.000122 68 8 8
4.000122 70 6 6
4.000122 71 6 6
4.000122 72 6 6
4.000122 73 7 7
4.000122 74 6 6
4.000122 75 6 6
4.000122 76 6 6
4.000122 77 8 8
4.000122 78 6 6
4.000122 79 4 4
4.000122 80 7 7
4.000122 81 6 6
4.000122 82 5 5
4.000122 83 6 6
4.000122 84 6 6
4.000122 85 4 4
4.000122 86 5 5
4.000122 89 8 8
4.000122 90 7 7
4.000122 91 5 5
4.000122 92 6 6
4.000122 93 7 7
4.000122 94 4 4
4.000122 95 5 5
4.000122 96 6 6
4.000122 97 7 7
4.000122 98 4 4
4.000122 99 5 5
4.000122 100 7 7
4.000122 101 6 6
4.000122 102 8 8
4.000122 104 5 5
4.000122 105 7 7
4.000122 106 5 5
4.000122 107 7 7
4.000122 108 3 3
4.000122 109 6 6
4.000122 110 7 7
4.000122 111 7 7
4.000122 112 5 5
4.000122 113 5 5
4.000122 114 4 4
4.000122 115 6 6
4.000122 116 6 6
4.000122 117 8 8
4.000122 118 6 6
4.000122 119 7 7
4.000122 120 7 7
4.000122 121 6 6
4.000122 122 6 6
4.000122 123 5 5
4.000122 124 7 7
4.000122 125 6 6
4.000122 126 7 7
4.000122 127 6 6
4.000122 128 6 6
4.000122 129 8 8
4.000122 130 3 3
4.000122 131 7 7
4.000122 132 5 5
4.000122 133 5 5
4.000122 134 7 7
4.000122 135 6 6
4.000122 137 4 4
4.000122 138 6 6
4.000122 139 7 7
4.000122 141 7 7
4.000122 142 4 4
4.000122 143 6 6
4.000122 144 6 6
4.000122 145 6 6
4.000122 146 4 4
4.000122 147 4 4
4.000122 148 7 7
4.000122 149 10 10
4.000122 150 5 5
4.000122 151 6 6
4.000122 152 7 7
4.000122 153 7 7
4.000122 154 8 8
4.000122 155 6 6
4.000122 156 8 8
4.000122 157 6 6
4.000122 158 4 4
4.000122 159 7 7
4.000122 160 6 6
4.000122 161 4 4
4.000122 162 7 7
4.000122 163 8 8
4.000122 164 5 5
4.000122 165 8 8
4.000122 166 7 7
4.000122 167 5 5
4.000122 168 4 4
4.000122 169 5 5
4.000122 170 6 6
4.000122 171 6 6
4.000122 172 4 4
4.000122 173 6 6
4.000122 174 6 6
4.000122 175 8 8
4.000122 176 7 7
4.000122 177 4 4
4.000122 178 3 3
4.000122 179 6 6
4.000122 180 7 7
4.000122 181 5 5
4.000122 182 6 6
4.000122 183 6 6
4.000122 184 6 6
4.000122 185 6 6
4.000122 186 5 5
4.000122 187 5 5
4.000122 188 5 5
4.000122 189 5 5
4.000122 190 5 5
4.000122 191 6 6
4.000122 192 5 5
4.000122 193 6 6
4.000122 194 6 6
4.000122 195 8 8
4.000122 196 6 6
4.000122 197 6 6
4.000122 199 7 7
4.000122 200 6 6
4.000122 201 5 5
4.000122 202 7 7
4.000122 203 6 6
4.000122 204 7 7
4.000122 205 5 5
4.000122 206 8 8
4.000122 207 6 6
4.000122 208 4 4
4.000122 209 6 6
4.000122 210 7 7
4.000122 211 7 7
4.000122 212 7 7
4.000122 213 4 4
4.000122 214 6 6
4.000122 215 7 7
4.000122 216 5 5
4.000122 217 3 3
4.000122 218 7 7
4.000122 219 8 8
5.000153 1 8 8
5.000153 2 8 8
5.000153 3 11 11
5.000153 4 13 13
5.000153 5 8 8
5.000153 6 8 8
5.000153 7 8 8
5.000153 8 9 9
5.000153 9 12 12
5.000153 10 11 11
5.000153 11 9 9
5.000153 12 11 11
5.000153 13 7 7
5.000153 14 9 9
5.000153 16 9 9
5.000153 17 8 8
5.000153 18 8 8
5.000153 20 11 11
5.000153 21 8 8
5.000153 22 8 8
5.000153 23 8 8
5.000153 24 8 8
5.000153 25 8 8
5.000153 26 7 7
5.000153 27 9 9
5.000153 28 9 9
5.000153 29 12 12
5.000153 30 8 8
5.000153 31 8 8
5.000153 32 8 8
5.000153 33 7 7
5.000153 34 8 8
5.000153 35 8 8
5.000153 36 11 11
5.000153 38 8 8
5.000153 39 9 9
5.000153 40 8 8
5.000153 41 13 13
5.000153 42 9 9
5.000153 43 10 10
5.000153 44 8 8
5.000153 45 8 8
5.000153 46 8 8
5.000153 47 8 8
5.000153 48 8 8
5.000153 49 8 8
5.000153 50 9 9
5.000153 51 8 8
5.000153 52 9 9
5.000153 53 11 11
5.000153 54 13 13
5.000153 55 11 11
5.000153 56 8 8
5.000153 57 10 10
5.000153 58 12 12
5.000153 59 8 8
5.000153 60 8 8
5.000153 61 9 9
5.000153 62 8 8
5.000153 63 10 10
5.000153 64 9 9
5.000153 65 10 10
5.000153 66 2 2
5.000153 67 7 7
5.000153 68 12 12
5.000153 70 8 8
5.000153 71 9 9
5.000153 72 8 8
5.000153 73 10 10
5.000153 74 8 8
5.000153 75 10 10
5.000153 76 8 8
5.000153 77 10 10
5.000153 78 7 7
5.000153 79 8 8
5.000153 80 11 11
5.000153 81 8 8
5.000153 82 8 8
5.000153 83 7 7
5.000153 84 10 10
5.000153 85 8 8
5.000153 86 8 8
5.000153 89 9 9
5.000153 90 10 10
5.000153 91 8 8
5.000153 92 10 10
5.000153 93 9 9
5.000153 94 3 3
5.000153 95 9 9
5.000153 96 7 7
5.000153 97 8 8
5.000153 98 7 7
5.000153 99 9 9
5.000153 100 10 10
5.000153 101 9 9
5.000153 102 8 8
5.000153 104 8 8
5.000153 105 10 10
5.000153 106 10 10
5.000153 107 10 10
5.000153 108 5 5
5.000153 109 10 10
5.000153 110 12 12
5.000153 111 9 9
5.000153 112 8 8
5.000153 113 8 8
5.000153 114 8 8
5.000153 115 9 9
5.000153 116 8 8
5.000153 117 11 11
5.000153 118 10 10
5.000153 119 11 11
5.000153 120 10 10
5.000153 121 11 11
5.000153 122 9 9
5.000153 123 9 9
5.000153 124 7 7
5.000153 125 8 8
5.000153 126 12 12
5.000153 127 8 8
5.000153 128 10 10
5.000153 129 9 9
5.000153 130 5 5
5.000153 131 10 10
5.000153 132 9 9
5.000153 133 8 8
5.000153 134 11 11
5.000153 135 9 9
5.000153 137 8 8
5.000153 138 8 8
5.000153 139 11 11
5.000153 141 10 10
5.000153 142 7 7
5.000153 143 8 8
5.000153 144 8 8
5.000153 145 9 9
5.000153 146 8 8
5.000153 147 8 8
5.000153 148 9 9
5.000153 149 15 15
5.000153 150 9 9
5.000153 151 10 10
5.000153 152 9 9
5.000153 153 8 8
5.000153 154 9 9
5.000153 155 8 8
5.000153 156 15 15
5.000153 157 8 8
5.000153 158 8 8
5.000153 159 9 9
5.000153 160 8 8
5.000153 161 8 8
5.000153 162 12 12
5.000153 163 13 13
5.000153 164 8 8
5.000153 165 11 11
5.000153 166 12 12
5.000153 167 9 9
5.000153 168 8 8
5.000153 169 8 8
5.000153 170 9 9
5.000153 171 10 10
5.000153 172 8 8
5.000153 173 8 8
5.000153 174 8 8
5.000153 175 12 12
5.000153 176 10 10
5.000153 177 8 8
5.000153 178 5 5
5.000153 179 12 12
5.000153 180 9 9
5.000153 181 9 9
5.000153 182 9 9
5.000153 183 8 8
5.000153 184 9 9
5.000153 185 10 10
5.000153 186 8 8
5.000153 187 9 9
5.000153 188 8 8
5.000153 189 8 8
5.000153 190 8 8
5.000153 191 8 8
5.000153 192 8 8
5.000153 193 11 11
5.000153 194 10 10
5.000153 195 11 11
5.000153 196 10 10
5.000153 197 10 10
5.000153 199 10 10
5.000153 200 9 9
5.000153 201 8 8
5.000153 202 8 8
5.000153 203 8 8
5.000153 204 9 9
5.000153 205 9 9
5.000153 206 10 10
5.000153 207 8 8
5.000153 208 8 8
5.000153 209 8 8
5.000153 210 11 11
5.000153 211 10 10
5.000153 212 11 11
5.000153 213 8 8
5.000153 214 8 8
5.000153 215 9 9
5.000153 216 9 9
5.000153 217 4 4
5.000153 218 11 11
5.000153 219 10 10
6.000183 1 13 13
6.000183 2 12 12
6.000183 3 17 17
6.000183 4 19 19
6.000183 5 15 15
6.000183 6 16 16
6.000183 7 16 16
6.000183 8 13 13
6.000183 9 20 20
6.000183 10 17 17
6.000183 11 14 14
6.000183 12 17 17
6.000183 13 11 11
6.000183 14 15 15
6.000183 16 14 14
6.000183 17 12 12
6.000183 18 14 14
6.000183 20 17 17
6.000183 21 16 16
6.000183 22 14 14
6.000183 23 16 16
6.000183 24 16 16
6.000183 25 13 13
6.000183 26 9 9
6.000183 27 16 16
6.000183 28 15 15
6.000183 29 18 18
6.000183 30 15 15
6.000183 31 14 14
6.000183 32 15 15
6.000183 33 11 11
6.000183 34 11 11
6.000183 35 11 11
6.000183 36 19 19
6.000183 38 12 12
6.000183 39 14 14
6.000183 40 16 16
6.000183 41 12 12
6.000183 42 13 13
6.000183 43 17 17
6.000183 44 14 14
6.000183 45 16 16
6.000183 46 15 15
6.000183 47 13 13
6.000183 48 13 13
6.000183 49 11 11
6.000183 50 16 16
6.000183 51 14 14
6.000183 52 15 15
6.000183 53 18 18
6.000183 54 17 17
6.000183 55 18 18
6.000183 56 15 15
6.000183 57 14 14
6.000183 58 18 18
6.000183 59 14 14
6.000183 60 15 15
6.000183 61 15 15
6.000183 62 13 13
6.000183 63 15 15
6.000183 64 16 16
6.000183 65 16 16
6.000183 66 2 2
6.000183 67 13 13
6.000183 68 18 18
6.000183 70 15 15
6.000183 71 16 16
6.000183 72 14 14
6.000183 73 17 17
6.000183 74 16 16
6.000183 75 14 14
6.000183 76 16 16
6.000183 77 17 17
6.000183 78 10 10
6.000183 79 13 13
6.000183 80 16 16
6.000183 81 14 14
6.000183 82 13 13
6.000183 83 12 12
6.000183 84 16 16
6.000183 85 13 13
6.000183 86 15 15
6.000183 89 17 17
6.000183 90 17 17
6.000183 91 11 11
6.000183 92 15 15
6.000183 93 16 16
6.000183 94 5 5
6.000183 95 14 14
6.000183 96 14 14
6.000183 97 16 16
6.000183 98 9 9
6.000183 99 15 15
6.000183 100 17 17
6.000183 101 15 15
6.000183 102 16 16
6.000183 104 11 11
6.000183 105 17 17
6.000183 106 15 15
6.000183 107 17 17
6.000183 108 8 8
6.000183 109 17 17
6.000183 110 17 17
6.000183 111 14 14
6.000183 112 12 12
6.000183 113 16 16
6.000183 114 12 12
6.000183 115 16 16
6.000183 116 15 15
6.000183 117 18 18
6.000183 118 14 14
6.000183 119 16 16
6.000183 120 16 16
6.000183 121 17 17
6.000183 122 15 15
6.000183 123 15 15
6.000183 124 14 14
6.000183 125 16 16
6.000183 126 17 17
6.000183 127 15 15
6.000183 128 18 18
6.000183 129 17 17
6.000183 130 8 8
6.000183 131 18 18
6.000183 132 16 16
6.000183 133 15 15
6.000183 134 17 17
6.000183 135 16 16
6.000183 137 16 16
6.000183 138 16 16
6.000183 139 17 17
6.000183 141 16 16
6.000183 142 11 11
6.000183 143 16 16
6.000183 144 14 14
6.000183 145 13 13
6.000183 146 16 16
6.000183 147 12 12
6.000183 148 15 15
6.000183 149 22 22
6.000183 150 17 17
6.000183 151 15 15
6.000183 152 15 15
6.000183 153 16 16
6.000183 154 16 16
6.000183 155 15 15
6.000183 156 22 22
6.000183 157 16 16
6.000183 158 12 12
6.000183 159 15 15
6.000183 160 16 16
6.000183 161 11 11
6.000183 162 19 19
6.000183 163 17 17
6.000183 164 14 14
6.000183 165 16 16
6.000183 166 20 20
6.000183 167 16 16
6.000183 168 16 16
6.000183 169 16 16
6.000183 170 14 14
6.000183 171 15 15
6.000183 172 14 14
6.000183 173 14 14
6.000183 174 13 13
6.000183 175 19 19
6.000183 176 16 16
6.000183 177 14 14
6.000183 178 7 7
6.000183 179 20 20
6.000183 180 15 15
6.000183 181 13 13
6.000183 182 14 14
6.000183 183 15 15
6.000183 184 14 14
6.000183 185 16 16
6.000183 186 16 16
6.000183 187 15 15
6.000183 188 13 13
6.000183 189 13 13
6.000183 190 13 13
6.000183 191 16 16
6.000183 192 14 14
6.000183 193 18 18
6.000183 194 17 17
6.000183 195 16 16
6.000183 196 15 15
6.000183 197 18 18
6.000183 199 16 16
6.000183 200 15 15
6.000183 201 13 13
6.000183 202 15 15
6.000183 203 15 15
6.000183 204 16 16
6.000183 205 15 15
6.000183 206 17 17
6.000183 207 15 15
6.000183 208 16 16
6.000183 209 14 14
6.000183 210 16 16
6.000183 211 16 16
6.000183 212 17 17
6.000183 213 10 10
6.000183 214 15 15
6.000183 215 17 17
6.000183 216 15 15
6.000183 217 4 4
6.000183 218 16 16
6.000183 219 18 18
7.000214 1 18 18
7.000214 2 18 18
7.000214 3 27 27
7.000214 4 29 29
7.000214 5 23 23
7.000214 6 20 20
7.000214 7 27 27
7.000214 8 21 21
7.000214 9 31 31
7.000214 10 32 32
7.000214 11 24 24
7.000214 12 27 27
7.000214 13 18 18
7.000214 14 26 26
7.000214 16 18 18
7.000214 17 18 18
7.000214 18 20 20
7.000214 20 29 29
7.000214 21 23 23
7.000214 22 20 20
7.000214 23 28 28
7.000214 24 20 20
7.000214 25 24 24
7.000214 26 2 2
7.000214 27 26 26
7.000214 28 25 25
7.000214 29 31 31
7.000214 30 23 23
7.000214 31 21 21
7.000214 32 21 21
7.000214 33 16 16
7.000214 34 8 8
7.000214 35 16 16
7.000214 36 28 28
7.000214 38 20 20
7.000214 39 23 23
7.000214 40 21 21
7.000214 41 4 4
7.000214 42 24 24
7.000214 43 29 29
7.000214 44 20 20
7.000214 45 26 26
7.000214 46 20 20
7.000214 47 10 10
7.000214 48 17 17
7.000214 49 16 16
7.000214 50 28 28
7.000214 51 21 21
7.000214 52 24 24
7.000214 53 31 31
7.000214 54 29 29
7.000214 55 31 31
7.000214 56 22 22
7.000214 57 22 22
7.000214 58 35 35
7.000214 59 18 18
7.000214 60 21 21
7.000214 61 27 27
7.000214 62 7 7
7.000214 63 23 23
7.000214 64 26 26
7.000214 65 25 25
7.000214 66 3 3
7.000214 67 18 18
7.000214 68 31 31
7.000214 70 23 23
7.000214 71 23 23
7.000214 72 23 23
7.000214 73 27 27
7.000214 74 23 23
7.000214 75 23 23
7.000214 76 21 21
7.000214 77 29 29
7.000214 78 1 1
7.000214 79 17 17
7.000214 80 27 27
7.000214 81 20 20
7.000214 82 22 22
7.000214 83 12 12
7.000214 84 25 25
7.000214 85 17 17
7.000214 86 21 21
7.000214 89 26 26
7.000214 90 30 30
7.000214 91 10 10
7.000214 92 26 26
7.000214 93 25 25
7.000214 94 7 7
7.000214 95 23 23
7.000214 96 22 22
7.000214 97 27 27
7.000214 98 10 10
7.000214 99 19 19
7.000214 100 26 26
7.000214 101 26 26
7.000214 102 24 24
7.000214 104 20 20
7.000214 105 24 24
7.000214 106 23 23
7.000214 107 28 28
7.000214 108 9 9
7.000214 109 27 27
7.000214 110 27 27
7.000214 111 24 24
7.000214 112 20 20
7.000214 113 19 19
7.000214 114 17 17
7.000214 115 24 24
7.000214 116 20 20
7.000214 117 31 31
7.000214 118 26 26
7.000214 119 28 28
7.000214 120 30 30
7.000214 121 29 29
7.000214 122 25 25
7.000214 123 23 23
7.000214 124 24 24
7.000214 125 25 25
7.000214 126 29 29
7.000214 127 21 21
7.000214 128 30 30
7.000214 129 29 29
7.000214 130 3 3
7.000214 131 31 31
7.000214 132 23 23
7.000214 133 23 23
7.000214 134 29 29
7.000214 135 26 26
7.000214 137 23 23
7.000214 138 26 26
7.000214 139 28 28
7.000214 141 25 25
7.000214 142 16 16
7.000214 143 25 25
7.000214 144 24 24
7.000214 145 25 25
7.000214 146 19 19
7.000214 147 20 20
7.000214 148 27 27
7.000214 149 39 39
7.000214 150 25 25
7.000214 151 27 27
7.000214 152 27 27
7.000214 153 29 29
7.000214 154 28 28
7.000214 155 25 25
7.000214 156 37 37
7.000214 157 24 24
7.000214 158 16 16
7.000214 159 25 25
7.000214 160 24 24
7.000214 161 16 16
7.000214 162 28 28
7.000214 163 32 32
7.000214 164 18 18
7.000214 165 32 32
7.000214 166 29 29
7.000214 167 25 25
7.000214 168 22 22
7.000214 169 20 20
7.000214 170 20 20
7.000214 171 27 27
7.000214 172 24 24
7.000214 173 24 24
7.000214 174 25 25
7.000214 175 33 33
7.000214 176 28 28
7.000214 177 6 6
7.000214 179 27 27
7.000214 180 28 28
7.000214 181 21 21
7.000214 182 22 22
7.000214 183 20 20
7.000214 184 26 26
7.000214 185 23 23
7.000214 186 25 25
7.000214 187 21 21
7.000214 188 22 22
7.000214 189 22 22
7.000214 190 16 16
7.000214 191 24 24
7.000214 192 19 19
7.000214 193 27 27
7.000214 194 27 27
7.000214 195 30 30
7.000214 196 28 28
7.000214 197 24 24
7.000214 199 26 26
7.000214 200 23 23
7.000214 201 19 19
7.000214 202 25 25
7.000214 203 25 25
7.000214 204 21 21
7.000214 205 23 23
7.000214 206 29 29
7.000214 207 23 23
7.000214 208 21 21
7.000214 209 22 22
7.000214 210 18 18
7.000214 211 28 28
7.000214 212 29 29
7.000214 213 17 17
7.000214 214 26 26
7.000214 215 25 25
7.000214 216 23 23
7.000214 217 5 5
7.000214 218 28 28
7.000214 219 29 29
8.000244 1 31 31
8.000244 3 44 44
8.000244 5 34 34
8.000244 6 34 34
8.000244 7 36 36
8.000244 8 33 33
8.000244 9 50 50
8.000244 10 44 44
8.000244 12 41 41
8.000244 13 31 31
8.000244 14 38 38
8.000244 17 32 32
8.000244 18 6 6
8.000244 20 44 44
8.000244 21 36 36
8.000244 22 33 33
8.000244 23 33 33
8.000244 24 34 34
8.000244 25 1 1
8.000244 27 42 42
8.000244 28 39 39
8.000244 29 46 46
8.000244 31 34 34
8.000244 32 32 32
8.000244 33 29 29
8.000244 35 26 26
8.000244 36 33 33
8.000244 38 30 30
8.000244 39 34 34
8.000244 40 36 36
8.000244 42 36 36
8.000244 44 34 34
8.000244 45 31 31
8.000244 46 31 31
8.000244 48 31 31
8.000244 50 36 36
8.000244 51 32 32
8.000244 52 39 39
8.000244 53 42 42
8.000244 54 51 51
8.000244 55 46 46
8.000244 56 35 35
8.000244 57 40 40
8.000244 58 51 51
8.000244 59 30 30
8.000244 60 34 34
8.000244 63 39 39
8.000244 65 40 40
8.000244 67 31 31
8.000244 68 49 49
8.000244 71 38 38
8.000244 73 40 40
8.000244 74 33 33
8.000244 76 33 33
8.000244 77 40 40
8.000244 80 42 42
8.000244 81 34 34
8.000244 84 4 4
8.000244 85 30 30
8.000244 86 32 32
8.000244 89 37 37
8.000244 90 42 42
8.000244 92 44 44
8.000244 93 35 35
8.000244 95 35 35
8.000244 96 34 34
8.000244 99 35 35
8.000244 100 44 44
8.000244 101 40 40
8.000244 102 35 35
8.000244 104 34 34
8.000244 105 36 36
8.000244 106 38 38
8.000244 107 42 42
8.000244 110 46 46
8.000244 111 6 6
8.000244 112 35 35
8.000244 113 32 32
8.000244 114 28 28
8.000244 115 37 37
8.000244 116 34 34
8.000244 117 43 43
8.000244 118 39 39
8.000244 119 43 43
8.000244 120 47 47
8.000244 121 45 45
8.000244 122 39 39
8.000244 123 36 36
8.000244 124 35 35
8.000244 125 38 38
8.000244 126 47 47
8.000244 127 32 32
8.000244 128 34 34
8.000244 129 1 1
8.000244 132 37 37
8.000244 133 36 36
8.000244 134 46 46
8.000244 135 38 38
8.000244 137 31 31
8.000244 138 38 38
8.000244 139 47 47
8.000244 141 41 41
8.000244 142 28 28
8.000244 143 18 18
8.000244 145 38 38
8.000244 146 32 32
8.000244 148 42 42
8.000244 149 54 54
8.000244 150 38 38
8.000244 152 41 41
8.000244 153 20 20
8.000244 155 1 1
8.000244 156 26 26
8.000244 157 36 36
8.000244 158 32 32
8.000244 159 40 40
8.000244 160 37 37
8.000244 161 30 30
8.000244 162 11 11
8.000244 164 32 32
8.000244 165 14 14
8.000244 166 48 48
8.000244 167 40 40
8.000244 168 34 34
8.000244 170 14 14
8.000244 171 16 16
8.000244 172 34 34
8.000244 173 32 32
8.000244 174 36 36
8.000244 175 14 14
8.000244 176 20 20
8.000244 179 48 48
8.000244 180 41 41
8.000244 181 36 36
8.000244 182 33 33
8.000244 183 33 33
8.000244 187 34 34
8.000244 188 33 33
8.000244 189 31 31
8.000244 191 34 34
8.000244 193 45 45
8.000244 194 43 43
8.000244 196 46 46
8.000244 197 38 38
8.000244 199 40 40
8.000244 201 32 32
8.000244 203 35 35
8.000244 204 36 36
8.000244 205 38 38
8.000244 207 31 31
8.000244 209 27 27
8.000244 211 48 48
8.000244 212 47 47
8.000244 213 30 30
8.000244 214 36 36
8.000244 215 41 41
8.000244 216 30 30
8.000244 218 45 45
8.000244 219 43 43
9.000275 5 58 58
9.000275 7 51 51
9.000275 9 35 35
9.000275 14 62 62
9.000275 17 50 50
9.000275 20 70 70
9.000275 21 62 62
9.000275 22 57 57
9.000275 23 62 62
9.000275 24 57 57
9.000275 27 66 66
9.000275 28 63 63
9.000275 31 54 54
9.000275 32 51 51
9.000275 33 46 46
9.000275 38 49 49
9.000275 39 60 60
9.000275 42 56 56
9.000275 44 57 57
9.000275 50 64 64
9.000275 52 7 7
9.000275 53 66 66
9.000275 56 59 59
9.000275 57 48 48
9.000275 58 43 43
9.000275 59 46 46
9.000275 60 59 59
9.000275 63 65 65
9.000275 65 68 68
9.000275 67 50 50
9.000275 68 74 74
9.000275 71 59 59
9.000275 73 68 68
9.000275 74 57 57
9.000275 76 57 57
9.000275 80 66 66
9.000275 86 57 57
9.000275 93 63 63
9.000275 95 55 55
9.000275 96 55 55
9.000275 99 58 58
9.000275 100 69 69
9.000275 101 64 64
9.000275 102 62 62
9.000275 107 70 70
9.000275 110 69 69
9.000275 113 57 57
9.000275 114 14 14
9.000275 115 5 5
9.000275 116 52 52
9.000275 119 68 68
9.000275 121 70 70
9.000275 122 65 65
9.000275 123 61 61
9.000275 124 59 59
9.000275 125 64 64
9.000275 127 52 52
9.000275 132 65 65
9.000275 134 77 77
9.000275 135 32 32
9.000275 138 61 61
9.000275 139 71 71
9.000275 141 65 65
9.000275 145 57 57
9.000275 146 59 59
9.000275 148 64 64
9.000275 149 71 71
9.000275 152 64 64
9.000275 158 50 50
9.000275 159 67 67
9.000275 160 61 61
9.000275 161 49 49
9.000275 164 6 6
9.000275 166 77 77
9.000275 167 62 62
9.000275 168 56 56
9.000275 172 56 56
9.000275 173 57 57
9.000275 174 55 55
9.000275 179 76 76
9.000275 181 52 52
9.000275 182 54 54
9.000275 183 54 54
9.000275 187 52 52
9.000275 189 53 53
9.000275 191 53 53
9.000275 193 76 76
9.000275 194 65 65
9.000275 196 70 70
9.000275 197 64 64
9.000275 199 11 11
9.000275 201 54 54
9.000275 203 60 60
9.000275 204 63 63
9.000275 205 53 53
9.000275 211 68 68
9.000275 212 76 76
9.000275 213 31 31
9.000275 214 64 64
9.000275 215 66 66
9.000275 218 70 70
9.000275 219 69 69
10.000305 5 91 91
10.000305 14 103 103
10.000305 17 55 55
10.000305 20 109 109
10.000305 21 94 94
10.000305 22 81 81
10.000305 23 4 4
10.000305 24 57 57
10.000305 27 104 104
10.000305 28 21 21
10.000305 31 90 90
10.000305 33 9 9
10.000305 38 79 79
10.000305 42 98 98
10.000305 44 85 85
10.000305 50 104 104
10.000305 53 97 97
10.000305 56 6 6
10.000305 60 87 87
10.000305 63 96 96
10.000305 65 106 106
10.000305 68 96 96
10.000305 71 97 97
10.000305 73 114 114
10.000305 76 24 24
10.000305 80 112 112
10.000305 86 5 5
10.000305 93 97 97
10.000305 95 88 88
10.000305 96 89 89
10.000305 99 66 66
10.000305 100 96 96
10.000305 101 100 100
10.000305 102 97 97
10.000305 107 115 115
10.000305 110 115 115
10.000305 113 86 86
10.000305 116 80 80
10.000305 122 105 105
10.000305 123 96 96
10.000305 124 96 96
10.000305 127 78 78
10.000305 134 98 98
10.000305 138 104 104
10.000305 139 5 5
10.000305 141 101 101
10.000305 145 72 72
10.000305 146 90 90
10.000305 152 107 107
10.000305 158 70 70
10.000305 159 103 103
10.000305 160 1 1
10.000305 166 119 119
10.000305 167 96 96
10.000305 173 89 89
10.000305 179 121 121
10.000305 181 90 90
10.000305 182 16 16
10.000305 183 83 83
10.000305 189 85 85
10.000305 193 16 16
10.000305 194 104 104
10.000305 196 21 21
10.000305 201 11 11
10.000305 203 95 95
10.000305 204 92 92
10.000305 205 89 89
10.000305 211 118 118
10.000305 212 116 116
10.000305 214 61 61
10.000305 215 4 4
10.000305 218 113 113
10.000305 219 116 116
11.000336 5 139 139
11.000336 14 92 92
11.000336 20 43 43
11.000336 21 148 148
11.000336 22 131 131
11.000336 27 154 154
11.000336 31 133 133
11.000336 38 100 100
11.000336 42 18 18
11.000336 44 136 136
11.000336 50 142 142
11.000336 60 25 25
11.000336 63 126 126
11.000336 65 167 167
11.000336 71 149 149
11.000336 73 106 106
11.000336 80 181 181
11.000336 93 154 154
11.000336 95 141 141
11.000336 96 133 133
11.000336 100 2 2
11.000336 101 21 21
11.000336 102 144 144
11.000336 107 171 171
11.000336 110 163 163
11.000336 113 45 45
11.000336 116 133 133
11.000336 122 75 75
11.000336 123 3 3
11.000336 124 156 156
11.000336 127 129 129
11.000336 138 157 157
11.000336 141 82 82
11.000336 146 134 134
11.000336 152 163 163
11.000336 158 55 55
11.000336 159 168 168
11.000336 166 186 186
11.000336 167 156 156
11.000336 173 142 142
11.000336 179 104 104
11.000336 181 144 144
11.000336 183 10 10
11.000336 189 136 136
11.000336 194 32 32
11.000336 204 51 51
11.000336 205 142 142
11.000336 211 67 67
11.000336 212 77 77
11.000336 218 182 182
11.000336 219 179 179
12.000366 5 232 232
12.000366 14 20 20
12.000366 21 246 246
12.000366 22 184 184
12.000366 27 18 18
12.000366 31 223 223
12.000366 38 34 34
12.000366 44 231 231
12.000366 50 107 107
12.000366 63 1 1
12.000366 65 274 274
12.000366 71 223 223
12.000366 80 257 257
12.000366 93 198 198
12.000366 95 95 95
12.000366 96 226 226
12.000366 102 48 48
12.000366 107 279 279
12.000366 110 40 40
12.000366 116 161 161
12.000366 122 48 48
12.000366 124 239 239
12.000366 127 194 194
12.000366 138 184 184
12.000366 141 1 1
12.000366 146 169 169
12.000366 152 103 103
12.000366 158 1 1
12.000366 159 147 147
12.000366 166 292 292
12.000366 167 175 175
12.000366 173 229 229
12.000366 179 3 3
12.000366 181 217 217
12.000366 189 154 154
12.000366 204 2 2
12.000366 205 104 104
12.000366 212 30 30
12.000366 218 229 229
12.000366 219 279 279
13.000397 5 285 285
13.000397 21 382 382
13.000397 22 247 247
13.000397 31 353 353
13.000397 44 258 258
13.000397 50 56 56
13.000397 65 381 381
13.000397 71 180 180
13.000397 80 376 376
13.000397 93 48 48
13.000397 95 58 58
13.000397 96 318 318
13.000397 102 15 15
13.000397 107 388 388
13.000397 116 89 89
13.000397 122 27 27
13.000397 124 246 246
13.000397 127 214 214
13.000397 138 271 271
13.000397 146 131 131
13.000397 152 13 13
13.000397 159 44 44
13.000397 166 363 363
13.000397 167 2 2
13.000397 173 324 324
13.000397 181 317 317
13.000397 189 170 170
13.000397 205 10 10
13.000397 218 114 114
13.000397 219 177 177
14.000427 5 300 300
14.000427 21 552 552
14.000427 22 216 216
14.000427 31 521 521
14.000427 44 235 235
14.000427 50 22 22
14.000427 65 431 431
14.000427 71 37 37
14.000427 80 484 484
14.000427 93 16 16
14.000427 95 34 34
14.000427 96 406 406
14.000427 107 344 344
14.000427 116 47 47
14.000427 124 182 182
14.000427 127 136 136
14.000427 138 236 236
14.000427 146 10 10
14.000427 159 23 23
14.000427 166 443 443
14.000427 173 435 435
14.000427 181 430 430
14.000427 189 188 188
14.000427 218 116 116
14.000427 219 21 21
15.000458 5 361 361
15.000458 21 634 634
15.000458 22 225 225
15.000458 31 635 635
15.000458 44 104 104
15.000458 50 11 11
15.000458 65 439 439
15.000458 71 1 1
15.000458 80 509 509
15.000458 95 7 7
15.000458 96 510 510
15.000458 107 175 175
15.000458 124 157 157
15.000458 127 143 143
15.000458 138 192 192
15.000458 159 8 8
15.000458 166 483 483
15.000458 173 471 471
15.000458 181 488 488
15.000458 189 146 146
15.000458 218 187 187
16.000488 5 379 379
16.000488 21 634 634
16.000488 22 170 170
16.000488 31 636 636
16.000488 44 53 53
16.000488 65 462 462
16.000488 80 572 572
16.000488 96 604 604
16.000488 107 113 113
16.000488 124 143 143
16.000488 127 154 154
16.000488 138 162 162
16.000488 166 479 479
16.000488 173 462 462
16.000488 181 526 526
16.000488 189 29 29
16.000488 218 278 278
17.000519 5 421 421
17.000519 21 635 635
17.000519 22 135 135
17.000519 31 677 677
17.000519 44 14 14
17.000519 65 475 475
17.000519 80 534 534
17.000519 96 634 634
17.000519 107 65 65
17.000519 124 134 134
17.000519 127 165 165
17.000519 138 94 94
17.000519 166 525 525
17.000519 173 453 453
17.000519 181 605 605
17.000519 189 19 19
17.000519 218 319 319
18.000549 5 422 422
18.000549 21 713 713
18.000549 22 104 104
18.000549 31 680 680
18.000549 65 493 493
18.000549 80 593 593
18.000549 96 568 568
18.000549 107 64 64
18.000549 124 97 97
18.000549 127 181 181
18.000549 138 74 74
18.000549 166 563 563
18.000549 173 427 427
18.000549 181 595 595
18.000549 189 4 4
18.000549 218 306 306
19.000580 5 440 440
19.000580 21 785 785
19.000580 22 97 97
19.000580 31 698 698
19.000580 65 493 493
19.000580 80 673 673
19.000580 96 536 536
19.000580 107 67 67
19.000580 124 32 32
19.000580 127 240 240
19.000580 138 63 63
19.000580 166 645 645
19.000580 173 329 329
19.000580 181 569 569
19.000580 218 273 273
20.000610 5 465 465
20.000610 21 863 863
20.000610 22 81 81
20.000610 31 764 764
20.000610 65 449 449
20.000610 80 643 643
20.000610 96 505 505
20.000610 107 52 52
20.000610 124 1 1
20.000610 127 233 233
20.000610 138 67 67
20.000610 166 677 677
20.000610 173 237 237
20.000610 181 634 634
20.000610 218 232 232
21.000641 5 491 491
21.000641 21 830 830
21.000641 22 42 42
21.000641 31 902 902
21.000641 65 421 421
21.000641 80 685 685
21.000641 96 535 535
21.000641 107 21 21
21.000641 127 178 178
21.000641 138 64 64
21.000641 166 613 613
21.000641 173 269 269
21.000641 181 597 597
21.000641 218 199 199
22.000671 5 532 532
22.000671 21 802 802
22.000671 31 1003 1003
22.000671 65 398 398
22.000671 80 779 779
22.000671 96 569 569
22.000671 107 9 9
22.000671 127 133 133
22.000671 138 54 54
22.000671 166 631 631
22.000671 173 247 247
22.000671 181 584 584
22.000671 218 166 166
23.000702 5 541 541
23.000702 21 780 780
23.000702 31 1094 1094
23.000702 65 378 378
23.000702 80 687 687
23.000702 96 568 568
23.000702 127 102 102
23.000702 138 46 46
23.000702 166 603 603
23.000702 173 280 280
23.000702 181 610 610
23.000702 218 181 181
24.000732 5 569 569
24.000732 21 771 771
24.000732 31 1112 1112
24.000732 65 339 339
24.000732 80 689 689
24.000732 96 591 591
24.000732 127 105 105
24.000732 138 35 35
24.000732 166 572 572
24.000732 173 326 326
24.000732 181 582 582
24.000732 218 176 176
25.000763 5 576 576
25.000763 21 742 742
25.000763 31 1216 1216
25.000763 65 276 276
25.000763 80 678 678
25.000763 96 621 621
25.000763 127 86 86
25.000763 138 6 6
25.000763 166 601 601
25.000763 173 379 379
25.000763 181 549 549
25.000763 218 178 178
26.000793 5 598 598
26.000793 21 720 720
26.000793 31 1358 1358
26.000793 65 279 279
26.000793 80 619 619
26.000793 96 523 523
26.000793 127 95 95
26.000793 166 626 626
26.000793 173 345 345
26.000793 181 548 548
26.000793 218 221 221
27.000824 5 564 564
27.000824 21 648 648
27.000824 31 1422 1422
27.000824 65 302 302
27.000824 80 582 582
27.000824 96 448 448
27.000824 127 76 76
27.000824 166 709 709
27.000824 173 392 392
27.000824 181 479 479
27.000824 218 231 231
28.000854 5 600 600
28.000854 21 531 531
28.000854 31 1489 1489
28.000854 65 330 330
28.000854 80 587 587
28.000854 96 407 407
28.000854 127 124 124
28.000854 166 699 699
28.000854 173 468 468
28.000854 181 464 464
28.000854 218 169 169
29.000885 5 552 552
29.000885 21 503 503
29.000885 31 1478 1478
29.000885 65 320 320
29.000885 80 555 555
29.000885 96 443 443
29.000885 127 190 190
29.000885 166 679 679
29.000885 173 473 473
29.000885 181 468 468
29.000885 218 216 216
30.000916 5 482 482
30.000916 21 592 592
30.000916 31 1452 1452
30.000916 65 288 288
30.000916 80 547 547
30.000916 96 316 316
30.000916 127 271 271
30.000916 166 756 756
30.000916 173 421 421
30.000916 181 446 446
30.000916 218 299 299
31.000946 5 476 476
31.000946 21 691 691
31.000946 31 1470 1470
31.000946 65 260 260
31.000946 80 518 518
31.000946 96 161 161
31.000946 127 312 312
31.000946 166 827 827
31.000946 173 450 450
31.000946 181 366 366
31.000946 218 353 353
32.000977 5 500 500
32.000977 21 662 662
32.000977 31 1490 1490
32.000977 65 261 261
32.000977 80 483 483
32.000977 96 100 100
32.000977 127 262 262
32.000977 166 884 884
32.000977 173 504 504
32.000977 181 339 339
32.000977 218 385 385
33.001007 5 522 522
33.001007 21 687 687
33.001007 31 1578 1578
33.001007 65 268 268
33.001007 80 496 496
33.001007 96 59 59
33.001007 127 230 230
33.001007 166 874 874
33.001007 173 492 492
33.001007 181 381 381
33.001007 218 318 318
34.001038 5 469 469
34.001038 21 753 753
34.001038 31 1672 1672
34.001038 65 236 236
34.001038 80 510 510
34.001038 96 42 42
34.001038 127 179 179
34.001038 166 734 734
34.001038 173 531 531
34.001038 181 462 462
34.001038 218 303 303
35.001068 5 381 381
35.001068 21 792 792
35.001068 31 1777 1777
35.001068 65 182 182
35.001068 80 568 568
35.001068 96 16 16
35.001068 127 160 160
35.001068 166 623 623
35.001068 173 570 570
35.001068 181 517 517
35.001068 218 292 292
36.001099 5 346 346
36.001099 21 785 785
36.001099 31 1913 1913
36.001099 65 116 116
36.001099 80 624 624
36.001099 127 78 78
36.001099 166 616 616
36.001099 173 521 521
36.001099 181 602 602
36.001099 218 277 277
37.001129 5 363 363
37.001129 21 809 809
37.001129 31 1980 1980
37.001129 65 82 82
37.001129 80 682 682
37.001129 127 55 55
37.001129 166 646 646
37.001129 173 410 410
37.001129 181 631 631
37.001129 218 243 243
38.001160 5 412 412
38.001160 21 839 839
38.001160 31 1943 1943
38.001160 65 34 34
38.001160 80 739 739
38.001160 127 47 47
38.001160 166 723 723
38.001160 173 388 388
38.001160 181 560 560
38.001160 218 186 186
39.001190 5 467 467
39.001190 21 835 835
39.001190 31 1855 1855
39.001190 65 41 41
39.001190 80 697 697
39.001190 127 59 59
39.001190 166 770 770
39.001190 173 373 373
39.001190 181 549 549
39.001190 218 185 185
40.001221 5 425 425
40.001221 21 794 794
40.001221 31 1891 1891
40.001221 65 38 38
40.001221 80 675 675
40.001221 127 77 77
40.001221 166 753 753
40.001221 173 433 433
40.001221 181 567 567
40.001221 218 240 240
41.001251 5 436 436
41.001251 21 735 735
41.001251 31 1928 1928
41.001251 65 65 65
41.001251 80 685 685
41.001251 127 86 86
41.001251 166 676 676
41.001251 173 510 510
41.001251 181 549 549
41.001251 218 195 195
42.001282 5 441 441
42.001282 21 719 719
42.001282 31 1911 1911
42.001282 65 82 82
42.001282 80 714 714
42.001282 127 84 84
42.001282 166 616 616
42.001282 173 588 588
42.001282 181 502 502
42.001282 218 187 187
43.001312 5 505 505
43.001312 21 687 687
43.001312 31 2001 2001
43.001312 65 72 72
43.001312 80 615 615
43.001312 127 2 2
43.001312 166 573 573
43.001312 173 697 697
43.001312 181 526 526
43.001312 218 212 212
44.001343 5 599 599
44.001343 21 680 680
44.001343 31 2030 2030
44.001343 65 45 45
44.001343 80 489 489
44.001343 166 574 574
44.001343 173 754 754
44.001343 181 532 532
44.001343 218 221 221
45.001373 5 625 625
45.001373 21 653 653
45.001373 31 1977 1977
45.001373 65 44 44
45.001373 80 401 401
45.001373 166 601 601
45.001373 173 780 780
45.001373 181 519 519
45.001373 218 278 278
46.001404 5 561 561
46.001404 21 626 626
46.001404 31 1987 1987
46.001404 65 28 28
46.001404 80 452 452
46.001404 166 656 656
46.001404 173 806 806
46.001404 181 441 441
46.001404 218 294 294
47.001434 5 488 488
47.001434 21 604 604
47.001434 31 1968 1968
47.001434 65 29 29
47.001434 80 493 493
47.001434 166 663 663
47.001434 173 911 911
47.001434 181 422 422
47.001434 218 322 322
48.001465 5 507 507
48.001465 21 590 590
48.001465 31 1879 1879
48.001465 65 28 28
48.001465 80 452 452
48.001465 166 705 705
48.001465 173 866 866
48.001465 181 477 477
48.001465 218 336 336
49.001495 5 544 544
49.001495 21 582 582
49.001495 31 1928 1928
49.001495 65 17 17
49.001495 80 468 468
49.001495 166 765 765
49.001495 173 890 890
49.001495 181 435 435
49.001495 218 276 276
50.001526 5 577 577
50.001526 21 548 548
50.001526 31 2017 2017
50.001526 65 10 10
50.001526 80 528 528
50.001526 166 780 780
50.001526 173 857 857
50.001526 181 466 466
50.001526 218 162 162
51.001556 5 667 667
51.001556 21 495 495
51.001556 31 2158 2158
51.001556 80 502 502
51.001556 166 750 750
51.001556 173 739 739
51.001556 181 475 475
51.001556 218 59 59
52.001587 5 658 658
52.001587 21 410 410
52.001587 31 2363 2363
52.001587 80 506 506
52.001587 166 639 639
52.001587 173 695 695
52.001587 181 564 564
52.001587 218 40 40
53.001617 5 695 695
53.001617 21 377 377
53.001617 31 2431 2431
53.001617 80 416 416
53.001617 166 529 529
53.001617 173 703 703
53.001617 181 714 714
53.001617 218 31 31
54.001648 5 693 693
54.001648 21 363 363
54.001648 31 2458 2458
54.001648 80 355 355
54.001648 166 470 470
54.001648 173 605 605
54.001648 181 887 887
54.001648 218 19 19
55.001678 5 709 709
55.001678 21 356 356
55.001678 31 2489 2489
55.001678 80 296 296
55.001678 166 493 493
55.001678 173 575 575
55.001678 181 941 941
56.001709 5 709 709
56.001709 21 345 345
56.001709 31 2532 2532
56.001709 80 372 372
56.001709 166 465 465
56.001709 173 511 511
56.001709 181 969 969
57.001740 5 705 705
57.001740 21 389 389
57.001740 31 2481 2481
57.001740 80 461 461
57.001740 166 484 484
57.001740 173 576 576
57.001740 181 828 828
58.001770 5 689 689
58.001770 21 374 374
58.001770 31 2439 2439
58.001770 80 502 502
58.001770 166 580 580
58.001770 173 588 588
58.001770 181 700 700
59.001801 5 691 691
59.001801 21 333 333
59.001801 31 2501 2501
59.001801 80 518 518
59.001801 166 618 618
59.001801 173 548 548
59.001801 181 712 712
60.001831 5 667 667
60.001831 21 320 320
60.001831 31 2491 2491
60.001831 80 511 511
60.001831 166 688 688
60.001831 173 520 520
60.001831 181 714 714
61.001862 5 660 660
61.001862 21 285 285
61.001862 31 2383 2383
61.001862 80 512 512
61.001862 166 789 789
61.001862 173 568 568
61.001862 181 681 681
62.001892 5 683 683
62.001892 21 297 297
62.001892 31 2437 2437
62.001892 80 496 496
62.001892 166 764 764
62.001892 173 599 599
62.001892 181 625 625
63.001923 5 711 711
63.001923 21 317 317
63.001923 31 2437 2437
63.001923 80 429 429
63.001923 166 708 708
63.001923 173 615 615
63.001923 181 707 707
64.001953 5 668 668
64.001953 21 308 308
64.001953 31 2474 2474
64.001953 80 469 469
64.001953 166 567 567
64.001953 173 600 600
64.001953 181 795 795
65.001984 5 673 673
65.001984 21 264 264
65.001984 31 2525 2525
65.001984 80 469 469
65.001984 166 566 566
65.001984 173 600 600
65.001984 181 776 776
66.002014 5 670 670
66.002014 21 251 251
66.002014 31 2601 2601
66.002014 80 559 559
66.002014 166 492 492
66.002014 173 628 628
66.002014 181 703 703
67.002045 5 699 699
67.002045 21 189 189
67.002045 31 2626 2626
67.002045 80 587 587
67.002045 166 441 441
67.002045 173 610 610
67.002045 181 681 681
68.002075 5 726 726
68.002075 21 158 158
68.002075 31 2672 2672
68.002075 80 576 576
68.002075 166 428 428
68.002075 173 592 592
68.002075 181 725 725
69.002106 5 795 795
69.002106 21 148 148
69.002106 31 2629 2629
69.002106 80 534 534
69.002106 166 408 408
69.002106 173 655 655
69.002106 181 749 749
70.002136 5 812 812
70.002136 21 156 156
70.002136 31 2688 2688
70.002136 80 478 478
70.002136 166 381 381
70.002136 173 589 589
70.002136 181 735 735
71.002167 5 824 824
71.002167 21 172 172
71.002167 31 2784 2784
71.002167 80 521 521
71.002167 166 396 396
71.002167 173 511 511
71.002167 181 695 695
