0	0	1996	0	0.0143805	0	0	1996	1996	0	1	0	70	0	2
1.00003	32769	3048	0	0.02229	0	0	3048	3048	0	1	0	70	54	3
2.00006	65538	4147	0	0.0488949	0	0	4147	4147	0	2	0	70	174	3
3.00009	98307	5802	0	0.260972	0	0	5802	5802	0	4	0	70	373	5
4.00012	131076	5830	0	0.425345	0	0	5830	5830	0	4	0	70	610	5
4.55659	196613	5942	0	0.446377	0	0	5942	5942	0	0	0	70	1121	5
5.55661	262150	6096	0	0.51566	0	0	6096	6096	0	0	0	70	1639	5
6.55663	327687	5865	0	0.55504	0	0	5865	5865	0	0	0	70	2210	5
7.55664	393224	6052	0	0.618784	0	0	6052	6052	0	0	0	70	2790	5
8.55666	458761	6068	0	0.639962	0	0	6068	6068	0	0	0	70	3376	5
9.55667	524298	5998	0	0.637286	0	0	5998	5998	0	0	0	70	3971	5
10.5567	589835	6024	0	0.658137	0	0	6024	6024	0	0	0	70	4578	5
11.5567	655372	6037	0	0.658575	0	0	6037	6037	0	0	0	70	5184	5
12.5567	720909	6031	0	0.675115	0	0	6031	6031	0	0	0	70	5780	5
13.5567	786446	6070	0	0.660103	0	0	6070	6070	0	0	0	70	6372	5
14.5567	851983	6040	0	0.682838	0	0	6040	6040	0	0	0	70	6974	5
15.5568	917520	5983	0	0.646367	0	0	5983	5983	0	0	0	70	7575	5
16.5568	983057	6061	0	0.646311	0	0	6061	6061	0	0	0	70	8167	5
17.5568	1048594	6002	0	0.649413	0	0	6002	6002	0	0	0	70	8760	5
18.5568	1114131	6015	0	0.623624	0	0	6015	6015	0	0	0	70	9360	5
19.5568	1179668	6040	0	0.638912	0	0	6040	6040	0	0	0	70	9949	5
20.5568	1245205	5986	0	0.669465	0	0	5986	5986	0	0	0	70	10544	5
21.5569	1310742	6035	0	0.673408	0	0	6035	6035	0	0	0	70	11142	5
22.5569	1376279	6080	0	0.682146	0	0	6080	6080	0	0	0	70	11731	5
23.5569	1441816	6024	0	0.649449	0	0	6024	6024	0	0	0	70	12344	5
24.5569	1507353	6009	0	0.666658	0	0	6009	6009	0	0	0	70	12938	5
25.5569	1572890	6066	0	0.671363	0	0	6066	6066	0	0	0	70	13525	5
26.5569	1638427	6057	0	0.669195	0	0	6057	6057	0	0	0	70	14133	5
27.5569	1703964	6040	0	0.664162	0	0	6040	6040	0	0	0	70	14741	5
28.557	1769501	6032	0	0.664977	0	0	6032	6032	0	0	0	70	15343	5
29.557	1835038	6056	0	0.661746	0	0	6056	6056	0	0	0	70	15941	5
30.557	1900575	6040	0	0.658625	0	0	6040	6040	0	0	0	70	16535	5
31.557	1966112	6006	0	0.647771	0	0	6006	6006	0	0	0	70	17142	5
32.557	2031649	6037	0	0.641984	0	0	6037	6037	0	0	0	70	17735	5
33.557	2097186	6027	0	0.662615	0	0	6027	6027	0	0	0	70	18331	5
34.5571	2162723	6051	0	0.65482	0	0	6051	6051	0	0	0	70	18928	5
35.5571	2228260	5992	0	0.676147	0	0	5992	5992	0	0	0	70	19539	5
36.5571	2293797	6058	0	0.669286	0	0	6058	6058	0	0	0	70	20146	5
37.5571	2359334	6067	0	0.653741	0	0	6067	6067	0	0	0	70	20755	5
38.5571	2424871	6048	0	0.645697	0	0	6048	6048	0	0	0	70	21354	5
39.5571	2490408	6039	0	0.633025	0	0	6039	6039	0	0	0	70	21961	5
40.5571	2555945	6047	0	0.624116	0	0	6047	6047	0	0	0	70	22558	5
41.5572	2621482	6059	0	0.647357	0	0	6059	6059	0	0	0	70	23150	5
42.5572	2687019	6035	0	0.666456	0	0	6035	6035	0	0	0	70	23749	5
43.5572	2752556	6079	0	0.668756	0	0	6079	6079	0	0	0	70	24345	5
44.5572	2818093	6033	0	0.667081	0	0	6033	6033	0	0	0	70	24954	5
45.5572	2883630	6044	0	0.670064	0	0	6044	6044	0	0	0	70	25548	5
46.5572	2949167	6020	0	0.672199	0	0	6020	6020	0	0	0	70	26141	5
47.5573	3014704	6018	0	0.661852	0	0	6018	6018	0	0	0	70	26736	5
48.5573	3080241	6000	0	0.659067	0	0	6000	6000	0	0	0	70	27332	5
49.5573	3145778	6031	0	0.649272	0	0	6031	6031	0	0	0	70	27922	5
50.5573	3211315	6023	0	0.640577	0	0	6023	6023	0	0	0	70	28506	5
51.5573	3276852	5967	0	0.639059	0	0	5967	5967	0	0	0	70	29096	5
52.5573	3342389	6061	0	0.628733	0	0	6061	6061	0	0	0	70	29688	5
53.5573	3407926	6026	0	0.64674	0	0	6026	6026	0	0	0	70	30279	5
54.5574	3473463	5965	0	0.649351	0	0	5965	5965	0	0	0	70	30874	5
55.5574	3539000	6042	0	0.653407	0	0	6042	6042	0	0	0	70	31469	5
56.5574	3604537	6068	0	0.660104	0	0	6068	6068	0	0	0	70	32064	5
57.5574	3670074	6014	0	0.668748	0	0	6014	6014	0	0	0	70	32670	5
58.5574	3735611	6082	0	0.669307	0	0	6082	6082	0	0	0	70	33270	5
59.5574	3801148	6023	0	0.688769	0	0	6023	6023	0	0	0	70	33876	5
60.5574	3866685	6053	0	0.686165	0	0	6053	6053	0	0	0	70	34500	5
61.5575	3932222	6064	0	0.679895	0	0	6064	6064	0	0	0	70	35118	5
62.5575	3997759	6035	0	0.697205	0	0	6035	6035	0	0	0	70	35714	5
63.5575	4063296	6023	0	0.684474	0	0	6023	6023	0	0	0	70	36317	5
64.5575	4128833	6035	0	0.669023	0	0	6035	6035	0	0	0	70	36919	5
65.5575	4194370	6015	0	0.674143	0	0	6015	6015	0	0	0	70	37517	5
66.5575	4259907	6015	0	0.635688	0	0	6015	6015	0	0	0	70	38114	5
67.5576	4325444	6041	0	0.628679	0	0	6041	6041	0	0	0	70	38707	5
68.5576	4390981	5956	0	0.646549	0	0	5956	5956	0	0	0	70	39304	5
69.5576	4456518	6010	0	0.662625	0	0	6010	6010	0	0	0	70	39899	5
70.5576	4522055	6007	0	0.658056	0	0	6007	6007	0	0	0	70	40501	5
71.5576	4587592	6011	0	0.676392	0	0	6011	6011	0	0	0	70	41085	5
