0	0	2013	0	0.0298227	0	0	2013	2013	0	1	0	70	43514	5
1.00003	32769	3062	0	0.0296276	0	0	3062	3062	0	2	0	70	43550	5
2.00006	65538	4204	0	0.00243711	0	0	4204	4204	0	2	0	70	43629	5
3.00009	98307	5966	0	0.216895	0	0	5966	5966	0	4	0	70	43756	5
4.00012	131076	5952	0	0.393371	0	0	5952	5952	0	6	0	70	43899	5
5.00015	163845	5712	0	0.494396	0	0	5712	5712	0	9	0	70	44054	5
6.00018	196614	6023	0	0.535494	0	0	6023	6023	0	0	0	70	44210	5
7.00021	229383	5981	0	0.59486	0	0	5981	5981	0	0	0	70	44365	5
8.00024	262152	5834	0	0.624752	0	0	5834	5834	0	0	0	70	44523	5
9.00027	294921	5997	0	0.653698	0	0	5997	5997	0	0	0	70	44681	5
10.0003	327690	6018	0	0.651944	0	0	6018	6018	0	0	0	70	44838	5
11.0003	360459	5916	0	0.666865	0	0	5916	5916	0	0	0	70	44997	5
12.0004	393228	5980	0	0.649849	0	0	5980	5980	0	0	0	70	45155	5
13.0004	425997	5944	0	0.650414	0	0	5944	5944	0	0	0	70	45316	5
14.0004	458766	5922	0	0.647171	0	0	5922	5922	0	0	0	70	45482	5
15.0005	491535	5910	0	0.632892	0	0	5910	5910	0	0	0	70	45645	5
16.0005	524304	5965	0	0.648389	0	0	5965	5965	0	0	0	70	45805	5
17.0005	557073	5936	0	0.623631	0	0	5936	5936	0	0	0	70	45966	5
18.0005	589842	5897	0	0.633173	0	0	5897	5897	0	0	0	70	46128	5
19.0006	622611	5980	0	0.690299	0	0	5980	5980	0	0	0	70	46284	5
19.7233	688148	6057	0	0.685054	0	0	6057	6057	0	0	0	70	46598	5
20.7234	753685	6238	0	0.685151	0	0	6238	6238	0	0	0	70	46946	5
21.7234	819222	6190	0	0.676706	0	0	6190	6190	0	0	0	70	47303	5
22.7234	884759	6189	0	0.700838	0	0	6189	6189	0	0	0	70	47672	5
23.7234	950296	6242	0	0.726446	0	0	6242	6242	0	0	0	70	48038	5
24.7234	1015833	6222	0	0.720897	0	0	6222	6222	0	0	0	70	48395	5
25.7234	1081370	6270	0	0.71688	0	0	6270	6270	0	0	0	70	48758	5
26.7234	1146907	6273	0	0.711719	0	0	6273	6273	0	0	0	70	49124	5
27.7235	1212444	6226	0	0.671896	0	0	6226	6226	0	0	0	70	49481	5
28.7235	1277981	6264	0	0.659278	0	0	6264	6264	0	0	0	70	49843	5
29.7235	1343518	6226	0	0.664899	0	0	6226	6226	0	0	0	70	50211	5
30.7235	1409055	6239	0	0.707645	0	0	6239	6239	0	0	0	70	50567	5
31.7235	1474592	6219	0	0.702104	0	0	6219	6219	0	0	0	70	50922	5
32.7235	1540129	6253	0	0.697136	0	0	6253	6253	0	0	0	70	51283	5
33.7236	1605666	6218	0	0.680258	0	0	6218	6218	0	0	0	70	51637	5
34.7236	1671203	6244	0	0.696826	0	0	6244	6244	0	0	0	70	51999	5
35.7236	1736740	6260	0	0.70992	0	0	6260	6260	0	0	0	70	52363	5
36.7236	1802277	6264	0	0.704752	0	0	6264	6264	0	0	0	70	52737	5
37.7236	1867814	6223	0	0.713104	0	0	6223	6223	0	0	0	70	53101	5
38.7236	1933351	6275	0	0.700619	0	0	6275	6275	0	0	0	70	53467	5
39.7236	1998888	6311	0	0.704522	0	0	6311	6311	0	0	0	70	53833	5
40.7237	2064425	6216	0	0.697554	0	0	6216	6216	0	0	0	70	54199	5
41.7237	2129962	6252	0	0.685852	0	0	6252	6252	0	0	0	70	54567	5
42.7237	2195499	6271	0	0.678138	0	0	6271	6271	0	0	0	70	54925	5
43.7237	2261036	6244	0	0.670668	0	0	6244	6244	0	0	0	70	55279	5
44.7237	2326573	6235	0	0.678049	0	0	6235	6235	0	0	0	70	55637	5
45.7237	2392110	6294	0	0.682366	0	0	6294	6294	0	0	0	70	56007	5
46.7238	2457647	6221	0	0.67991	0	0	6221	6221	0	0	0	70	56372	5
47.7238	2523184	6310	0	0.668692	0	0	6310	6310	0	0	0	70	56741	5
48.7238	2588721	6243	0	0.652739	0	0	6243	6243	0	0	0	70	57109	5
49.7238	2654258	6216	0	0.666634	0	0	6216	6216	0	0	0	70	57464	5
50.7238	2719795	6259	0	0.670598	0	0	6259	6259	0	0	0	70	57830	5
51.7238	2785332	6272	0	0.673535	0	0	6272	6272	0	0	0	70	58193	5
52.7238	2850869	6286	0	0.665986	0	0	6286	6286	0	0	0	70	58557	5
53.7239	2916406	6215	0	0.658516	0	0	6215	6215	0	0	0	70	58923	5
54.7239	2981943	6224	0	0.663399	0	0	6224	6224	0	0	0	70	59285	5
55.7239	3047480	6249	0	0.654492	0	0	6249	6249	0	0	0	70	59641	5
56.7239	3113017	6195	0	0.664776	0	0	6195	6195	0	0	0	70	60003	5
57.7239	3178554	6267	0	0.702189	0	0	6267	6267	0	0	0	70	60367	5
58.7239	3244091	6247	0	0.701792	0	0	6247	6247	0	0	0	70	60731	5
59.724	3309628	6283	0	0.699416	0	0	6283	6283	0	0	0	70	61101	5
60.724	3375165	6279	0	0.703144	0	0	6279	6279	0	0	0	70	61471	5
61.724	3440702	6258	0	0.706072	0	0	6258	6258	0	0	0	70	61843	5
62.724	3506239	6276	0	0.675665	0	0	6276	6276	0	0	0	70	62219	5
63.724	3571776	6219	0	0.68565	0	0	6219	6219	0	0	0	70	62584	5
64.724	3637313	6260	0	0.685016	0	0	6260	6260	0	0	0	70	62948	5
65.724	3702850	6262	0	0.668059	0	0	6262	6262	0	0	0	70	63309	5
66.7241	3768387	6185	0	0.646216	0	0	6185	6185	0	0	0	70	63671	5
67.7241	3833924	6250	0	0.654115	0	0	6250	6250	0	0	0	70	64027	5
68.7241	3899461	6242	0	0.659809	0	0	6242	6242	0	0	0	70	64391	5
69.7241	3964998	6198	0	0.672738	0	0	6198	6198	0	0	0	70	64751	5
70.7241	4030535	6250	0	0.672291	0	0	6250	6250	0	0	0	70	65115	5
71.7241	4096072	6255	0	0.673372	0	0	6255	6255	0	0	0	70	65479	5
