0.000000 0 1 1
0.000000 1 1 1
0.000000 2 1 1
0.000000 3 1 1
0.000000 4 1 1
0.000000 5 1 1
0.000000 6 1 1
0.000000 7 1 1
0.000000 8 1 1
0.000000 9 1 1
0.000000 10 1 1
0.000000 11 1 1
0.000000 12 1 1
0.000000 13 1 1
0.000000 14 1 1
0.000000 15 1 1
0.000000 16 1 1
0.000000 17 1 1
0.000000 18 1 1
0.000000 19 1 1
0.000000 20 1 1
0.000000 21 1 1
0.000000 22 1 1
0.000000 23 1 1
0.000000 24 1 1
0.000000 25 1 1
0.000000 26 1 1
0.000000 27 1 1
0.000000 28 1 1
0.000000 29 1 1
0.000000 30 1 1
0.000000 31 1 1
0.000000 32 1 1
0.000000 33 1 1
0.000000 34 1 1
0.000000 35 1 1
0.000000 36 1 1
0.000000 37 1 1
0.000000 38 1 1
0.000000 39 1 1
0.000000 40 1 1
0.000000 41 1 1
0.000000 42 1 1
0.000000 43 1 1
0.000000 44 1 1
0.000000 45 1 1
0.000000 47 1 1
0.000000 48 1 1
0.000000 49 1 1
0.000000 50 1 1
0.000000 51 1 1
0.000000 52 1 1
0.000000 53 1 1
0.000000 54 1 1
0.000000 55 1 1
0.000000 56 1 1
0.000000 57 1 1
0.000000 58 1 1
0.000000 59 1 1
0.000000 60 1 1
0.000000 61 1 1
0.000000 62 1 1
0.000000 63 1 1
0.000000 64 1 1
0.000000 65 1 1
0.000000 66 1 1
0.000000 68 1 1
0.000000 69 1 1
0.000000 70 1 1
0.000000 71 1 1
0.000000 72 1 1
0.000000 73 1 1
0.000000 74 1 1
0.000000 76 1 1
0.000000 77 1 1
0.000000 78 1 1
0.000000 79 1 1
0.000000 80 1 1
0.000000 81 1 1
0.000000 82 1 1
0.000000 83 1 1
0.000000 84 1 1
0.000000 85 1 1
0.000000 86 1 1
0.000000 87 1 1
0.000000 88 1 1
0.000000 89 1 1
0.000000 90 1 1
0.000000 91 1 1
0.000000 92 1 1
0.000000 93 1 1
0.000000 94 1 1
0.000000 95 1 1
0.000000 96 1 1
0.000000 97 1 1
0.000000 98 1 1
0.000000 99 1 1
0.000000 100 1 1
0.000000 101 1 1
0.000000 102 1 1
0.000000 103 1 1
0.000000 104 1 1
0.000000 105 1 1
0.000000 106 1 1
0.000000 107 1 1
0.000000 108 1 1
0.000000 109 1 1
1.000031 0 1 1
1.000031 1 2 2
1.000031 2 1 1
1.000031 3 2 2
1.000031 4 1 1
1.000031 5 1 1
1.000031 6 2 2
1.000031 7 2 2
1.000031 8 2 2
1.000031 9 2 2
1.000031 10 2 2
1.000031 11 2 2
1.000031 12 2 2
1.000031 13 2 2
1.000031 14 1 1
1.000031 15 2 2
1.000031 16 1 1
1.000031 17 2 2
1.000031 18 2 2
1.000031 19 2 2
1.000031 20 2 2
1.000031 21 2 2
1.000031 22 2 2
1.000031 23 2 2
1.000031 24 1 1
1.000031 25 1 1
1.000031 26 2 2
1.000031 27 1 1
1.000031 28 2 2
1.000031 29 2 2
1.000031 30 1 1
1.000031 31 2 2
1.000031 32 2 2
1.000031 33 2 2
1.000031 34 2 2
1.000031 35 2 2
1.000031 36 2 2
1.000031 37 1 1
1.000031 38 2 2
1.000031 39 2 2
1.000031 40 1 1
1.000031 41 2 2
1.000031 42 1 1
1.000031 43 1 1
1.000031 44 1 1
1.000031 45 1 1
1.000031 47 1 1
1.000031 48 1 1
1.000031 49 2 2
1.000031 50 1 1
1.000031 51 1 1
1.000031 52 1 1
1.000031 53 2 2
1.000031 54 1 1
1.000031 55 1 1
1.000031 56 2 2
1.000031 57 2 2
1.000031 58 2 2
1.000031 59 1 1
1.000031 60 2 2
1.000031 61 1 1
1.000031 62 1 1
1.000031 63 2 2
1.000031 64 1 1
1.000031 65 2 2
1.000031 66 1 1
1.000031 68 2 2
1.000031 69 2 2
1.000031 70 1 1
1.000031 71 1 1
1.000031 72 1 1
1.000031 73 1 1
1.000031 74 1 1
1.000031 76 1 1
1.000031 77 1 1
1.000031 78 1 1
1.000031 79 1 1
1.000031 80 1 1
1.000031 81 2 2
1.000031 82 2 2
1.000031 83 2 2
1.000031 84 1 1
1.000031 85 1 1
1.000031 86 2 2
1.000031 87 2 2
1.000031 88 2 2
1.000031 89 1 1
1.000031 90 2 2
1.000031 91 1 1
1.000031 92 2 2
1.000031 93 1 1
1.000031 94 1 1
1.000031 95 2 2
1.000031 96 1 1
1.000031 97 2 2
1.000031 98 2 2
1.000031 99 1 1
1.000031 100 2 2
1.000031 101 2 2
1.000031 102 1 1
1.000031 103 1 1
1.000031 104 1 1
1.000031 105 2 2
1.000031 106 2 2
1.000031 107 2 2
1.000031 108 2 2
1.000031 109 2 2
2.000061 0 2 2
2.000061 1 2 2
2.000061 2 2 2
2.000061 3 2 2
2.000061 4 2 2
2.000061 5 2 2
2.000061 6 2 2
2.000061 7 2 2
2.000061 8 3 3
2.000061 9 2 2
2.000061 10 2 2
2.000061 11 3 3
2.000061 12 2 2
2.000061 13 2 2
2.000061 14 2 2
2.000061 15 2 2
2.000061 16 2 2
2.000061 17 2 2
2.000061 18 2 2
2.000061 19 2 2
2.000061 20 2 2
2.000061 21 2 2
2.000061 22 2 2
2.000061 23 2 2
2.000061 24 2 2
2.000061 25 2 2
2.000061 26 2 2
2.000061 27 2 2
2.000061 28 2 2
2.000061 29 2 2
2.000061 30 2 2
2.000061 31 2 2
2.000061 32 2 2
2.000061 33 3 3
2.000061 34 2 2
2.000061 35 2 2
2.000061 36 2 2
2.000061 37 2 2
2.000061 38 2 2
2.000061 39 2 2
2.000061 40 2 2
2.000061 41 2 2
2.000061 42 2 2
2.000061 43 2 2
2.000061 44 2 2
2.000061 45 2 2
2.000061 47 2 2
2.000061 48 2 2
2.000061 49 2 2
2.000061 50 2 2
2.000061 51 2 2
2.000061 52 2 2
2.000061 53 2 2
2.000061 54 2 2
2.000061 55 2 2
2.000061 56 2 2
2.000061 57 3 3
2.000061 58 3 3
2.000061 59 2 2
2.000061 60 2 2
2.000061 61 2 2
2.000061 62 2 2
2.000061 63 3 3
2.000061 64 2 2
2.000061 65 2 2
2.000061 66 2 2
2.000061 68 2 2
2.000061 69 2 2
2.000061 70 2 2
2.000061 71 2 2
2.000061 72 2 2
2.000061 73 2 2
2.000061 74 2 2
2.000061 76 2 2
2.000061 77 2 2
2.000061 78 2 2
2.000061 79 2 2
2.000061 80 2 2
2.000061 81 2 2
2.000061 82 2 2
2.000061 83 3 3
2.000061 84 2 2
2.000061 85 2 2
2.000061 86 2 2
2.000061 87 2 2
2.000061 88 2 2
2.000061 89 2 2
2.000061 90 2 2
2.000061 91 2 2
2.000061 92 2 2
2.000061 93 2 2
2.000061 94 2 2
2.000061 95 2 2
2.000061 96 2 2
2.000061 97 2 2
2.000061 98 2 2
2.000061 99 2 2
2.000061 100 2 2
2.000061 101 2 2
2.000061 102 2 2
2.000061 103 3 3
2.000061 104 2 2
2.000061 105 2 2
2.000061 106 3 3
2.000061 107 2 2
2.000061 108 2 2
2.000061 109 2 2
3.000092 0 3 3
3.000092 1 4 4
3.000092 2 4 4
3.000092 3 4 4
3.000092 4 3 3
3.000092 5 4 4
3.000092 6 4 4
3.000092 7 4 4
3.000092 8 5 5
3.000092 9 4 4
3.000092 10 4 4
3.000092 11 5 5
3.000092 12 4 4
3.000092 13 4 4
3.000092 14 4 4
3.000092 15 4 4
3.000092 16 4 4
3.000092 17 4 4
3.000092 18 4 4
3.000092 19 3 3
3.000092 20 4 4
3.000092 21 4 4
3.000092 22 4 4
3.000092 23 4 4
3.000092 24 4 4
3.000092 25 4 4
3.000092 26 4 4
3.000092 27 3 3
3.000092 28 4 4
3.000092 29 3 3
3.000092 30 4 4
3.000092 31 4 4
3.000092 32 4 4
3.000092 33 5 5
3.000092 34 4 4
3.000092 35 4 4
3.000092 36 4 4
3.000092 37 4 4
3.000092 38 4 4
3.000092 39 4 4
3.000092 40 3 3
3.000092 41 4 4
3.000092 42 4 4
3.000092 43 4 4
3.000092 44 4 4
3.000092 45 4 4
3.000092 47 4 4
3.000092 48 3 3
3.000092 49 3 3
3.000092 50 4 4
3.000092 51 4 4
3.000092 52 4 4
3.000092 53 4 4
3.000092 54 3 3
3.000092 55 4 4
3.000092 56 4 4
3.000092 57 4 4
3.000092 58 4 4
3.000092 59 4 4
3.000092 60 4 4
3.000092 61 4 4
3.000092 62 3 3
3.000092 63 4 4
3.000092 64 4 4
3.000092 65 4 4
3.000092 66 4 4
3.000092 68 4 4
3.000092 69 4 4
3.000092 70 4 4
3.000092 71 4 4
3.000092 72 3 3
3.000092 73 4 4
3.000092 74 4 4
3.000092 76 4 4
3.000092 77 3 3
3.000092 78 4 4
3.000092 79 4 4
3.000092 80 4 4
3.000092 81 4 4
3.000092 82 4 4
3.000092 83 5 5
3.000092 84 4 4
3.000092 85 4 4
3.000092 86 4 4
3.000092 87 4 4
3.000092 88 4 4
3.000092 89 3 3
3.000092 90 4 4
3.000092 91 4 4
3.000092 92 4 4
3.000092 93 4 4
3.000092 94 4 4
3.000092 95 4 4
3.000092 96 4 4
3.000092 97 4 4
3.000092 98 5 5
3.000092 99 4 4
3.000092 100 4 4
3.000092 101 4 4
3.000092 102 4 4
3.000092 103 5 5
3.000092 104 4 4
3.000092 105 4 4
3.000092 106 4 4
3.000092 107 4 4
3.000092 108 4 4
3.000092 109 4 4
4.000122 0 6 6
4.000122 1 4 4
4.000122 2 4 4
4.000122 3 8 8
4.000122 4 6 6
4.000122 5 5 5
4.000122 6 6 6
4.000122 7 7 7
4.000122 8 6 6
4.000122 9 7 7
4.000122 10 6 6
4.000122 11 6 6
4.000122 12 5 5
4.000122 13 6 6
4.000122 14 5 5
4.000122 15 8 8
4.000122 16 5 5
4.000122 17 8 8
4.000122 18 8 8
4.000122 19 6 6
4.000122 20 6 6
4.000122 21 6 6
4.000122 22 7 7
4.000122 23 8 8
4.000122 24 5 5
4.000122 25 4 4
4.000122 26 7 7
4.000122 27 4 4
4.000122 28 7 7
4.000122 29 6 6
4.000122 30 4 4
4.000122 31 7 7
4.000122 32 4 4
4.000122 33 9 9
4.000122 34 7 7
4.000122 35 7 7
4.000122 36 5 5
4.000122 37 4 4
4.000122 38 6 6
4.000122 39 5 5
4.000122 40 4 4
4.000122 41 6 6
4.000122 42 5 5
4.000122 43 4 4
4.000122 44 6 6
4.000122 45 6 6
4.000122 47 4 4
4.000122 48 4 4
4.000122 49 6 6
4.000122 50 4 4
4.000122 51 6 6
4.000122 52 6 6
4.000122 53 7 7
4.000122 54 5 5
4.000122 55 4 4
4.000122 56 6 6
4.000122 57 8 8
4.000122 58 8 8
4.000122 59 5 5
4.000122 60 8 8
4.000122 61 5 5
4.000122 62 5 5
4.000122 63 8 8
4.000122 64 8 8
4.000122 65 7 7
4.000122 66 7 7
4.000122 68 6 6
4.000122 69 7 7
4.000122 70 4 4
4.000122 71 4 4
4.000122 72 5 5
4.000122 73 5 5
4.000122 74 4 4
4.000122 76 5 5
4.000122 77 6 6
4.000122 78 5 5
4.000122 79 4 4
4.000122 80 5 5
4.000122 81 6 6
4.000122 82 6 6
4.000122 83 9 9
4.000122 84 5 5
4.000122 85 4 4
4.000122 86 6 6
4.000122 87 7 7
4.000122 88 6 6
4.000122 89 6 6
4.000122 90 6 6
4.000122 91 4 4
4.000122 92 8 8
4.000122 93 6 6
4.000122 94 4 4
4.000122 95 7 7
4.000122 96 6 6
4.000122 97 7 7
4.000122 98 9 9
4.000122 99 7 7
4.000122 100 5 5
4.000122 101 7 7
4.000122 102 6 6
4.000122 103 8 8
4.000122 104 6 6
4.000122 105 7 7
4.000122 106 5 5
4.000122 107 5 5
4.000122 108 6 6
4.000122 109 7 7
5.000153 0 8 8
5.000153 1 10 10
5.000153 2 9 9
5.000153 3 8 8
5.000153 4 10 10
5.000153 5 8 8
5.000153 6 11 11
5.000153 7 8 8
5.000153 8 12 12
5.000153 9 10 10
5.000153 10 8 8
5.000153 11 11 11
5.000153 12 8 8
5.000153 13 8 8
5.000153 14 8 8
5.000153 15 10 10
5.000153 16 8 8
5.000153 17 11 11
5.000153 18 10 10
5.000153 19 10 10
5.000153 20 9 9
5.000153 21 8 8
5.000153 22 10 10
5.000153 23 11 11
5.000153 24 8 8
5.000153 25 8 8
5.000153 26 9 9
5.000153 27 8 8
5.000153 28 9 9
5.000153 29 9 9
5.000153 30 8 8
5.000153 31 10 10
5.000153 32 8 8
5.000153 33 14 14
5.000153 34 11 11
5.000153 35 9 9
5.000153 36 7 7
5.000153 37 8 8
5.000153 38 8 8
5.000153 39 8 8
5.000153 40 8 8
5.000153 41 10 10
5.000153 42 8 8
5.000153 43 8 8
5.000153 44 8 8
5.000153 45 8 8
5.000153 47 8 8
5.000153 48 8 8
5.000153 49 11 11
5.000153 50 8 8
5.000153 51 10 10
5.000153 52 8 8
5.000153 53 9 9
5.000153 54 7 7
5.000153 55 8 8
5.000153 56 8 8
5.000153 57 14 14
5.000153 58 10 10
5.000153 59 8 8
5.000153 60 11 11
5.000153 61 8 8
5.000153 62 9 9
5.000153 63 10 10
5.000153 64 8 8
5.000153 65 10 10
5.000153 66 10 10
5.000153 68 11 11
5.000153 69 9 9
5.000153 70 8 8
5.000153 71 8 8
5.000153 72 8 8
5.000153 73 8 8
5.000153 74 8 8
5.000153 76 8 8
5.000153 77 9 9
5.000153 78 8 8
5.000153 79 8 8
5.000153 80 8 8
5.000153 81 9 9
5.000153 82 9 9
5.000153 83 15 15
5.000153 84 8 8
5.000153 85 8 8
5.000153 86 8 8
5.000153 87 10 10
5.000153 88 10 10
5.000153 89 7 7
5.000153 90 9 9
5.000153 91 8 8
5.000153 92 10 10
5.000153 93 8 8
5.000153 94 8 8
5.000153 95 9 9
5.000153 96 11 11
5.000153 97 10 10
5.000153 98 11 11
5.000153 99 10 10
5.000153 100 10 10
5.000153 101 9 9
5.000153 102 8 8
5.000153 103 11 11
5.000153 104 10 10
5.000153 105 10 10
5.000153 106 9 9
5.000153 107 9 9
5.000153 108 8 8
5.000153 109 8 8
6.000183 0 14 14
6.000183 1 16 16
6.000183 2 14 14
6.000183 3 16 16
6.000183 4 14 14
6.000183 5 14 14
6.000183 6 16 16
6.000183 7 16 16
6.000183 8 17 17
6.000183 9 15 15
6.000183 10 15 15
6.000183 11 17 17
6.000183 12 15 15
6.000183 13 13 13
6.000183 14 11 11
6.000183 15 18 18
6.000183 16 13 13
6.000183 17 16 16
6.000183 18 16 16
6.000183 19 16 16
6.000183 20 16 16
6.000183 21 16 16
6.000183 22 14 14
6.000183 23 17 17
6.000183 24 15 15
6.000183 25 13 13
6.000183 26 16 16
6.000183 27 13 13
6.000183 28 16 16
6.000183 29 15 15
6.000183 30 11 11
6.000183 31 16 16
6.000183 32 14 14
6.000183 33 24 24
6.000183 34 16 16
6.000183 35 17 17
6.000183 36 10 10
6.000183 37 12 12
6.000183 38 14 14
6.000183 39 14 14
6.000183 40 12 12
6.000183 41 16 16
6.000183 42 15 15
6.000183 43 14 14
6.000183 44 14 14
6.000183 45 15 15
6.000183 47 12 12
6.000183 48 14 14
6.000183 49 16 16
6.000183 50 15 15
6.000183 51 17 17
6.000183 52 16 16
6.000183 53 16 16
6.000183 54 12 12
6.000183 55 13 13
6.000183 56 16 16
6.000183 57 18 18
6.000183 58 18 18
6.000183 59 16 16
6.000183 60 17 17
6.000183 61 15 15
6.000183 62 14 14
6.000183 63 17 17
6.000183 64 16 16
6.000183 65 17 17
6.000183 66 17 17
6.000183 68 13 13
6.000183 69 15 15
6.000183 70 13 13
6.000183 71 16 16
6.000183 72 15 15
6.000183 73 16 16
6.000183 74 14 14
6.000183 76 16 16
6.000183 77 14 14
6.000183 78 14 14
6.000183 79 14 14
6.000183 80 14 14
6.000183 81 15 15
6.000183 82 16 16
6.000183 83 23 23
6.000183 84 14 14
6.000183 85 16 16
6.000183 86 15 15
6.000183 87 16 16
6.000183 88 16 16
6.000183 89 12 12
6.000183 90 16 16
6.000183 91 15 15
6.000183 92 18 18
6.000183 93 15 15
6.000183 94 12 12
6.000183 95 16 16
6.000183 96 14 14
6.000183 97 17 17
6.000183 98 19 19
6.000183 99 16 16
6.000183 100 16 16
6.000183 101 15 15
6.000183 102 16 16
6.000183 103 17 17
6.000183 104 17 17
6.000183 105 16 16
6.000183 106 15 15
6.000183 107 16 16
6.000183 108 10 10
6.000183 109 16 16
7.000214 0 24 24
7.000214 1 20 20
7.000214 2 19 19
7.000214 3 28 28
7.000214 4 24 24
7.000214 5 21 21
7.000214 6 23 23
7.000214 7 28 28
7.000214 8 31 31
7.000214 9 25 25
7.000214 10 24 24
7.000214 11 27 27
7.000214 12 22 22
7.000214 13 23 23
7.000214 14 21 21
7.000214 15 29 29
7.000214 16 22 22
7.000214 17 29 29
7.000214 18 29 29
7.000214 19 24 24
7.000214 20 26 26
7.000214 21 24 24
7.000214 22 26 26
7.000214 23 30 30
7.000214 24 21 21
7.000214 25 19 19
7.000214 26 26 26
7.000214 27 16 16
7.000214 28 29 29
7.000214 29 24 24
7.000214 30 19 19
7.000214 31 28 28
7.000214 32 23 23
7.000214 33 33 33
7.000214 34 25 25
7.000214 35 28 28
7.000214 36 20 20
7.000214 37 17 17
7.000214 38 23 23
7.000214 39 18 18
7.000214 40 18 18
7.000214 41 26 26
7.000214 42 23 23
7.000214 43 19 19
7.000214 44 20 20
7.000214 45 26 26
7.000214 47 19 19
7.000214 48 19 19
7.000214 49 24 24
7.000214 50 19 19
7.000214 51 27 27
7.000214 52 26 26
7.000214 53 26 26
7.000214 54 22 22
7.000214 55 19 19
7.000214 56 21 21
7.000214 57 34 34
7.000214 58 28 28
7.000214 59 22 22
7.000214 60 29 29
7.000214 61 21 21
7.000214 62 18 18
7.000214 63 30 30
7.000214 64 30 30
7.000214 65 29 29
7.000214 66 29 29
7.000214 68 23 23
7.000214 69 27 27
7.000214 70 18 18
7.000214 71 25 25
7.000214 72 22 22
7.000214 73 21 21
7.000214 74 19 19
7.000214 76 21 21
7.000214 77 23 23
7.000214 78 19 19
7.000214 79 20 20
7.000214 80 23 23
7.000214 81 24 24
7.000214 82 24 24
7.000214 83 33 33
7.000214 84 22 22
7.000214 85 20 20
7.000214 86 27 27
7.000214 87 27 27
7.000214 88 24 24
7.000214 89 19 19
7.000214 90 25 25
7.000214 91 21 21
7.000214 92 29 29
7.000214 93 20 20
7.000214 94 23 23
7.000214 95 27 27
7.000214 96 24 24
7.000214 97 28 28
7.000214 98 32 32
7.000214 99 25 25
7.000214 100 23 23
7.000214 101 25 25
7.000214 102 26 26
7.000214 103 29 29
7.000214 104 26 26
7.000214 105 26 26
7.000214 106 25 25
7.000214 107 23 23
7.000214 108 10 10
7.000214 109 23 23
8.000244 0 32 32
8.000244 1 36 36
8.000244 2 34 34
8.000244 3 38 38
8.000244 4 38 38
8.000244 5 36 36
8.000244 6 16 16
8.000244 7 37 37
8.000244 8 46 46
8.000244 9 40 40
8.000244 10 33 33
8.000244 11 43 43
8.000244 12 35 35
8.000244 13 34 34
8.000244 14 32 32
8.000244 15 47 47
8.000244 16 32 32
8.000244 17 24 24
8.000244 18 48 48
8.000244 19 38 38
8.000244 20 36 36
8.000244 21 36 36
8.000244 22 40 40
8.000244 23 45 45
8.000244 24 33 33
8.000244 25 31 31
8.000244 26 37 37
8.000244 27 23 23
8.000244 28 40 40
8.000244 29 36 36
8.000244 30 32 32
8.000244 31 42 42
8.000244 32 33 33
8.000244 33 54 54
8.000244 34 43 43
8.000244 35 38 38
8.000244 36 14 14
8.000244 37 30 30
8.000244 38 35 35
8.000244 39 31 31
8.000244 40 30 30
8.000244 41 43 43
8.000244 42 36 36
8.000244 43 31 31
8.000244 44 10 10
8.000244 45 41 41
8.000244 47 31 31
8.000244 48 33 33
8.000244 49 40 40
8.000244 50 34 34
8.000244 51 42 42
8.000244 52 37 37
8.000244 53 42 42
8.000244 54 33 33
8.000244 55 31 31
8.000244 56 33 33
8.000244 57 53 53
8.000244 58 46 46
8.000244 59 33 33
8.000244 60 42 42
8.000244 61 35 35
8.000244 62 32 32
8.000244 63 44 44
8.000244 64 39 39
8.000244 65 40 40
8.000244 66 39 39
8.000244 68 43 43
8.000244 69 37 37
8.000244 70 30 30
8.000244 71 34 34
8.000244 72 31 31
8.000244 73 37 37
8.000244 74 34 34
8.000244 76 37 37
8.000244 77 37 37
8.000244 78 33 33
8.000244 79 33 33
8.000244 80 34 34
8.000244 81 42 42
8.000244 82 37 37
8.000244 83 32 32
8.000244 84 35 35
8.000244 85 30 30
8.000244 86 36 36
8.000244 87 41 41
8.000244 88 36 36
8.000244 89 29 29
8.000244 90 39 39
8.000244 91 33 33
8.000244 92 41 41
8.000244 93 27 27
8.000244 94 32 32
8.000244 95 40 40
8.000244 96 43 43
8.000244 97 38 38
8.000244 98 48 48
8.000244 99 37 37
8.000244 100 37 37
8.000244 101 36 36
8.000244 102 39 39
8.000244 103 47 47
8.000244 104 35 35
8.000244 105 43 43
8.000244 106 38 38
8.000244 107 38 38
8.000244 109 36 36
9.000275 0 54 54
9.000275 1 62 62
9.000275 2 58 58
9.000275 3 64 64
9.000275 4 57 57
9.000275 5 55 55
9.000275 7 63 63
9.000275 8 73 73
9.000275 9 64 64
9.000275 10 58 58
9.000275 11 67 67
9.000275 12 22 22
9.000275 13 55 55
9.000275 14 51 51
9.000275 15 76 76
9.000275 16 54 54
9.000275 18 72 72
9.000275 19 59 59
9.000275 20 63 63
9.000275 21 17 17
9.000275 22 57 57
9.000275 23 72 72
9.000275 24 59 59
9.000275 25 22 22
9.000275 26 62 62
9.000275 28 67 67
9.000275 29 57 57
9.000275 30 47 47
9.000275 31 64 64
9.000275 32 59 59
9.000275 33 17 17
9.000275 34 65 65
9.000275 35 63 63
9.000275 37 48 48
9.000275 38 58 58
9.000275 40 48 48
9.000275 41 60 60
9.000275 42 57 57
9.000275 43 54 54
9.000275 45 63 63
9.000275 47 50 50
9.000275 48 55 55
9.000275 49 63 63
9.000275 50 56 56
9.000275 51 67 67
9.000275 52 59 59
9.000275 53 64 64
9.000275 54 53 53
9.000275 55 50 50
9.000275 56 61 61
9.000275 57 81 81
9.000275 58 52 52
9.000275 59 57 57
9.000275 60 70 70
9.000275 61 59 59
9.000275 62 53 53
9.000275 63 71 71
9.000275 64 65 65
9.000275 65 10 10
9.000275 66 67 67
9.000275 68 63 63
9.000275 69 66 66
9.000275 70 52 52
9.000275 71 60 60
9.000275 72 45 45
9.000275 73 55 55
9.000275 74 61 61
9.000275 76 11 11
9.000275 77 60 60
9.000275 78 53 53
9.000275 79 52 52
9.000275 80 57 57
9.000275 81 23 23
9.000275 82 60 60
9.000275 84 57 57
9.000275 86 61 61
9.000275 87 67 67
9.000275 88 64 64
9.000275 89 44 44
9.000275 90 66 66
9.000275 91 56 56
9.000275 92 69 69
9.000275 94 54 54
9.000275 95 62 62
9.000275 96 67 67
9.000275 97 68 68
9.000275 98 78 78
9.000275 99 65 65
9.000275 100 68 68
9.000275 101 62 62
9.000275 102 63 63
9.000275 103 76 76
9.000275 104 64 64
9.000275 105 2 2
9.000275 106 15 15
9.000275 107 68 68
9.000275 109 7 7
10.000305 0 87 87
10.000305 1 87 87
10.000305 2 83 83
10.000305 5 92 92
10.000305 7 90 90
10.000305 8 115 115
10.000305 9 98 98
10.000305 10 91 91
10.000305 11 40 40
10.000305 13 88 88
10.000305 14 49 49
10.000305 15 59 59
10.000305 16 83 83
10.000305 18 112 112
10.000305 20 1 1
10.000305 23 95 95
10.000305 24 92 92
10.000305 26 100 100
10.000305 28 108 108
10.000305 29 5 5
10.000305 30 82 82
10.000305 31 111 111
10.000305 32 86 86
10.000305 35 109 109
10.000305 37 71 71
10.000305 38 93 93
10.000305 40 73 73
10.000305 42 92 92
10.000305 43 78 78
10.000305 45 100 100
10.000305 47 74 74
10.000305 48 80 80
10.000305 49 94 94
10.000305 50 86 86
10.000305 53 101 101
10.000305 55 77 77
10.000305 57 131 131
10.000305 59 79 79
10.000305 60 111 111
10.000305 61 97 97
10.000305 62 2 2
10.000305 63 115 115
10.000305 64 117 117
10.000305 66 8 8
10.000305 69 109 109
10.000305 70 81 81
10.000305 71 94 94
10.000305 77 92 92
10.000305 78 77 77
10.000305 79 82 82
10.000305 82 96 96
10.000305 84 85 85
10.000305 86 92 92
10.000305 87 109 109
10.000305 88 96 96
10.000305 89 78 78
10.000305 90 54 54
10.000305 92 121 121
10.000305 94 78 78
10.000305 95 106 106
10.000305 96 101 101
10.000305 97 105 105
10.000305 98 59 59
10.000305 99 102 102
10.000305 100 97 97
10.000305 101 102 102
10.000305 103 123 123
10.000305 104 101 101
11.000336 0 140 140
11.000336 1 119 119
11.000336 2 137 137
11.000336 5 147 147
11.000336 8 190 190
11.000336 10 141 141
11.000336 13 133 133
11.000336 16 83 83
11.000336 18 196 196
11.000336 24 140 140
11.000336 28 20 20
11.000336 30 55 55
11.000336 31 107 107
11.000336 32 133 133
11.000336 35 165 165
11.000336 37 123 123
11.000336 38 70 70
11.000336 40 124 124
11.000336 43 129 129
11.000336 45 113 113
11.000336 47 121 121
11.000336 48 130 130
11.000336 49 2 2
11.000336 50 135 135
11.000336 53 165 165
11.000336 55 129 129
11.000336 60 186 186
11.000336 61 153 153
11.000336 63 180 180
11.000336 64 171 171
11.000336 69 168 168
11.000336 70 45 45
11.000336 71 17 17
11.000336 78 131 131
11.000336 79 126 126
11.000336 82 110 110
11.000336 84 139 139
11.000336 86 7 7
11.000336 87 165 165
11.000336 88 148 148
11.000336 89 33 33
11.000336 92 176 176
11.000336 95 163 163
11.000336 96 171 171
11.000336 97 168 168
11.000336 99 22 22
11.000336 100 53 53
11.000336 101 19 19
11.000336 103 197 197
11.000336 104 25 25
12.000366 0 222 222
12.000366 2 231 231
12.000366 5 74 74
12.000366 8 35 35
12.000366 10 121 121
12.000366 13 224 224
12.000366 18 254 254
12.000366 24 176 176
12.000366 32 223 223
12.000366 35 266 266
12.000366 37 197 197
12.000366 40 185 185
12.000366 43 203 203
12.000366 47 62 62
12.000366 48 192 192
12.000366 50 146 146
12.000366 53 265 265
12.000366 55 14 14
12.000366 60 208 208
12.000366 61 230 230
12.000366 63 200 200
12.000366 64 272 272
12.000366 78 212 212
12.000366 79 208 208
12.000366 84 222 222
12.000366 87 16 16
12.000366 88 249 249
12.000366 92 280 280
12.000366 95 255 255
12.000366 96 271 271
12.000366 97 267 267
12.000366 103 9 9
13.000397 0 356 356
13.000397 2 354 354
13.000397 5 22 22
13.000397 10 3 3
13.000397 13 201 201
13.000397 18 97 97
13.000397 24 9 9
13.000397 32 348 348
13.000397 35 436 436
13.000397 37 300 300
13.000397 40 194 194
13.000397 43 81 81
13.000397 48 12 12
13.000397 50 7 7
13.000397 53 357 357
13.000397 60 50 50
13.000397 61 200 200
13.000397 63 17 17
13.000397 64 431 431
13.000397 78 307 307
13.000397 79 205 205
13.000397 84 282 282
13.000397 88 390 390
13.000397 92 283 283
13.000397 95 225 225
13.000397 96 431 431
13.000397 97 429 429
14.000427 0 488 488
14.000427 2 405 405
14.000427 13 20 20
14.000427 18 6 6
14.000427 32 534 534
14.000427 35 673 673
14.000427 37 369 369
14.000427 40 56 56
14.000427 43 55 55
14.000427 53 326 326
14.000427 61 14 14
14.000427 64 394 394
14.000427 78 93 93
14.000427 79 178 178
14.000427 84 160 160
14.000427 88 597 597
14.000427 92 128 128
14.000427 95 123 123
14.000427 96 684 684
14.000427 97 672 672
15.000458 0 703 703
15.000458 2 357 357
15.000458 32 665 665
15.000458 35 747 747
15.000458 37 223 223
15.000458 43 3 3
15.000458 53 261 261
15.000458 64 351 351
15.000458 78 1 1
15.000458 79 58 58
15.000458 84 12 12
15.000458 88 597 597
15.000458 92 16 16
15.000458 95 39 39
15.000458 96 1083 1083
15.000458 97 930 930
16.000488 0 755 755
16.000488 2 324 324
16.000488 32 730 730
16.000488 35 650 650
16.000488 37 52 52
16.000488 53 241 241
16.000488 64 279 279
16.000488 79 16 16
16.000488 88 488 488
16.000488 96 1495 1495
16.000488 97 985 985
17.000519 0 860 860
17.000519 2 262 262
17.000519 32 769 769
17.000519 35 544 544
17.000519 37 30 30
17.000519 53 179 179
17.000519 64 235 235
17.000519 88 407 407
17.000519 96 1635 1635
17.000519 97 1048 1048
18.000549 0 931 931
18.000549 2 225 225
18.000549 32 859 859
18.000549 35 492 492
18.000549 37 22 22
18.000549 53 121 121
18.000549 64 280 280
18.000549 88 259 259
18.000549 96 1825 1825
18.000549 97 1012 1012
19.000580 0 992 992
19.000580 2 229 229
19.000580 32 858 858
19.000580 35 522 522
19.000580 37 16 16
19.000580 53 107 107
19.000580 64 332 332
19.000580 88 126 126
19.000580 96 1855 1855
19.000580 97 1003 1003
20.000610 0 1022 1022
20.000610 2 263 263
20.000610 32 826 826
20.000610 35 505 505
20.000610 53 99 99
20.000610 64 355 355
20.000610 88 63 63
20.000610 96 1884 1884
20.000610 97 969 969
21.000641 0 1163 1163
21.000641 2 238 238
21.000641 32 766 766
21.000641 35 479 479
21.000641 53 33 33
21.000641 64 397 397
21.000641 88 31 31
21.000641 96 1866 1866
21.000641 97 1025 1025
22.000671 0 1205 1205
22.000671 2 234 234
22.000671 32 727 727
22.000671 35 428 428
22.000671 64 402 402
22.000671 96 1934 1934
22.000671 97 1089 1089
23.000702 0 1201 1201
23.000702 2 242 242
23.000702 32 762 762
23.000702 35 375 375
23.000702 64 398 398
23.000702 96 1886 1886
23.000702 97 1127 1127
24.000732 0 1271 1271
24.000732 2 194 194
24.000732 32 748 748
24.000732 35 392 392
24.000732 64 404 404
24.000732 96 1882 1882
24.000732 97 1135 1135
25.000763 0 1272 1272
25.000763 2 150 150
25.000763 32 831 831
25.000763 35 417 417
25.000763 64 308 308
25.000763 96 1897 1897
25.000763 97 1144 1144
26.000793 0 1296 1296
26.000793 2 74 74
26.000793 32 875 875
26.000793 35 373 373
26.000793 64 214 214
26.000793 96 1986 1986
26.000793 97 1139 1139
27.000824 0 1407 1407
27.000824 2 36 36
27.000824 32 920 920
27.000824 35 374 374
27.000824 64 182 182
27.000824 96 1935 1935
27.000824 97 1137 1137
28.000854 0 1452 1452
28.000854 32 923 923
28.000854 35 368 368
28.000854 64 189 189
28.000854 96 1864 1864
28.000854 97 1143 1143
29.000885 0 1482 1482
29.000885 32 894 894
29.000885 35 381 381
29.000885 64 169 169
29.000885 96 1922 1922
29.000885 97 1123 1123
30.000916 0 1447 1447
30.000916 32 944 944
30.000916 35 306 306
30.000916 64 110 110
30.000916 96 2075 2075
30.000916 97 1161 1161
31.000946 0 1413 1413
31.000946 32 944 944
31.000946 35 274 274
31.000946 64 52 52
31.000946 96 2170 2170
31.000946 97 1159 1159
32.000977 0 1387 1387
32.000977 32 986 986
32.000977 35 193 193
32.000977 64 12 12
32.000977 96 2292 2292
32.000977 97 1135 1135
33.001007 0 1267 1267
33.001007 32 1126 1126
33.001007 35 115 115
33.001007 96 2401 2401
33.001007 97 1100 1100
34.001038 0 1183 1183
34.001038 32 1191 1191
34.001038 35 68 68
34.001038 96 2484 2484
34.001038 97 1056 1056
35.001068 0 1142 1142
35.001068 32 1291 1291
35.001068 35 39 39
35.001068 96 2556 2556
35.001068 97 954 954
36.001099 0 1172 1172
36.001099 32 1360 1360
36.001099 35 28 28
36.001099 96 2589 2589
36.001099 97 862 862
37.001129 0 1182 1182
37.001129 32 1349 1349
37.001129 35 28 28
37.001129 96 2624 2624
37.001129 97 816 816
38.001160 0 1236 1236
38.001160 32 1334 1334
38.001160 35 31 31
38.001160 96 2633 2633
38.001160 97 766 766
39.001190 0 1278 1278
39.001190 32 1305 1305
39.001190 35 25 25
39.001190 96 2653 2653
39.001190 97 743 743
40.001221 0 1273 1273
40.001221 32 1373 1373
40.001221 35 15 15
40.001221 96 2666 2666
40.001221 97 708 708
41.001251 0 1266 1266
41.001251 32 1332 1332
41.001251 96 2682 2682
41.001251 97 694 694
42.001282 0 1236 1236
42.001282 32 1285 1285
42.001282 96 2813 2813
42.001282 97 681 681
43.001312 0 1197 1197
43.001312 32 1209 1209
43.001312 96 2884 2884
43.001312 97 737 737
44.001343 0 1183 1183
44.001343 32 1066 1066
44.001343 96 2903 2903
44.001343 97 789 789
45.001373 0 1190 1190
45.001373 32 1015 1015
45.001373 96 2961 2961
45.001373 97 832 832
46.001404 0 1223 1223
46.001404 32 1021 1021
46.001404 96 2918 2918
46.001404 97 843 843
47.001434 0 1280 1280
47.001434 32 1025 1025
47.001434 96 2851 2851
47.001434 97 838 838
48.001465 0 1352 1352
48.001465 32 992 992
48.001465 96 2783 2783
48.001465 97 867 867
49.001495 0 1373 1373
49.001495 32 871 871
49.001495 96 2812 2812
49.001495 97 901 901
50.001526 0 1395 1395
50.001526 32 837 837
50.001526 96 2903 2903
50.001526 97 878 878
51.001556 0 1390 1390
51.001556 32 749 749
51.001556 96 2990 2990
51.001556 97 882 882
52.001587 0 1380 1380
52.001587 32 689 689
52.001587 96 3060 3060
52.001587 97 828 828
53.001617 0 1364 1364
53.001617 32 712 712
53.001617 96 3104 3104
53.001617 97 809 809
54.001648 0 1375 1375
54.001648 32 762 762
54.001648 96 3119 3119
54.001648 97 767 767
55.001678 0 1382 1382
55.001678 32 783 783
55.001678 96 3109 3109
55.001678 97 716 716
56.001709 0 1405 1405
56.001709 32 861 861
56.001709 96 3051 3051
56.001709 97 645 645
57.001740 0 1468 1468
57.001740 32 861 861
57.001740 96 2975 2975
57.001740 97 673 673
58.001770 0 1482 1482
58.001770 32 772 772
58.001770 96 3034 3034
58.001770 97 711 711
59.001801 0 1458 1458
59.001801 32 787 787
59.001801 96 3032 3032
59.001801 97 722 722
60.001831 0 1411 1411
60.001831 32 884 884
60.001831 96 3064 3064
60.001831 97 656 656
61.001862 0 1350 1350
61.001862 32 920 920
61.001862 96 3097 3097
61.001862 97 592 592
62.001892 0 1282 1282
62.001892 32 1043 1043
62.001892 96 3128 3128
62.001892 97 492 492
63.001923 0 1169 1169
63.001923 32 1141 1141
63.001923 96 3259 3259
63.001923 97 416 416
64.001953 0 1110 1110
64.001953 32 1271 1271
64.001953 96 3287 3287
64.001953 97 340 340
65.001984 0 1167 1167
65.001984 32 1362 1362
65.001984 96 3104 3104
65.001984 97 284 284
66.002014 0 1246 1246
66.002014 32 1461 1461
66.002014 96 3055 3055
66.002014 97 256 256
67.002045 0 1337 1337
67.002045 32 1524 1524
67.002045 96 2900 2900
67.002045 97 232 232
68.002075 0 1440 1440
68.002075 32 1640 1640
68.002075 96 2746 2746
68.002075 97 178 178
69.002106 0 1478 1478
69.002106 32 1730 1730
69.002106 96 2651 2651
69.002106 97 171 171
70.002136 0 1574 1574
70.002136 32 1751 1751
70.002136 96 2489 2489
70.002136 97 188 188
71.002167 0 1704 1704
71.002167 32 1684 1684
71.002167 96 2410 2410
71.002167 97 210 210
