0.000000 0 1 1
0.000000 1 1 1
0.000000 2 1 1
0.000000 3 1 1
0.000000 4 1 1
0.000000 5 1 1
0.000000 6 1 1
0.000000 7 1 1
0.000000 8 1 1
0.000000 9 1 1
0.000000 10 1 1
0.000000 11 1 1
0.000000 12 1 1
0.000000 13 1 1
0.000000 14 1 1
0.000000 15 1 1
0.000000 16 1 1
0.000000 17 1 1
0.000000 18 1 1
0.000000 19 1 1
0.000000 20 1 1
0.000000 21 1 1
0.000000 22 1 1
0.000000 24 1 1
0.000000 25 1 1
0.000000 26 1 1
0.000000 27 1 1
0.000000 28 1 1
0.000000 30 1 1
0.000000 31 1 1
0.000000 32 1 1
0.000000 33 1 1
0.000000 35 1 1
0.000000 36 1 1
0.000000 37 1 1
0.000000 38 1 1
0.000000 39 1 1
0.000000 40 1 1
0.000000 41 1 1
0.000000 42 1 1
0.000000 43 1 1
0.000000 44 1 1
0.000000 45 1 1
0.000000 47 1 1
0.000000 48 1 1
0.000000 49 1 1
0.000000 50 1 1
0.000000 51 1 1
0.000000 52 1 1
0.000000 53 1 1
0.000000 54 1 1
0.000000 55 1 1
0.000000 56 1 1
0.000000 57 1 1
0.000000 58 1 1
0.000000 60 1 1
0.000000 61 1 1
0.000000 62 1 1
0.000000 63 1 1
0.000000 64 1 1
0.000000 65 1 1
0.000000 66 1 1
0.000000 67 1 1
0.000000 68 1 1
0.000000 69 1 1
0.000000 70 1 1
0.000000 71 1 1
0.000000 72 1 1
0.000000 73 1 1
0.000000 74 1 1
0.000000 75 1 1
0.000000 76 1 1
0.000000 77 1 1
0.000000 78 1 1
0.000000 79 1 1
0.000000 80 1 1
0.000000 81 1 1
0.000000 82 1 1
0.000000 83 1 1
0.000000 84 1 1
0.000000 85 1 1
0.000000 86 1 1
0.000000 87 1 1
0.000000 88 1 1
0.000000 89 1 1
0.000000 90 1 1
0.000000 91 1 1
0.000000 92 1 1
0.000000 94 1 1
0.000000 95 1 1
0.000000 96 1 1
0.000000 97 1 1
0.000000 98 1 1
0.000000 99 1 1
0.000000 100 1 1
0.000000 101 1 1
0.000000 102 1 1
0.000000 103 1 1
0.000000 104 1 1
0.000000 105 1 1
0.000000 107 1 1
0.000000 108 1 1
0.000000 109 1 1
1.000031 0 2 2
1.000031 1 2 2
1.000031 2 2 2
1.000031 3 2 2
1.000031 4 1 1
1.000031 5 2 2
1.000031 6 2 2
1.000031 7 2 2
1.000031 8 2 2
1.000031 9 2 2
1.000031 10 1 1
1.000031 11 1 1
1.000031 12 1 1
1.000031 13 2 2
1.000031 14 1 1
1.000031 15 2 2
1.000031 16 2 2
1.000031 17 2 2
1.000031 18 1 1
1.000031 19 2 2
1.000031 20 1 1
1.000031 21 1 1
1.000031 22 2 2
1.000031 24 1 1
1.000031 25 1 1
1.000031 26 1 1
1.000031 27 1 1
1.000031 28 2 2
1.000031 30 1 1
1.000031 31 2 2
1.000031 32 1 1
1.000031 33 1 1
1.000031 35 1 1
1.000031 36 1 1
1.000031 37 1 1
1.000031 38 1 1
1.000031 39 1 1
1.000031 40 1 1
1.000031 41 2 2
1.000031 42 2 2
1.000031 43 1 1
1.000031 44 2 2
1.000031 45 1 1
1.000031 47 1 1
1.000031 48 1 1
1.000031 49 2 2
1.000031 50 2 2
1.000031 51 2 2
1.000031 52 1 1
1.000031 53 1 1
1.000031 54 1 1
1.000031 55 2 2
1.000031 56 2 2
1.000031 57 1 1
1.000031 58 2 2
1.000031 60 1 1
1.000031 61 1 1
1.000031 62 2 2
1.000031 63 2 2
1.000031 64 2 2
1.000031 65 1 1
1.000031 66 2 2
1.000031 67 1 1
1.000031 68 2 2
1.000031 69 2 2
1.000031 70 1 1
1.000031 71 2 2
1.000031 72 2 2
1.000031 73 2 2
1.000031 74 2 2
1.000031 75 1 1
1.000031 76 1 1
1.000031 77 1 1
1.000031 78 2 2
1.000031 79 2 2
1.000031 80 2 2
1.000031 81 1 1
1.000031 82 1 1
1.000031 83 2 2
1.000031 84 1 1
1.000031 85 2 2
1.000031 86 1 1
1.000031 87 1 1
1.000031 88 2 2
1.000031 89 2 2
1.000031 90 1 1
1.000031 91 2 2
1.000031 92 2 2
1.000031 94 1 1
1.000031 95 1 1
1.000031 96 1 1
1.000031 97 2 2
1.000031 98 1 1
1.000031 99 2 2
1.000031 100 2 2
1.000031 101 2 2
1.000031 102 2 2
1.000031 103 1 1
1.000031 104 2 2
1.000031 105 1 1
1.000031 107 2 2
1.000031 108 2 2
1.000031 109 2 2
2.000061 0 2 2
2.000061 1 2 2
2.000061 2 2 2
2.000061 3 2 2
2.000061 4 2 2
2.000061 5 2 2
2.000061 6 2 2
2.000061 7 2 2
2.000061 8 3 3
2.000061 9 2 2
2.000061 10 2 2
2.000061 11 2 2
2.000061 12 2 2
2.000061 13 2 2
2.000061 14 2 2
2.000061 15 2 2
2.000061 16 2 2
2.000061 17 2 2
2.000061 18 2 2
2.000061 19 2 2
2.000061 20 2 2
2.000061 21 2 2
2.000061 22 2 2
2.000061 24 2 2
2.000061 25 2 2
2.000061 26 2 2
2.000061 27 2 2
2.000061 28 3 3
2.000061 30 2 2
2.000061 31 2 2
2.000061 32 2 2
2.000061 33 2 2
2.000061 35 2 2
2.000061 36 2 2
2.000061 37 1 1
2.000061 38 2 2
2.000061 39 2 2
2.000061 40 3 3
2.000061 41 3 3
2.000061 42 2 2
2.000061 43 2 2
2.000061 44 3 3
2.000061 45 2 2
2.000061 47 2 2
2.000061 48 2 2
2.000061 49 2 2
2.000061 50 2 2
2.000061 51 2 2
2.000061 52 2 2
2.000061 53 2 2
2.000061 54 2 2
2.000061 55 2 2
2.000061 56 2 2
2.000061 57 2 2
2.000061 58 2 2
2.000061 60 2 2
2.000061 61 2 2
2.000061 62 2 2
2.000061 63 3 3
2.000061 64 2 2
2.000061 65 2 2
2.000061 66 2 2
2.000061 67 2 2
2.000061 68 2 2
2.000061 69 2 2
2.000061 70 2 2
2.000061 71 2 2
2.000061 72 2 2
2.000061 73 2 2
2.000061 74 2 2
2.000061 75 2 2
2.000061 76 2 2
2.000061 77 2 2
2.000061 78 2 2
2.000061 79 3 3
2.000061 80 2 2
2.000061 81 2 2
2.000061 82 2 2
2.000061 83 2 2
2.000061 84 2 2
2.000061 85 2 2
2.000061 86 2 2
2.000061 87 2 2
2.000061 88 3 3
2.000061 89 2 2
2.000061 90 2 2
2.000061 91 2 2
2.000061 92 2 2
2.000061 94 2 2
2.000061 95 2 2
2.000061 96 2 2
2.000061 97 2 2
2.000061 98 2 2
2.000061 99 2 2
2.000061 100 2 2
2.000061 101 2 2
2.000061 102 2 2
2.000061 103 2 2
2.000061 104 2 2
2.000061 105 2 2
2.000061 107 2 2
2.000061 108 2 2
2.000061 109 2 2
3.000092 0 4 4
3.000092 1 4 4
3.000092 2 3 3
3.000092 3 4 4
3.000092 4 4 4
3.000092 5 4 4
3.000092 6 4 4
3.000092 7 4 4
3.000092 8 4 4
3.000092 9 4 4
3.000092 10 3 3
3.000092 11 3 3
3.000092 12 3 3
3.000092 13 4 4
3.000092 14 3 3
3.000092 15 4 4
3.000092 16 3 3
3.000092 17 4 4
3.000092 18 4 4
3.000092 19 4 4
3.000092 20 4 4
3.000092 21 2 2
3.000092 22 4 4
3.000092 24 4 4
3.000092 25 4 4
3.000092 26 4 4
3.000092 27 3 3
3.000092 28 4 4
3.000092 30 3 3
3.000092 31 4 4
3.000092 32 4 4
3.000092 33 3 3
3.000092 35 3 3
3.000092 36 4 4
3.000092 37 2 2
3.000092 38 4 4
3.000092 39 4 4
3.000092 40 4 4
3.000092 41 5 5
3.000092 42 4 4
3.000092 43 4 4
3.000092 44 5 5
3.000092 45 3 3
3.000092 47 4 4
3.000092 48 4 4
3.000092 49 4 4
3.000092 50 4 4
3.000092 51 3 3
3.000092 52 4 4
3.000092 53 4 4
3.000092 54 4 4
3.000092 55 4 4
3.000092 56 4 4
3.000092 57 4 4
3.000092 58 4 4
3.000092 60 4 4
3.000092 61 4 4
3.000092 62 4 4
3.000092 63 5 5
3.000092 64 4 4
3.000092 65 4 4
3.000092 66 4 4
3.000092 67 4 4
3.000092 68 4 4
3.000092 69 4 4
3.000092 70 4 4
3.000092 71 4 4
3.000092 72 4 4
3.000092 73 4 4
3.000092 74 4 4
3.000092 75 3 3
3.000092 76 4 4
3.000092 77 3 3
3.000092 78 4 4
3.000092 79 4 4
3.000092 80 4 4
3.000092 81 4 4
3.000092 82 4 4
3.000092 83 4 4
3.000092 84 4 4
3.000092 85 4 4
3.000092 86 4 4
3.000092 87 4 4
3.000092 88 5 5
3.000092 89 4 4
3.000092 90 4 4
3.000092 91 4 4
3.000092 92 4 4
3.000092 94 3 3
3.000092 95 4 4
3.000092 96 4 4
3.000092 97 4 4
3.000092 98 4 4
3.000092 99 4 4
3.000092 100 4 4
3.000092 101 4 4
3.000092 102 4 4
3.000092 103 4 4
3.000092 104 4 4
3.000092 105 4 4
3.000092 107 4 4
3.000092 108 4 4
3.000092 109 4 4
4.000122 0 7 7
4.000122 1 5 5
4.000122 2 6 6
4.000122 3 7 7
4.000122 4 5 5
4.000122 5 8 8
4.000122 6 7 7
4.000122 7 7 7
4.000122 8 7 7
4.000122 9 7 7
4.000122 10 6 6
4.000122 11 4 4
4.000122 12 6 6
4.000122 13 7 7
4.000122 14 4 4
4.000122 15 6 6
4.000122 16 6 6
4.000122 17 8 8
4.000122 18 4 4
4.000122 19 7 7
4.000122 20 6 6
4.000122 21 4 4
4.000122 22 7 7
4.000122 24 4 4
4.000122 25 6 6
4.000122 26 3 3
4.000122 27 5 5
4.000122 28 5 5
4.000122 30 4 4
4.000122 31 8 8
4.000122 32 5 5
4.000122 33 5 5
4.000122 35 5 5
4.000122 36 5 5
4.000122 37 1 1
4.000122 38 4 4
4.000122 39 4 4
4.000122 40 7 7
4.000122 41 7 7
4.000122 42 7 7
4.000122 43 6 6
4.000122 44 9 9
4.000122 45 5 5
4.000122 47 5 5
4.000122 48 6 6
4.000122 49 7 7
4.000122 50 7 7
4.000122 51 6 6
4.000122 52 5 5
4.000122 53 5 5
4.000122 54 4 4
4.000122 55 7 7
4.000122 56 7 7
4.000122 57 6 6
4.000122 58 6 6
4.000122 60 6 6
4.000122 61 6 6
4.000122 62 7 7
4.000122 63 6 6
4.000122 64 6 6
4.000122 65 5 5
4.000122 66 5 5
4.000122 67 7 7
4.000122 68 7 7
4.000122 69 8 8
4.000122 70 7 7
4.000122 71 7 7
4.000122 72 6 6
4.000122 73 7 7
4.000122 74 6 6
4.000122 75 5 5
4.000122 76 5 5
4.000122 77 4 4
4.000122 78 6 6
4.000122 79 7 7
4.000122 80 6 6
4.000122 81 6 6
4.000122 82 7 7
4.000122 83 5 5
4.000122 84 6 6
4.000122 85 5 5
4.000122 86 6 6
4.000122 87 4 4
4.000122 88 9 9
4.000122 89 6 6
4.000122 90 5 5
4.000122 91 6 6
4.000122 92 7 7
4.000122 94 6 6
4.000122 95 5 5
4.000122 96 5 5
4.000122 97 7 7
4.000122 98 5 5
4.000122 99 6 6
4.000122 100 7 7
4.000122 101 7 7
4.000122 102 6 6
4.000122 103 5 5
4.000122 104 7 7
4.000122 105 5 5
4.000122 107 7 7
4.000122 108 8 8
4.000122 109 5 5
5.000153 0 9 9
5.000153 1 8 8
5.000153 2 9 9
5.000153 3 11 11
5.000153 4 8 8
5.000153 5 12 12
5.000153 6 9 9
5.000153 7 9 9
5.000153 8 11 11
5.000153 9 10 10
5.000153 10 8 8
5.000153 11 6 6
5.000153 12 9 9
5.000153 13 8 8
5.000153 14 8 8
5.000153 15 10 10
5.000153 16 8 8
5.000153 17 9 9
5.000153 18 8 8
5.000153 19 9 9
5.000153 20 9 9
5.000153 21 7 7
5.000153 22 11 11
5.000153 24 8 8
5.000153 25 9 9
5.000153 26 5 5
5.000153 27 8 8
5.000153 28 10 10
5.000153 30 8 8
5.000153 31 8 8
5.000153 32 9 9
5.000153 33 8 8
5.000153 35 8 8
5.000153 36 10 10
5.000153 37 2 2
5.000153 38 8 8
5.000153 39 8 8
5.000153 40 12 12
5.000153 41 12 12
5.000153 42 8 8
5.000153 43 9 9
5.000153 44 11 11
5.000153 45 7 7
5.000153 47 8 8
5.000153 48 9 9
5.000153 49 10 10
5.000153 50 9 9
5.000153 51 9 9
5.000153 52 8 8
5.000153 53 9 9
5.000153 54 8 8
5.000153 55 8 8
5.000153 56 10 10
5.000153 57 10 10
5.000153 58 9 9
5.000153 60 8 8
5.000153 61 8 8
5.000153 62 13 13
5.000153 63 10 10
5.000153 64 9 9
5.000153 65 9 9
5.000153 66 8 8
5.000153 67 10 10
5.000153 68 10 10
5.000153 69 11 11
5.000153 70 10 10
5.000153 71 10 10
5.000153 72 9 9
5.000153 73 9 9
5.000153 74 8 8
5.000153 75 7 7
5.000153 76 8 8
5.000153 77 8 8
5.000153 78 11 11
5.000153 79 9 9
5.000153 80 10 10
5.000153 81 8 8
5.000153 82 11 11
5.000153 83 8 8
5.000153 84 8 8
5.000153 85 8 8
5.000153 86 8 8
5.000153 87 8 8
5.000153 88 12 12
5.000153 89 8 8
5.000153 90 9 9
5.000153 91 9 9
5.000153 92 8 8
5.000153 94 9 9
5.000153 95 9 9
5.000153 96 8 8
5.000153 97 9 9
5.000153 98 8 8
5.000153 99 9 9
5.000153 100 12 12
5.000153 101 9 9
5.000153 102 8 8
5.000153 103 9 9
5.000153 104 12 12
5.000153 105 8 8
5.000153 107 8 8
5.000153 108 10 10
5.000153 109 8 8
6.000183 0 16 16
6.000183 1 14 14
6.000183 2 14 14
6.000183 3 16 16
6.000183 4 13 13
6.000183 5 16 16
6.000183 6 17 17
6.000183 7 16 16
6.000183 8 18 18
6.000183 9 16 16
6.000183 10 14 14
6.000183 11 8 8
6.000183 12 15 15
6.000183 13 16 16
6.000183 14 12 12
6.000183 15 19 19
6.000183 16 15 15
6.000183 17 16 16
6.000183 18 13 13
6.000183 19 16 16
6.000183 20 15 15
6.000183 21 13 13
6.000183 22 15 15
6.000183 24 14 14
6.000183 25 17 17
6.000183 26 6 6
6.000183 27 13 13
6.000183 28 16 16
6.000183 30 11 11
6.000183 31 15 15
6.000183 32 15 15
6.000183 33 13 13
6.000183 35 12 12
6.000183 36 17 17
6.000183 37 3 3
6.000183 38 14 14
6.000183 39 14 14
6.000183 40 18 18
6.000183 41 19 19
6.000183 42 16 16
6.000183 43 16 16
6.000183 44 20 20
6.000183 45 12 12
6.000183 47 14 14
6.000183 48 14 14
6.000183 49 16 16
6.000183 50 15 15
6.000183 51 15 15
6.000183 52 14 14
6.000183 53 15 15
6.000183 54 14 14
6.000183 55 15 15
6.000183 56 18 18
6.000183 57 14 14
6.000183 58 14 14
6.000183 60 15 15
6.000183 61 15 15
6.000183 62 16 16
6.000183 63 15 15
6.000183 64 16 16
6.000183 65 16 16
6.000183 66 14 14
6.000183 67 16 16
6.000183 68 16 16
6.000183 69 16 16
6.000183 70 15 15
6.000183 71 17 17
6.000183 72 15 15
6.000183 73 16 16
6.000183 74 15 15
6.000183 75 13 13
6.000183 76 13 13
6.000183 77 10 10
6.000183 78 18 18
6.000183 79 16 16
6.000183 80 17 17
6.000183 81 16 16
6.000183 82 17 17
6.000183 83 15 15
6.000183 84 15 15
6.000183 85 13 13
6.000183 86 14 14
6.000183 87 12 12
6.000183 88 20 20
6.000183 89 16 16
6.000183 90 15 15
6.000183 91 15 15
6.000183 92 16 16
6.000183 94 12 12
6.000183 95 14 14
6.000183 96 14 14
6.000183 97 16 16
6.000183 98 16 16
6.000183 99 14 14
6.000183 100 16 16
6.000183 101 16 16
6.000183 102 16 16
6.000183 103 16 16
6.000183 104 18 18
6.000183 105 12 12
6.000183 107 16 16
6.000183 108 16 16
6.000183 109 15 15
7.000214 0 27 27
7.000214 1 22 22
7.000214 2 24 24
7.000214 3 26 26
7.000214 4 19 19
7.000214 5 32 32
7.000214 6 27 27
7.000214 7 30 30
7.000214 8 31 31
7.000214 9 29 29
7.000214 10 21 21
7.000214 11 8 8
7.000214 12 24 24
7.000214 13 28 28
7.000214 14 16 16
7.000214 15 27 27
7.000214 16 25 25
7.000214 17 28 28
7.000214 18 17 17
7.000214 19 28 28
7.000214 20 25 25
7.000214 21 18 18
7.000214 22 25 25
7.000214 24 19 19
7.000214 25 28 28
7.000214 26 6 6
7.000214 27 17 17
7.000214 28 23 23
7.000214 30 17 17
7.000214 31 24 24
7.000214 32 22 22
7.000214 33 18 18
7.000214 35 18 18
7.000214 36 26 26
7.000214 37 4 4
7.000214 38 18 18
7.000214 39 19 19
7.000214 40 29 29
7.000214 41 29 29
7.000214 42 24 24
7.000214 43 22 22
7.000214 44 35 35
7.000214 45 20 20
7.000214 47 19 19
7.000214 48 24 24
7.000214 49 27 27
7.000214 50 26 26
7.000214 51 25 25
7.000214 52 21 21
7.000214 53 25 25
7.000214 54 19 19
7.000214 55 23 23
7.000214 56 28 28
7.000214 57 22 22
7.000214 58 24 24
7.000214 60 25 25
7.000214 61 24 24
7.000214 62 30 30
7.000214 63 23 23
7.000214 64 23 23
7.000214 65 22 22
7.000214 66 21 21
7.000214 67 28 28
7.000214 68 28 28
7.000214 69 28 28
7.000214 70 26 26
7.000214 71 25 25
7.000214 72 25 25
7.000214 73 25 25
7.000214 74 21 21
7.000214 75 21 21
7.000214 76 19 19
7.000214 77 16 16
7.000214 78 26 26
7.000214 79 30 30
7.000214 80 25 25
7.000214 81 25 25
7.000214 82 25 25
7.000214 83 21 21
7.000214 84 21 21
7.000214 85 22 22
7.000214 86 21 21
7.000214 87 17 17
7.000214 88 31 31
7.000214 89 25 25
7.000214 90 23 23
7.000214 91 20 20
7.000214 92 25 25
7.000214 94 18 18
7.000214 95 23 23
7.000214 96 19 19
7.000214 97 27 27
7.000214 98 20 20
7.000214 99 23 23
7.000214 100 28 28
7.000214 101 24 24
7.000214 102 20 20
7.000214 103 23 23
7.000214 104 30 30
7.000214 105 19 19
7.000214 107 26 26
7.000214 108 27 27
7.000214 109 24 24
8.000244 0 41 41
8.000244 1 34 34
8.000244 2 35 35
8.000244 3 42 42
8.000244 4 33 33
8.000244 5 45 45
8.000244 6 39 39
8.000244 7 40 40
8.000244 8 45 45
8.000244 9 43 43
8.000244 10 35 35
8.000244 11 5 5
8.000244 12 34 34
8.000244 13 40 40
8.000244 14 28 28
8.000244 15 43 43
8.000244 16 34 34
8.000244 17 37 37
8.000244 18 32 32
8.000244 19 39 39
8.000244 20 38 38
8.000244 21 30 30
8.000244 22 27 27
8.000244 24 31 31
8.000244 25 35 35
8.000244 26 7 7
8.000244 27 28 28
8.000244 28 38 38
8.000244 30 29 29
8.000244 31 31 31
8.000244 32 36 36
8.000244 33 30 30
8.000244 35 32 32
8.000244 36 37 37
8.000244 37 1 1
8.000244 38 32 32
8.000244 39 34 34
8.000244 40 41 41
8.000244 41 46 46
8.000244 42 35 35
8.000244 43 39 39
8.000244 44 46 46
8.000244 45 31 31
8.000244 47 31 31
8.000244 48 38 38
8.000244 49 26 26
8.000244 50 41 41
8.000244 51 38 38
8.000244 52 32 32
8.000244 53 35 35
8.000244 54 33 33
8.000244 55 35 35
8.000244 56 46 46
8.000244 57 42 42
8.000244 58 41 41
8.000244 60 40 40
8.000244 61 39 39
8.000244 62 46 46
8.000244 63 42 42
8.000244 64 35 35
8.000244 65 39 39
8.000244 66 33 33
8.000244 67 42 42
8.000244 68 46 46
8.000244 69 40 40
8.000244 70 42 42
8.000244 71 38 38
8.000244 72 39 39
8.000244 73 43 43
8.000244 74 33 33
8.000244 75 33 33
8.000244 76 32 32
8.000244 77 31 31
8.000244 78 39 39
8.000244 79 42 42
8.000244 80 41 41
8.000244 81 38 38
8.000244 82 44 44
8.000244 83 37 37
8.000244 84 32 32
8.000244 85 35 35
8.000244 86 34 34
8.000244 87 32 32
8.000244 88 47 47
8.000244 89 40 40
8.000244 90 41 41
8.000244 91 32 32
8.000244 92 36 36
8.000244 94 22 22
8.000244 95 38 38
8.000244 96 34 34
8.000244 97 40 40
8.000244 98 35 35
8.000244 99 35 35
8.000244 100 50 50
8.000244 101 37 37
8.000244 102 34 34
8.000244 103 35 35
8.000244 104 50 50
8.000244 105 32 32
8.000244 107 35 35
8.000244 108 43 43
8.000244 109 34 34
9.000275 0 67 67
9.000275 1 51 51
9.000275 2 60 60
9.000275 3 66 66
9.000275 4 52 52
9.000275 5 72 72
9.000275 6 69 69
9.000275 7 70 70
9.000275 8 69 69
9.000275 9 65 65
9.000275 10 55 55
9.000275 11 1 1
9.000275 12 59 59
9.000275 13 64 64
9.000275 14 11 11
9.000275 15 69 69
9.000275 16 56 56
9.000275 17 65 65
9.000275 18 44 44
9.000275 19 67 67
9.000275 20 60 60
9.000275 21 49 49
9.000275 24 49 49
9.000275 25 65 65
9.000275 27 48 48
9.000275 28 62 62
9.000275 30 46 46
9.000275 31 33 33
9.000275 32 60 60
9.000275 33 54 54
9.000275 35 52 52
9.000275 36 67 67
9.000275 38 51 51
9.000275 39 12 12
9.000275 40 68 68
9.000275 41 74 74
9.000275 42 63 63
9.000275 43 65 65
9.000275 44 84 84
9.000275 45 37 37
9.000275 47 53 53
9.000275 48 61 61
9.000275 50 63 63
9.000275 51 65 65
9.000275 52 53 53
9.000275 53 63 63
9.000275 54 54 54
9.000275 55 48 48
9.000275 56 71 71
9.000275 57 61 61
9.000275 58 61 61
9.000275 60 64 64
9.000275 61 57 57
9.000275 62 72 72
9.000275 63 64 64
9.000275 64 63 63
9.000275 65 27 27
9.000275 66 58 58
9.000275 67 60 60
9.000275 68 41 41
9.000275 69 67 67
9.000275 70 67 67
9.000275 71 3 3
9.000275 72 63 63
9.000275 73 65 65
9.000275 74 58 58
9.000275 75 52 52
9.000275 76 55 55
9.000275 77 44 44
9.000275 78 68 68
9.000275 79 68 68
9.000275 80 64 64
9.000275 81 60 60
9.000275 82 71 71
9.000275 83 58 58
9.000275 84 54 54
9.000275 85 54 54
9.000275 86 57 57
9.000275 87 30 30
9.000275 88 76 76
9.000275 89 61 61
9.000275 90 64 64
9.000275 91 9 9
9.000275 92 65 65
9.000275 95 18 18
9.000275 96 27 27
9.000275 97 67 67
9.000275 98 3 3
9.000275 99 55 55
9.000275 100 77 77
9.000275 101 65 65
9.000275 102 56 56
9.000275 103 66 66
9.000275 104 75 75
9.000275 105 50 50
9.000275 107 63 63
9.000275 108 69 69
9.000275 109 60 60
10.000305 0 109 109
10.000305 1 86 86
10.000305 3 105 105
10.000305 4 16 16
10.000305 5 120 120
10.000305 6 111 111
10.000305 8 6 6
10.000305 9 109 109
10.000305 10 88 88
10.000305 12 99 99
10.000305 13 111 111
10.000305 15 112 112
10.000305 16 93 93
10.000305 17 97 97
10.000305 19 108 108
10.000305 20 105 105
10.000305 21 67 67
10.000305 25 105 105
10.000305 27 69 69
10.000305 28 93 93
10.000305 30 71 71
10.000305 32 10 10
10.000305 33 32 32
10.000305 35 80 80
10.000305 36 100 100
10.000305 40 108 108
10.000305 41 116 116
10.000305 42 101 101
10.000305 43 96 96
10.000305 44 135 135
10.000305 47 82 82
10.000305 48 95 95
10.000305 50 105 105
10.000305 51 102 102
10.000305 52 82 82
10.000305 53 97 97
10.000305 54 81 81
10.000305 58 98 98
10.000305 60 101 101
10.000305 61 98 98
10.000305 62 114 114
10.000305 63 34 34
10.000305 64 95 95
10.000305 66 64 64
10.000305 69 117 117
10.000305 70 109 109
10.000305 72 105 105
10.000305 73 104 104
10.000305 74 89 89
10.000305 75 87 87
10.000305 76 82 82
10.000305 78 104 104
10.000305 79 111 111
10.000305 80 97 97
10.000305 83 94 94
10.000305 84 25 25
10.000305 85 84 84
10.000305 90 99 99
10.000305 97 99 99
10.000305 99 60 60
10.000305 100 115 115
10.000305 102 86 86
10.000305 104 125 125
10.000305 105 78 78
10.000305 107 98 98
10.000305 108 3 3
10.000305 109 22 22
11.000336 0 172 172
11.000336 1 138 138
11.000336 3 159 159
11.000336 5 182 182
11.000336 6 164 164
11.000336 9 164 164
11.000336 10 139 139
11.000336 13 118 118
11.000336 15 170 170
11.000336 16 133 133
11.000336 19 169 169
11.000336 20 59 59
11.000336 21 2 2
11.000336 27 123 123
11.000336 28 1 1
11.000336 30 111 111
11.000336 35 129 129
11.000336 36 156 156
11.000336 40 140 140
11.000336 42 142 142
11.000336 43 152 152
11.000336 47 28 28
11.000336 48 158 158
11.000336 50 161 161
11.000336 51 156 156
11.000336 52 1 1
11.000336 53 101 101
11.000336 58 69 69
11.000336 60 154 154
11.000336 61 127 127
11.000336 62 9 9
11.000336 69 16 16
11.000336 70 104 104
11.000336 72 168 168
11.000336 75 79 79
11.000336 76 133 133
11.000336 78 163 163
11.000336 79 159 159
11.000336 80 158 158
11.000336 83 143 143
11.000336 85 127 127
11.000336 90 169 169
11.000336 97 160 160
11.000336 100 189 189
11.000336 102 141 141
11.000336 105 126 126
11.000336 107 149 149
12.000366 0 240 240
12.000366 1 118 118
12.000366 3 119 119
12.000366 5 312 312
12.000366 6 272 272
12.000366 9 265 265
12.000366 10 179 179
12.000366 13 4 4
12.000366 15 285 285
12.000366 19 266 266
12.000366 30 170 170
12.000366 35 212 212
12.000366 36 91 91
12.000366 40 6 6
12.000366 42 100 100
12.000366 43 134 134
12.000366 48 243 243
12.000366 50 100 100
12.000366 51 253 253
12.000366 60 256 256
12.000366 72 265 265
12.000366 76 67 67
12.000366 78 266 266
12.000366 79 103 103
12.000366 80 117 117
12.000366 83 243 243
12.000366 85 64 64
12.000366 90 101 101
12.000366 97 264 264
12.000366 100 302 302
12.000366 102 187 187
12.000366 105 166 166
12.000366 107 247 247
13.000397 0 187 187
13.000397 1 18 18
13.000397 3 12 12
13.000397 5 495 495
13.000397 6 205 205
13.000397 9 206 206
13.000397 10 156 156
13.000397 15 431 431
13.000397 19 273 273
13.000397 30 285 285
13.000397 35 224 224
13.000397 42 18 18
13.000397 48 315 315
13.000397 51 408 408
13.000397 60 390 390
13.000397 72 257 257
13.000397 76 6 6
13.000397 78 431 431
13.000397 79 16 16
13.000397 83 385 385
13.000397 97 287 287
13.000397 100 482 482
13.000397 102 38 38
13.000397 105 164 164
13.000397 107 359 359
14.000427 0 158 158
14.000427 5 657 657
14.000427 6 99 99
14.000427 9 92 92
14.000427 10 51 51
14.000427 15 558 558
14.000427 19 90 90
14.000427 30 369 369
14.000427 35 68 68
14.000427 48 256 256
14.000427 51 479 479
14.000427 60 513 513
14.000427 72 164 164
14.000427 78 593 593
14.000427 83 556 556
14.000427 97 253 253
14.000427 100 570 570
14.000427 105 169 169
14.000427 107 264 264
15.000458 0 213 213
15.000458 5 654 654
15.000458 6 57 57
15.000458 9 32 32
15.000458 10 39 39
15.000458 15 708 708
15.000458 30 378 378
15.000458 35 16 16
15.000458 48 182 182
15.000458 51 489 489
15.000458 60 555 555
15.000458 72 119 119
15.000458 78 703 703
15.000458 83 715 715
15.000458 97 250 250
15.000458 100 634 634
15.000458 105 112 112
15.000458 107 151 151
16.000488 0 163 163
16.000488 5 498 498
16.000488 6 11 11
16.000488 10 7 7
16.000488 15 881 881
16.000488 30 423 423
16.000488 48 179 179
16.000488 51 491 491
16.000488 60 542 542
16.000488 72 118 118
16.000488 78 696 696
16.000488 83 750 750
16.000488 97 311 311
16.000488 100 759 759
16.000488 105 62 62
16.000488 107 106 106
17.000519 0 115 115
17.000519 5 299 299
17.000519 15 1011 1011
17.000519 30 476 476
17.000519 48 221 221
17.000519 51 540 540
17.000519 60 513 513
17.000519 72 117 117
17.000519 78 578 578
17.000519 83 757 757
17.000519 97 344 344
17.000519 100 946 946
17.000519 105 14 14
17.000519 107 85 85
18.000549 0 67 67
18.000549 5 126 126
18.000549 15 1066 1066
18.000549 30 595 595
18.000549 48 235 235
18.000549 51 479 479
18.000549 60 560 560
18.000549 72 100 100
18.000549 78 521 521
18.000549 83 839 839
18.000549 97 357 357
18.000549 100 1035 1035
18.000549 107 42 42
19.000580 0 39 39
19.000580 5 98 98
19.000580 15 1100 1100
19.000580 30 730 730
19.000580 48 187 187
19.000580 51 389 389
19.000580 60 598 598
19.000580 72 99 99
19.000580 78 393 393
19.000580 83 850 850
19.000580 97 359 359
19.000580 100 1089 1089
19.000580 107 31 31
20.000610 0 47 47
20.000610 5 94 94
20.000610 15 1026 1026
20.000610 30 795 795
20.000610 48 135 135
20.000610 51 357 357
20.000610 60 698 698
20.000610 72 109 109
20.000610 78 312 312
20.000610 83 865 865
20.000610 97 345 345
20.000610 100 1245 1245
20.000610 107 16 16
21.000641 0 41 41
21.000641 5 47 47
21.000641 15 1038 1038
21.000641 30 865 865
21.000641 48 91 91
21.000641 51 334 334
21.000641 60 779 779
21.000641 72 141 141
21.000641 78 174 174
21.000641 83 783 783
21.000641 97 332 332
21.000641 100 1368 1368
21.000641 107 10 10
22.000671 0 34 34
22.000671 5 33 33
22.000671 15 1112 1112
22.000671 30 862 862
22.000671 48 47 47
22.000671 51 297 297
22.000671 60 853 853
22.000671 72 151 151
22.000671 78 95 95
22.000671 83 764 764
22.000671 97 340 340
22.000671 100 1406 1406
23.000702 0 29 29
23.000702 5 30 30
23.000702 15 1228 1228
23.000702 30 809 809
23.000702 48 35 35
23.000702 51 270 270
23.000702 60 844 844
23.000702 72 152 152
23.000702 78 76 76
23.000702 83 758 758
23.000702 97 289 289
23.000702 100 1530 1530
24.000732 0 33 33
24.000732 5 37 37
24.000732 15 1281 1281
24.000732 30 759 759
24.000732 48 29 29
24.000732 51 248 248
24.000732 60 861 861
24.000732 72 124 124
24.000732 78 40 40
24.000732 83 737 737
24.000732 97 258 258
24.000732 100 1601 1601
25.000763 0 1 1
25.000763 5 19 19
25.000763 15 1365 1365
25.000763 30 753 753
25.000763 48 9 9
25.000763 51 260 260
25.000763 60 899 899
25.000763 72 23 23
25.000763 83 806 806
25.000763 97 244 244
25.000763 100 1648 1648
26.000793 5 9 9
26.000793 15 1380 1380
26.000793 30 741 741
26.000793 51 251 251
26.000793 60 957 957
26.000793 83 851 851
26.000793 97 209 209
26.000793 100 1607 1607
27.000824 15 1356 1356
27.000824 30 688 688
27.000824 51 235 235
27.000824 60 986 986
27.000824 83 870 870
27.000824 97 212 212
27.000824 100 1677 1677
28.000854 15 1353 1353
28.000854 30 620 620
28.000854 51 227 227
28.000854 60 1006 1006
28.000854 83 841 841
28.000854 97 214 214
28.000854 100 1725 1725
29.000885 15 1351 1351
29.000885 30 515 515
29.000885 51 213 213
29.000885 60 1032 1032
29.000885 83 863 863
29.000885 97 226 226
29.000885 100 1809 1809
30.000916 15 1300 1300
30.000916 30 524 524
30.000916 51 230 230
30.000916 60 1074 1074
30.000916 83 851 851
30.000916 97 215 215
30.000916 100 1830 1830
31.000946 15 1234 1234
31.000946 30 466 466
31.000946 51 223 223
31.000946 60 1105 1105
31.000946 83 857 857
31.000946 97 236 236
31.000946 100 1886 1886
32.000977 15 1185 1185
32.000977 30 445 445
32.000977 51 268 268
32.000977 60 1124 1124
32.000977 83 858 858
32.000977 97 267 267
32.000977 100 1831 1831
33.001007 15 1153 1153
33.001007 30 444 444
33.001007 51 331 331
33.001007 60 1086 1086
33.001007 83 834 834
33.001007 97 308 308
33.001007 100 1848 1848
34.001038 15 1015 1015
34.001038 30 489 489
34.001038 51 393 393
34.001038 60 1102 1102
34.001038 83 862 862
34.001038 97 315 315
34.001038 100 1850 1850
35.001068 15 896 896
35.001068 30 545 545
35.001068 51 337 337
35.001068 60 1114 1114
35.001068 83 895 895
35.001068 97 308 308
35.001068 100 1900 1900
36.001099 15 823 823
36.001099 30 514 514
36.001099 51 333 333
36.001099 60 1164 1164
36.001099 83 900 900
36.001099 97 349 349
36.001099 100 1909 1909
37.001129 15 763 763
37.001129 30 545 545
37.001129 51 330 330
37.001129 60 1176 1176
37.001129 83 960 960
37.001129 97 435 435
37.001129 100 1811 1811
38.001160 15 731 731
38.001160 30 522 522
38.001160 51 241 241
38.001160 60 1151 1151
38.001160 83 1047 1047
38.001160 97 524 524
38.001160 100 1773 1773
39.001190 15 587 587
39.001190 30 543 543
39.001190 51 206 206
39.001190 60 1206 1206
39.001190 83 1122 1122
39.001190 97 624 624
39.001190 100 1707 1707
40.001221 15 451 451
40.001221 30 516 516
40.001221 51 220 220
40.001221 60 1269 1269
40.001221 83 1162 1162
40.001221 97 777 777
40.001221 100 1643 1643
41.001251 15 315 315
41.001251 30 543 543
41.001251 51 207 207
41.001251 60 1276 1276
41.001251 83 1158 1158
41.001251 97 823 823
41.001251 100 1671 1671
42.001282 15 282 282
42.001282 30 573 573
42.001282 51 174 174
42.001282 60 1256 1256
42.001282 83 1195 1195
42.001282 97 845 845
42.001282 100 1643 1643
43.001312 15 239 239
43.001312 30 576 576
43.001312 51 107 107
43.001312 60 1265 1265
43.001312 83 1276 1276
43.001312 97 888 888
43.001312 100 1622 1622
44.001343 15 211 211
44.001343 30 654 654
44.001343 51 38 38
44.001343 60 1260 1260
44.001343 83 1318 1318
44.001343 97 907 907
44.001343 100 1609 1609
45.001373 15 231 231
45.001373 30 673 673
45.001373 51 30 30
45.001373 60 1200 1200
45.001373 83 1290 1290
45.001373 97 946 946
45.001373 100 1636 1636
46.001404 15 299 299
46.001404 30 700 700
46.001404 51 6 6
46.001404 60 1163 1163
46.001404 83 1396 1396
46.001404 97 908 908
46.001404 100 1529 1529
47.001434 15 346 346
47.001434 30 787 787
47.001434 60 1149 1149
47.001434 83 1387 1387
47.001434 97 819 819
47.001434 100 1508 1508
48.001465 15 435 435
48.001465 30 885 885
48.001465 60 1126 1126
48.001465 83 1376 1376
48.001465 97 667 667
48.001465 100 1503 1503
49.001495 15 577 577
49.001495 30 848 848
49.001495 60 1083 1083
49.001495 83 1376 1376
49.001495 97 590 590
49.001495 100 1520 1520
50.001526 15 684 684
50.001526 30 805 805
50.001526 60 1030 1030
50.001526 83 1390 1390
50.001526 97 496 496
50.001526 100 1617 1617
51.001556 15 758 758
51.001556 30 817 817
51.001556 60 971 971
51.001556 83 1348 1348
51.001556 97 471 471
51.001556 100 1640 1640
52.001587 15 812 812
52.001587 30 791 791
52.001587 60 942 942
52.001587 83 1275 1275
52.001587 97 403 403
52.001587 100 1738 1738
53.001617 15 780 780
53.001617 30 749 749
53.001617 60 979 979
53.001617 83 1249 1249
53.001617 97 391 391
53.001617 100 1867 1867
54.001648 15 785 785
54.001648 30 761 761
54.001648 60 983 983
54.001648 83 1154 1154
54.001648 97 302 302
54.001648 100 2035 2035
55.001678 15 917 917
55.001678 30 695 695
55.001678 60 910 910
55.001678 83 1154 1154
55.001678 97 250 250
55.001678 100 2066 2066
56.001709 15 984 984
56.001709 30 730 730
56.001709 60 889 889
56.001709 83 1145 1145
56.001709 97 241 241
56.001709 100 2000 2000
57.001740 15 1058 1058
57.001740 30 693 693
57.001740 60 836 836
57.001740 83 1213 1213
57.001740 97 232 232
57.001740 100 1976 1976
58.001770 15 1163 1163
58.001770 30 672 672
58.001770 60 771 771
58.001770 83 1190 1190
58.001770 97 261 261
58.001770 100 1931 1931
59.001801 15 1202 1202
59.001801 30 710 710
59.001801 60 693 693
59.001801 83 1185 1185
59.001801 97 257 257
59.001801 100 1928 1928
60.001831 15 1148 1148
60.001831 30 806 806
60.001831 60 676 676
60.001831 83 1186 1186
60.001831 97 225 225
60.001831 100 2000 2000
61.001862 15 1202 1202
61.001862 30 831 831
61.001862 60 630 630
61.001862 83 1165 1165
61.001862 97 183 183
61.001862 100 1982 1982
62.001892 15 1210 1210
62.001892 30 958 958
62.001892 60 652 652
62.001892 83 1200 1200
62.001892 97 80 80
62.001892 100 1897 1897
63.001923 15 1186 1186
63.001923 30 1094 1094
63.001923 60 664 664
63.001923 83 1211 1211
63.001923 97 6 6
63.001923 100 1842 1842
64.001953 15 1251 1251
64.001953 30 963 963
64.001953 60 663 663
64.001953 83 1249 1249
64.001953 100 1929 1929
65.001984 15 1294 1294
65.001984 30 741 741
65.001984 60 681 681
65.001984 83 1259 1259
65.001984 100 2018 2018
66.002014 15 1299 1299
66.002014 30 562 562
66.002014 60 769 769
66.002014 83 1191 1191
66.002014 100 2188 2188
67.002045 15 1247 1247
67.002045 30 462 462
67.002045 60 799 799
67.002045 83 1175 1175
67.002045 100 2317 2317
68.002075 15 1189 1189
68.002075 30 400 400
68.002075 60 831 831
68.002075 83 1164 1164
68.002075 100 2447 2447
69.002106 15 1076 1076
69.002106 30 437 437
69.002106 60 878 878
69.002106 83 1148 1148
69.002106 100 2447 2447
70.002136 15 937 937
70.002136 30 416 416
70.002136 60 967 967
70.002136 83 1222 1222
70.002136 100 2462 2462
71.002167 15 978 978
71.002167 30 357 357
71.002167 60 923 923
71.002167 83 1200 1200
71.002167 100 2521 2521
