0.000000 1 1 1
0.000000 2 1 1
0.000000 3 1 1
0.000000 4 1 1
0.000000 5 1 1
0.000000 6 1 1
0.000000 7 1 1
0.000000 8 1 1
0.000000 9 1 1
0.000000 10 1 1
0.000000 11 1 1
0.000000 12 1 1
0.000000 13 1 1
0.000000 14 1 1
0.000000 15 1 1
0.000000 16 1 1
0.000000 17 1 1
0.000000 18 1 1
0.000000 19 1 1
0.000000 20 1 1
0.000000 21 1 1
0.000000 22 1 1
0.000000 23 1 1
0.000000 24 1 1
0.000000 25 1 1
0.000000 26 1 1
0.000000 27 1 1
0.000000 28 1 1
0.000000 29 1 1
0.000000 30 1 1
0.000000 31 1 1
0.000000 32 1 1
0.000000 33 1 1
0.000000 34 1 1
0.000000 35 1 1
0.000000 36 1 1
0.000000 37 1 1
0.000000 38 1 1
0.000000 39 1 1
0.000000 40 1 1
0.000000 41 1 1
0.000000 42 1 1
0.000000 43 1 1
0.000000 44 1 1
0.000000 45 1 1
0.000000 46 1 1
0.000000 47 1 1
0.000000 48 1 1
0.000000 49 1 1
0.000000 50 1 1
0.000000 51 1 1
0.000000 52 1 1
0.000000 53 1 1
0.000000 54 1 1
0.000000 55 1 1
0.000000 56 1 1
0.000000 57 1 1
0.000000 58 1 1
0.000000 59 1 1
0.000000 60 1 1
0.000000 61 1 1
0.000000 62 1 1
0.000000 63 1 1
0.000000 64 1 1
0.000000 65 1 1
0.000000 66 1 1
0.000000 67 1 1
0.000000 68 1 1
0.000000 69 1 1
0.000000 70 1 1
0.000000 71 1 1
0.000000 72 1 1
0.000000 73 1 1
0.000000 74 1 1
0.000000 75 1 1
0.000000 76 1 1
0.000000 77 1 1
0.000000 78 1 1
0.000000 79 1 1
0.000000 80 1 1
0.000000 81 1 1
0.000000 82 1 1
0.000000 83 1 1
0.000000 84 1 1
0.000000 85 1 1
0.000000 86 1 1
0.000000 87 1 1
0.000000 88 1 1
0.000000 89 1 1
0.000000 90 1 1
0.000000 91 1 1
0.000000 92 1 1
0.000000 93 1 1
0.000000 94 1 1
0.000000 95 1 1
0.000000 96 1 1
0.000000 97 1 1
0.000000 98 1 1
0.000000 99 1 1
0.000000 100 1 1
0.000000 101 1 1
0.000000 102 1 1
0.000000 103 1 1
0.000000 104 1 1
0.000000 105 1 1
0.000000 106 1 1
0.000000 107 1 1
0.000000 108 1 1
0.000000 109 1 1
1.000031 1 2 2
1.000031 2 1 1
1.000031 3 2 2
1.000031 4 2 2
1.000031 5 1 1
1.000031 6 1 1
1.000031 7 2 2
1.000031 8 2 2
1.000031 9 2 2
1.000031 10 2 2
1.000031 11 2 2
1.000031 12 2 2
1.000031 13 1 1
1.000031 14 1 1
1.000031 15 2 2
1.000031 16 2 2
1.000031 17 1 1
1.000031 18 2 2
1.000031 19 2 2
1.000031 20 1 1
1.000031 21 1 1
1.000031 23 1 1
1.000031 24 1 1
1.000031 25 1 1
1.000031 26 1 1
1.000031 27 1 1
1.000031 28 1 1
1.000031 29 1 1
1.000031 31 2 2
1.000031 32 1 1
1.000031 33 1 1
1.000031 35 1 1
1.000031 36 2 2
1.000031 37 2 2
1.000031 38 1 1
1.000031 39 2 2
1.000031 41 2 2
1.000031 42 2 2
1.000031 43 2 2
1.000031 44 2 2
1.000031 45 2 2
1.000031 46 1 1
1.000031 47 1 1
1.000031 48 1 1
1.000031 49 2 2
1.000031 50 1 1
1.000031 51 1 1
1.000031 52 1 1
1.000031 53 2 2
1.000031 54 2 2
1.000031 55 1 1
1.000031 56 1 1
1.000031 58 2 2
1.000031 59 2 2
1.000031 61 2 2
1.000031 62 1 1
1.000031 63 1 1
1.000031 65 2 2
1.000031 66 2 2
1.000031 67 1 1
1.000031 68 2 2
1.000031 69 2 2
1.000031 70 2 2
1.000031 72 1 1
1.000031 73 1 1
1.000031 74 1 1
1.000031 75 1 1
1.000031 76 1 1
1.000031 77 1 1
1.000031 78 2 2
1.000031 79 2 2
1.000031 80 1 1
1.000031 81 2 2
1.000031 82 1 1
1.000031 83 1 1
1.000031 84 1 1
1.000031 85 2 2
1.000031 87 1 1
1.000031 88 1 1
1.000031 89 1 1
1.000031 90 2 2
1.000031 91 2 2
1.000031 92 1 1
1.000031 93 2 2
1.000031 94 1 1
1.000031 95 1 1
1.000031 96 2 2
1.000031 97 1 1
1.000031 98 1 1
1.000031 99 1 1
1.000031 100 1 1
1.000031 101 2 2
1.000031 102 2 2
1.000031 103 2 2
1.000031 104 1 1
1.000031 105 2 2
1.000031 106 2 2
1.000031 107 2 2
1.000031 108 1 1
2.000061 1 3 3
2.000061 2 2 2
2.000061 3 2 2
2.000061 4 2 2
2.000061 5 2 2
2.000061 6 2 2
2.000061 7 3 3
2.000061 8 2 2
2.000061 9 2 2
2.000061 10 2 2
2.000061 11 1 1
2.000061 12 2 2
2.000061 13 2 2
2.000061 14 2 2
2.000061 15 2 2
2.000061 16 2 2
2.000061 17 2 2
2.000061 18 2 2
2.000061 19 2 2
2.000061 20 2 2
2.000061 21 2 2
2.000061 23 2 2
2.000061 24 2 2
2.000061 25 2 2
2.000061 26 2 2
2.000061 27 2 2
2.000061 28 2 2
2.000061 29 2 2
2.000061 31 2 2
2.000061 32 2 2
2.000061 33 2 2
2.000061 35 2 2
2.000061 36 2 2
2.000061 37 2 2
2.000061 38 1 1
2.000061 39 2 2
2.000061 41 2 2
2.000061 42 2 2
2.000061 43 2 2
2.000061 44 2 2
2.000061 45 2 2
2.000061 46 2 2
2.000061 47 2 2
2.000061 48 2 2
2.000061 49 2 2
2.000061 50 1 1
2.000061 51 2 2
2.000061 52 2 2
2.000061 53 2 2
2.000061 54 2 2
2.000061 55 2 2
2.000061 56 2 2
2.000061 58 3 3
2.000061 59 2 2
2.000061 61 2 2
2.000061 62 2 2
2.000061 63 2 2
2.000061 65 2 2
2.000061 66 2 2
2.000061 67 2 2
2.000061 68 3 3
2.000061 69 2 2
2.000061 70 3 3
2.000061 72 2 2
2.000061 73 2 2
2.000061 74 1 1
2.000061 75 2 2
2.000061 76 2 2
2.000061 77 2 2
2.000061 78 2 2
2.000061 79 2 2
2.000061 80 2 2
2.000061 81 3 3
2.000061 82 2 2
2.000061 83 2 2
2.000061 84 2 2
2.000061 85 2 2
2.000061 87 2 2
2.000061 88 2 2
2.000061 89 2 2
2.000061 90 3 3
2.000061 91 2 2
2.000061 92 2 2
2.000061 93 3 3
2.000061 94 2 2
2.000061 95 2 2
2.000061 96 3 3
2.000061 97 2 2
2.000061 98 2 2
2.000061 99 2 2
2.000061 100 2 2
2.000061 101 2 2
2.000061 102 2 2
2.000061 103 3 3
2.000061 104 2 2
2.000061 105 2 2
2.000061 106 3 3
2.000061 107 2 2
2.000061 108 2 2
3.000092 1 4 4
3.000092 2 4 4
3.000092 3 4 4
3.000092 4 4 4
3.000092 5 4 4
3.000092 6 3 3
3.000092 7 5 5
3.000092 8 4 4
3.000092 9 4 4
3.000092 10 4 4
3.000092 11 2 2
3.000092 12 4 4
3.000092 13 4 4
3.000092 14 4 4
3.000092 15 4 4
3.000092 16 4 4
3.000092 17 4 4
3.000092 18 4 4
3.000092 19 4 4
3.000092 20 4 4
3.000092 21 4 4
3.000092 23 4 4
3.000092 24 4 4
3.000092 25 4 4
3.000092 26 4 4
3.000092 27 3 3
3.000092 28 3 3
3.000092 29 4 4
3.000092 31 4 4
3.000092 32 4 4
3.000092 33 3 3
3.000092 35 4 4
3.000092 36 3 3
3.000092 37 4 4
3.000092 38 1 1
3.000092 39 4 4
3.000092 41 4 4
3.000092 42 4 4
3.000092 43 4 4
3.000092 44 4 4
3.000092 45 4 4
3.000092 46 4 4
3.000092 47 3 3
3.000092 48 4 4
3.000092 49 4 4
3.000092 50 2 2
3.000092 51 4 4
3.000092 52 4 4
3.000092 53 4 4
3.000092 54 4 4
3.000092 55 4 4
3.000092 56 3 3
3.000092 58 4 4
3.000092 59 4 4
3.000092 61 4 4
3.000092 62 4 4
3.000092 63 4 4
3.000092 65 4 4
3.000092 66 4 4
3.000092 67 4 4
3.000092 68 4 4
3.000092 69 4 4
3.000092 70 4 4
3.000092 72 4 4
3.000092 73 4 4
3.000092 74 2 2
3.000092 75 4 4
3.000092 76 3 3
3.000092 77 4 4
3.000092 78 4 4
3.000092 79 4 4
3.000092 80 4 4
3.000092 81 4 4
3.000092 82 4 4
3.000092 83 4 4
3.000092 84 4 4
3.000092 85 4 4
3.000092 87 4 4
3.000092 88 4 4
3.000092 89 4 4
3.000092 90 4 4
3.000092 91 4 4
3.000092 92 4 4
3.000092 93 5 5
3.000092 94 4 4
3.000092 95 3 3
3.000092 96 5 5
3.000092 97 3 3
3.000092 98 3 3
3.000092 99 4 4
3.000092 100 2 2
3.000092 101 4 4
3.000092 102 4 4
3.000092 103 4 4
3.000092 104 4 4
3.000092 105 4 4
3.000092 106 5 5
3.000092 107 4 4
3.000092 108 4 4
4.000122 1 8 8
4.000122 2 5 5
4.000122 3 6 6
4.000122 4 7 7
4.000122 5 5 5
4.000122 6 5 5
4.000122 7 8 8
4.000122 8 6 6
4.000122 9 8 8
4.000122 10 7 7
4.000122 11 3 3
4.000122 12 7 7
4.000122 13 5 5
4.000122 14 5 5
4.000122 15 8 8
4.000122 16 6 6
4.000122 17 4 4
4.000122 18 7 7
4.000122 19 7 7
4.000122 20 4 4
4.000122 21 6 6
4.000122 23 6 6
4.000122 24 7 7
4.000122 25 4 4
4.000122 26 8 8
4.000122 27 4 4
4.000122 28 4 4
4.000122 29 5 5
4.000122 31 7 7
4.000122 32 7 7
4.000122 33 5 5
4.000122 35 6 6
4.000122 36 6 6
4.000122 37 8 8
4.000122 38 2 2
4.000122 39 8 8
4.000122 41 7 7
4.000122 42 8 8
4.000122 43 6 6
4.000122 44 7 7
4.000122 45 8 8
4.000122 46 6 6
4.000122 47 5 5
4.000122 48 6 6
4.000122 49 7 7
4.000122 50 2 2
4.000122 51 5 5
4.000122 52 5 5
4.000122 53 8 8
4.000122 54 6 6
4.000122 55 7 7
4.000122 56 4 4
4.000122 58 6 6
4.000122 59 8 8
4.000122 61 6 6
4.000122 62 7 7
4.000122 63 6 6
4.000122 65 8 8
4.000122 66 6 6
4.000122 67 5 5
4.000122 68 8 8
4.000122 69 7 7
4.000122 70 5 5
4.000122 72 6 6
4.000122 73 6 6
4.000122 74 2 2
4.000122 75 4 4
4.000122 76 4 4
4.000122 77 4 4
4.000122 78 7 7
4.000122 79 7 7
4.000122 80 7 7
4.000122 81 7 7
4.000122 82 5 5
4.000122 83 6 6
4.000122 84 6 6
4.000122 85 7 7
4.000122 87 6 6
4.000122 88 5 5
4.000122 89 5 5
4.000122 90 7 7
4.000122 91 6 6
4.000122 92 4 4
4.000122 93 8 8
4.000122 94 6 6
4.000122 95 4 4
4.000122 96 7 7
4.000122 97 6 6
4.000122 98 4 4
4.000122 99 5 5
4.000122 100 4 4
4.000122 101 6 6
4.000122 102 5 5
4.000122 103 8 8
4.000122 104 5 5
4.000122 105 7 7
4.000122 106 9 9
4.000122 107 7 7
4.000122 108 6 6
5.000153 1 12 12
5.000153 2 9 9
5.000153 3 10 10
5.000153 4 10 10
5.000153 5 8 8
5.000153 6 9 9
5.000153 7 12 12
5.000153 8 9 9
5.000153 9 9 9
5.000153 10 9 9
5.000153 11 5 5
5.000153 12 8 8
5.000153 13 8 8
5.000153 14 8 8
5.000153 15 13 13
5.000153 16 11 11
5.000153 17 8 8
5.000153 18 9 9
5.000153 19 11 11
5.000153 20 9 9
5.000153 21 8 8
5.000153 23 9 9
5.000153 24 8 8
5.000153 25 8 8
5.000153 26 9 9
5.000153 27 7 7
5.000153 28 8 8
5.000153 29 9 9
5.000153 31 9 9
5.000153 32 8 8
5.000153 33 8 8
5.000153 35 8 8
5.000153 36 7 7
5.000153 37 8 8
5.000153 38 2 2
5.000153 39 11 11
5.000153 41 10 10
5.000153 42 13 13
5.000153 43 10 10
5.000153 44 8 8
5.000153 45 9 9
5.000153 46 9 9
5.000153 47 8 8
5.000153 48 9 9
5.000153 49 11 11
5.000153 50 4 4
5.000153 51 10 10
5.000153 52 8 8
5.000153 53 10 10
5.000153 54 9 9
5.000153 55 10 10
5.000153 56 6 6
5.000153 58 11 11
5.000153 59 10 10
5.000153 61 8 8
5.000153 62 12 12
5.000153 63 8 8
5.000153 65 11 11
5.000153 66 8 8
5.000153 67 8 8
5.000153 68 12 12
5.000153 69 11 11
5.000153 70 9 9
5.000153 72 9 9
5.000153 73 8 8
5.000153 74 3 3
5.000153 75 8 8
5.000153 76 7 7
5.000153 77 8 8
5.000153 78 8 8
5.000153 79 10 10
5.000153 80 10 10
5.000153 81 11 11
5.000153 82 8 8
5.000153 83 9 9
5.000153 84 8 8
5.000153 85 9 9
5.000153 87 9 9
5.000153 88 9 9
5.000153 89 8 8
5.000153 90 11 11
5.000153 91 8 8
5.000153 92 8 8
5.000153 93 13 13
5.000153 94 9 9
5.000153 95 8 8
5.000153 96 10 10
5.000153 97 8 8
5.000153 98 8 8
5.000153 99 8 8
5.000153 100 8 8
5.000153 101 10 10
5.000153 102 9 9
5.000153 103 10 10
5.000153 104 8 8
5.000153 105 10 10
5.000153 106 11 11
5.000153 107 9 9
5.000153 108 8 8
6.000183 1 19 19
6.000183 2 14 14
6.000183 3 15 15
6.000183 4 16 16
6.000183 5 14 14
6.000183 6 12 12
6.000183 7 21 21
6.000183 8 16 16
6.000183 9 16 16
6.000183 10 18 18
6.000183 11 5 5
6.000183 12 16 16
6.000183 13 16 16
6.000183 14 14 14
6.000183 15 16 16
6.000183 16 15 15
6.000183 17 13 13
6.000183 18 15 15
6.000183 19 16 16
6.000183 20 16 16
6.000183 21 14 14
6.000183 23 17 17
6.000183 24 15 15
6.000183 25 11 11
6.000183 26 17 17
6.000183 27 12 12
6.000183 28 13 13
6.000183 29 14 14
6.000183 31 15 15
6.000183 32 14 14
6.000183 33 14 14
6.000183 35 16 16
6.000183 36 11 11
6.000183 37 16 16
6.000183 38 2 2
6.000183 39 18 18
6.000183 41 18 18
6.000183 42 16 16
6.000183 43 16 16
6.000183 44 15 15
6.000183 45 15 15
6.000183 46 15 15
6.000183 47 13 13
6.000183 48 13 13
6.000183 49 17 17
6.000183 50 3 3
6.000183 51 15 15
6.000183 52 15 15
6.000183 53 16 16
6.000183 54 15 15
6.000183 55 16 16
6.000183 56 10 10
6.000183 58 15 15
6.000183 59 16 16
6.000183 61 16 16
6.000183 62 18 18
6.000183 63 16 16
6.000183 65 16 16
6.000183 66 15 15
6.000183 67 12 12
6.000183 68 20 20
6.000183 69 17 17
6.000183 70 17 17
6.000183 72 12 12
6.000183 73 15 15
6.000183 74 4 4
6.000183 75 13 13
6.000183 76 10 10
6.000183 77 14 14
6.000183 78 16 16
6.000183 79 15 15
6.000183 80 15 15
6.000183 81 16 16
6.000183 82 16 16
6.000183 83 17 17
6.000183 84 15 15
6.000183 85 14 14
6.000183 87 15 15
6.000183 88 13 13
6.000183 89 14 14
6.000183 90 17 17
6.000183 91 16 16
6.000183 92 14 14
6.000183 93 20 20
6.000183 94 14 14
6.000183 95 12 12
6.000183 96 17 17
6.000183 97 12 12
6.000183 98 14 14
6.000183 99 16 16
6.000183 100 11 11
6.000183 101 16 16
6.000183 102 15 15
6.000183 103 19 19
6.000183 104 15 15
6.000183 105 16 16
6.000183 106 17 17
6.000183 107 18 18
6.000183 108 15 15
7.000214 1 33 33
7.000214 2 20 20
7.000214 3 23 23
7.000214 4 26 26
7.000214 5 23 23
7.000214 6 23 23
7.000214 7 35 35
7.000214 8 24 24
7.000214 9 25 25
7.000214 10 26 26
7.000214 11 8 8
7.000214 12 27 27
7.000214 13 21 21
7.000214 14 21 21
7.000214 15 29 29
7.000214 16 24 24
7.000214 17 18 18
7.000214 18 26 26
7.000214 19 27 27
7.000214 20 21 21
7.000214 21 26 26
7.000214 23 26 26
7.000214 24 23 23
7.000214 25 16 16
7.000214 26 27 27
7.000214 27 18 18
7.000214 28 17 17
7.000214 29 23 23
7.000214 31 28 28
7.000214 32 24 24
7.000214 33 22 22
7.000214 35 21 21
7.000214 36 20 20
7.000214 37 27 27
7.000214 39 31 31
7.000214 41 28 28
7.000214 42 27 27
7.000214 43 24 24
7.000214 44 24 24
7.000214 45 28 28
7.000214 46 24 24
7.000214 47 19 19
7.000214 48 21 21
7.000214 49 27 27
7.000214 50 5 5
7.000214 51 25 25
7.000214 52 20 20
7.000214 53 29 29
7.000214 54 23 23
7.000214 55 27 27
7.000214 56 14 14
7.000214 58 24 24
7.000214 59 26 26
7.000214 61 25 25
7.000214 62 27 27
7.000214 63 24 24
7.000214 65 31 31
7.000214 66 22 22
7.000214 67 19 19
7.000214 68 31 31
7.000214 69 27 27
7.000214 70 24 24
7.000214 72 12 12
7.000214 73 26 26
7.000214 74 5 5
7.000214 75 18 18
7.000214 76 16 16
7.000214 77 20 20
7.000214 78 30 30
7.000214 79 24 24
7.000214 80 27 27
7.000214 81 22 22
7.000214 82 20 20
7.000214 83 27 27
7.000214 84 23 23
7.000214 85 22 22
7.000214 87 24 24
7.000214 88 22 22
7.000214 89 21 21
7.000214 90 30 30
7.000214 91 23 23
7.000214 92 19 19
7.000214 93 33 33
7.000214 94 23 23
7.000214 95 17 17
7.000214 96 29 29
7.000214 97 23 23
7.000214 98 19 19
7.000214 99 24 24
7.000214 100 20 20
7.000214 101 27 27
7.000214 102 22 22
7.000214 103 29 29
7.000214 104 20 20
7.000214 105 24 24
7.000214 106 31 31
7.000214 107 28 28
7.000214 108 23 23
8.000244 1 46 46
8.000244 2 35 35
8.000244 3 39 39
8.000244 4 40 40
8.000244 5 34 34
8.000244 6 31 31
8.000244 7 55 55
8.000244 8 38 38
8.000244 9 38 38
8.000244 10 43 43
8.000244 11 11 11
8.000244 12 40 40
8.000244 13 34 34
8.000244 14 34 34
8.000244 15 50 50
8.000244 16 41 41
8.000244 17 33 33
8.000244 18 36 36
8.000244 19 48 48
8.000244 20 33 33
8.000244 21 34 34
8.000244 23 41 41
8.000244 24 35 35
8.000244 25 30 30
8.000244 26 41 41
8.000244 27 30 30
8.000244 28 30 30
8.000244 29 33 33
8.000244 31 41 41
8.000244 32 36 36
8.000244 33 33 33
8.000244 35 26 26
8.000244 36 20 20
8.000244 37 39 39
8.000244 39 42 42
8.000244 41 42 42
8.000244 42 42 42
8.000244 43 38 38
8.000244 44 35 35
8.000244 45 44 44
8.000244 46 41 41
8.000244 47 32 32
8.000244 48 34 34
8.000244 49 41 41
8.000244 50 6 6
8.000244 51 40 40
8.000244 52 32 32
8.000244 53 42 42
8.000244 54 39 39
8.000244 55 38 38
8.000244 56 20 20
8.000244 58 43 43
8.000244 59 42 42
8.000244 61 33 33
8.000244 62 47 47
8.000244 63 39 39
8.000244 65 47 47
8.000244 66 33 33
8.000244 67 33 33
8.000244 68 49 49
8.000244 69 46 46
8.000244 70 39 39
8.000244 72 9 9
8.000244 73 39 39
8.000244 74 9 9
8.000244 75 31 31
8.000244 76 27 27
8.000244 77 26 26
8.000244 78 43 43
8.000244 79 36 36
8.000244 80 44 44
8.000244 81 22 22
8.000244 82 32 32
8.000244 83 38 38
8.000244 84 35 35
8.000244 85 36 36
8.000244 87 34 34
8.000244 88 35 35
8.000244 89 34 34
8.000244 90 43 43
8.000244 91 36 36
8.000244 92 32 32
8.000244 93 51 51
8.000244 94 33 33
8.000244 95 28 28
8.000244 96 46 46
8.000244 97 32 32
8.000244 98 31 31
8.000244 99 32 32
8.000244 100 27 27
8.000244 101 40 40
8.000244 102 36 36
8.000244 103 44 44
8.000244 104 35 35
8.000244 105 40 40
8.000244 106 42 42
8.000244 107 42 42
8.000244 108 35 35
9.000275 1 76 76
9.000275 2 59 59
9.000275 3 64 64
9.000275 4 63 63
9.000275 5 58 58
9.000275 6 39 39
9.000275 7 84 84
9.000275 8 63 63
9.000275 9 65 65
9.000275 10 60 60
9.000275 11 6 6
9.000275 12 69 69
9.000275 13 57 57
9.000275 14 53 53
9.000275 15 74 74
9.000275 16 59 59
9.000275 17 51 51
9.000275 18 60 60
9.000275 19 71 71
9.000275 20 63 63
9.000275 21 13 13
9.000275 23 67 67
9.000275 24 63 63
9.000275 25 39 39
9.000275 26 64 64
9.000275 27 45 45
9.000275 28 49 49
9.000275 29 57 57
9.000275 31 61 61
9.000275 32 60 60
9.000275 33 40 40
9.000275 35 6 6
9.000275 36 14 14
9.000275 37 66 66
9.000275 39 73 73
9.000275 41 67 67
9.000275 42 74 74
9.000275 43 68 68
9.000275 44 59 59
9.000275 45 67 67
9.000275 46 63 63
9.000275 47 52 52
9.000275 48 57 57
9.000275 49 72 72
9.000275 51 62 62
9.000275 52 56 56
9.000275 53 71 71
9.000275 54 64 64
9.000275 55 64 64
9.000275 58 67 67
9.000275 59 63 63
9.000275 61 60 60
9.000275 62 68 68
9.000275 63 63 63
9.000275 65 74 74
9.000275 66 60 60
9.000275 67 34 34
9.000275 68 78 78
9.000275 69 72 72
9.000275 70 60 60
9.000275 73 62 62
9.000275 74 1 1
9.000275 75 54 54
9.000275 76 41 41
9.000275 78 69 69
9.000275 79 52 52
9.000275 80 60 60
9.000275 81 1 1
9.000275 82 57 57
9.000275 83 65 65
9.000275 84 59 59
9.000275 85 56 56
9.000275 87 62 62
9.000275 88 58 58
9.000275 89 55 55
9.000275 90 69 69
9.000275 91 58 58
9.000275 92 54 54
9.000275 93 82 82
9.000275 94 57 57
9.000275 95 49 49
9.000275 96 54 54
9.000275 97 53 53
9.000275 98 3 3
9.000275 99 63 63
9.000275 100 46 46
9.000275 101 66 66
9.000275 102 63 63
9.000275 103 72 72
9.000275 104 40 40
9.000275 105 63 63
9.000275 106 70 70
9.000275 107 71 71
9.000275 108 57 57
10.000305 1 121 121
10.000305 2 86 86
10.000305 3 97 97
10.000305 4 107 107
10.000305 5 84 84
10.000305 7 137 137
10.000305 8 106 106
10.000305 9 102 102
10.000305 12 106 106
10.000305 13 96 96
10.000305 14 58 58
10.000305 15 114 114
10.000305 16 95 95
10.000305 18 102 102
10.000305 19 110 110
10.000305 23 107 107
10.000305 24 99 99
10.000305 28 73 73
10.000305 31 107 107
10.000305 37 98 98
10.000305 39 106 106
10.000305 41 68 68
10.000305 42 118 118
10.000305 43 98 98
10.000305 44 95 95
10.000305 46 97 97
10.000305 48 85 85
10.000305 49 110 110
10.000305 51 101 101
10.000305 52 83 83
10.000305 54 89 89
10.000305 55 107 107
10.000305 58 88 88
10.000305 61 72 72
10.000305 62 110 110
10.000305 65 120 120
10.000305 66 4 4
10.000305 68 129 129
10.000305 69 119 119
10.000305 70 104 104
10.000305 75 4 4
10.000305 76 63 63
10.000305 78 62 62
10.000305 80 76 76
10.000305 83 106 106
10.000305 84 98 98
10.000305 85 89 89
10.000305 88 87 87
10.000305 89 87 87
10.000305 91 93 93
10.000305 92 81 81
10.000305 93 134 134
10.000305 94 87 87
10.000305 95 3 3
10.000305 97 87 87
10.000305 100 73 73
10.000305 101 101 101
10.000305 102 93 93
10.000305 103 119 119
10.000305 105 108 108
10.000305 106 115 115
10.000305 107 113 113
10.000305 108 95 95
11.000336 1 196 196
11.000336 2 130 130
11.000336 3 157 157
11.000336 4 163 163
11.000336 7 200 200
11.000336 8 160 160
11.000336 9 152 152
11.000336 12 93 93
11.000336 13 6 6
11.000336 16 29 29
11.000336 18 150 150
11.000336 19 182 182
11.000336 23 149 149
11.000336 24 145 145
11.000336 28 124 124
11.000336 31 66 66
11.000336 37 163 163
11.000336 39 1 1
11.000336 42 162 162
11.000336 43 158 158
11.000336 44 145 145
11.000336 46 161 161
11.000336 48 133 133
11.000336 49 178 178
11.000336 51 137 137
11.000336 54 152 152
11.000336 55 155 155
11.000336 62 46 46
11.000336 65 132 132
11.000336 68 206 206
11.000336 69 178 178
11.000336 70 163 163
11.000336 76 109 109
11.000336 83 124 124
11.000336 84 142 142
11.000336 89 137 137
11.000336 91 147 147
11.000336 92 133 133
11.000336 93 1 1
11.000336 100 117 117
11.000336 101 140 140
11.000336 102 72 72
11.000336 105 10 10
11.000336 106 177 177
11.000336 107 175 175
12.000366 1 225 225
12.000366 2 38 38
12.000366 3 187 187
12.000366 4 231 231
12.000366 7 138 138
12.000366 8 122 122
12.000366 9 264 264
12.000366 18 237 237
12.000366 19 290 290
12.000366 24 245 245
12.000366 28 205 205
12.000366 37 264 264
12.000366 42 111 111
12.000366 43 150 150
12.000366 44 241 241
12.000366 46 263 263
12.000366 48 57 57
12.000366 49 288 288
12.000366 51 32 32
12.000366 54 223 223
12.000366 55 257 257
12.000366 68 325 325
12.000366 69 299 299
12.000366 70 259 259
12.000366 76 165 165
12.000366 83 23 23
12.000366 84 1 1
12.000366 89 12 12
12.000366 91 150 150
12.000366 92 216 216
12.000366 100 163 163
12.000366 101 13 13
12.000366 106 47 47
12.000366 107 267 267
13.000397 1 72 72
13.000397 4 194 194
13.000397 7 39 39
13.000397 8 36 36
13.000397 9 392 392
13.000397 18 306 306
13.000397 19 448 448
13.000397 24 395 395
13.000397 28 304 304
13.000397 37 410 410
13.000397 44 395 395
13.000397 46 412 412
13.000397 49 407 407
13.000397 54 182 182
13.000397 55 135 135
13.000397 68 502 502
13.000397 69 466 466
13.000397 70 371 371
13.000397 76 32 32
13.000397 91 30 30
13.000397 92 186 186
13.000397 100 72 72
13.000397 107 209 209
14.000427 4 23 23
14.000427 9 356 356
14.000427 18 84 84
14.000427 19 529 529
14.000427 24 616 616
14.000427 28 498 498
14.000427 37 453 453
14.000427 44 592 592
14.000427 46 662 662
14.000427 49 187 187
14.000427 54 154 154
14.000427 68 656 656
14.000427 69 626 626
14.000427 70 374 374
14.000427 91 14 14
14.000427 92 49 49
14.000427 100 15 15
14.000427 107 88 88
15.000458 9 288 288
15.000458 19 431 431
15.000458 24 985 985
15.000458 28 726 726
15.000458 37 155 155
15.000458 44 734 734
15.000458 46 871 871
15.000458 49 62 62
15.000458 54 40 40
15.000458 68 755 755
15.000458 69 708 708
15.000458 70 247 247
16.000488 9 166 166
16.000488 19 184 184
16.000488 24 1349 1349
16.000488 28 904 904
16.000488 37 16 16
16.000488 44 922 922
16.000488 46 895 895
16.000488 49 12 12
16.000488 68 779 779
16.000488 69 687 687
16.000488 70 113 113
17.000519 9 128 128
17.000519 19 76 76
17.000519 24 1584 1584
17.000519 28 949 949
17.000519 44 1105 1105
17.000519 46 841 841
17.000519 68 653 653
17.000519 69 584 584
17.000519 70 74 74
18.000549 9 50 50
18.000549 24 1806 1806
18.000549 28 1001 1001
18.000549 44 1309 1309
18.000549 46 801 801
18.000549 68 535 535
18.000549 69 457 457
19.000580 24 1937 1937
19.000580 28 971 971
19.000580 44 1535 1535
19.000580 46 783 783
19.000580 68 419 419
19.000580 69 353 353
20.000610 24 1975 1975
20.000610 28 972 972
20.000610 44 1692 1692
20.000610 46 816 816
20.000610 68 264 264
20.000610 69 331 331
20.674942 24 2003 2003
20.674942 28 987 987
20.674942 44 1761 1761
20.674942 46 812 812
20.674942 68 251 251
20.674942 69 322 322
21.674957 24 2022 2022
21.674957 28 1025 1025
21.674957 44 1831 1831
21.674957 46 823 823
21.674957 68 209 209
21.674957 69 320 320
22.674973 24 2062 2062
22.674973 28 989 989
22.674973 44 1981 1981
22.674973 46 776 776
22.674973 68 159 159
22.674973 69 287 287
23.674988 24 2075 2075
23.674988 28 993 993
23.674988 44 2054 2054
23.674988 46 725 725
23.674988 68 145 145
23.674988 69 275 275
24.675003 24 2018 2018
24.675003 28 934 934
24.675003 44 2010 2010
24.675003 46 808 808
24.675003 68 161 161
24.675003 69 320 320
25.675018 24 2030 2030
25.675018 28 843 843
25.675018 44 2087 2087
25.675018 46 975 975
25.675018 68 88 88
25.675018 69 263 263
26.675034 24 2133 2133
26.675034 28 706 706
26.675034 44 1997 1997
26.675034 46 1172 1172
26.675034 68 59 59
26.675034 69 200 200
27.675049 24 2208 2208
27.675049 28 616 616
27.675049 44 1897 1897
27.675049 46 1317 1317
27.675049 68 89 89
27.675049 69 132 132
28.675064 24 2297 2297
28.675064 28 350 350
28.675064 44 1768 1768
28.675064 46 1599 1599
28.675064 68 113 113
28.675064 69 132 132
29.675079 24 2267 2267
29.675079 28 246 246
29.675079 44 1658 1658
29.675079 46 1812 1812
29.675079 68 166 166
29.675079 69 115 115
30.675095 24 2259 2259
30.675095 28 252 252
30.675095 44 1675 1675
30.675095 46 1797 1797
30.675095 68 198 198
30.675095 69 107 107
31.675110 24 2170 2170
31.675110 28 270 270
31.675110 44 1682 1682
31.675110 46 1885 1885
31.675110 68 224 224
31.675110 69 89 89
32.675125 24 2081 2081
32.675125 28 278 278
32.675125 44 1697 1697
32.675125 46 1990 1990
32.675125 68 160 160
32.675125 69 74 74
33.675140 24 2130 2130
33.675140 28 226 226
33.675140 44 1720 1720
33.675140 46 2028 2028
33.675140 68 183 183
33.675140 69 71 71
34.675156 24 2148 2148
34.675156 28 126 126
34.675156 44 1808 1808
34.675156 46 1929 1929
34.675156 68 193 193
34.675156 69 68 68
35.675171 24 2212 2212
35.675171 28 82 82
35.675171 44 1839 1839
35.675171 46 1935 1935
35.675171 68 204 204
35.675171 69 37 37
36.675186 24 2197 2197
36.675186 28 27 27
36.675186 44 1887 1887
36.675186 46 2025 2025
36.675186 68 148 148
36.675186 69 23 23
37.675201 24 2282 2282
37.675201 28 33 33
37.675201 44 1873 1873
37.675201 46 2038 2038
37.675201 68 80 80
37.675201 69 15 15
38.675217 24 2406 2406
38.675217 28 16 16
38.675217 44 1754 1754
38.675217 46 2088 2088
38.675217 68 28 28
38.675217 69 12 12
39.675232 24 2593 2593
39.675232 28 8 8
39.675232 44 1740 1740
39.675232 46 1995 1995
40.675247 24 2795 2795
40.675247 44 1721 1721
40.675247 46 1764 1764
41.675262 24 2965 2965
41.675262 44 1753 1753
41.675262 46 1626 1626
42.675278 24 2992 2992
42.675278 44 1771 1771
42.675278 46 1526 1526
43.675293 24 2987 2987
43.675293 44 1858 1858
43.675293 46 1482 1482
44.675308 24 2968 2968
44.675308 44 1999 1999
44.675308 46 1355 1355
45.675323 24 2922 2922
45.675323 44 1960 1960
45.675323 46 1376 1376
46.675339 24 2990 2990
46.675339 44 1880 1880
46.675339 46 1447 1447
47.675354 24 2969 2969
47.675354 44 1744 1744
47.675354 46 1571 1571
48.675369 24 2940 2940
48.675369 44 1639 1639
48.675369 46 1698 1698
49.675385 24 3024 3024
49.675385 44 1530 1530
49.675385 46 1718 1718
50.675400 24 3238 3238
50.675400 44 1383 1383
50.675400 46 1659 1659
51.675415 24 3313 3313
51.675415 44 1304 1304
51.675415 46 1678 1678
52.675430 24 3425 3425
52.675430 44 1233 1233
52.675430 46 1640 1640
53.675446 24 3501 3501
53.675446 44 1167 1167
53.675446 46 1647 1647
54.675461 24 3606 3606
54.675461 44 1161 1161
54.675461 46 1531 1531
55.675476 24 3712 3712
55.675476 44 1295 1295
55.675476 46 1302 1302
56.675491 24 3806 3806
56.675491 44 1395 1395
56.675491 46 1092 1092
57.675507 24 3877 3877
57.675507 44 1462 1462
57.675507 46 928 928
58.675522 24 3894 3894
58.675522 44 1551 1551
58.675522 46 842 842
59.675537 24 3954 3954
59.675537 44 1555 1555
59.675537 46 754 754
60.675552 24 4037 4037
60.675552 44 1592 1592
60.675552 46 677 677
61.675568 24 4064 4064
61.675568 44 1524 1524
61.675568 46 702 702
62.675583 24 4166 4166
62.675583 44 1534 1534
62.675583 46 625 625
63.675598 24 4144 4144
63.675598 44 1585 1585
63.675598 46 526 526
64.675613 24 4181 4181
64.675613 44 1666 1666
64.675613 46 466 466
65.675629 24 4134 4134
65.675629 44 1741 1741
65.675629 46 406 406
66.675644 24 4070 4070
66.675644 44 1892 1892
66.675644 46 317 317
67.675659 24 3989 3989
67.675659 44 2080 2080
67.675659 46 242 242
68.675674 24 3900 3900
68.675674 44 2213 2213
68.675674 46 158 158
69.675690 24 3923 3923
69.675690 44 2304 2304
69.675690 46 110 110
70.675705 24 3865 3865
70.675705 44 2390 2390
70.675705 46 47 47
71.675720 24 3862 3862
71.675720 44 2422 2422
71.675720 46 38 38
