0.000000 0 1 1
0.000000 1 1 1
0.000000 3 1 1
0.000000 4 1 1
0.000000 5 1 1
0.000000 6 1 1
0.000000 7 1 1
0.000000 8 1 1
0.000000 9 1 1
0.000000 10 1 1
0.000000 11 1 1
0.000000 12 1 1
0.000000 13 1 1
0.000000 14 1 1
0.000000 15 1 1
0.000000 16 1 1
0.000000 17 1 1
0.000000 18 1 1
0.000000 19 1 1
0.000000 20 1 1
0.000000 21 1 1
0.000000 23 1 1
0.000000 24 1 1
0.000000 25 1 1
0.000000 26 1 1
0.000000 27 1 1
0.000000 28 1 1
0.000000 29 1 1
0.000000 30 1 1
0.000000 31 1 1
0.000000 32 1 1
0.000000 33 1 1
0.000000 34 1 1
0.000000 35 1 1
0.000000 36 1 1
0.000000 37 1 1
0.000000 38 1 1
0.000000 39 1 1
0.000000 40 1 1
0.000000 42 1 1
0.000000 43 1 1
0.000000 44 1 1
0.000000 45 1 1
0.000000 46 1 1
0.000000 47 1 1
0.000000 48 1 1
0.000000 49 1 1
0.000000 50 1 1
0.000000 51 1 1
0.000000 52 1 1
0.000000 53 1 1
0.000000 54 1 1
0.000000 55 1 1
0.000000 56 1 1
0.000000 57 1 1
0.000000 58 1 1
0.000000 59 1 1
0.000000 60 1 1
0.000000 61 1 1
0.000000 62 1 1
0.000000 63 1 1
0.000000 64 1 1
0.000000 65 1 1
0.000000 66 1 1
0.000000 67 1 1
0.000000 68 1 1
0.000000 69 1 1
0.000000 70 1 1
0.000000 71 1 1
0.000000 72 1 1
0.000000 73 1 1
0.000000 74 1 1
0.000000 75 1 1
0.000000 76 1 1
0.000000 77 1 1
0.000000 78 1 1
0.000000 79 1 1
0.000000 80 1 1
0.000000 81 1 1
0.000000 82 1 1
0.000000 84 1 1
0.000000 85 1 1
0.000000 86 1 1
0.000000 87 1 1
0.000000 88 1 1
0.000000 89 1 1
0.000000 90 1 1
0.000000 91 1 1
0.000000 92 1 1
0.000000 93 1 1
0.000000 94 1 1
0.000000 95 1 1
0.000000 96 1 1
0.000000 97 1 1
0.000000 98 1 1
0.000000 99 1 1
0.000000 100 1 1
0.000000 101 1 1
0.000000 102 1 1
0.000000 103 1 1
0.000000 104 1 1
0.000000 105 1 1
0.000000 106 1 1
0.000000 107 1 1
0.000000 108 1 1
0.000000 109 1 1
1.000031 0 1 1
1.000031 1 1 1
1.000031 3 1 1
1.000031 4 1 1
1.000031 5 1 1
1.000031 6 2 2
1.000031 7 2 2
1.000031 8 1 1
1.000031 9 2 2
1.000031 10 1 1
1.000031 11 1 1
1.000031 12 2 2
1.000031 13 2 2
1.000031 14 2 2
1.000031 15 2 2
1.000031 16 2 2
1.000031 17 1 1
1.000031 18 2 2
1.000031 19 1 1
1.000031 20 2 2
1.000031 21 2 2
1.000031 23 2 2
1.000031 24 1 1
1.000031 25 1 1
1.000031 26 1 1
1.000031 27 1 1
1.000031 28 2 2
1.000031 29 2 2
1.000031 30 1 1
1.000031 31 2 2
1.000031 32 2 2
1.000031 33 2 2
1.000031 34 2 2
1.000031 35 1 1
1.000031 36 2 2
1.000031 37 2 2
1.000031 38 2 2
1.000031 39 2 2
1.000031 40 2 2
1.000031 42 2 2
1.000031 43 2 2
1.000031 44 1 1
1.000031 45 1 1
1.000031 46 1 1
1.000031 47 2 2
1.000031 48 2 2
1.000031 49 2 2
1.000031 50 2 2
1.000031 51 2 2
1.000031 52 2 2
1.000031 53 1 1
1.000031 54 2 2
1.000031 55 2 2
1.000031 56 2 2
1.000031 57 1 1
1.000031 58 1 1
1.000031 59 2 2
1.000031 60 1 1
1.000031 61 2 2
1.000031 62 2 2
1.000031 63 2 2
1.000031 64 1 1
1.000031 65 2 2
1.000031 66 2 2
1.000031 67 1 1
1.000031 68 1 1
1.000031 69 1 1
1.000031 70 2 2
1.000031 71 1 1
1.000031 72 2 2
1.000031 73 2 2
1.000031 74 2 2
1.000031 75 1 1
1.000031 76 2 2
1.000031 77 2 2
1.000031 78 2 2
1.000031 79 1 1
1.000031 80 1 1
1.000031 81 2 2
1.000031 82 2 2
1.000031 84 2 2
1.000031 85 1 1
1.000031 86 1 1
1.000031 87 2 2
1.000031 88 2 2
1.000031 89 1 1
1.000031 90 2 2
1.000031 91 1 1
1.000031 92 2 2
1.000031 93 1 1
1.000031 94 1 1
1.000031 95 1 1
1.000031 96 2 2
1.000031 97 2 2
1.000031 98 1 1
1.000031 99 1 1
1.000031 100 1 1
1.000031 101 2 2
1.000031 102 1 1
1.000031 103 1 1
1.000031 104 2 2
1.000031 105 2 2
1.000031 106 1 1
1.000031 107 1 1
1.000031 108 1 1
1.000031 109 1 1
2.000061 0 2 2
2.000061 1 2 2
2.000061 3 2 2
2.000061 4 2 2
2.000061 5 2 2
2.000061 6 2 2
2.000061 7 3 3
2.000061 8 2 2
2.000061 9 2 2
2.000061 10 2 2
2.000061 11 2 2
2.000061 12 2 2
2.000061 13 2 2
2.000061 14 3 3
2.000061 15 2 2
2.000061 16 2 2
2.000061 17 2 2
2.000061 18 2 2
2.000061 19 2 2
2.000061 20 3 3
2.000061 21 3 3
2.000061 23 2 2
2.000061 24 2 2
2.000061 25 2 2
2.000061 26 2 2
2.000061 27 2 2
2.000061 28 3 3
2.000061 29 2 2
2.000061 30 2 2
2.000061 31 2 2
2.000061 32 2 2
2.000061 33 2 2
2.000061 34 3 3
2.000061 35 2 2
2.000061 36 2 2
2.000061 37 2 2
2.000061 38 2 2
2.000061 39 2 2
2.000061 40 2 2
2.000061 42 3 3
2.000061 43 2 2
2.000061 44 2 2
2.000061 45 2 2
2.000061 46 2 2
2.000061 47 2 2
2.000061 48 2 2
2.000061 49 2 2
2.000061 50 2 2
2.000061 51 2 2
2.000061 52 2 2
2.000061 53 2 2
2.000061 54 2 2
2.000061 55 2 2
2.000061 56 2 2
2.000061 57 2 2
2.000061 58 2 2
2.000061 59 2 2
2.000061 60 2 2
2.000061 61 2 2
2.000061 62 2 2
2.000061 63 3 3
2.000061 64 2 2
2.000061 65 2 2
2.000061 66 2 2
2.000061 67 3 3
2.000061 68 2 2
2.000061 69 2 2
2.000061 70 2 2
2.000061 71 2 2
2.000061 72 2 2
2.000061 73 2 2
2.000061 74 3 3
2.000061 75 2 2
2.000061 76 2 2
2.000061 77 3 3
2.000061 78 3 3
2.000061 79 3 3
2.000061 80 2 2
2.000061 81 3 3
2.000061 82 2 2
2.000061 84 2 2
2.000061 85 2 2
2.000061 86 2 2
2.000061 87 2 2
2.000061 88 3 3
2.000061 89 2 2
2.000061 90 2 2
2.000061 91 2 2
2.000061 92 2 2
2.000061 93 2 2
2.000061 94 2 2
2.000061 95 2 2
2.000061 96 2 2
2.000061 97 2 2
2.000061 98 3 3
2.000061 99 2 2
2.000061 100 2 2
2.000061 101 4 4
2.000061 102 2 2
2.000061 103 2 2
2.000061 104 2 2
2.000061 105 2 2
2.000061 106 1 1
2.000061 107 2 2
2.000061 108 2 2
2.000061 109 2 2
3.000092 0 4 4
3.000092 1 4 4
3.000092 3 3 3
3.000092 4 3 3
3.000092 5 4 4
3.000092 6 4 4
3.000092 7 4 4
3.000092 8 4 4
3.000092 9 4 4
3.000092 10 3 3
3.000092 11 3 3
3.000092 12 4 4
3.000092 13 4 4
3.000092 14 4 4
3.000092 15 4 4
3.000092 16 4 4
3.000092 17 4 4
3.000092 18 4 4
3.000092 19 4 4
3.000092 20 4 4
3.000092 21 4 4
3.000092 23 4 4
3.000092 24 2 2
3.000092 25 4 4
3.000092 26 4 4
3.000092 27 4 4
3.000092 28 4 4
3.000092 29 4 4
3.000092 30 3 3
3.000092 31 4 4
3.000092 32 4 4
3.000092 33 4 4
3.000092 34 3 3
3.000092 35 4 4
3.000092 36 4 4
3.000092 37 4 4
3.000092 38 4 4
3.000092 39 4 4
3.000092 40 4 4
3.000092 42 4 4
3.000092 43 4 4
3.000092 44 4 4
3.000092 45 4 4
3.000092 46 4 4
3.000092 47 4 4
3.000092 48 3 3
3.000092 49 4 4
3.000092 50 4 4
3.000092 51 4 4
3.000092 52 4 4
3.000092 53 4 4
3.000092 54 4 4
3.000092 55 4 4
3.000092 56 4 4
3.000092 57 3 3
3.000092 58 4 4
3.000092 59 4 4
3.000092 60 4 4
3.000092 61 4 4
3.000092 62 4 4
3.000092 63 5 5
3.000092 64 3 3
3.000092 65 4 4
3.000092 66 4 4
3.000092 67 4 4
3.000092 68 4 4
3.000092 69 4 4
3.000092 70 4 4
3.000092 71 4 4
3.000092 72 4 4
3.000092 73 4 4
3.000092 74 4 4
3.000092 75 4 4
3.000092 76 4 4
3.000092 77 4 4
3.000092 78 4 4
3.000092 79 4 4
3.000092 80 4 4
3.000092 81 4 4
3.000092 82 4 4
3.000092 84 3 3
3.000092 85 3 3
3.000092 86 4 4
3.000092 87 4 4
3.000092 88 4 4
3.000092 89 4 4
3.000092 90 4 4
3.000092 91 4 4
3.000092 92 4 4
3.000092 93 4 4
3.000092 94 4 4
3.000092 95 4 4
3.000092 96 4 4
3.000092 97 4 4
3.000092 98 4 4
3.000092 99 4 4
3.000092 100 3 3
3.000092 101 5 5
3.000092 102 4 4
3.000092 103 4 4
3.000092 104 4 4
3.000092 105 3 3
3.000092 106 1 1
3.000092 107 4 4
3.000092 108 4 4
3.000092 109 4 4
4.000122 0 5 5
4.000122 1 5 5
4.000122 3 5 5
4.000122 4 4 4
4.000122 5 5 5
4.000122 6 4 4
4.000122 7 6 6
4.000122 8 6 6
4.000122 9 8 8
4.000122 10 4 4
4.000122 11 6 6
4.000122 12 6 6
4.000122 13 6 6
4.000122 14 6 6
4.000122 15 6 6
4.000122 16 8 8
4.000122 17 5 5
4.000122 18 6 6
4.000122 19 7 7
4.000122 20 6 6
4.000122 21 7 7
4.000122 23 7 7
4.000122 24 4 4
4.000122 25 7 7
4.000122 26 5 5
4.000122 27 5 5
4.000122 28 7 7
4.000122 29 6 6
4.000122 30 6 6
4.000122 31 6 6
4.000122 32 6 6
4.000122 33 8 8
4.000122 34 6 6
4.000122 35 5 5
4.000122 36 6 6
4.000122 37 6 6
4.000122 38 7 7
4.000122 39 6 6
4.000122 40 7 7
4.000122 42 6 6
4.000122 43 6 6
4.000122 44 6 6
4.000122 45 6 6
4.000122 46 6 6
4.000122 47 8 8
4.000122 48 5 5
4.000122 49 8 8
4.000122 50 7 7
4.000122 51 6 6
4.000122 52 5 5
4.000122 53 7 7
4.000122 54 6 6
4.000122 55 7 7
4.000122 56 8 8
4.000122 57 5 5
4.000122 58 5 5
4.000122 59 6 6
4.000122 60 6 6
4.000122 61 5 5
4.000122 62 6 6
4.000122 63 6 6
4.000122 64 4 4
4.000122 65 8 8
4.000122 66 6 6
4.000122 67 7 7
4.000122 68 7 7
4.000122 69 4 4
4.000122 70 6 6
4.000122 71 6 6
4.000122 72 6 6
4.000122 73 8 8
4.000122 74 8 8
4.000122 75 5 5
4.000122 76 6 6
4.000122 77 8 8
4.000122 78 7 7
4.000122 79 6 6
4.000122 80 4 4
4.000122 81 7 7
4.000122 82 7 7
4.000122 84 6 6
4.000122 85 4 4
4.000122 86 8 8
4.000122 87 5 5
4.000122 88 8 8
4.000122 89 4 4
4.000122 90 8 8
4.000122 91 4 4
4.000122 92 5 5
4.000122 93 5 5
4.000122 94 6 6
4.000122 95 7 7
4.000122 96 6 6
4.000122 97 7 7
4.000122 98 7 7
4.000122 99 6 6
4.000122 100 6 6
4.000122 101 9 9
4.000122 102 6 6
4.000122 103 8 8
4.000122 104 8 8
4.000122 105 6 6
4.000122 106 1 1
4.000122 107 5 5
4.000122 108 7 7
4.000122 109 6 6
5.000153 0 8 8
5.000153 1 8 8
5.000153 3 7 7
5.000153 4 8 8
5.000153 5 8 8
5.000153 6 8 8
5.000153 7 9 9
5.000153 8 8 8
5.000153 9 11 11
5.000153 10 8 8
5.000153 11 8 8
5.000153 12 9 9
5.000153 13 8 8
5.000153 14 9 9
5.000153 15 9 9
5.000153 16 10 10
5.000153 17 9 9
5.000153 18 8 8
5.000153 19 11 11
5.000153 20 10 10
5.000153 21 11 11
5.000153 23 9 9
5.000153 24 7 7
5.000153 25 10 10
5.000153 26 8 8
5.000153 27 9 9
5.000153 28 10 10
5.000153 29 10 10
5.000153 30 10 10
5.000153 31 12 12
5.000153 32 10 10
5.000153 33 9 9
5.000153 34 9 9
5.000153 35 8 8
5.000153 36 10 10
5.000153 37 9 9
5.000153 38 10 10
5.000153 39 8 8
5.000153 40 11 11
5.000153 42 9 9
5.000153 43 11 11
5.000153 44 9 9
5.000153 45 8 8
5.000153 46 9 9
5.000153 47 12 12
5.000153 48 8 8
5.000153 49 11 11
5.000153 50 8 8
5.000153 51 9 9
5.000153 52 9 9
5.000153 53 11 11
5.000153 54 11 11
5.000153 55 11 11
5.000153 56 8 8
5.000153 57 7 7
5.000153 58 8 8
5.000153 59 9 9
5.000153 60 11 11
5.000153 61 8 8
5.000153 62 8 8
5.000153 63 10 10
5.000153 64 7 7
5.000153 65 8 8
5.000153 66 10 10
5.000153 67 12 12
5.000153 68 11 11
5.000153 69 8 8
5.000153 70 10 10
5.000153 71 10 10
5.000153 72 7 7
5.000153 73 10 10
5.000153 74 12 12
5.000153 75 8 8
5.000153 76 10 10
5.000153 77 11 11
5.000153 78 11 11
5.000153 79 9 9
5.000153 80 8 8
5.000153 81 12 12
5.000153 82 8 8
5.000153 84 7 7
5.000153 85 8 8
5.000153 86 10 10
5.000153 87 9 9
5.000153 88 13 13
5.000153 89 8 8
5.000153 90 9 9
5.000153 91 8 8
5.000153 92 9 9
5.000153 93 9 9
5.000153 94 9 9
5.000153 95 10 10
5.000153 96 9 9
5.000153 97 8 8
5.000153 98 12 12
5.000153 99 9 9
5.000153 100 7 7
5.000153 101 14 14
5.000153 102 9 9
5.000153 103 9 9
5.000153 104 10 10
5.000153 105 9 9
5.000153 106 2 2
5.000153 107 7 7
5.000153 108 8 8
5.000153 109 8 8
6.000183 0 16 16
6.000183 1 15 15
6.000183 3 14 14
6.000183 4 11 11
6.000183 5 16 16
6.000183 6 13 13
6.000183 7 18 18
6.000183 8 16 16
6.000183 9 18 18
6.000183 10 12 12
6.000183 11 14 14
6.000183 12 16 16
6.000183 13 16 16
6.000183 14 18 18
6.000183 15 16 16
6.000183 16 19 19
6.000183 17 11 11
6.000183 18 15 15
6.000183 19 19 19
6.000183 20 18 18
6.000183 21 17 17
6.000183 23 16 16
6.000183 24 11 11
6.000183 25 16 16
6.000183 26 14 14
6.000183 27 16 16
6.000183 28 19 19
6.000183 29 16 16
6.000183 30 15 15
6.000183 31 17 17
6.000183 32 15 15
6.000183 33 16 16
6.000183 34 13 13
6.000183 35 12 12
6.000183 36 15 15
6.000183 37 15 15
6.000183 38 17 17
6.000183 39 15 15
6.000183 40 16 16
6.000183 42 15 15
6.000183 43 15 15
6.000183 44 15 15
6.000183 45 15 15
6.000183 46 15 15
6.000183 47 17 17
6.000183 48 13 13
6.000183 49 18 18
6.000183 50 16 16
6.000183 51 17 17
6.000183 52 15 15
6.000183 53 17 17
6.000183 54 17 17
6.000183 55 18 18
6.000183 56 16 16
6.000183 57 11 11
6.000183 58 13 13
6.000183 59 15 15
6.000183 60 14 14
6.000183 61 16 16
6.000183 62 16 16
6.000183 63 15 15
6.000183 64 11 11
6.000183 65 16 16
6.000183 66 16 16
6.000183 67 17 17
6.000183 68 15 15
6.000183 69 13 13
6.000183 70 16 16
6.000183 71 16 16
6.000183 72 12 12
6.000183 73 18 18
6.000183 74 19 19
6.000183 75 12 12
6.000183 76 17 17
6.000183 77 18 18
6.000183 78 18 18
6.000183 79 16 16
6.000183 80 15 15
6.000183 81 20 20
6.000183 82 15 15
6.000183 84 11 11
6.000183 85 12 12
6.000183 86 16 16
6.000183 87 15 15
6.000183 88 18 18
6.000183 89 13 13
6.000183 90 16 16
6.000183 91 14 14
6.000183 92 18 18
6.000183 93 15 15
6.000183 94 16 16
6.000183 95 15 15
6.000183 96 16 16
6.000183 97 16 16
6.000183 98 18 18
6.000183 99 16 16
6.000183 100 13 13
6.000183 101 23 23
6.000183 102 16 16
6.000183 103 17 17
6.000183 104 16 16
6.000183 105 12 12
6.000183 106 3 3
6.000183 107 12 12
6.000183 108 15 15
6.000183 109 14 14
7.000214 0 21 21
7.000214 1 21 21
7.000214 3 20 20
7.000214 4 17 17
7.000214 5 20 20
7.000214 6 19 19
7.000214 7 29 29
7.000214 8 27 27
7.000214 9 30 30
7.000214 10 18 18
7.000214 11 26 26
7.000214 12 24 24
7.000214 13 25 25
7.000214 14 26 26
7.000214 15 25 25
7.000214 16 28 28
7.000214 17 19 19
7.000214 18 27 27
7.000214 19 28 28
7.000214 20 26 26
7.000214 21 30 30
7.000214 23 29 29
7.000214 24 18 18
7.000214 25 25 25
7.000214 26 22 22
7.000214 27 20 20
7.000214 28 29 29
7.000214 29 27 27
7.000214 30 25 25
7.000214 31 26 26
7.000214 32 25 25
7.000214 33 26 26
7.000214 34 23 23
7.000214 35 20 20
7.000214 36 22 22
7.000214 37 24 24
7.000214 38 26 26
7.000214 39 22 22
7.000214 40 28 28
7.000214 42 23 23
7.000214 43 25 25
7.000214 44 25 25
7.000214 45 22 22
7.000214 46 22 22
7.000214 47 33 33
7.000214 48 21 21
7.000214 49 30 30
7.000214 50 27 27
7.000214 51 25 25
7.000214 52 25 25
7.000214 53 27 27
7.000214 54 26 26
7.000214 55 29 29
7.000214 56 28 28
7.000214 57 20 20
7.000214 58 22 22
7.000214 59 24 24
7.000214 60 25 25
7.000214 61 24 24
7.000214 62 23 23
7.000214 63 26 26
7.000214 64 15 15
7.000214 65 25 25
7.000214 66 23 23
7.000214 67 28 28
7.000214 68 28 28
7.000214 69 16 16
7.000214 70 29 29
7.000214 71 25 25
7.000214 72 17 17
7.000214 73 29 29
7.000214 74 30 30
7.000214 75 20 20
7.000214 76 27 27
7.000214 77 29 29
7.000214 78 24 24
7.000214 79 28 28
7.000214 80 20 20
7.000214 81 28 28
7.000214 82 24 24
7.000214 84 20 20
7.000214 85 18 18
7.000214 86 29 29
7.000214 87 21 21
7.000214 88 32 32
7.000214 89 18 18
7.000214 90 27 27
7.000214 91 20 20
7.000214 92 24 24
7.000214 93 21 21
7.000214 94 23 23
7.000214 95 23 23
7.000214 96 27 27
7.000214 97 25 25
7.000214 98 28 28
7.000214 99 26 26
7.000214 100 18 18
7.000214 101 36 36
7.000214 102 25 25
7.000214 103 29 29
7.000214 104 28 28
7.000214 105 22 22
7.000214 106 3 3
7.000214 107 18 18
7.000214 108 25 25
7.000214 109 22 22
8.000244 0 34 34
8.000244 1 33 33
8.000244 3 31 31
8.000244 4 29 29
8.000244 5 33 33
8.000244 6 32 32
8.000244 7 39 39
8.000244 8 42 42
8.000244 9 46 46
8.000244 10 31 31
8.000244 11 33 33
8.000244 12 40 40
8.000244 13 37 37
8.000244 14 44 44
8.000244 15 35 35
8.000244 16 41 41
8.000244 17 32 32
8.000244 18 35 35
8.000244 19 44 44
8.000244 20 40 40
8.000244 21 46 46
8.000244 23 40 40
8.000244 24 27 27
8.000244 25 41 41
8.000244 26 38 38
8.000244 27 33 33
8.000244 28 50 50
8.000244 29 41 41
8.000244 30 37 37
8.000244 31 44 44
8.000244 32 38 38
8.000244 33 42 42
8.000244 34 32 32
8.000244 35 29 29
8.000244 36 38 38
8.000244 37 38 38
8.000244 38 42 42
8.000244 39 36 36
8.000244 40 45 45
8.000244 42 38 38
8.000244 43 43 43
8.000244 44 36 36
8.000244 45 34 34
8.000244 46 35 35
8.000244 47 45 45
8.000244 48 32 32
8.000244 49 49 49
8.000244 50 40 40
8.000244 51 38 38
8.000244 52 39 39
8.000244 53 40 40
8.000244 54 47 47
8.000244 55 47 47
8.000244 56 38 38
8.000244 57 31 31
8.000244 58 38 38
8.000244 59 35 35
8.000244 60 37 37
8.000244 61 35 35
8.000244 62 34 34
8.000244 63 40 40
8.000244 64 27 27
8.000244 65 34 34
8.000244 66 15 15
8.000244 67 50 50
8.000244 68 41 41
8.000244 69 31 31
8.000244 70 44 44
8.000244 71 38 38
8.000244 72 16 16
8.000244 73 43 43
8.000244 74 49 49
8.000244 75 29 29
8.000244 76 42 42
8.000244 77 47 47
8.000244 78 40 40
8.000244 79 39 39
8.000244 80 33 33
8.000244 81 47 47
8.000244 82 32 32
8.000244 84 31 31
8.000244 85 30 30
8.000244 86 38 38
8.000244 87 38 38
8.000244 88 51 51
8.000244 89 33 33
8.000244 90 37 37
8.000244 91 32 32
8.000244 92 40 40
8.000244 93 34 34
8.000244 94 36 36
8.000244 95 32 32
8.000244 96 38 38
8.000244 97 34 34
8.000244 98 49 49
8.000244 99 40 40
8.000244 100 24 24
8.000244 101 54 54
8.000244 102 37 37
8.000244 103 40 40
8.000244 104 41 41
8.000244 105 34 34
8.000244 106 5 5
8.000244 107 29 29
8.000244 108 36 36
8.000244 109 34 34
9.000275 0 56 56
9.000275 1 57 57
9.000275 3 51 51
9.000275 4 44 44
9.000275 5 57 57
9.000275 6 54 54
9.000275 7 69 69
9.000275 8 67 67
9.000275 9 69 69
9.000275 10 51 51
9.000275 11 59 59
9.000275 12 31 31
9.000275 13 27 27
9.000275 14 73 73
9.000275 15 62 62
9.000275 16 69 69
9.000275 17 50 50
9.000275 18 1 1
9.000275 19 66 66
9.000275 20 66 66
9.000275 21 73 73
9.000275 23 65 65
9.000275 24 46 46
9.000275 25 66 66
9.000275 26 58 58
9.000275 27 59 59
9.000275 28 74 74
9.000275 29 66 66
9.000275 30 60 60
9.000275 31 65 65
9.000275 32 68 68
9.000275 33 65 65
9.000275 34 3 3
9.000275 36 57 57
9.000275 37 63 63
9.000275 38 62 62
9.000275 39 60 60
9.000275 40 71 71
9.000275 42 61 61
9.000275 43 62 62
9.000275 44 62 62
9.000275 45 56 56
9.000275 46 58 58
9.000275 47 1 1
9.000275 48 55 55
9.000275 49 76 76
9.000275 50 69 69
9.000275 51 59 59
9.000275 52 61 61
9.000275 53 66 66
9.000275 54 68 68
9.000275 55 76 76
9.000275 56 62 62
9.000275 57 50 50
9.000275 58 54 54
9.000275 60 4 4
9.000275 61 57 57
9.000275 62 53 53
9.000275 63 66 66
9.000275 64 42 42
9.000275 65 62 62
9.000275 67 67 67
9.000275 68 63 63
9.000275 69 46 46
9.000275 70 67 67
9.000275 71 65 65
9.000275 73 67 67
9.000275 74 74 74
9.000275 75 51 51
9.000275 76 65 65
9.000275 77 77 77
9.000275 78 29 29
9.000275 79 66 66
9.000275 81 78 78
9.000275 82 32 32
9.000275 84 49 49
9.000275 85 46 46
9.000275 86 68 68
9.000275 87 2 2
9.000275 88 40 40
9.000275 89 47 47
9.000275 90 64 64
9.000275 91 55 55
9.000275 92 39 39
9.000275 93 60 60
9.000275 94 67 67
9.000275 96 63 63
9.000275 97 61 61
9.000275 98 71 71
9.000275 99 67 67
9.000275 101 96 96
9.000275 102 61 61
9.000275 103 64 64
9.000275 104 65 65
9.000275 105 51 51
9.000275 107 45 45
9.000275 108 58 58
9.000275 109 58 58
10.000305 0 78 78
10.000305 1 33 33
10.000305 4 55 55
10.000305 5 81 81
10.000305 6 86 86
10.000305 7 113 113
10.000305 8 104 104
10.000305 9 115 115
10.000305 10 79 79
10.000305 11 102 102
10.000305 14 85 85
10.000305 16 111 111
10.000305 17 80 80
10.000305 21 6 6
10.000305 23 113 113
10.000305 24 60 60
10.000305 26 91 91
10.000305 27 57 57
10.000305 29 110 110
10.000305 30 42 42
10.000305 32 100 100
10.000305 33 109 109
10.000305 37 101 101
10.000305 38 103 103
10.000305 39 87 87
10.000305 40 118 118
10.000305 42 90 90
10.000305 43 98 98
10.000305 44 98 98
10.000305 45 96 96
10.000305 46 91 91
10.000305 49 115 115
10.000305 50 113 113
10.000305 51 96 96
10.000305 52 11 11
10.000305 55 120 120
10.000305 56 105 105
10.000305 58 89 89
10.000305 61 87 87
10.000305 63 102 102
10.000305 64 65 65
10.000305 68 108 108
10.000305 71 79 79
10.000305 73 116 116
10.000305 74 126 126
10.000305 75 81 81
10.000305 76 109 109
10.000305 77 64 64
10.000305 79 37 37
10.000305 81 120 120
10.000305 84 76 76
10.000305 85 72 72
10.000305 86 110 110
10.000305 89 31 31
10.000305 90 104 104
10.000305 91 16 16
10.000305 93 90 90
10.000305 94 96 96
10.000305 96 1 1
10.000305 97 102 102
10.000305 101 142 142
10.000305 102 98 98
10.000305 103 106 106
10.000305 104 108 108
10.000305 105 74 74
10.000305 107 79 79
10.000305 108 93 93
10.000305 109 88 88
11.000336 5 134 134
11.000336 6 131 131
11.000336 7 171 171
11.000336 8 170 170
11.000336 9 24 24
11.000336 11 121 121
11.000336 16 100 100
11.000336 17 36 36
11.000336 23 11 11
11.000336 26 144 144
11.000336 32 157 157
11.000336 33 171 171
11.000336 37 162 162
11.000336 38 167 167
11.000336 39 141 141
11.000336 40 53 53
11.000336 42 147 147
11.000336 43 169 169
11.000336 44 10 10
11.000336 45 139 139
11.000336 46 70 70
11.000336 49 194 194
11.000336 50 109 109
11.000336 51 154 154
11.000336 55 188 188
11.000336 56 156 156
11.000336 58 142 142
11.000336 61 141 141
11.000336 63 10 10
11.000336 64 108 108
11.000336 68 164 164
11.000336 73 138 138
11.000336 74 195 195
11.000336 75 109 109
11.000336 76 171 171
11.000336 84 115 115
11.000336 85 6 6
11.000336 86 170 170
11.000336 90 150 150
11.000336 93 140 140
11.000336 94 153 153
11.000336 101 20 20
11.000336 102 156 156
11.000336 103 173 173
11.000336 104 113 113
11.000336 107 117 117
11.000336 108 10 10
11.000336 109 144 144
12.000366 5 213 213
12.000366 6 221 221
12.000366 7 58 58
12.000366 8 265 265
12.000366 11 3 3
12.000366 26 229 229
12.000366 32 269 269
12.000366 33 270 270
12.000366 37 261 261
12.000366 38 267 267
12.000366 39 98 98
12.000366 43 237 237
12.000366 45 221 221
12.000366 49 307 307
12.000366 51 21 21
12.000366 55 315 315
12.000366 56 257 257
12.000366 58 144 144
12.000366 61 151 151
12.000366 64 168 168
12.000366 68 262 262
12.000366 73 15 15
12.000366 74 300 300
12.000366 76 270 270
12.000366 84 196 196
12.000366 86 139 139
12.000366 90 159 159
12.000366 93 84 84
12.000366 94 260 260
12.000366 102 56 56
12.000366 103 156 156
12.000366 107 90 90
12.000366 109 49 49
13.000397 5 115 115
13.000397 6 335 335
13.000397 8 382 382
13.000397 26 310 310
13.000397 32 410 410
13.000397 33 443 443
13.000397 37 356 356
13.000397 38 417 417
13.000397 43 171 171
13.000397 45 304 304
13.000397 49 470 470
13.000397 55 288 288
13.000397 56 416 416
13.000397 58 6 6
13.000397 61 44 44
13.000397 64 180 180
13.000397 68 423 423
13.000397 74 160 160
13.000397 76 55 55
13.000397 84 186 186
13.000397 86 30 30
13.000397 90 6 6
13.000397 94 411 411
13.000397 103 55 55
13.000397 107 3 3
14.000427 5 27 27
14.000427 6 546 546
14.000427 8 468 468
14.000427 26 367 367
14.000427 32 497 497
14.000427 33 427 427
14.000427 37 350 350
14.000427 38 663 663
14.000427 43 7 7
14.000427 45 226 226
14.000427 49 750 750
14.000427 55 153 153
14.000427 56 553 553
14.000427 64 177 177
14.000427 68 230 230
14.000427 84 7 7
14.000427 86 13 13
14.000427 94 556 556
14.000427 103 11 11
15.000458 6 693 693
15.000458 8 454 454
15.000458 26 337 337
15.000458 32 533 533
15.000458 33 359 359
15.000458 37 322 322
15.000458 38 945 945
15.000458 45 134 134
15.000458 49 932 932
15.000458 55 141 141
15.000458 56 595 595
15.000458 64 82 82
15.000458 68 55 55
15.000458 94 438 438
16.000488 6 754 754
16.000488 8 505 505
16.000488 26 293 293
16.000488 32 576 576
16.000488 33 194 194
16.000488 37 280 280
16.000488 38 1137 1137
16.000488 45 36 36
16.000488 49 1056 1056
16.000488 55 83 83
16.000488 56 730 730
16.000488 64 1 1
16.000488 68 39 39
16.000488 94 310 310
17.000519 6 741 741
17.000519 8 526 526
17.000519 26 220 220
17.000519 32 578 578
17.000519 33 162 162
17.000519 37 245 245
17.000519 38 1274 1274
17.000519 49 1194 1194
17.000519 55 26 26
17.000519 56 784 784
17.000519 68 20 20
17.000519 94 269 269
18.000549 6 725 725
18.000549 8 545 545
18.000549 26 207 207
18.000549 32 540 540
18.000549 33 93 93
18.000549 37 216 216
18.000549 38 1303 1303
18.000549 49 1288 1288
18.000549 56 859 859
18.000549 94 237 237
19.000580 6 755 755
19.000580 8 573 573
19.000580 26 173 173
19.000580 32 556 556
19.000580 33 84 84
19.000580 37 160 160
19.000580 38 1320 1320
19.000580 49 1275 1275
19.000580 56 918 918
19.000580 94 212 212
20.000610 6 805 805
20.000610 8 553 553
20.000610 26 137 137
20.000610 32 637 637
20.000610 33 35 35
20.000610 37 103 103
20.000610 38 1328 1328
20.000610 49 1256 1256
20.000610 56 883 883
20.000610 94 250 250
21.000641 6 797 797
21.000641 8 539 539
21.000641 26 138 138
21.000641 32 707 707
21.000641 37 87 87
21.000641 38 1420 1420
21.000641 49 1156 1156
21.000641 56 868 868
21.000641 94 253 253
22.000671 6 782 782
22.000671 8 596 596
22.000671 26 72 72
22.000671 32 785 785
22.000671 37 55 55
22.000671 38 1541 1541
22.000671 49 1229 1229
22.000671 56 801 801
22.000671 94 159 159
23.000702 6 891 891
23.000702 8 518 518
23.000702 26 27 27
23.000702 32 827 827
23.000702 37 76 76
23.000702 38 1581 1581
23.000702 49 1172 1172
23.000702 56 814 814
23.000702 94 115 115
24.000732 6 946 946
24.000732 8 529 529
24.000732 26 19 19
24.000732 32 872 872
24.000732 37 74 74
24.000732 38 1646 1646
24.000732 49 1085 1085
24.000732 56 786 786
24.000732 94 80 80
25.000763 6 912 912
25.000763 8 529 529
25.000763 26 29 29
25.000763 32 923 923
25.000763 37 78 78
25.000763 38 1679 1679
25.000763 49 973 973
25.000763 56 771 771
25.000763 94 73 73
26.000793 6 952 952
26.000793 8 589 589
26.000793 32 1074 1074
26.000793 37 86 86
26.000793 38 1658 1658
26.000793 49 901 901
26.000793 56 668 668
26.000793 94 67 67
27.000824 6 849 849
27.000824 8 692 692
27.000824 32 1163 1163
27.000824 37 74 74
27.000824 38 1625 1625
27.000824 49 955 955
27.000824 56 594 594
27.000824 94 55 55
28.000854 6 770 770
28.000854 8 744 744
28.000854 32 1240 1240
28.000854 37 72 72
28.000854 38 1664 1664
28.000854 49 925 925
28.000854 56 536 536
28.000854 94 42 42
29.000885 6 816 816
29.000885 8 736 736
29.000885 32 1320 1320
29.000885 37 63 63
29.000885 38 1713 1713
29.000885 49 882 882
29.000885 56 464 464
29.000885 94 28 28
30.000916 6 910 910
30.000916 8 740 740
30.000916 32 1342 1342
30.000916 37 65 65
30.000916 38 1627 1627
30.000916 49 845 845
30.000916 56 462 462
30.000916 94 24 24
31.000946 6 895 895
31.000946 8 823 823
31.000946 32 1416 1416
31.000946 37 39 39
31.000946 38 1598 1598
31.000946 49 772 772
31.000946 56 453 453
31.000946 94 8 8
32.000977 6 869 869
32.000977 8 893 893
32.000977 32 1550 1550
32.000977 37 16 16
32.000977 38 1483 1483
32.000977 49 756 756
32.000977 56 437 437
33.001007 6 899 899
33.001007 8 876 876
33.001007 32 1582 1582
33.001007 38 1440 1440
33.001007 49 833 833
33.001007 56 410 410
34.001038 6 880 880
34.001038 8 872 872
34.001038 32 1608 1608
34.001038 38 1423 1423
34.001038 49 830 830
34.001038 56 363 363
35.001068 6 860 860
35.001068 8 883 883
35.001068 32 1685 1685
35.001068 38 1357 1357
35.001068 49 861 861
35.001068 56 350 350
36.001099 6 845 845
36.001099 8 892 892
36.001099 32 1811 1811
36.001099 38 1285 1285
36.001099 49 957 957
36.001099 56 254 254
37.001129 6 770 770
37.001129 8 929 929
37.001129 32 1780 1780
37.001129 38 1249 1249
37.001129 49 1036 1036
37.001129 56 212 212
38.001160 6 721 721
38.001160 8 948 948
38.001160 32 1840 1840
38.001160 38 1185 1185
38.001160 49 1149 1149
38.001160 56 171 171
39.001190 6 731 731
39.001190 8 991 991
39.001190 32 1828 1828
39.001190 38 1050 1050
39.001190 49 1277 1277
39.001190 56 111 111
40.001221 6 672 672
40.001221 8 1026 1026
40.001221 32 1860 1860
40.001221 38 1049 1049
40.001221 49 1254 1254
40.001221 56 96 96
41.001251 6 663 663
41.001251 8 1097 1097
41.001251 32 1870 1870
41.001251 38 1028 1028
41.001251 49 1281 1281
41.001251 56 83 83
42.001282 6 655 655
42.001282 8 1112 1112
42.001282 32 1934 1934
42.001282 38 986 986
42.001282 49 1303 1303
42.001282 56 76 76
43.001312 6 641 641
43.001312 8 1046 1046
43.001312 32 1964 1964
43.001312 38 962 962
43.001312 49 1247 1247
43.001312 56 103 103
44.001343 6 735 735
44.001343 8 1046 1046
44.001343 32 2012 2012
44.001343 38 847 847
44.001343 49 1208 1208
44.001343 56 141 141
45.001373 6 786 786
45.001373 8 971 971
45.001373 32 2046 2046
45.001373 38 788 788
45.001373 49 1195 1195
45.001373 56 165 165
46.001404 6 867 867
46.001404 8 959 959
46.001404 32 2070 2070
46.001404 38 734 734
46.001404 49 1243 1243
46.001404 56 137 137
47.001434 6 931 931
47.001434 8 899 899
47.001434 32 2084 2084
47.001434 38 751 751
47.001434 49 1185 1185
47.001434 56 138 138
48.001465 6 1035 1035
48.001465 8 845 845
48.001465 32 2127 2127
48.001465 38 721 721
48.001465 49 1086 1086
48.001465 56 184 184
49.001495 6 1068 1068
49.001495 8 829 829
49.001495 32 2120 2120
49.001495 38 679 679
49.001495 49 1138 1138
49.001495 56 161 161
50.001526 6 991 991
50.001526 8 821 821
50.001526 32 2097 2097
50.001526 38 774 774
50.001526 49 1169 1169
50.001526 56 140 140
51.001556 6 989 989
51.001556 8 797 797
51.001556 32 2143 2143
51.001556 38 754 754
51.001556 49 1187 1187
51.001556 56 157 157
52.001587 6 1061 1061
52.001587 8 721 721
52.001587 32 2199 2199
52.001587 38 718 718
52.001587 49 1154 1154
52.001587 56 162 162
53.001617 6 1118 1118
53.001617 8 657 657
53.001617 32 2271 2271
53.001617 38 684 684
53.001617 49 1147 1147
53.001617 56 116 116
54.001648 6 1165 1165
54.001648 8 647 647
54.001648 32 2380 2380
54.001648 38 695 695
54.001648 49 1059 1059
54.001648 56 48 48
55.001678 6 1251 1251
55.001678 8 558 558
55.001678 32 2457 2457
55.001678 38 726 726
55.001678 49 971 971
55.001678 56 26 26
56.001709 6 1261 1261
56.001709 8 454 454
56.001709 32 2547 2547
56.001709 38 714 714
56.001709 49 990 990
56.001709 56 8 8
57.001740 6 1347 1347
57.001740 8 386 386
57.001740 32 2625 2625
57.001740 38 688 688
57.001740 49 975 975
58.001770 6 1399 1399
58.001770 8 289 289
58.001770 32 2638 2638
58.001770 38 628 628
58.001770 49 997 997
59.001801 6 1389 1389
59.001801 8 223 223
59.001801 32 2780 2780
59.001801 38 600 600
59.001801 49 1008 1008
60.001831 6 1360 1360
60.001831 8 182 182
60.001831 32 2791 2791
60.001831 38 583 583
60.001831 49 1070 1070
61.001862 6 1348 1348
61.001862 8 142 142
61.001862 32 2836 2836
61.001862 38 615 615
61.001862 49 1038 1038
62.001892 6 1308 1308
62.001892 8 133 133
62.001892 32 2940 2940
62.001892 38 649 649
62.001892 49 979 979
63.001923 6 1330 1330
63.001923 8 74 74
63.001923 32 3012 3012
63.001923 38 731 731
63.001923 49 872 872
64.001953 6 1290 1290
64.001953 8 50 50
64.001953 32 3101 3101
64.001953 38 823 823
64.001953 49 748 748
65.001984 6 1214 1214
65.001984 8 34 34
65.001984 32 3202 3202
65.001984 38 890 890
65.001984 49 628 628
66.002014 6 1234 1234
66.002014 8 15 15
66.002014 32 3283 3283
66.002014 38 879 879
66.002014 49 587 587
67.002045 6 1230 1230
67.002045 32 3367 3367
67.002045 38 811 811
67.002045 49 610 610
68.002075 6 1184 1184
68.002075 32 3361 3361
68.002075 38 821 821
68.002075 49 602 602
69.002106 6 1218 1218
69.002106 32 3338 3338
69.002106 38 885 885
69.002106 49 600 600
70.002136 6 1222 1222
70.002136 32 3313 3313
70.002136 38 907 907
70.002136 49 535 535
71.002167 6 1200 1200
71.002167 32 3282 3282
71.002167 38 931 931
71.002167 49 596 596
