0.000000 0 1 1
0.000000 1 1 1
0.000000 2 1 1
0.000000 4 1 1
0.000000 5 1 1
0.000000 6 1 1
0.000000 7 1 1
0.000000 8 1 1
0.000000 9 1 1
0.000000 10 1 1
0.000000 11 1 1
0.000000 12 1 1
0.000000 13 1 1
0.000000 14 1 1
0.000000 15 1 1
0.000000 16 1 1
0.000000 17 1 1
0.000000 18 1 1
0.000000 19 1 1
0.000000 20 1 1
0.000000 21 1 1
0.000000 22 1 1
0.000000 23 1 1
0.000000 24 1 1
0.000000 25 1 1
0.000000 27 1 1
0.000000 28 1 1
0.000000 30 1 1
0.000000 31 1 1
0.000000 32 1 1
0.000000 34 1 1
0.000000 35 1 1
0.000000 38 1 1
0.000000 39 1 1
0.000000 40 1 1
0.000000 41 1 1
0.000000 42 1 1
0.000000 43 1 1
0.000000 44 1 1
0.000000 45 1 1
0.000000 46 1 1
0.000000 47 1 1
0.000000 48 1 1
0.000000 50 1 1
0.000000 52 1 1
0.000000 53 1 1
0.000000 54 1 1
0.000000 55 1 1
0.000000 56 1 1
0.000000 58 1 1
0.000000 59 1 1
0.000000 60 1 1
0.000000 61 1 1
0.000000 62 1 1
0.000000 63 1 1
0.000000 64 1 1
0.000000 66 1 1
0.000000 67 1 1
0.000000 68 1 1
0.000000 69 1 1
0.000000 70 1 1
0.000000 71 1 1
0.000000 72 1 1
0.000000 73 1 1
0.000000 74 1 1
0.000000 75 1 1
0.000000 76 1 1
0.000000 77 1 1
0.000000 78 1 1
0.000000 79 1 1
0.000000 80 1 1
0.000000 81 1 1
0.000000 82 1 1
0.000000 83 1 1
0.000000 84 1 1
0.000000 85 1 1
0.000000 86 1 1
0.000000 87 1 1
0.000000 88 1 1
0.000000 89 1 1
0.000000 90 1 1
0.000000 91 1 1
0.000000 92 1 1
0.000000 93 1 1
0.000000 94 1 1
0.000000 95 1 1
0.000000 96 1 1
0.000000 97 1 1
0.000000 98 1 1
0.000000 99 1 1
0.000000 100 1 1
0.000000 101 1 1
0.000000 103 1 1
0.000000 104 1 1
0.000000 106 1 1
0.000000 107 1 1
0.000000 108 1 1
0.000000 109 1 1
1.000031 0 2 2
1.000031 1 1 1
1.000031 2 1 1
1.000031 4 1 1
1.000031 5 1 1
1.000031 6 2 2
1.000031 7 2 2
1.000031 8 2 2
1.000031 9 1 1
1.000031 10 1 1
1.000031 11 2 2
1.000031 12 1 1
1.000031 13 1 1
1.000031 14 1 1
1.000031 15 1 1
1.000031 16 1 1
1.000031 17 2 2
1.000031 18 2 2
1.000031 19 2 2
1.000031 20 2 2
1.000031 21 2 2
1.000031 22 2 2
1.000031 23 2 2
1.000031 24 1 1
1.000031 25 1 1
1.000031 27 1 1
1.000031 28 2 2
1.000031 30 1 1
1.000031 31 1 1
1.000031 32 1 1
1.000031 34 1 1
1.000031 35 1 1
1.000031 38 1 1
1.000031 39 1 1
1.000031 40 1 1
1.000031 41 1 1
1.000031 42 2 2
1.000031 43 2 2
1.000031 44 2 2
1.000031 45 1 1
1.000031 46 1 1
1.000031 47 2 2
1.000031 48 2 2
1.000031 50 1 1
1.000031 52 2 2
1.000031 53 2 2
1.000031 54 2 2
1.000031 55 1 1
1.000031 56 2 2
1.000031 58 2 2
1.000031 59 1 1
1.000031 60 2 2
1.000031 61 2 2
1.000031 62 1 1
1.000031 63 1 1
1.000031 64 2 2
1.000031 66 2 2
1.000031 67 1 1
1.000031 68 1 1
1.000031 69 2 2
1.000031 70 2 2
1.000031 71 1 1
1.000031 72 1 1
1.000031 73 1 1
1.000031 74 1 1
1.000031 75 2 2
1.000031 76 1 1
1.000031 77 2 2
1.000031 78 2 2
1.000031 79 1 1
1.000031 80 1 1
1.000031 81 1 1
1.000031 82 1 1
1.000031 83 1 1
1.000031 84 1 1
1.000031 85 1 1
1.000031 86 2 2
1.000031 87 1 1
1.000031 88 2 2
1.000031 89 2 2
1.000031 90 2 2
1.000031 91 2 2
1.000031 92 2 2
1.000031 93 1 1
1.000031 94 1 1
1.000031 95 2 2
1.000031 96 1 1
1.000031 97 1 1
1.000031 98 2 2
1.000031 99 2 2
1.000031 100 1 1
1.000031 101 1 1
1.000031 103 2 2
1.000031 104 1 1
1.000031 106 2 2
1.000031 107 1 1
1.000031 108 2 2
1.000031 109 1 1
2.000061 0 3 3
2.000061 1 2 2
2.000061 2 2 2
2.000061 4 2 2
2.000061 5 2 2
2.000061 6 2 2
2.000061 7 2 2
2.000061 8 3 3
2.000061 9 2 2
2.000061 10 2 2
2.000061 11 3 3
2.000061 12 2 2
2.000061 13 2 2
2.000061 14 2 2
2.000061 15 2 2
2.000061 16 2 2
2.000061 17 2 2
2.000061 18 2 2
2.000061 19 3 3
2.000061 20 2 2
2.000061 21 2 2
2.000061 22 3 3
2.000061 23 2 2
2.000061 24 2 2
2.000061 25 2 2
2.000061 27 2 2
2.000061 28 2 2
2.000061 30 2 2
2.000061 31 2 2
2.000061 32 3 3
2.000061 34 2 2
2.000061 35 2 2
2.000061 38 2 2
2.000061 39 2 2
2.000061 40 2 2
2.000061 41 2 2
2.000061 42 2 2
2.000061 43 2 2
2.000061 44 2 2
2.000061 45 2 2
2.000061 46 2 2
2.000061 47 1 1
2.000061 48 2 2
2.000061 50 2 2
2.000061 52 3 3
2.000061 53 2 2
2.000061 54 3 3
2.000061 55 2 2
2.000061 56 2 2
2.000061 58 2 2
2.000061 59 2 2
2.000061 60 3 3
2.000061 61 2 2
2.000061 62 2 2
2.000061 63 2 2
2.000061 64 2 2
2.000061 66 2 2
2.000061 67 2 2
2.000061 68 2 2
2.000061 69 2 2
2.000061 70 2 2
2.000061 71 2 2
2.000061 72 2 2
2.000061 73 2 2
2.000061 74 2 2
2.000061 75 2 2
2.000061 76 2 2
2.000061 77 2 2
2.000061 78 2 2
2.000061 79 2 2
2.000061 80 2 2
2.000061 81 2 2
2.000061 82 2 2
2.000061 83 2 2
2.000061 84 2 2
2.000061 85 2 2
2.000061 86 2 2
2.000061 87 2 2
2.000061 88 1 1
2.000061 89 2 2
2.000061 90 2 2
2.000061 91 3 3
2.000061 92 2 2
2.000061 93 2 2
2.000061 94 2 2
2.000061 95 2 2
2.000061 96 2 2
2.000061 97 2 2
2.000061 98 3 3
2.000061 99 2 2
2.000061 100 2 2
2.000061 101 2 2
2.000061 103 2 2
2.000061 104 2 2
2.000061 106 2 2
2.000061 107 2 2
2.000061 108 2 2
2.000061 109 2 2
3.000092 0 4 4
3.000092 1 4 4
3.000092 2 2 2
3.000092 4 3 3
3.000092 5 4 4
3.000092 6 4 4
3.000092 7 4 4
3.000092 8 4 4
3.000092 9 3 3
3.000092 10 4 4
3.000092 11 4 4
3.000092 12 4 4
3.000092 13 4 4
3.000092 14 3 3
3.000092 15 4 4
3.000092 16 4 4
3.000092 17 4 4
3.000092 18 4 4
3.000092 19 4 4
3.000092 20 4 4
3.000092 21 4 4
3.000092 22 5 5
3.000092 23 3 3
3.000092 24 4 4
3.000092 25 4 4
3.000092 27 4 4
3.000092 28 4 4
3.000092 30 4 4
3.000092 31 4 4
3.000092 32 5 5
3.000092 34 4 4
3.000092 35 4 4
3.000092 38 4 4
3.000092 39 4 4
3.000092 40 4 4
3.000092 41 4 4
3.000092 42 4 4
3.000092 43 4 4
3.000092 44 4 4
3.000092 45 4 4
3.000092 46 4 4
3.000092 47 2 2
3.000092 48 4 4
3.000092 50 4 4
3.000092 52 5 5
3.000092 53 4 4
3.000092 54 5 5
3.000092 55 3 3
3.000092 56 5 5
3.000092 58 4 4
3.000092 59 4 4
3.000092 60 6 6
3.000092 61 4 4
3.000092 62 4 4
3.000092 63 4 4
3.000092 64 4 4
3.000092 66 4 4
3.000092 67 4 4
3.000092 68 4 4
3.000092 69 4 4
3.000092 70 4 4
3.000092 71 4 4
3.000092 72 4 4
3.000092 73 3 3
3.000092 74 3 3
3.000092 75 4 4
3.000092 76 4 4
3.000092 77 4 4
3.000092 78 3 3
3.000092 79 4 4
3.000092 80 4 4
3.000092 81 4 4
3.000092 82 4 4
3.000092 83 4 4
3.000092 84 4 4
3.000092 85 4 4
3.000092 86 4 4
3.000092 87 3 3
3.000092 88 2 2
3.000092 89 4 4
3.000092 90 4 4
3.000092 91 4 4
3.000092 92 4 4
3.000092 93 4 4
3.000092 94 4 4
3.000092 95 4 4
3.000092 96 4 4
3.000092 97 4 4
3.000092 98 5 5
3.000092 99 4 4
3.000092 100 3 3
3.000092 101 3 3
3.000092 103 4 4
3.000092 104 4 4
3.000092 106 4 4
3.000092 107 4 4
3.000092 108 4 4
3.000092 109 3 3
4.000122 0 7 7
4.000122 1 4 4
4.000122 2 4 4
4.000122 4 4 4
4.000122 5 4 4
4.000122 6 8 8
4.000122 7 5 5
4.000122 8 7 7
4.000122 9 6 6
4.000122 10 5 5
4.000122 11 8 8
4.000122 12 6 6
4.000122 13 7 7
4.000122 14 6 6
4.000122 15 5 5
4.000122 16 7 7
4.000122 17 5 5
4.000122 18 8 8
4.000122 19 8 8
4.000122 20 7 7
4.000122 21 7 7
4.000122 22 6 6
4.000122 23 5 5
4.000122 24 6 6
4.000122 25 6 6
4.000122 27 5 5
4.000122 28 7 7
4.000122 30 5 5
4.000122 31 4 4
4.000122 32 8 8
4.000122 34 6 6
4.000122 35 5 5
4.000122 38 6 6
4.000122 39 5 5
4.000122 40 5 5
4.000122 41 6 6
4.000122 42 6 6
4.000122 43 5 5
4.000122 44 6 6
4.000122 45 5 5
4.000122 46 7 7
4.000122 47 3 3
4.000122 48 6 6
4.000122 50 7 7
4.000122 52 8 8
4.000122 53 6 6
4.000122 54 6 6
4.000122 55 4 4
4.000122 56 9 9
4.000122 58 5 5
4.000122 59 5 5
4.000122 60 8 8
4.000122 61 6 6
4.000122 62 5 5
4.000122 63 6 6
4.000122 64 7 7
4.000122 66 7 7
4.000122 67 5 5
4.000122 68 5 5
4.000122 69 8 8
4.000122 70 7 7
4.000122 71 8 8
4.000122 72 4 4
4.000122 73 4 4
4.000122 74 6 6
4.000122 75 5 5
4.000122 76 4 4
4.000122 77 7 7
4.000122 78 6 6
4.000122 79 4 4
4.000122 80 6 6
4.000122 81 6 6
4.000122 82 6 6
4.000122 83 7 7
4.000122 84 6 6
4.000122 85 6 6
4.000122 86 5 5
4.000122 87 6 6
4.000122 88 3 3
4.000122 89 7 7
4.000122 90 6 6
4.000122 91 7 7
4.000122 92 5 5
4.000122 93 6 6
4.000122 94 5 5
4.000122 95 5 5
4.000122 96 6 6
4.000122 97 5 5
4.000122 98 7 7
4.000122 99 6 6
4.000122 100 4 4
4.000122 101 4 4
4.000122 103 5 5
4.000122 104 6 6
4.000122 106 6 6
4.000122 107 8 8
4.000122 108 8 8
4.000122 109 5 5
5.000153 0 9 9
5.000153 1 8 8
5.000153 2 7 7
5.000153 4 8 8
5.000153 5 8 8
5.000153 6 11 11
5.000153 7 8 8
5.000153 8 12 12
5.000153 9 8 8
5.000153 10 8 8
5.000153 11 12 12
5.000153 12 9 9
5.000153 13 9 9
5.000153 14 9 9
5.000153 15 8 8
5.000153 16 9 9
5.000153 17 9 9
5.000153 18 11 11
5.000153 19 12 12
5.000153 20 9 9
5.000153 21 9 9
5.000153 22 10 10
5.000153 23 8 8
5.000153 24 9 9
5.000153 25 9 9
5.000153 27 9 9
5.000153 28 10 10
5.000153 30 8 8
5.000153 31 8 8
5.000153 32 12 12
5.000153 34 8 8
5.000153 35 9 9
5.000153 38 10 10
5.000153 39 8 8
5.000153 40 8 8
5.000153 41 8 8
5.000153 42 9 9
5.000153 43 10 10
5.000153 44 11 11
5.000153 45 8 8
5.000153 46 10 10
5.000153 47 4 4
5.000153 48 10 10
5.000153 50 8 8
5.000153 52 11 11
5.000153 53 10 10
5.000153 54 10 10
5.000153 55 8 8
5.000153 56 12 12
5.000153 58 8 8
5.000153 59 8 8
5.000153 60 12 12
5.000153 61 11 11
5.000153 62 8 8
5.000153 63 8 8
5.000153 64 9 9
5.000153 66 10 10
5.000153 67 8 8
5.000153 68 10 10
5.000153 69 11 11
5.000153 70 10 10
5.000153 71 11 11
5.000153 72 8 8
5.000153 73 8 8
5.000153 74 8 8
5.000153 75 9 9
5.000153 76 8 8
5.000153 77 9 9
5.000153 78 9 9
5.000153 79 8 8
5.000153 80 8 8
5.000153 81 8 8
5.000153 82 9 9
5.000153 83 8 8
5.000153 84 8 8
5.000153 85 8 8
5.000153 86 8 8
5.000153 87 9 9
5.000153 88 5 5
5.000153 89 10 10
5.000153 90 8 8
5.000153 91 12 12
5.000153 92 8 8
5.000153 93 9 9
5.000153 94 8 8
5.000153 95 8 8
5.000153 96 8 8
5.000153 97 9 9
5.000153 98 11 11
5.000153 99 8 8
5.000153 100 8 8
5.000153 101 8 8
5.000153 103 8 8
5.000153 104 8 8
5.000153 106 9 9
5.000153 107 8 8
5.000153 108 8 8
5.000153 109 8 8
6.000183 0 16 16
6.000183 1 14 14
6.000183 2 9 9
6.000183 4 10 10
6.000183 5 16 16
6.000183 6 16 16
6.000183 7 15 15
6.000183 8 16 16
6.000183 9 14 14
6.000183 10 12 12
6.000183 11 17 17
6.000183 12 15 15
6.000183 13 17 17
6.000183 14 12 12
6.000183 15 14 14
6.000183 16 16 16
6.000183 17 14 14
6.000183 18 17 17
6.000183 19 20 20
6.000183 20 16 16
6.000183 21 16 16
6.000183 22 19 19
6.000183 23 14 14
6.000183 24 17 17
6.000183 25 16 16
6.000183 27 15 15
6.000183 28 16 16
6.000183 30 14 14
6.000183 31 15 15
6.000183 32 19 19
6.000183 34 16 16
6.000183 35 17 17
6.000183 38 15 15
6.000183 39 15 15
6.000183 40 14 14
6.000183 41 15 15
6.000183 42 16 16
6.000183 43 16 16
6.000183 44 13 13
6.000183 45 14 14
6.000183 46 18 18
6.000183 47 6 6
6.000183 48 16 16
6.000183 50 15 15
6.000183 52 17 17
6.000183 53 16 16
6.000183 54 19 19
6.000183 55 13 13
6.000183 56 18 18
6.000183 58 16 16
6.000183 59 16 16
6.000183 60 20 20
6.000183 61 15 15
6.000183 62 13 13
6.000183 63 16 16
6.000183 64 14 14
6.000183 66 16 16
6.000183 67 16 16
6.000183 68 14 14
6.000183 69 18 18
6.000183 70 16 16
6.000183 71 19 19
6.000183 72 15 15
6.000183 73 14 14
6.000183 74 14 14
6.000183 75 15 15
6.000183 76 15 15
6.000183 77 16 16
6.000183 78 14 14
6.000183 79 14 14
6.000183 80 14 14
6.000183 81 16 16
6.000183 82 14 14
6.000183 83 16 16
6.000183 84 15 15
6.000183 85 15 15
6.000183 86 15 15
6.000183 87 13 13
6.000183 88 6 6
6.000183 89 17 17
6.000183 90 14 14
6.000183 91 17 17
6.000183 92 15 15
6.000183 93 14 14
6.000183 94 13 13
6.000183 95 15 15
6.000183 96 14 14
6.000183 97 14 14
6.000183 98 18 18
6.000183 99 14 14
6.000183 100 11 11
6.000183 101 13 13
6.000183 103 14 14
6.000183 104 14 14
6.000183 106 16 16
6.000183 107 16 16
6.000183 108 16 16
6.000183 109 13 13
7.000214 0 22 22
7.000214 1 19 19
7.000214 2 15 15
7.000214 4 17 17
7.000214 5 19 19
7.000214 6 28 28
7.000214 7 21 21
7.000214 8 25 25
7.000214 9 23 23
7.000214 10 19 19
7.000214 11 31 31
7.000214 12 23 23
7.000214 13 27 27
7.000214 14 21 21
7.000214 15 19 19
7.000214 16 23 23
7.000214 17 22 22
7.000214 18 29 29
7.000214 19 31 31
7.000214 20 26 26
7.000214 21 28 28
7.000214 22 26 26
7.000214 23 21 21
7.000214 24 28 28
7.000214 25 24 24
7.000214 27 21 21
7.000214 28 30 30
7.000214 30 21 21
7.000214 31 21 21
7.000214 32 30 30
7.000214 34 20 20
7.000214 35 25 25
7.000214 38 26 26
7.000214 39 21 21
7.000214 40 20 20
7.000214 41 24 24
7.000214 42 21 21
7.000214 43 25 25
7.000214 44 23 23
7.000214 45 19 19
7.000214 46 29 29
7.000214 47 10 10
7.000214 48 25 25
7.000214 50 24 24
7.000214 52 27 27
7.000214 53 26 26
7.000214 54 29 29
7.000214 55 19 19
7.000214 56 33 33
7.000214 58 25 25
7.000214 59 23 23
7.000214 60 35 35
7.000214 61 25 25
7.000214 62 21 21
7.000214 63 23 23
7.000214 64 26 26
7.000214 66 25 25
7.000214 67 18 18
7.000214 68 24 24
7.000214 69 31 31
7.000214 70 28 28
7.000214 71 32 32
7.000214 72 19 19
7.000214 73 22 22
7.000214 74 23 23
7.000214 75 22 22
7.000214 76 22 22
7.000214 77 25 25
7.000214 78 22 22
7.000214 79 22 22
7.000214 80 21 21
7.000214 81 25 25
7.000214 82 24 24
7.000214 83 25 25
7.000214 84 29 29
7.000214 85 22 22
7.000214 86 22 22
7.000214 87 21 21
7.000214 88 9 9
7.000214 89 27 27
7.000214 90 20 20
7.000214 91 29 29
7.000214 92 19 19
7.000214 93 24 24
7.000214 94 21 21
7.000214 95 21 21
7.000214 96 20 20
7.000214 97 22 22
7.000214 98 28 28
7.000214 99 21 21
7.000214 100 16 16
7.000214 101 19 19
7.000214 103 21 21
7.000214 104 21 21
7.000214 106 24 24
7.000214 107 26 26
7.000214 108 28 28
7.000214 109 19 19
8.000244 0 35 35
8.000244 1 32 32
8.000244 2 27 27
8.000244 4 29 29
8.000244 5 32 32
8.000244 6 43 43
8.000244 7 34 34
8.000244 8 43 43
8.000244 9 34 34
8.000244 10 31 31
8.000244 11 50 50
8.000244 12 35 35
8.000244 13 38 38
8.000244 14 33 33
8.000244 15 21 21
8.000244 16 35 35
8.000244 17 37 37
8.000244 18 45 45
8.000244 19 50 50
8.000244 20 39 39
8.000244 21 45 45
8.000244 22 47 47
8.000244 23 36 36
8.000244 24 43 43
8.000244 25 39 39
8.000244 27 36 36
8.000244 28 45 45
8.000244 30 35 35
8.000244 31 34 34
8.000244 32 49 49
8.000244 34 34 34
8.000244 35 34 34
8.000244 38 38 38
8.000244 39 35 35
8.000244 40 32 32
8.000244 41 32 32
8.000244 42 35 35
8.000244 43 39 39
8.000244 44 40 40
8.000244 45 32 32
8.000244 46 43 43
8.000244 47 15 15
8.000244 48 38 38
8.000244 50 35 35
8.000244 52 44 44
8.000244 53 38 38
8.000244 54 43 43
8.000244 55 31 31
8.000244 56 51 51
8.000244 58 38 38
8.000244 59 36 36
8.000244 60 56 56
8.000244 61 40 40
8.000244 62 33 33
8.000244 63 36 36
8.000244 64 39 39
8.000244 66 38 38
8.000244 67 33 33
8.000244 68 40 40
8.000244 69 44 44
8.000244 70 39 39
8.000244 71 46 46
8.000244 72 32 32
8.000244 73 33 33
8.000244 74 33 33
8.000244 75 35 35
8.000244 76 32 32
8.000244 77 38 38
8.000244 78 35 35
8.000244 79 32 32
8.000244 80 37 37
8.000244 81 38 38
8.000244 82 33 33
8.000244 83 38 38
8.000244 84 41 41
8.000244 85 34 34
8.000244 86 38 38
8.000244 87 34 34
8.000244 88 15 15
8.000244 89 45 45
8.000244 90 30 30
8.000244 91 45 45
8.000244 92 32 32
8.000244 93 35 35
8.000244 94 33 33
8.000244 95 34 34
8.000244 96 33 33
8.000244 97 38 38
8.000244 98 36 36
8.000244 99 35 35
8.000244 100 31 31
8.000244 101 33 33
8.000244 103 37 37
8.000244 104 35 35
8.000244 106 39 39
8.000244 107 39 39
8.000244 108 39 39
8.000244 109 33 33
9.000275 0 58 58
9.000275 1 52 52
9.000275 2 38 38
9.000275 4 39 39
9.000275 5 57 57
9.000275 6 66 66
9.000275 7 54 54
9.000275 8 12 12
9.000275 9 23 23
9.000275 10 6 6
9.000275 11 77 77
9.000275 12 60 60
9.000275 13 62 62
9.000275 14 52 52
9.000275 16 63 63
9.000275 17 56 56
9.000275 18 66 66
9.000275 19 77 77
9.000275 20 64 64
9.000275 21 68 68
9.000275 22 74 74
9.000275 23 62 62
9.000275 24 30 30
9.000275 25 58 58
9.000275 27 57 57
9.000275 28 48 48
9.000275 30 56 56
9.000275 31 56 56
9.000275 32 75 75
9.000275 34 58 58
9.000275 35 62 62
9.000275 38 62 62
9.000275 39 59 59
9.000275 40 54 54
9.000275 41 25 25
9.000275 42 58 58
9.000275 43 68 68
9.000275 44 10 10
9.000275 45 56 56
9.000275 46 70 70
9.000275 48 48 48
9.000275 50 54 54
9.000275 52 19 19
9.000275 53 68 68
9.000275 54 77 77
9.000275 55 48 48
9.000275 56 81 81
9.000275 58 62 62
9.000275 59 59 59
9.000275 60 87 87
9.000275 61 65 65
9.000275 62 54 54
9.000275 63 63 63
9.000275 64 63 63
9.000275 66 63 63
9.000275 67 59 59
9.000275 68 64 64
9.000275 69 78 78
9.000275 70 67 67
9.000275 71 74 74
9.000275 72 58 58
9.000275 73 51 51
9.000275 74 53 53
9.000275 75 54 54
9.000275 76 60 60
9.000275 77 62 62
9.000275 78 58 58
9.000275 79 58 58
9.000275 80 54 54
9.000275 81 63 63
9.000275 82 61 61
9.000275 83 62 62
9.000275 84 67 67
9.000275 85 60 60
9.000275 86 62 62
9.000275 87 49 49
9.000275 88 2 2
9.000275 89 75 75
9.000275 90 53 53
9.000275 91 78 78
9.000275 92 53 53
9.000275 93 62 62
9.000275 94 52 52
9.000275 95 59 59
9.000275 96 53 53
9.000275 97 56 56
9.000275 98 26 26
9.000275 99 59 59
9.000275 100 48 48
9.000275 101 51 51
9.000275 103 62 62
9.000275 104 57 57
9.000275 106 68 68
9.000275 107 69 69
9.000275 108 65 65
9.000275 109 52 52
10.000305 1 84 84
10.000305 2 62 62
10.000305 4 25 25
10.000305 5 80 80
10.000305 6 37 37
10.000305 7 90 90
10.000305 11 125 125
10.000305 12 95 95
10.000305 13 102 102
10.000305 16 98 98
10.000305 17 85 85
10.000305 18 110 110
10.000305 20 97 97
10.000305 21 59 59
10.000305 22 117 117
10.000305 23 5 5
10.000305 25 94 94
10.000305 30 85 85
10.000305 31 82 82
10.000305 32 124 124
10.000305 34 84 84
10.000305 35 96 96
10.000305 38 15 15
10.000305 39 18 18
10.000305 40 84 84
10.000305 42 93 93
10.000305 43 108 108
10.000305 53 108 108
10.000305 54 72 72
10.000305 55 72 72
10.000305 56 133 133
10.000305 58 97 97
10.000305 59 94 94
10.000305 60 141 141
10.000305 63 95 95
10.000305 64 106 106
10.000305 68 99 99
10.000305 69 125 125
10.000305 70 103 103
10.000305 71 122 122
10.000305 72 80 80
10.000305 73 33 33
10.000305 75 85 85
10.000305 76 51 51
10.000305 77 102 102
10.000305 78 91 91
10.000305 80 4 4
10.000305 82 53 53
10.000305 83 104 104
10.000305 84 109 109
10.000305 85 95 95
10.000305 86 97 97
10.000305 87 41 41
10.000305 89 112 112
10.000305 90 81 81
10.000305 91 117 117
10.000305 92 81 81
10.000305 94 86 86
10.000305 96 78 78
10.000305 97 90 90
10.000305 99 94 94
10.000305 100 77 77
10.000305 101 80 80
10.000305 103 92 92
10.000305 106 104 104
10.000305 107 105 105
10.000305 108 111 111
10.000305 109 85 85
11.000336 1 134 134
11.000336 2 80 80
11.000336 5 15 15
11.000336 7 138 138
11.000336 12 150 150
11.000336 13 88 88
11.000336 16 153 153
11.000336 18 15 15
11.000336 22 91 91
11.000336 25 6 6
11.000336 30 139 139
11.000336 31 141 141
11.000336 32 202 202
11.000336 34 139 139
11.000336 35 71 71
11.000336 40 131 131
11.000336 42 6 6
11.000336 43 173 173
11.000336 53 28 28
11.000336 55 126 126
11.000336 56 209 209
11.000336 58 142 142
11.000336 69 198 198
11.000336 70 173 173
11.000336 71 189 189
11.000336 75 141 141
11.000336 77 153 153
11.000336 78 130 130
11.000336 83 75 75
11.000336 84 166 166
11.000336 85 142 142
11.000336 86 158 158
11.000336 89 181 181
11.000336 90 130 130
11.000336 91 151 151
11.000336 92 127 127
11.000336 94 136 136
11.000336 96 129 129
11.000336 97 147 147
11.000336 99 146 146
11.000336 100 127 127
11.000336 101 133 133
11.000336 106 156 156
11.000336 107 169 169
11.000336 108 164 164
11.000336 109 133 133
12.000366 1 216 216
12.000366 7 227 227
12.000366 12 247 247
12.000366 16 28 28
12.000366 30 182 182
12.000366 31 233 233
12.000366 32 276 276
12.000366 34 223 223
12.000366 35 4 4
12.000366 40 205 205
12.000366 43 245 245
12.000366 55 73 73
12.000366 56 19 19
12.000366 58 2 2
12.000366 69 36 36
12.000366 70 278 278
12.000366 71 313 313
12.000366 75 221 221
12.000366 77 253 253
12.000366 78 16 16
12.000366 84 115 115
12.000366 85 241 241
12.000366 86 248 248
12.000366 89 166 166
12.000366 90 211 211
12.000366 92 216 216
12.000366 94 117 117
12.000366 96 17 17
12.000366 97 230 230
12.000366 99 232 232
12.000366 100 198 198
12.000366 106 169 169
12.000366 107 276 276
12.000366 108 70 70
12.000366 109 207 207
13.000397 1 332 332
13.000397 7 126 126
13.000397 12 390 390
13.000397 30 22 22
13.000397 31 336 336
13.000397 32 47 47
13.000397 34 325 325
13.000397 40 246 246
13.000397 43 35 35
13.000397 70 271 271
13.000397 71 434 434
13.000397 75 346 346
13.000397 77 194 194
13.000397 84 8 8
13.000397 85 376 376
13.000397 86 234 234
13.000397 90 333 333
13.000397 92 279 279
13.000397 94 23 23
13.000397 97 342 342
13.000397 99 176 176
13.000397 100 308 308
13.000397 106 35 35
13.000397 107 440 440
13.000397 109 339 339
14.000427 1 414 414
14.000427 12 570 570
14.000427 31 311 311
14.000427 34 419 419
14.000427 40 274 274
14.000427 70 147 147
14.000427 71 441 441
14.000427 75 342 342
14.000427 77 58 58
14.000427 85 587 587
14.000427 86 36 36
14.000427 90 530 530
14.000427 92 184 184
14.000427 97 91 91
14.000427 99 28 28
14.000427 100 491 491
14.000427 106 19 19
14.000427 107 503 503
14.000427 109 534 534
15.000458 1 354 354
15.000458 12 575 575
15.000458 31 353 353
15.000458 34 452 452
15.000458 40 275 275
15.000458 70 87 87
15.000458 71 473 473
15.000458 75 303 303
15.000458 85 686 686
15.000458 90 840 840
15.000458 92 94 94
15.000458 97 2 2
15.000458 100 470 470
15.000458 107 369 369
15.000458 109 705 705
16.000488 1 366 366
16.000488 12 347 347
16.000488 31 375 375
16.000488 34 437 437
16.000488 40 328 328
16.000488 70 83 83
16.000488 71 462 462
16.000488 75 203 203
16.000488 85 838 838
16.000488 90 1256 1256
16.000488 92 3 3
16.000488 100 324 324
16.000488 107 264 264
16.000488 109 729 729
17.000519 1 383 383
17.000519 12 87 87
17.000519 31 362 362
17.000519 34 433 433
17.000519 40 368 368
17.000519 70 83 83
17.000519 71 472 472
17.000519 75 90 90
17.000519 85 968 968
17.000519 90 1544 1544
17.000519 100 311 311
17.000519 107 199 199
17.000519 109 713 713
18.000549 1 348 348
18.000549 12 4 4
18.000549 31 387 387
18.000549 34 411 411
18.000549 40 379 379
18.000549 70 90 90
18.000549 71 488 488
18.000549 75 62 62
18.000549 85 955 955
18.000549 90 1640 1640
18.000549 100 268 268
18.000549 107 236 236
18.000549 109 702 702
19.000580 1 364 364
19.000580 31 502 502
19.000580 34 440 440
19.000580 40 408 408
19.000580 70 91 91
19.000580 71 510 510
19.000580 75 23 23
19.000580 85 966 966
19.000580 90 1628 1628
19.000580 100 257 257
19.000580 107 286 286
19.000580 109 548 548
20.000610 1 340 340
20.000610 31 559 559
20.000610 34 467 467
20.000610 40 481 481
20.000610 70 111 111
20.000610 71 493 493
20.000610 75 8 8
20.000610 85 960 960
20.000610 90 1476 1476
20.000610 100 289 289
20.000610 107 363 363
20.000610 109 478 478
21.000641 1 316 316
21.000641 31 554 554
21.000641 34 537 537
21.000641 40 583 583
21.000641 70 131 131
21.000641 71 424 424
21.000641 85 869 869
21.000641 90 1548 1548
21.000641 100 298 298
21.000641 107 364 364
21.000641 109 401 401
22.000671 1 237 237
22.000671 31 573 573
22.000671 34 595 595
22.000671 40 637 637
22.000671 70 181 181
22.000671 71 479 479
22.000671 85 865 865
22.000671 90 1517 1517
22.000671 100 271 271
22.000671 107 341 341
22.000671 109 253 253
22.600922 1 226 226
22.600922 31 607 607
22.600922 34 667 667
22.600922 40 650 650
22.600922 70 202 202
22.600922 71 484 484
22.600922 85 905 905
22.600922 90 1541 1541
22.600922 100 300 300
22.600922 107 351 351
22.600922 109 216 216
23.600937 1 158 158
23.600937 31 744 744
23.600937 34 761 761
23.600937 40 614 614
23.600937 70 205 205
23.600937 71 451 451
23.600937 85 882 882
23.600937 90 1460 1460
23.600937 100 316 316
23.600937 107 450 450
23.600937 109 142 142
24.600952 1 113 113
24.600952 31 957 957
24.600952 34 882 882
24.600952 40 482 482
24.600952 70 85 85
24.600952 71 450 450
24.600952 85 912 912
24.600952 90 1404 1404
24.600952 100 321 321
24.600952 107 516 516
24.600952 109 110 110
25.600967 1 15 15
25.600967 31 1172 1172
25.600967 34 938 938
25.600967 40 442 442
25.600967 70 55 55
25.600967 71 484 484
25.600967 85 872 872
25.600967 90 1331 1331
25.600967 100 284 284
25.600967 107 628 628
25.600967 109 89 89
26.600983 31 1435 1435
26.600983 34 893 893
26.600983 40 367 367
26.600983 70 28 28
26.600983 71 471 471
26.600983 85 751 751
26.600983 90 1322 1322
26.600983 100 216 216
26.600983 107 712 712
26.600983 109 76 76
27.600998 31 1615 1615
27.600998 34 839 839
27.600998 40 236 236
27.600998 70 1 1
27.600998 71 556 556
27.600998 85 749 749
27.600998 90 1286 1286
27.600998 100 221 221
27.600998 107 683 683
27.600998 109 81 81
28.601013 31 1789 1789
28.601013 34 763 763
28.601013 40 131 131
28.601013 71 633 633
28.601013 85 727 727
28.601013 90 1451 1451
28.601013 100 184 184
28.601013 107 594 594
28.601013 109 58 58
29.601028 31 1854 1854
29.601028 34 774 774
29.601028 40 103 103
29.601028 71 623 623
29.601028 85 727 727
29.601028 90 1503 1503
29.601028 100 183 183
29.601028 107 500 500
30.601044 31 1800 1800
30.601044 34 801 801
30.601044 40 117 117
30.601044 71 591 591
30.601044 85 844 844
30.601044 90 1560 1560
30.601044 100 175 175
30.601044 107 403 403
31.601059 31 1740 1740
31.601059 34 860 860
31.601059 40 91 91
31.601059 71 540 540
31.601059 85 988 988
31.601059 90 1598 1598
31.601059 100 160 160
31.601059 107 339 339
32.601074 31 1667 1667
32.601074 34 879 879
32.601074 40 88 88
32.601074 71 542 542
32.601074 85 1048 1048
32.601074 90 1584 1584
32.601074 100 146 146
32.601074 107 309 309
33.601089 31 1747 1747
33.601089 34 818 818
33.601089 40 113 113
33.601089 71 494 494
33.601089 85 1098 1098
33.601089 90 1651 1651
33.601089 100 79 79
33.601089 107 304 304
34.601105 31 1729 1729
34.601105 34 801 801
34.601105 40 149 149
34.601105 71 479 479
34.601105 85 1105 1105
34.601105 90 1719 1719
34.601105 100 56 56
34.601105 107 309 309
35.601120 31 1647 1647
35.601120 34 859 859
35.601120 40 146 146
35.601120 71 440 440
35.601120 85 1203 1203
35.601120 90 1690 1690
35.601120 100 63 63
35.601120 107 285 285
36.601135 31 1549 1549
36.601135 34 875 875
36.601135 40 206 206
36.601135 71 448 448
36.601135 85 1362 1362
36.601135 90 1615 1615
36.601135 100 76 76
36.601135 107 211 211
37.601151 31 1579 1579
37.601151 34 887 887
37.601151 40 276 276
37.601151 71 326 326
37.601151 85 1446 1446
37.601151 90 1481 1481
37.601151 100 115 115
37.601151 107 177 177
38.601166 31 1642 1642
38.601166 34 837 837
38.601166 40 300 300
38.601166 71 318 318
38.601166 85 1457 1457
38.601166 90 1444 1444
38.601166 100 137 137
38.601166 107 174 174
39.601181 31 1714 1714
39.601181 34 653 653
39.601181 40 333 333
39.601181 71 389 389
39.601181 85 1479 1479
39.601181 90 1508 1508
39.601181 100 146 146
39.601181 107 101 101
40.601196 31 1624 1624
40.601196 34 536 536
40.601196 40 442 442
40.601196 71 463 463
40.601196 85 1528 1528
40.601196 90 1523 1523
40.601196 100 144 144
40.601196 107 48 48
41.601212 31 1412 1412
41.601212 34 478 478
41.601212 40 582 582
41.601212 71 538 538
41.601212 85 1609 1609
41.601212 90 1517 1517
41.601212 100 163 163
41.601212 107 5 5
42.601227 31 1196 1196
42.601227 34 474 474
42.601227 40 800 800
42.601227 71 529 529
42.601227 85 1627 1627
42.601227 90 1502 1502
42.601227 100 179 179
43.601242 31 981 981
43.601242 34 497 497
43.601242 40 1068 1068
43.601242 71 425 425
43.601242 85 1642 1642
43.601242 90 1469 1469
43.601242 100 211 211
44.601257 31 783 783
44.601257 34 547 547
44.601257 40 1284 1284
44.601257 71 476 476
44.601257 85 1565 1565
44.601257 90 1457 1457
44.601257 100 244 244
45.601273 31 677 677
45.601273 34 546 546
45.601273 40 1478 1478
45.601273 71 470 470
45.601273 85 1496 1496
45.601273 90 1396 1396
45.601273 100 246 246
46.601288 31 532 532
46.601288 34 568 568
46.601288 40 1702 1702
46.601288 71 407 407
46.601288 85 1546 1546
46.601288 90 1324 1324
46.601288 100 213 213
47.601303 31 370 370
47.601303 34 574 574
47.601303 40 2008 2008
47.601303 71 281 281
47.601303 85 1572 1572
47.601303 90 1302 1302
47.601303 100 190 190
48.601318 31 335 335
48.601318 34 560 560
48.601318 40 2191 2191
48.601318 71 211 211
48.601318 85 1518 1518
48.601318 90 1249 1249
48.601318 100 178 178
49.601334 31 347 347
49.601334 34 539 539
49.601334 40 2233 2233
49.601334 71 197 197
49.601334 85 1642 1642
49.601334 90 1093 1093
49.601334 100 217 217
50.601349 31 372 372
50.601349 34 506 506
50.601349 40 2210 2210
50.601349 71 165 165
50.601349 85 1808 1808
50.601349 90 1007 1007
50.601349 100 240 240
51.601364 31 376 376
51.601364 34 530 530
51.601364 40 2226 2226
51.601364 71 125 125
51.601364 85 1748 1748
51.601364 90 966 966
51.601364 100 280 280
52.601379 31 353 353
52.601379 34 526 526
52.601379 40 2378 2378
52.601379 71 70 70
52.601379 85 1808 1808
52.601379 90 874 874
52.601379 100 276 276
53.601395 31 372 372
53.601395 34 542 542
53.601395 40 2343 2343
53.601395 71 13 13
53.601395 85 1996 1996
53.601395 90 754 754
53.601395 100 263 263
54.601410 31 440 440
54.601410 34 483 483
54.601410 40 2264 2264
54.601410 85 2176 2176
54.601410 90 643 643
54.601410 100 242 242
55.601425 31 507 507
55.601425 34 399 399
55.601425 40 2230 2230
55.601425 85 2326 2326
55.601425 90 603 603
55.601425 100 254 254
56.601440 31 589 589
56.601440 34 257 257
56.601440 40 2278 2278
56.601440 85 2435 2435
56.601440 90 570 570
56.601440 100 174 174
57.601456 31 575 575
57.601456 34 211 211
57.601456 40 2229 2229
57.601456 85 2622 2622
57.601456 90 573 573
57.601456 100 59 59
58.601471 31 667 667
58.601471 34 135 135
58.601471 40 2103 2103
58.601471 85 2814 2814
58.601471 90 527 527
58.601471 100 29 29
59.601486 31 684 684
59.601486 34 120 120
59.601486 40 2082 2082
59.601486 85 2786 2786
59.601486 90 598 598
59.601486 100 6 6
60.601501 31 628 628
60.601501 34 109 109
60.601501 40 2149 2149
60.601501 85 2812 2812
60.601501 90 642 642
61.601517 31 634 634
61.601517 34 63 63
61.601517 40 2221 2221
61.601517 85 2698 2698
61.601517 90 666 666
62.601532 31 659 659
62.601532 34 17 17
62.601532 40 2319 2319
62.601532 85 2634 2634
62.601532 90 677 677
63.601547 31 584 584
63.601547 34 14 14
63.601547 40 2384 2384
63.601547 85 2593 2593
63.601547 90 734 734
64.601562 31 529 529
64.601562 40 2425 2425
64.601562 85 2542 2542
64.601562 90 822 822
65.601578 31 453 453
65.601578 40 2467 2467
65.601578 85 2477 2477
65.601578 90 906 906
66.601593 31 490 490
66.601593 40 2363 2363
66.601593 85 2533 2533
66.601593 90 938 938
67.601608 31 435 435
67.601608 40 2333 2333
67.601608 85 2582 2582
67.601608 90 966 966
68.601624 31 383 383
68.601624 40 2369 2369
68.601624 85 2537 2537
68.601624 90 1021 1021
69.601639 31 405 405
69.601639 40 2317 2317
69.601639 85 2492 2492
69.601639 90 1081 1081
70.601654 31 442 442
70.601654 40 2208 2208
70.601654 85 2497 2497
70.601654 90 1151 1151
71.601669 31 473 473
71.601669 40 2083 2083
71.601669 85 2556 2556
71.601669 90 1182 1182
