0.000000 0 1 1
0.000000 1 1 1
0.000000 2 1 1
0.000000 3 1 1
0.000000 4 1 1
0.000000 5 1 1
0.000000 6 1 1
0.000000 8 1 1
0.000000 9 1 1
0.000000 10 1 1
0.000000 11 1 1
0.000000 12 1 1
0.000000 13 1 1
0.000000 14 1 1
0.000000 15 1 1
0.000000 16 1 1
0.000000 17 1 1
0.000000 18 1 1
0.000000 19 1 1
0.000000 20 1 1
0.000000 21 1 1
0.000000 22 1 1
0.000000 23 1 1
0.000000 24 1 1
0.000000 25 1 1
0.000000 26 1 1
0.000000 28 1 1
0.000000 29 1 1
0.000000 30 1 1
0.000000 31 1 1
0.000000 32 1 1
0.000000 33 1 1
0.000000 34 1 1
0.000000 35 1 1
0.000000 36 1 1
0.000000 38 1 1
0.000000 39 1 1
0.000000 40 1 1
0.000000 41 1 1
0.000000 42 1 1
0.000000 43 1 1
0.000000 44 1 1
0.000000 45 1 1
0.000000 47 1 1
0.000000 48 1 1
0.000000 49 1 1
0.000000 50 1 1
0.000000 51 1 1
0.000000 53 1 1
0.000000 54 1 1
0.000000 55 1 1
0.000000 56 1 1
0.000000 57 1 1
0.000000 58 1 1
0.000000 59 1 1
0.000000 60 1 1
0.000000 61 1 1
0.000000 62 1 1
0.000000 63 1 1
0.000000 64 1 1
0.000000 65 1 1
0.000000 66 1 1
0.000000 68 1 1
0.000000 69 1 1
0.000000 70 1 1
0.000000 72 1 1
0.000000 73 1 1
0.000000 74 1 1
0.000000 75 1 1
0.000000 76 1 1
0.000000 77 1 1
0.000000 78 1 1
0.000000 79 1 1
0.000000 80 1 1
0.000000 81 1 1
0.000000 82 1 1
0.000000 83 1 1
0.000000 84 1 1
0.000000 85 1 1
0.000000 86 1 1
0.000000 87 1 1
0.000000 88 1 1
0.000000 89 1 1
0.000000 90 1 1
0.000000 92 1 1
0.000000 93 1 1
0.000000 94 1 1
0.000000 95 1 1
0.000000 96 1 1
0.000000 97 1 1
0.000000 98 1 1
0.000000 99 1 1
0.000000 100 1 1
0.000000 101 1 1
0.000000 102 1 1
0.000000 103 1 1
0.000000 104 1 1
0.000000 105 1 1
0.000000 106 1 1
0.000000 107 1 1
0.000000 108 1 1
0.000000 109 1 1
1.000031 0 2 2
1.000031 1 1 1
1.000031 2 1 1
1.000031 3 2 2
1.000031 4 2 2
1.000031 5 2 2
1.000031 6 2 2
1.000031 8 2 2
1.000031 9 2 2
1.000031 10 1 1
1.000031 11 1 1
1.000031 12 1 1
1.000031 13 1 1
1.000031 14 1 1
1.000031 15 2 2
1.000031 16 1 1
1.000031 17 1 1
1.000031 18 2 2
1.000031 19 2 2
1.000031 20 1 1
1.000031 21 2 2
1.000031 22 2 2
1.000031 23 2 2
1.000031 24 1 1
1.000031 25 1 1
1.000031 26 1 1
1.000031 28 1 1
1.000031 29 1 1
1.000031 30 1 1
1.000031 31 1 1
1.000031 32 1 1
1.000031 33 1 1
1.000031 34 2 2
1.000031 35 1 1
1.000031 36 2 2
1.000031 38 2 2
1.000031 39 2 2
1.000031 40 2 2
1.000031 41 2 2
1.000031 42 1 1
1.000031 43 1 1
1.000031 44 1 1
1.000031 45 1 1
1.000031 47 1 1
1.000031 48 1 1
1.000031 49 2 2
1.000031 50 1 1
1.000031 51 1 1
1.000031 53 1 1
1.000031 54 1 1
1.000031 55 1 1
1.000031 56 2 2
1.000031 57 1 1
1.000031 58 1 1
1.000031 59 2 2
1.000031 60 1 1
1.000031 61 2 2
1.000031 62 1 1
1.000031 63 1 1
1.000031 64 2 2
1.000031 65 2 2
1.000031 66 1 1
1.000031 68 2 2
1.000031 69 2 2
1.000031 70 2 2
1.000031 72 1 1
1.000031 73 1 1
1.000031 74 2 2
1.000031 75 1 1
1.000031 76 2 2
1.000031 77 2 2
1.000031 78 1 1
1.000031 79 2 2
1.000031 80 1 1
1.000031 81 1 1
1.000031 82 2 2
1.000031 83 2 2
1.000031 84 2 2
1.000031 85 1 1
1.000031 86 2 2
1.000031 87 1 1
1.000031 88 2 2
1.000031 89 1 1
1.000031 90 1 1
1.000031 92 2 2
1.000031 93 1 1
1.000031 94 1 1
1.000031 95 2 2
1.000031 96 1 1
1.000031 97 2 2
1.000031 98 2 2
1.000031 99 2 2
1.000031 100 2 2
1.000031 101 1 1
1.000031 102 1 1
1.000031 103 2 2
1.000031 104 1 1
1.000031 105 2 2
1.000031 106 2 2
1.000031 107 1 1
1.000031 108 2 2
1.000031 109 1 1
2.000061 0 3 3
2.000061 1 2 2
2.000061 2 2 2
2.000061 3 2 2
2.000061 4 2 2
2.000061 5 2 2
2.000061 6 2 2
2.000061 8 2 2
2.000061 9 2 2
2.000061 10 2 2
2.000061 11 2 2
2.000061 12 2 2
2.000061 13 2 2
2.000061 14 2 2
2.000061 15 2 2
2.000061 16 2 2
2.000061 17 2 2
2.000061 18 2 2
2.000061 19 2 2
2.000061 20 2 2
2.000061 21 2 2
2.000061 22 2 2
2.000061 23 2 2
2.000061 24 2 2
2.000061 25 2 2
2.000061 26 2 2
2.000061 28 2 2
2.000061 29 2 2
2.000061 30 2 2
2.000061 31 3 3
2.000061 32 2 2
2.000061 33 2 2
2.000061 34 2 2
2.000061 35 3 3
2.000061 36 2 2
2.000061 38 3 3
2.000061 39 2 2
2.000061 40 2 2
2.000061 41 2 2
2.000061 42 2 2
2.000061 43 2 2
2.000061 44 2 2
2.000061 45 2 2
2.000061 47 2 2
2.000061 48 2 2
2.000061 49 2 2
2.000061 50 2 2
2.000061 51 2 2
2.000061 53 2 2
2.000061 54 2 2
2.000061 55 2 2
2.000061 56 2 2
2.000061 57 2 2
2.000061 58 2 2
2.000061 59 3 3
2.000061 60 2 2
2.000061 61 3 3
2.000061 62 2 2
2.000061 63 2 2
2.000061 64 2 2
2.000061 65 2 2
2.000061 66 2 2
2.000061 68 2 2
2.000061 69 2 2
2.000061 70 2 2
2.000061 72 3 3
2.000061 73 2 2
2.000061 74 2 2
2.000061 75 2 2
2.000061 76 2 2
2.000061 77 2 2
2.000061 78 2 2
2.000061 79 2 2
2.000061 80 2 2
2.000061 81 2 2
2.000061 82 3 3
2.000061 83 2 2
2.000061 84 2 2
2.000061 85 2 2
2.000061 86 3 3
2.000061 87 2 2
2.000061 88 2 2
2.000061 89 2 2
2.000061 90 2 2
2.000061 92 2 2
2.000061 93 2 2
2.000061 94 2 2
2.000061 95 2 2
2.000061 96 2 2
2.000061 97 2 2
2.000061 98 3 3
2.000061 99 2 2
2.000061 100 2 2
2.000061 101 2 2
2.000061 102 2 2
2.000061 103 2 2
2.000061 104 3 3
2.000061 105 2 2
2.000061 106 2 2
2.000061 107 2 2
2.000061 108 2 2
2.000061 109 2 2
3.000092 0 4 4
3.000092 1 4 4
3.000092 2 4 4
3.000092 3 4 4
3.000092 4 4 4
3.000092 5 4 4
3.000092 6 4 4
3.000092 8 4 4
3.000092 9 4 4
3.000092 10 4 4
3.000092 11 4 4
3.000092 12 4 4
3.000092 13 4 4
3.000092 14 4 4
3.000092 15 4 4
3.000092 16 3 3
3.000092 17 4 4
3.000092 18 4 4
3.000092 19 2 2
3.000092 20 4 4
3.000092 21 4 4
3.000092 22 4 4
3.000092 23 4 4
3.000092 24 3 3
3.000092 25 4 4
3.000092 26 4 4
3.000092 28 4 4
3.000092 29 4 4
3.000092 30 4 4
3.000092 31 4 4
3.000092 32 4 4
3.000092 33 4 4
3.000092 34 4 4
3.000092 35 4 4
3.000092 36 4 4
3.000092 38 5 5
3.000092 39 4 4
3.000092 40 4 4
3.000092 41 4 4
3.000092 42 2 2
3.000092 43 4 4
3.000092 44 4 4
3.000092 45 4 4
3.000092 47 4 4
3.000092 48 4 4
3.000092 49 4 4
3.000092 50 4 4
3.000092 51 4 4
3.000092 53 4 4
3.000092 54 4 4
3.000092 55 2 2
3.000092 56 4 4
3.000092 57 4 4
3.000092 58 4 4
3.000092 59 4 4
3.000092 60 4 4
3.000092 61 4 4
3.000092 62 4 4
3.000092 63 4 4
3.000092 64 4 4
3.000092 65 4 4
3.000092 66 4 4
3.000092 68 4 4
3.000092 69 3 3
3.000092 70 4 4
3.000092 72 6 6
3.000092 73 4 4
3.000092 74 4 4
3.000092 75 4 4
3.000092 76 4 4
3.000092 77 4 4
3.000092 78 4 4
3.000092 79 4 4
3.000092 80 4 4
3.000092 81 3 3
3.000092 82 4 4
3.000092 83 4 4
3.000092 84 4 4
3.000092 85 4 4
3.000092 86 4 4
3.000092 87 4 4
3.000092 88 4 4
3.000092 89 4 4
3.000092 90 3 3
3.000092 92 4 4
3.000092 93 4 4
3.000092 94 4 4
3.000092 95 4 4
3.000092 96 4 4
3.000092 97 4 4
3.000092 98 5 5
3.000092 99 4 4
3.000092 100 4 4
3.000092 101 4 4
3.000092 102 4 4
3.000092 103 4 4
3.000092 104 5 5
3.000092 105 4 4
3.000092 106 4 4
3.000092 107 3 3
3.000092 108 4 4
3.000092 109 3 3
4.000122 0 8 8
4.000122 1 4 4
4.000122 2 4 4
4.000122 3 6 6
4.000122 4 7 7
4.000122 5 6 6
4.000122 6 6 6
4.000122 8 6 6
4.000122 9 7 7
4.000122 10 6 6
4.000122 11 7 7
4.000122 12 6 6
4.000122 13 7 7
4.000122 14 6 6
4.000122 15 4 4
4.000122 16 5 5
4.000122 17 7 7
4.000122 18 7 7
4.000122 19 4 4
4.000122 20 7 7
4.000122 21 7 7
4.000122 22 7 7
4.000122 23 6 6
4.000122 24 5 5
4.000122 25 8 8
4.000122 26 4 4
4.000122 28 6 6
4.000122 29 5 5
4.000122 30 7 7
4.000122 31 7 7
4.000122 32 6 6
4.000122 33 6 6
4.000122 34 7 7
4.000122 35 5 5
4.000122 36 6 6
4.000122 38 9 9
4.000122 39 8 8
4.000122 40 4 4
4.000122 41 5 5
4.000122 42 4 4
4.000122 43 4 4
4.000122 44 7 7
4.000122 45 5 5
4.000122 47 6 6
4.000122 48 4 4
4.000122 49 5 5
4.000122 50 6 6
4.000122 51 5 5
4.000122 53 5 5
4.000122 54 4 4
4.000122 55 4 4
4.000122 56 6 6
4.000122 57 6 6
4.000122 58 4 4
4.000122 59 8 8
4.000122 60 4 4
4.000122 61 6 6
4.000122 62 5 5
4.000122 63 5 5
4.000122 64 4 4
4.000122 65 6 6
4.000122 66 4 4
4.000122 68 6 6
4.000122 69 5 5
4.000122 70 7 7
4.000122 72 8 8
4.000122 73 4 4
4.000122 74 8 8
4.000122 75 6 6
4.000122 76 7 7
4.000122 77 6 6
4.000122 78 6 6
4.000122 79 8 8
4.000122 80 4 4
4.000122 81 4 4
4.000122 82 6 6
4.000122 83 7 7
4.000122 84 7 7
4.000122 85 4 4
4.000122 86 8 8
4.000122 87 6 6
4.000122 88 8 8
4.000122 89 4 4
4.000122 90 4 4
4.000122 92 4 4
4.000122 93 8 8
4.000122 94 5 5
4.000122 95 7 7
4.000122 96 5 5
4.000122 97 7 7
4.000122 98 8 8
4.000122 99 8 8
4.000122 100 7 7
4.000122 101 4 4
4.000122 102 5 5
4.000122 103 5 5
4.000122 104 8 8
4.000122 105 6 6
4.000122 106 5 5
4.000122 107 4 4
4.000122 108 5 5
4.000122 109 3 3
5.000153 0 12 12
5.000153 1 8 8
5.000153 2 8 8
5.000153 3 10 10
5.000153 4 8 8
5.000153 5 8 8
5.000153 6 11 11
5.000153 8 9 9
5.000153 9 9 9
5.000153 10 9 9
5.000153 11 10 10
5.000153 12 8 8
5.000153 13 10 10
5.000153 14 8 8
5.000153 15 8 8
5.000153 16 6 6
5.000153 17 11 11
5.000153 18 8 8
5.000153 19 5 5
5.000153 20 9 9
5.000153 21 9 9
5.000153 22 8 8
5.000153 23 8 8
5.000153 24 8 8
5.000153 25 9 9
5.000153 26 8 8
5.000153 28 9 9
5.000153 29 9 9
5.000153 30 8 8
5.000153 31 10 10
5.000153 32 9 9
5.000153 33 9 9
5.000153 34 8 8
5.000153 35 9 9
5.000153 36 8 8
5.000153 38 13 13
5.000153 39 11 11
5.000153 40 8 8
5.000153 41 9 9
5.000153 42 7 7
5.000153 43 8 8
5.000153 44 10 10
5.000153 45 8 8
5.000153 47 10 10
5.000153 48 8 8
5.000153 49 8 8
5.000153 50 9 9
5.000153 51 9 9
5.000153 53 8 8
5.000153 54 8 8
5.000153 55 8 8
5.000153 56 9 9
5.000153 57 9 9
5.000153 58 8 8
5.000153 59 14 14
5.000153 60 8 8
5.000153 61 10 10
5.000153 62 9 9
5.000153 63 9 9
5.000153 64 8 8
5.000153 65 10 10
5.000153 66 8 8
5.000153 68 8 8
5.000153 69 5 5
5.000153 70 9 9
5.000153 72 15 15
5.000153 73 8 8
5.000153 74 9 9
5.000153 75 9 9
5.000153 76 8 8
5.000153 77 8 8
5.000153 78 10 10
5.000153 79 9 9
5.000153 80 8 8
5.000153 81 8 8
5.000153 82 9 9
5.000153 83 11 11
5.000153 84 9 9
5.000153 85 8 8
5.000153 86 11 11
5.000153 87 9 9
5.000153 88 9 9
5.000153 89 8 8
5.000153 90 7 7
5.000153 92 8 8
5.000153 93 10 10
5.000153 94 8 8
5.000153 95 8 8
5.000153 96 9 9
5.000153 97 9 9
5.000153 98 11 11
5.000153 99 12 12
5.000153 100 8 8
5.000153 101 8 8
5.000153 102 8 8
5.000153 103 9 9
5.000153 104 11 11
5.000153 105 10 10
5.000153 106 9 9
5.000153 107 7 7
5.000153 108 9 9
5.000153 109 6 6
6.000183 0 18 18
6.000183 1 14 14
6.000183 2 13 13
6.000183 3 15 15
6.000183 4 15 15
6.000183 5 16 16
6.000183 6 18 18
6.000183 8 16 16
6.000183 9 15 15
6.000183 10 15 15
6.000183 11 16 16
6.000183 12 16 16
6.000183 13 16 16
6.000183 14 16 16
6.000183 15 14 14
6.000183 16 10 10
6.000183 17 16 16
6.000183 18 16 16
6.000183 19 5 5
6.000183 20 16 16
6.000183 21 17 17
6.000183 22 15 15
6.000183 23 16 16
6.000183 24 15 15
6.000183 25 16 16
6.000183 26 15 15
6.000183 28 14 14
6.000183 29 13 13
6.000183 30 16 16
6.000183 31 17 17
6.000183 32 15 15
6.000183 33 17 17
6.000183 34 16 16
6.000183 35 18 18
6.000183 36 14 14
6.000183 38 19 19
6.000183 39 17 17
6.000183 40 16 16
6.000183 41 16 16
6.000183 42 11 11
6.000183 43 15 15
6.000183 44 17 17
6.000183 45 12 12
6.000183 47 17 17
6.000183 48 14 14
6.000183 49 15 15
6.000183 50 14 14
6.000183 51 13 13
6.000183 53 16 16
6.000183 54 12 12
6.000183 55 11 11
6.000183 56 16 16
6.000183 57 15 15
6.000183 58 16 16
6.000183 59 19 19
6.000183 60 14 14
6.000183 61 17 17
6.000183 62 16 16
6.000183 63 12 12
6.000183 64 15 15
6.000183 65 17 17
6.000183 66 16 16
6.000183 68 16 16
6.000183 69 8 8
6.000183 70 16 16
6.000183 72 24 24
6.000183 73 16 16
6.000183 74 17 17
6.000183 75 17 17
6.000183 76 16 16
6.000183 77 15 15
6.000183 78 15 15
6.000183 79 17 17
6.000183 80 14 14
6.000183 81 12 12
6.000183 82 16 16
6.000183 83 17 17
6.000183 84 16 16
6.000183 85 14 14
6.000183 86 17 17
6.000183 87 16 16
6.000183 88 17 17
6.000183 89 14 14
6.000183 90 13 13
6.000183 92 15 15
6.000183 93 17 17
6.000183 94 15 15
6.000183 95 16 16
6.000183 96 14 14
6.000183 97 17 17
6.000183 98 17 17
6.000183 99 17 17
6.000183 100 16 16
6.000183 101 14 14
6.000183 102 15 15
6.000183 103 15 15
6.000183 104 18 18
6.000183 105 16 16
6.000183 106 16 16
6.000183 107 9 9
6.000183 108 15 15
6.000183 109 8 8
7.000214 0 34 34
7.000214 1 19 19
7.000214 2 18 18
7.000214 3 23 23
7.000214 4 24 24
7.000214 5 24 24
7.000214 6 27 27
7.000214 8 27 27
7.000214 9 30 30
7.000214 10 25 25
7.000214 11 25 25
7.000214 12 23 23
7.000214 13 27 27
7.000214 14 20 20
7.000214 15 18 18
7.000214 16 19 19
7.000214 17 28 28
7.000214 18 28 28
7.000214 19 10 10
7.000214 20 23 23
7.000214 21 28 28
7.000214 22 26 26
7.000214 23 23 23
7.000214 24 21 21
7.000214 25 26 26
7.000214 26 20 20
7.000214 28 23 23
7.000214 29 20 20
7.000214 30 25 25
7.000214 31 27 27
7.000214 32 24 24
7.000214 33 24 24
7.000214 34 25 25
7.000214 35 24 24
7.000214 36 24 24
7.000214 38 29 29
7.000214 39 27 27
7.000214 40 25 25
7.000214 41 23 23
7.000214 42 16 16
7.000214 43 23 23
7.000214 44 26 26
7.000214 45 19 19
7.000214 47 26 26
7.000214 48 21 21
7.000214 49 23 23
7.000214 50 20 20
7.000214 51 21 21
7.000214 53 22 22
7.000214 54 19 19
7.000214 55 17 17
7.000214 56 21 21
7.000214 57 22 22
7.000214 58 18 18
7.000214 59 29 29
7.000214 60 17 17
7.000214 61 25 25
7.000214 62 22 22
7.000214 63 23 23
7.000214 64 19 19
7.000214 65 24 24
7.000214 66 18 18
7.000214 68 22 22
7.000214 69 5 5
7.000214 70 26 26
7.000214 72 35 35
7.000214 73 19 19
7.000214 74 28 28
7.000214 75 23 23
7.000214 76 25 25
7.000214 77 23 23
7.000214 78 25 25
7.000214 79 27 27
7.000214 80 19 19
7.000214 81 16 16
7.000214 82 29 29
7.000214 83 28 28
7.000214 84 24 24
7.000214 85 17 17
7.000214 86 29 29
7.000214 87 21 21
7.000214 88 30 30
7.000214 89 18 18
7.000214 90 18 18
7.000214 92 19 19
7.000214 93 29 29
7.000214 94 22 22
7.000214 95 28 28
7.000214 96 21 21
7.000214 97 28 28
7.000214 98 18 18
7.000214 99 30 30
7.000214 100 25 25
7.000214 101 19 19
7.000214 102 21 21
7.000214 103 25 25
7.000214 104 28 28
7.000214 105 26 26
7.000214 106 21 21
7.000214 107 12 12
7.000214 108 26 26
7.000214 109 12 12
8.000244 0 50 50
8.000244 1 33 33
8.000244 2 31 31
8.000244 3 36 36
8.000244 4 36 36
8.000244 5 37 37
8.000244 6 46 46
8.000244 8 38 38
8.000244 9 38 38
8.000244 10 38 38
8.000244 11 37 37
8.000244 12 35 35
8.000244 13 41 41
8.000244 14 34 34
8.000244 15 31 31
8.000244 16 26 26
8.000244 17 45 45
8.000244 18 40 40
8.000244 19 16 16
8.000244 20 37 37
8.000244 21 36 36
8.000244 22 37 37
8.000244 23 36 36
8.000244 24 30 30
8.000244 25 38 38
8.000244 26 34 34
8.000244 28 36 36
8.000244 29 36 36
8.000244 30 34 34
8.000244 31 43 43
8.000244 32 29 29
8.000244 33 38 38
8.000244 34 37 37
8.000244 35 40 40
8.000244 36 36 36
8.000244 38 52 52
8.000244 39 40 40
8.000244 40 38 38
8.000244 41 34 34
8.000244 42 25 25
8.000244 43 34 34
8.000244 44 41 41
8.000244 45 28 28
8.000244 47 41 41
8.000244 48 32 32
8.000244 49 33 33
8.000244 50 31 31
8.000244 51 37 37
8.000244 53 37 37
8.000244 54 33 33
8.000244 55 29 29
8.000244 56 36 36
8.000244 57 38 38
8.000244 58 32 32
8.000244 59 33 33
8.000244 60 31 31
8.000244 61 43 43
8.000244 62 34 34
8.000244 63 36 36
8.000244 64 33 33
8.000244 65 41 41
8.000244 66 32 32
8.000244 68 32 32
8.000244 69 2 2
8.000244 70 38 38
8.000244 72 58 58
8.000244 73 33 33
8.000244 74 41 41
8.000244 75 39 39
8.000244 76 35 35
8.000244 77 33 33
8.000244 78 42 42
8.000244 79 37 37
8.000244 80 35 35
8.000244 81 27 27
8.000244 82 44 44
8.000244 83 44 44
8.000244 84 37 37
8.000244 85 32 32
8.000244 86 47 47
8.000244 87 30 30
8.000244 88 43 43
8.000244 89 33 33
8.000244 90 28 28
8.000244 92 33 33
8.000244 93 39 39
8.000244 94 36 36
8.000244 95 40 40
8.000244 96 35 35
8.000244 97 41 41
8.000244 98 2 2
8.000244 99 46 46
8.000244 100 35 35
8.000244 101 33 33
8.000244 102 35 35
8.000244 103 36 36
8.000244 104 46 46
8.000244 105 44 44
8.000244 106 36 36
8.000244 107 16 16
8.000244 108 38 38
8.000244 109 13 13
9.000275 0 81 81
9.000275 1 53 53
9.000275 2 11 11
9.000275 3 26 26
9.000275 4 65 65
9.000275 5 65 65
9.000275 6 70 70
9.000275 8 65 65
9.000275 9 63 63
9.000275 10 64 64
9.000275 11 64 64
9.000275 12 60 60
9.000275 13 68 68
9.000275 14 58 58
9.000275 15 49 49
9.000275 17 71 71
9.000275 18 27 27
9.000275 19 5 5
9.000275 20 60 60
9.000275 22 61 61
9.000275 23 60 60
9.000275 24 54 54
9.000275 25 65 65
9.000275 26 58 58
9.000275 28 61 61
9.000275 29 54 54
9.000275 30 60 60
9.000275 31 68 68
9.000275 32 8 8
9.000275 33 66 66
9.000275 34 65 65
9.000275 35 66 66
9.000275 36 52 52
9.000275 38 81 81
9.000275 39 22 22
9.000275 40 63 63
9.000275 41 64 64
9.000275 42 7 7
9.000275 43 56 56
9.000275 44 67 67
9.000275 45 52 52
9.000275 47 69 69
9.000275 48 55 55
9.000275 49 58 58
9.000275 50 53 53
9.000275 51 58 58
9.000275 53 43 43
9.000275 54 56 56
9.000275 55 47 47
9.000275 56 61 61
9.000275 57 56 56
9.000275 58 54 54
9.000275 60 49 49
9.000275 61 64 64
9.000275 62 61 61
9.000275 63 59 59
9.000275 64 53 53
9.000275 65 65 65
9.000275 66 60 60
9.000275 68 62 62
9.000275 70 63 63
9.000275 72 95 95
9.000275 73 55 55
9.000275 74 67 67
9.000275 75 63 63
9.000275 76 64 64
9.000275 77 57 57
9.000275 78 65 65
9.000275 79 65 65
9.000275 80 57 57
9.000275 81 40 40
9.000275 82 53 53
9.000275 83 68 68
9.000275 84 44 44
9.000275 85 51 51
9.000275 86 72 72
9.000275 87 25 25
9.000275 88 73 73
9.000275 89 57 57
9.000275 90 47 47
9.000275 92 57 57
9.000275 93 62 62
9.000275 94 59 59
9.000275 95 64 64
9.000275 96 52 52
9.000275 97 68 68
9.000275 99 78 78
9.000275 100 64 64
9.000275 101 59 59
9.000275 102 2 2
9.000275 103 62 62
9.000275 104 75 75
9.000275 105 69 69
9.000275 106 59 59
9.000275 108 62 62
10.000305 0 132 132
10.000305 4 63 63
10.000305 5 98 98
10.000305 8 1 1
10.000305 9 109 109
10.000305 10 97 97
10.000305 11 59 59
10.000305 12 95 95
10.000305 13 105 105
10.000305 14 90 90
10.000305 15 79 79
10.000305 17 117 117
10.000305 20 92 92
10.000305 22 101 101
10.000305 24 78 78
10.000305 25 107 107
10.000305 26 86 86
10.000305 28 99 99
10.000305 29 88 88
10.000305 30 97 97
10.000305 31 102 102
10.000305 33 105 105
10.000305 34 96 96
10.000305 35 1 1
10.000305 38 109 109
10.000305 41 94 94
10.000305 43 89 89
10.000305 44 102 102
10.000305 45 83 83
10.000305 47 108 108
10.000305 49 90 90
10.000305 50 78 78
10.000305 51 33 33
10.000305 54 85 85
10.000305 55 71 71
10.000305 56 97 97
10.000305 57 91 91
10.000305 58 83 83
10.000305 60 74 74
10.000305 61 54 54
10.000305 62 96 96
10.000305 63 86 86
10.000305 64 77 77
10.000305 65 108 108
10.000305 66 84 84
10.000305 68 94 94
10.000305 72 147 147
10.000305 73 82 82
10.000305 74 31 31
10.000305 75 10 10
10.000305 76 94 94
10.000305 77 97 97
10.000305 79 107 107
10.000305 81 65 65
10.000305 83 113 113
10.000305 85 79 79
10.000305 88 118 118
10.000305 89 79 79
10.000305 90 66 66
10.000305 92 75 75
10.000305 95 69 69
10.000305 97 64 64
10.000305 99 1 1
10.000305 100 91 91
10.000305 101 82 82
10.000305 103 99 99
10.000305 104 117 117
10.000305 105 47 47
10.000305 106 11 11
10.000305 108 91 91
11.000336 0 3 3
11.000336 5 148 148
11.000336 9 166 166
11.000336 10 159 159
11.000336 12 142 142
11.000336 13 163 163
11.000336 14 1 1
11.000336 15 19 19
11.000336 20 154 154
11.000336 22 160 160
11.000336 24 128 128
11.000336 25 161 161
11.000336 26 3 3
11.000336 28 157 157
11.000336 29 142 142
11.000336 30 150 150
11.000336 31 165 165
11.000336 33 132 132
11.000336 34 144 144
11.000336 41 146 146
11.000336 45 129 129
11.000336 47 166 166
11.000336 49 7 7
11.000336 54 136 136
11.000336 55 38 38
11.000336 56 151 151
11.000336 58 129 129
11.000336 60 123 123
11.000336 62 151 151
11.000336 63 136 136
11.000336 64 9 9
11.000336 65 75 75
11.000336 66 132 132
11.000336 68 142 142
11.000336 72 230 230
11.000336 73 3 3
11.000336 76 147 147
11.000336 77 18 18
11.000336 79 158 158
11.000336 81 102 102
11.000336 83 177 177
11.000336 85 121 121
11.000336 88 180 180
11.000336 89 8 8
11.000336 90 118 118
11.000336 92 93 93
11.000336 95 8 8
11.000336 100 151 151
11.000336 101 135 135
11.000336 103 34 34
11.000336 104 186 186
11.000336 105 1 1
12.000366 5 247 247
12.000366 9 265 265
12.000366 10 252 252
12.000366 13 276 276
12.000366 20 252 252
12.000366 22 246 246
12.000366 25 150 150
12.000366 28 249 249
12.000366 29 183 183
12.000366 30 11 11
12.000366 34 243 243
12.000366 41 158 158
12.000366 45 205 205
12.000366 47 180 180
12.000366 54 110 110
12.000366 56 175 175
12.000366 58 7 7
12.000366 60 196 196
12.000366 62 8 8
12.000366 63 232 232
12.000366 68 242 242
12.000366 72 5 5
12.000366 76 248 248
12.000366 79 260 260
12.000366 81 168 168
12.000366 83 233 233
12.000366 85 206 206
12.000366 88 259 259
12.000366 90 179 179
12.000366 100 244 244
12.000366 101 4 4
12.000366 104 303 303
13.000397 5 366 366
13.000397 9 432 432
13.000397 10 260 260
13.000397 13 351 351
13.000397 20 390 390
13.000397 22 401 401
13.000397 28 389 389
13.000397 29 40 40
13.000397 34 224 224
13.000397 45 275 275
13.000397 56 13 13
13.000397 60 284 284
13.000397 63 351 351
13.000397 68 361 361
13.000397 76 340 340
13.000397 79 407 407
13.000397 81 142 142
13.000397 83 27 27
13.000397 85 323 323
13.000397 88 2 2
13.000397 90 270 270
13.000397 100 40 40
13.000397 104 294 294
14.000427 5 313 313
14.000427 9 577 577
14.000427 10 45 45
14.000427 13 209 209
14.000427 20 595 595
14.000427 22 626 626
14.000427 28 551 551
14.000427 34 194 194
14.000427 45 164 164
14.000427 60 187 187
14.000427 63 557 557
14.000427 68 416 416
14.000427 76 234 234
14.000427 79 331 331
14.000427 81 62 62
14.000427 85 513 513
14.000427 90 316 316
14.000427 104 70 70
15.000458 5 275 275
15.000458 9 631 631
15.000458 10 16 16
15.000458 13 89 89
15.000458 20 777 777
15.000458 22 884 884
15.000458 28 521 521
15.000458 34 150 150
15.000458 45 42 42
15.000458 60 78 78
15.000458 63 889 889
15.000458 68 275 275
15.000458 76 75 75
15.000458 79 239 239
15.000458 81 28 28
15.000458 85 713 713
15.000458 90 304 304
15.000458 104 35 35
16.000488 5 175 175
16.000488 9 635 635
16.000488 13 46 46
16.000488 20 881 881
16.000488 22 1078 1078
16.000488 28 486 486
16.000488 34 146 146
16.000488 63 1196 1196
16.000488 68 157 157
16.000488 76 54 54
16.000488 79 106 106
16.000488 81 4 4
16.000488 85 767 767
16.000488 90 243 243
16.000488 104 4 4
17.000519 5 55 55
17.000519 9 533 533
17.000519 20 999 999
17.000519 22 1212 1212
17.000519 28 450 450
17.000519 34 123 123
17.000519 63 1404 1404
17.000519 68 125 125
17.000519 76 16 16
17.000519 79 94 94
17.000519 85 883 883
17.000519 90 114 114
18.000549 9 537 537
18.000549 20 1173 1173
18.000549 22 1336 1336
18.000549 28 374 374
18.000549 34 119 119
18.000549 63 1330 1330
18.000549 68 90 90
18.000549 79 72 72
18.000549 85 943 943
18.000549 90 21 21
19.000580 9 545 545
19.000580 20 1275 1275
19.000580 22 1459 1459
19.000580 28 339 339
19.000580 34 107 107
19.000580 63 1271 1271
19.000580 68 22 22
19.000580 79 21 21
19.000580 85 909 909
20.000610 9 610 610
20.000610 20 1282 1282
20.000610 22 1580 1580
20.000610 28 318 318
20.000610 34 55 55
20.000610 63 1209 1209
20.000610 85 935 935
21.000641 9 663 663
21.000641 20 1256 1256
21.000641 22 1670 1670
21.000641 28 302 302
21.000641 34 51 51
21.000641 63 1089 1089
21.000641 85 960 960
22.000671 9 749 749
22.000671 20 1146 1146
22.000671 22 1790 1790
22.000671 28 230 230
22.000671 34 70 70
22.000671 63 1081 1081
22.000671 85 896 896
23.000702 9 787 787
23.000702 20 1202 1202
23.000702 22 1833 1833
23.000702 28 220 220
23.000702 34 74 74
23.000702 63 1012 1012
23.000702 85 886 886
24.000732 9 838 838
24.000732 20 1209 1209
24.000732 22 1848 1848
24.000732 28 272 272
24.000732 34 93 93
24.000732 63 930 930
24.000732 85 843 843
25.000763 9 862 862
25.000763 20 1124 1124
25.000763 22 1816 1816
25.000763 28 309 309
25.000763 34 139 139
25.000763 63 878 878
25.000763 85 826 826
26.000793 9 882 882
26.000793 20 1124 1124
26.000793 22 1823 1823
26.000793 28 304 304
26.000793 34 167 167
26.000793 63 899 899
26.000793 85 800 800
27.000824 9 896 896
27.000824 20 1140 1140
27.000824 22 1805 1805
27.000824 28 275 275
27.000824 34 217 217
27.000824 63 893 893
27.000824 85 761 761
28.000854 9 812 812
28.000854 20 1254 1254
28.000854 22 1796 1796
28.000854 28 292 292
28.000854 34 242 242
28.000854 63 810 810
28.000854 85 774 774
29.000885 9 660 660
29.000885 20 1435 1435
29.000885 22 1851 1851
29.000885 28 255 255
29.000885 34 243 243
29.000885 63 718 718
29.000885 85 847 847
30.000916 9 638 638
30.000916 20 1527 1527
30.000916 22 1872 1872
30.000916 28 219 219
30.000916 34 263 263
30.000916 63 617 617
30.000916 85 872 872
31.000946 9 647 647
31.000946 20 1513 1513
31.000946 22 1904 1904
31.000946 28 228 228
31.000946 34 205 205
31.000946 63 493 493
31.000946 85 978 978
32.000977 9 656 656
32.000977 20 1538 1538
32.000977 22 1948 1948
32.000977 28 219 219
32.000977 34 147 147
32.000977 63 460 460
32.000977 85 995 995
33.001007 9 732 732
33.001007 20 1695 1695
33.001007 22 1954 1954
33.001007 28 188 188
33.001007 34 109 109
33.001007 63 453 453
33.001007 85 898 898
34.001038 9 876 876
34.001038 20 1704 1704
34.001038 22 2008 2008
34.001038 28 120 120
34.001038 34 93 93
34.001038 63 415 415
34.001038 85 752 752
35.001068 9 968 968
35.001068 20 1612 1612
35.001068 22 2141 2141
35.001068 28 36 36
35.001068 34 64 64
35.001068 63 376 376
35.001068 85 774 774
36.001099 9 1035 1035
36.001099 20 1523 1523
36.001099 22 2185 2185
36.001099 28 32 32
36.001099 34 53 53
36.001099 63 331 331
36.001099 85 856 856
37.001129 9 1040 1040
37.001129 20 1371 1371
37.001129 22 2211 2211
37.001129 28 19 19
37.001129 34 65 65
37.001129 63 319 319
37.001129 85 919 919
38.001160 9 1118 1118
38.001160 20 1300 1300
38.001160 22 2220 2220
38.001160 28 12 12
38.001160 34 100 100
38.001160 63 340 340
38.001160 85 908 908
39.001190 9 1106 1106
39.001190 20 1253 1253
39.001190 22 2282 2282
39.001190 34 94 94
39.001190 63 286 286
39.001190 85 966 966
40.001221 9 1201 1201
40.001221 20 1092 1092
40.001221 22 2253 2253
40.001221 34 123 123
40.001221 63 350 350
40.001221 85 952 952
41.001251 9 1447 1447
41.001251 20 944 944
41.001251 22 2201 2201
41.001251 34 25 25
41.001251 63 406 406
41.001251 85 949 949
42.001282 9 1566 1566
42.001282 20 926 926
42.001282 22 2157 2157
42.001282 63 481 481
42.001282 85 913 913
43.001312 9 1585 1585
43.001312 20 986 986
43.001312 22 2098 2098
43.001312 63 496 496
43.001312 85 832 832
44.001343 9 1666 1666
44.001343 20 1105 1105
44.001343 22 2080 2080
44.001343 63 432 432
44.001343 85 729 729
45.001373 9 1628 1628
45.001373 20 1277 1277
45.001373 22 2000 2000
45.001373 63 426 426
45.001373 85 677 677
46.001404 9 1638 1638
46.001404 20 1268 1268
46.001404 22 2066 2066
46.001404 63 411 411
46.001404 85 650 650
47.001434 9 1680 1680
47.001434 20 1194 1194
47.001434 22 2071 2071
47.001434 63 452 452
47.001434 85 623 623
48.001465 9 1753 1753
48.001465 20 1123 1123
48.001465 22 2053 2053
48.001465 63 463 463
48.001465 85 612 612
49.001495 9 1727 1727
49.001495 20 1137 1137
49.001495 22 2071 2071
49.001495 63 476 476
49.001495 85 600 600
50.001526 9 1749 1749
50.001526 20 1147 1147
50.001526 22 2008 2008
50.001526 63 504 504
50.001526 85 574 574
51.001556 9 1722 1722
51.001556 20 1139 1139
51.001556 22 2007 2007
51.001556 63 531 531
51.001556 85 574 574
52.001587 9 1698 1698
52.001587 20 1185 1185
52.001587 22 2050 2050
52.001587 63 516 516
52.001587 85 539 539
53.001617 9 1714 1714
53.001617 20 1177 1177
53.001617 22 2076 2076
53.001617 63 477 477
53.001617 85 560 560
54.001648 9 1681 1681
54.001648 20 1124 1124
54.001648 22 2126 2126
54.001648 63 483 483
54.001648 85 579 579
55.001678 9 1625 1625
55.001678 20 1176 1176
55.001678 22 2227 2227
55.001678 63 431 431
55.001678 85 570 570
56.001709 9 1609 1609
56.001709 20 1224 1224
56.001709 22 2202 2202
56.001709 63 397 397
56.001709 85 551 551
57.001740 9 1683 1683
57.001740 20 1152 1152
57.001740 22 2178 2178
57.001740 63 416 416
57.001740 85 558 558
58.001770 9 1755 1755
58.001770 20 1150 1150
58.001770 22 2147 2147
58.001770 63 422 422
58.001770 85 555 555
59.001801 9 1842 1842
59.001801 20 1164 1164
59.001801 22 2100 2100
59.001801 63 356 356
59.001801 85 528 528
60.001831 9 1790 1790
60.001831 20 1244 1244
60.001831 22 2089 2089
60.001831 63 322 322
60.001831 85 526 526
61.001862 9 1827 1827
61.001862 20 1294 1294
61.001862 22 2091 2091
61.001862 63 256 256
61.001862 85 549 549
62.001892 9 1980 1980
62.001892 20 1216 1216
62.001892 22 2048 2048
62.001892 63 221 221
62.001892 85 478 478
63.001923 9 2165 2165
63.001923 20 1108 1108
63.001923 22 2135 2135
63.001923 63 150 150
63.001923 85 465 465
64.001953 9 2300 2300
64.001953 20 1017 1017
64.001953 22 2160 2160
64.001953 63 97 97
64.001953 85 433 433
65.001984 9 2397 2397
65.001984 20 972 972
65.001984 22 2146 2146
65.001984 63 85 85
65.001984 85 377 377
66.002014 9 2414 2414
66.002014 20 1044 1044
66.002014 22 2076 2076
66.002014 63 19 19
66.002014 85 422 422
67.002045 9 2472 2472
67.002045 20 1083 1083
67.002045 22 2108 2108
67.002045 85 367 367
68.002075 9 2500 2500
68.002075 20 1059 1059
68.002075 22 2098 2098
68.002075 85 334 334
69.002106 9 2512 2512
69.002106 20 1082 1082
69.002106 22 2081 2081
69.002106 85 325 325
70.002136 9 2508 2508
70.002136 20 1188 1188
70.002136 22 1975 1975
70.002136 85 301 301
71.002167 9 2575 2575
71.002167 20 1363 1363
71.002167 22 1834 1834
71.002167 85 265 265
