0.000000 0 1 1
0.000000 1 1 1
0.000000 2 1 1
0.000000 3 1 1
0.000000 4 1 1
0.000000 5 1 1
0.000000 6 1 1
0.000000 7 1 1
0.000000 8 1 1
0.000000 9 1 1
0.000000 10 1 1
0.000000 11 1 1
0.000000 12 1 1
0.000000 13 1 1
0.000000 14 1 1
0.000000 16 1 1
0.000000 17 1 1
0.000000 18 1 1
0.000000 20 1 1
0.000000 21 1 1
0.000000 22 1 1
0.000000 23 1 1
0.000000 24 1 1
0.000000 25 1 1
0.000000 26 1 1
0.000000 27 1 1
0.000000 28 1 1
0.000000 29 1 1
0.000000 30 1 1
0.000000 31 1 1
0.000000 32 1 1
0.000000 33 1 1
0.000000 34 1 1
0.000000 36 1 1
0.000000 37 1 1
0.000000 38 1 1
0.000000 39 1 1
0.000000 40 1 1
0.000000 41 1 1
0.000000 42 1 1
0.000000 43 1 1
0.000000 44 1 1
0.000000 45 1 1
0.000000 46 1 1
0.000000 47 1 1
0.000000 48 1 1
0.000000 49 1 1
0.000000 50 1 1
0.000000 51 1 1
0.000000 52 1 1
0.000000 53 1 1
0.000000 54 1 1
0.000000 55 1 1
0.000000 56 1 1
0.000000 57 1 1
0.000000 58 1 1
0.000000 59 1 1
0.000000 60 1 1
0.000000 61 1 1
0.000000 62 1 1
0.000000 63 1 1
0.000000 64 1 1
0.000000 65 1 1
0.000000 67 1 1
0.000000 68 1 1
0.000000 69 1 1
0.000000 70 1 1
0.000000 71 1 1
0.000000 72 1 1
0.000000 73 1 1
0.000000 74 1 1
0.000000 75 1 1
0.000000 76 1 1
0.000000 77 1 1
0.000000 78 1 1
0.000000 79 1 1
0.000000 80 1 1
0.000000 81 1 1
0.000000 82 1 1
0.000000 83 1 1
0.000000 84 1 1
0.000000 85 1 1
0.000000 86 1 1
0.000000 87 1 1
0.000000 88 1 1
0.000000 89 1 1
0.000000 90 1 1
0.000000 91 1 1
0.000000 92 1 1
0.000000 93 1 1
0.000000 94 1 1
0.000000 95 1 1
0.000000 96 1 1
0.000000 97 1 1
0.000000 98 1 1
0.000000 99 1 1
0.000000 100 1 1
0.000000 101 1 1
0.000000 102 1 1
0.000000 103 1 1
0.000000 104 1 1
0.000000 105 1 1
0.000000 106 1 1
0.000000 107 1 1
0.000000 108 1 1
0.000000 109 1 1
1.000031 0 1 1
1.000031 1 1 1
1.000031 2 2 2
1.000031 3 2 2
1.000031 4 2 2
1.000031 5 2 2
1.000031 6 1 1
1.000031 7 1 1
1.000031 8 2 2
1.000031 9 1 1
1.000031 10 2 2
1.000031 11 2 2
1.000031 12 2 2
1.000031 13 1 1
1.000031 14 2 2
1.000031 16 2 2
1.000031 17 2 2
1.000031 18 1 1
1.000031 20 2 2
1.000031 21 2 2
1.000031 22 1 1
1.000031 23 2 2
1.000031 24 1 1
1.000031 25 2 2
1.000031 26 2 2
1.000031 27 2 2
1.000031 28 2 2
1.000031 29 2 2
1.000031 30 2 2
1.000031 31 2 2
1.000031 32 2 2
1.000031 33 1 1
1.000031 34 1 1
1.000031 36 2 2
1.000031 37 2 2
1.000031 38 2 2
1.000031 39 1 1
1.000031 40 1 1
1.000031 41 1 1
1.000031 42 2 2
1.000031 43 1 1
1.000031 44 1 1
1.000031 45 2 2
1.000031 46 2 2
1.000031 47 2 2
1.000031 48 1 1
1.000031 49 2 2
1.000031 50 2 2
1.000031 51 2 2
1.000031 52 2 2
1.000031 53 1 1
1.000031 54 2 2
1.000031 55 1 1
1.000031 56 1 1
1.000031 57 2 2
1.000031 58 2 2
1.000031 59 2 2
1.000031 60 2 2
1.000031 61 1 1
1.000031 62 1 1
1.000031 63 1 1
1.000031 64 1 1
1.000031 65 1 1
1.000031 67 1 1
1.000031 68 1 1
1.000031 69 1 1
1.000031 70 1 1
1.000031 71 1 1
1.000031 72 1 1
1.000031 73 1 1
1.000031 74 1 1
1.000031 75 1 1
1.000031 76 1 1
1.000031 77 1 1
1.000031 78 1 1
1.000031 79 1 1
1.000031 80 2 2
1.000031 81 2 2
1.000031 82 1 1
1.000031 83 2 2
1.000031 84 1 1
1.000031 85 1 1
1.000031 86 1 1
1.000031 87 2 2
1.000031 88 2 2
1.000031 89 1 1
1.000031 90 2 2
1.000031 91 2 2
1.000031 92 1 1
1.000031 93 2 2
1.000031 94 1 1
1.000031 95 1 1
1.000031 96 2 2
1.000031 97 1 1
1.000031 98 2 2
1.000031 99 2 2
1.000031 100 2 2
1.000031 101 1 1
1.000031 102 1 1
1.000031 103 1 1
1.000031 104 1 1
1.000031 105 1 1
1.000031 106 1 1
1.000031 107 2 2
1.000031 108 2 2
1.000031 109 2 2
2.000061 0 2 2
2.000061 1 2 2
2.000061 2 2 2
2.000061 3 2 2
2.000061 4 3 3
2.000061 5 2 2
2.000061 6 2 2
2.000061 7 2 2
2.000061 8 2 2
2.000061 9 2 2
2.000061 10 2 2
2.000061 11 2 2
2.000061 12 2 2
2.000061 13 2 2
2.000061 14 2 2
2.000061 16 3 3
2.000061 17 2 2
2.000061 18 2 2
2.000061 20 2 2
2.000061 21 3 3
2.000061 22 2 2
2.000061 23 2 2
2.000061 24 2 2
2.000061 25 2 2
2.000061 26 2 2
2.000061 27 2 2
2.000061 28 2 2
2.000061 29 2 2
2.000061 30 2 2
2.000061 31 2 2
2.000061 32 2 2
2.000061 33 2 2
2.000061 34 2 2
2.000061 36 2 2
2.000061 37 2 2
2.000061 38 2 2
2.000061 39 2 2
2.000061 40 2 2
2.000061 41 2 2
2.000061 42 2 2
2.000061 43 2 2
2.000061 44 2 2
2.000061 45 3 3
2.000061 46 2 2
2.000061 47 3 3
2.000061 48 3 3
2.000061 49 2 2
2.000061 50 2 2
2.000061 51 2 2
2.000061 52 2 2
2.000061 53 2 2
2.000061 54 2 2
2.000061 55 2 2
2.000061 56 2 2
2.000061 57 2 2
2.000061 58 2 2
2.000061 59 2 2
2.000061 60 2 2
2.000061 61 2 2
2.000061 62 2 2
2.000061 63 2 2
2.000061 64 2 2
2.000061 65 2 2
2.000061 67 2 2
2.000061 68 2 2
2.000061 69 2 2
2.000061 70 3 3
2.000061 71 2 2
2.000061 72 2 2
2.000061 73 2 2
2.000061 74 2 2
2.000061 75 2 2
2.000061 76 2 2
2.000061 77 1 1
2.000061 78 2 2
2.000061 79 2 2
2.000061 80 2 2
2.000061 81 2 2
2.000061 82 2 2
2.000061 83 2 2
2.000061 84 2 2
2.000061 85 2 2
2.000061 86 2 2
2.000061 87 4 4
2.000061 88 2 2
2.000061 89 1 1
2.000061 90 2 2
2.000061 91 2 2
2.000061 92 2 2
2.000061 93 2 2
2.000061 94 2 2
2.000061 95 2 2
2.000061 96 2 2
2.000061 97 2 2
2.000061 98 3 3
2.000061 99 3 3
2.000061 100 2 2
2.000061 101 2 2
2.000061 102 3 3
2.000061 103 2 2
2.000061 104 3 3
2.000061 105 2 2
2.000061 106 2 2
2.000061 107 2 2
2.000061 108 2 2
2.000061 109 2 2
3.000092 0 4 4
3.000092 1 4 4
3.000092 2 4 4
3.000092 3 4 4
3.000092 4 4 4
3.000092 5 4 4
3.000092 6 2 2
3.000092 7 4 4
3.000092 8 4 4
3.000092 9 4 4
3.000092 10 4 4
3.000092 11 4 4
3.000092 12 3 3
3.000092 13 4 4
3.000092 14 4 4
3.000092 16 4 4
3.000092 17 4 4
3.000092 18 4 4
3.000092 20 4 4
3.000092 21 4 4
3.000092 22 4 4
3.000092 23 4 4
3.000092 24 4 4
3.000092 25 4 4
3.000092 26 4 4
3.000092 27 4 4
3.000092 28 4 4
3.000092 29 4 4
3.000092 30 4 4
3.000092 31 4 4
3.000092 32 4 4
3.000092 33 4 4
3.000092 34 3 3
3.000092 36 4 4
3.000092 37 4 4
3.000092 38 4 4
3.000092 39 4 4
3.000092 40 4 4
3.000092 41 3 3
3.000092 42 4 4
3.000092 43 4 4
3.000092 44 4 4
3.000092 45 4 4
3.000092 46 4 4
3.000092 47 4 4
3.000092 48 4 4
3.000092 49 4 4
3.000092 50 4 4
3.000092 51 4 4
3.000092 52 4 4
3.000092 53 3 3
3.000092 54 4 4
3.000092 55 4 4
3.000092 56 4 4
3.000092 57 4 4
3.000092 58 4 4
3.000092 59 4 4
3.000092 60 4 4
3.000092 61 4 4
3.000092 62 4 4
3.000092 63 4 4
3.000092 64 4 4
3.000092 65 4 4
3.000092 67 4 4
3.000092 68 4 4
3.000092 69 4 4
3.000092 70 4 4
3.000092 71 4 4
3.000092 72 4 4
3.000092 73 4 4
3.000092 74 4 4
3.000092 75 4 4
3.000092 76 4 4
3.000092 77 2 2
3.000092 78 4 4
3.000092 79 2 2
3.000092 80 4 4
3.000092 81 4 4
3.000092 82 4 4
3.000092 83 4 4
3.000092 84 4 4
3.000092 85 4 4
3.000092 86 4 4
3.000092 87 4 4
3.000092 88 4 4
3.000092 89 2 2
3.000092 90 4 4
3.000092 91 4 4
3.000092 92 4 4
3.000092 93 4 4
3.000092 94 3 3
3.000092 95 4 4
3.000092 96 4 4
3.000092 97 4 4
3.000092 98 4 4
3.000092 99 4 4
3.000092 100 4 4
3.000092 101 4 4
3.000092 102 4 4
3.000092 103 4 4
3.000092 104 4 4
3.000092 105 3 3
3.000092 106 4 4
3.000092 107 4 4
3.000092 108 4 4
3.000092 109 4 4
4.000122 0 4 4
4.000122 1 4 4
4.000122 2 7 7
4.000122 3 6 6
4.000122 4 7 7
4.000122 5 6 6
4.000122 6 2 2
4.000122 7 8 8
4.000122 8 5 5
4.000122 9 4 4
4.000122 10 6 6
4.000122 11 8 8
4.000122 12 5 5
4.000122 13 6 6
4.000122 14 8 8
4.000122 16 5 5
4.000122 17 5 5
4.000122 18 7 7
4.000122 20 7 7
4.000122 21 8 8
4.000122 22 4 4
4.000122 23 6 6
4.000122 24 5 5
4.000122 25 8 8
4.000122 26 6 6
4.000122 27 6 6
4.000122 28 6 6
4.000122 29 5 5
4.000122 30 6 6
4.000122 31 8 8
4.000122 32 7 7
4.000122 33 4 4
4.000122 34 6 6
4.000122 36 7 7
4.000122 37 6 6
4.000122 38 8 8
4.000122 39 5 5
4.000122 40 4 4
4.000122 41 5 5
4.000122 42 7 7
4.000122 43 7 7
4.000122 44 7 7
4.000122 45 8 8
4.000122 46 6 6
4.000122 47 7 7
4.000122 48 6 6
4.000122 49 8 8
4.000122 50 8 8
4.000122 51 8 8
4.000122 52 5 5
4.000122 53 7 7
4.000122 54 7 7
4.000122 55 4 4
4.000122 56 5 5
4.000122 57 5 5
4.000122 58 5 5
4.000122 59 7 7
4.000122 60 6 6
4.000122 61 6 6
4.000122 62 7 7
4.000122 63 6 6
4.000122 64 5 5
4.000122 65 8 8
4.000122 67 6 6
4.000122 68 4 4
4.000122 69 6 6
4.000122 70 6 6
4.000122 71 6 6
4.000122 72 6 6
4.000122 73 4 4
4.000122 74 4 4
4.000122 75 5 5
4.000122 76 4 4
4.000122 77 2 2
4.000122 78 5 5
4.000122 79 4 4
4.000122 80 7 7
4.000122 81 6 6
4.000122 82 5 5
4.000122 83 7 7
4.000122 84 4 4
4.000122 85 4 4
4.000122 86 6 6
4.000122 87 7 7
4.000122 88 7 7
4.000122 89 2 2
4.000122 90 8 8
4.000122 91 6 6
4.000122 92 4 4
4.000122 93 6 6
4.000122 94 4 4
4.000122 95 4 4
4.000122 96 5 5
4.000122 97 5 5
4.000122 98 6 6
4.000122 99 8 8
4.000122 100 6 6
4.000122 101 4 4
4.000122 102 6 6
4.000122 103 4 4
4.000122 104 6 6
4.000122 105 4 4
4.000122 106 4 4
4.000122 107 7 7
4.000122 108 6 6
4.000122 109 7 7
5.000153 0 8 8
5.000153 1 8 8
5.000153 2 12 12
5.000153 3 10 10
5.000153 4 10 10
5.000153 5 8 8
5.000153 6 3 3
5.000153 7 9 9
5.000153 8 8 8
5.000153 9 8 8
5.000153 10 9 9
5.000153 11 10 10
5.000153 12 8 8
5.000153 13 9 9
5.000153 14 8 8
5.000153 16 9 9
5.000153 17 8 8
5.000153 18 12 12
5.000153 20 10 10
5.000153 21 11 11
5.000153 22 8 8
5.000153 23 9 9
5.000153 24 8 8
5.000153 25 9 9
5.000153 26 9 9
5.000153 27 9 9
5.000153 28 9 9
5.000153 29 10 10
5.000153 30 9 9
5.000153 31 13 13
5.000153 32 9 9
5.000153 33 8 8
5.000153 34 8 8
5.000153 36 9 9
5.000153 37 8 8
5.000153 38 9 9
5.000153 39 9 9
5.000153 40 8 8
5.000153 41 8 8
5.000153 42 8 8
5.000153 43 9 9
5.000153 44 11 11
5.000153 45 10 10
5.000153 46 9 9
5.000153 47 9 9
5.000153 48 9 9
5.000153 49 11 11
5.000153 50 9 9
5.000153 51 10 10
5.000153 52 8 8
5.000153 53 8 8
5.000153 54 9 9
5.000153 55 8 8
5.000153 56 8 8
5.000153 57 8 8
5.000153 58 9 9
5.000153 59 9 9
5.000153 60 8 8
5.000153 61 8 8
5.000153 62 9 9
5.000153 63 9 9
5.000153 64 8 8
5.000153 65 10 10
5.000153 67 8 8
5.000153 68 7 7
5.000153 69 10 10
5.000153 70 10 10
5.000153 71 8 8
5.000153 72 9 9
5.000153 73 8 8
5.000153 74 8 8
5.000153 75 8 8
5.000153 76 8 8
5.000153 77 3 3
5.000153 78 8 8
5.000153 79 8 8
5.000153 80 10 10
5.000153 81 8 8
5.000153 82 8 8
5.000153 83 12 12
5.000153 84 8 8
5.000153 85 8 8
5.000153 86 8 8
5.000153 87 12 12
5.000153 88 10 10
5.000153 89 3 3
5.000153 90 10 10
5.000153 91 9 9
5.000153 92 8 8
5.000153 93 10 10
5.000153 94 7 7
5.000153 95 9 9
5.000153 96 9 9
5.000153 97 8 8
5.000153 98 10 10
5.000153 99 12 12
5.000153 100 9 9
5.000153 101 9 9
5.000153 102 10 10
5.000153 103 8 8
5.000153 104 10 10
5.000153 105 8 8
5.000153 106 8 8
5.000153 107 10 10
5.000153 108 11 11
5.000153 109 10 10
6.000183 0 14 14
6.000183 1 14 14
6.000183 2 18 18
6.000183 3 16 16
6.000183 4 17 17
6.000183 5 16 16
6.000183 6 4 4
6.000183 7 16 16
6.000183 8 16 16
6.000183 9 15 15
6.000183 10 13 13
6.000183 11 17 17
6.000183 12 11 11
6.000183 13 15 15
6.000183 14 16 16
6.000183 16 17 17
6.000183 17 14 14
6.000183 18 15 15
6.000183 20 16 16
6.000183 21 19 19
6.000183 22 16 16
6.000183 23 15 15
6.000183 24 12 12
6.000183 25 13 13
6.000183 26 17 17
6.000183 27 17 17
6.000183 28 15 15
6.000183 29 18 18
6.000183 30 16 16
6.000183 31 17 17
6.000183 32 17 17
6.000183 33 16 16
6.000183 34 14 14
6.000183 36 15 15
6.000183 37 16 16
6.000183 38 16 16
6.000183 39 14 14
6.000183 40 16 16
6.000183 41 14 14
6.000183 42 16 16
6.000183 43 16 16
6.000183 44 14 14
6.000183 45 17 17
6.000183 46 14 14
6.000183 47 17 17
6.000183 48 13 13
6.000183 49 19 19
6.000183 50 17 17
6.000183 51 16 16
6.000183 52 14 14
6.000183 53 14 14
6.000183 54 16 16
6.000183 55 13 13
6.000183 56 14 14
6.000183 57 14 14
6.000183 58 15 15
6.000183 59 16 16
6.000183 60 15 15
6.000183 61 16 16
6.000183 62 16 16
6.000183 63 14 14
6.000183 64 14 14
6.000183 65 18 18
6.000183 67 15 15
6.000183 68 13 13
6.000183 69 15 15
6.000183 70 16 16
6.000183 71 16 16
6.000183 72 16 16
6.000183 73 12 12
6.000183 74 14 14
6.000183 75 12 12
6.000183 76 13 13
6.000183 77 4 4
6.000183 78 14 14
6.000183 79 12 12
6.000183 80 15 15
6.000183 81 14 14
6.000183 82 14 14
6.000183 83 18 18
6.000183 84 14 14
6.000183 85 13 13
6.000183 86 15 15
6.000183 87 19 19
6.000183 88 15 15
6.000183 89 4 4
6.000183 90 16 16
6.000183 91 16 16
6.000183 92 15 15
6.000183 93 16 16
6.000183 94 13 13
6.000183 95 16 16
6.000183 96 13 13
6.000183 97 15 15
6.000183 98 19 19
6.000183 99 18 18
6.000183 100 16 16
6.000183 101 14 14
6.000183 102 16 16
6.000183 103 14 14
6.000183 104 18 18
6.000183 105 10 10
6.000183 106 14 14
6.000183 107 15 15
6.000183 108 17 17
6.000183 109 17 17
7.000214 0 18 18
7.000214 1 24 24
7.000214 2 31 31
7.000214 3 23 23
7.000214 4 25 25
7.000214 5 23 23
7.000214 6 4 4
7.000214 7 27 27
7.000214 8 22 22
7.000214 9 18 18
7.000214 10 24 24
7.000214 11 30 30
7.000214 12 19 19
7.000214 13 23 23
7.000214 14 22 22
7.000214 16 25 25
7.000214 17 24 24
7.000214 18 26 26
7.000214 20 27 27
7.000214 21 29 29
7.000214 22 20 20
7.000214 23 22 22
7.000214 24 11 11
7.000214 25 14 14
7.000214 26 25 25
7.000214 27 24 24
7.000214 28 23 23
7.000214 29 23 23
7.000214 30 25 25
7.000214 31 32 32
7.000214 32 27 27
7.000214 33 23 23
7.000214 34 22 22
7.000214 36 28 28
7.000214 37 25 25
7.000214 38 28 28
7.000214 39 19 19
7.000214 40 22 22
7.000214 41 21 21
7.000214 42 25 25
7.000214 43 29 29
7.000214 44 27 27
7.000214 45 30 30
7.000214 46 20 20
7.000214 47 25 25
7.000214 48 25 25
7.000214 49 32 32
7.000214 50 29 29
7.000214 51 30 30
7.000214 52 21 21
7.000214 53 24 24
7.000214 54 27 27
7.000214 55 19 19
7.000214 56 19 19
7.000214 57 23 23
7.000214 58 22 22
7.000214 59 23 23
7.000214 60 23 23
7.000214 61 23 23
7.000214 62 28 28
7.000214 63 21 21
7.000214 64 21 21
7.000214 65 29 29
7.000214 67 23 23
7.000214 68 19 19
7.000214 69 24 24
7.000214 70 27 27
7.000214 71 24 24
7.000214 72 26 26
7.000214 73 18 18
7.000214 74 19 19
7.000214 75 18 18
7.000214 76 17 17
7.000214 77 5 5
7.000214 78 21 21
7.000214 79 18 18
7.000214 80 24 24
7.000214 81 24 24
7.000214 82 23 23
7.000214 83 30 30
7.000214 84 21 21
7.000214 85 17 17
7.000214 86 23 23
7.000214 87 28 28
7.000214 88 30 30
7.000214 89 6 6
7.000214 90 29 29
7.000214 91 29 29
7.000214 92 20 20
7.000214 93 24 24
7.000214 94 18 18
7.000214 95 23 23
7.000214 96 24 24
7.000214 97 22 22
7.000214 98 28 28
7.000214 99 34 34
7.000214 100 25 25
7.000214 101 20 20
7.000214 102 27 27
7.000214 103 18 18
7.000214 104 26 26
7.000214 105 16 16
7.000214 106 22 22
7.000214 107 27 27
7.000214 108 28 28
7.000214 109 25 25
8.000244 0 30 30
8.000244 1 33 33
8.000244 2 46 46
8.000244 3 38 38
8.000244 4 44 44
8.000244 5 35 35
8.000244 7 38 38
8.000244 8 33 33
8.000244 9 34 34
8.000244 10 37 37
8.000244 11 41 41
8.000244 12 31 31
8.000244 13 34 34
8.000244 14 34 34
8.000244 16 37 37
8.000244 17 32 32
8.000244 18 43 43
8.000244 20 46 46
8.000244 21 43 43
8.000244 22 32 32
8.000244 23 37 37
8.000244 24 4 4
8.000244 25 14 14
8.000244 26 37 37
8.000244 27 41 41
8.000244 28 36 36
8.000244 29 38 38
8.000244 30 38 38
8.000244 31 50 50
8.000244 32 43 43
8.000244 33 35 35
8.000244 34 31 31
8.000244 36 38 38
8.000244 37 35 35
8.000244 38 41 41
8.000244 39 33 33
8.000244 40 35 35
8.000244 41 34 34
8.000244 42 38 38
8.000244 43 40 40
8.000244 44 43 43
8.000244 45 46 46
8.000244 46 25 25
8.000244 47 41 41
8.000244 48 38 38
8.000244 49 44 44
8.000244 50 41 41
8.000244 51 42 42
8.000244 52 34 34
8.000244 53 34 34
8.000244 54 37 37
8.000244 55 31 31
8.000244 56 31 31
8.000244 57 38 38
8.000244 58 38 38
8.000244 59 38 38
8.000244 60 34 34
8.000244 61 34 34
8.000244 62 43 43
8.000244 63 35 35
8.000244 64 31 31
8.000244 65 40 40
8.000244 67 34 34
8.000244 68 28 28
8.000244 69 37 37
8.000244 70 42 42
8.000244 71 35 35
8.000244 72 35 35
8.000244 73 31 31
8.000244 74 33 33
8.000244 75 31 31
8.000244 76 11 11
8.000244 77 3 3
8.000244 78 34 34
8.000244 79 31 31
8.000244 80 40 40
8.000244 81 37 37
8.000244 82 34 34
8.000244 83 49 49
8.000244 84 35 35
8.000244 85 34 34
8.000244 86 39 39
8.000244 87 42 42
8.000244 88 45 45
8.000244 89 3 3
8.000244 90 42 42
8.000244 91 44 44
8.000244 92 35 35
8.000244 93 40 40
8.000244 94 30 30
8.000244 95 33 33
8.000244 96 36 36
8.000244 97 36 36
8.000244 98 47 47
8.000244 99 50 50
8.000244 100 40 40
8.000244 101 30 30
8.000244 102 44 44
8.000244 103 31 31
8.000244 104 41 41
8.000244 105 19 19
8.000244 106 31 31
8.000244 107 42 42
8.000244 108 48 48
8.000244 109 30 30
9.000275 0 48 48
9.000275 1 53 53
9.000275 2 73 73
9.000275 3 68 68
9.000275 4 69 69
9.000275 5 59 59
9.000275 7 61 61
9.000275 8 62 62
9.000275 9 60 60
9.000275 10 54 54
9.000275 11 66 66
9.000275 12 20 20
9.000275 13 60 60
9.000275 14 63 63
9.000275 16 61 61
9.000275 17 55 55
9.000275 18 64 64
9.000275 20 65 65
9.000275 22 57 57
9.000275 23 63 63
9.000275 26 63 63
9.000275 27 35 35
9.000275 28 56 56
9.000275 29 18 18
9.000275 30 65 65
9.000275 31 73 73
9.000275 32 68 68
9.000275 33 57 57
9.000275 34 53 53
9.000275 36 61 61
9.000275 37 44 44
9.000275 38 60 60
9.000275 39 55 55
9.000275 40 60 60
9.000275 41 54 54
9.000275 42 60 60
9.000275 43 65 65
9.000275 44 65 65
9.000275 45 68 68
9.000275 47 58 58
9.000275 49 72 72
9.000275 50 1 1
9.000275 51 68 68
9.000275 52 59 59
9.000275 53 61 61
9.000275 54 69 69
9.000275 55 54 54
9.000275 56 51 51
9.000275 57 57 57
9.000275 58 55 55
9.000275 59 61 61
9.000275 60 59 59
9.000275 61 62 62
9.000275 62 69 69
9.000275 63 58 58
9.000275 65 39 39
9.000275 67 60 60
9.000275 68 48 48
9.000275 69 64 64
9.000275 70 71 71
9.000275 71 61 61
9.000275 72 64 64
9.000275 74 53 53
9.000275 75 35 35
9.000275 78 27 27
9.000275 79 50 50
9.000275 80 61 61
9.000275 81 62 62
9.000275 82 56 56
9.000275 83 70 70
9.000275 84 58 58
9.000275 85 54 54
9.000275 86 63 63
9.000275 87 72 72
9.000275 88 69 69
9.000275 90 70 70
9.000275 91 57 57
9.000275 92 55 55
9.000275 93 62 62
9.000275 94 50 50
9.000275 95 59 59
9.000275 96 55 55
9.000275 97 61 61
9.000275 98 73 73
9.000275 99 80 80
9.000275 100 66 66
9.000275 101 50 50
9.000275 102 40 40
9.000275 103 52 52
9.000275 104 67 67
9.000275 107 65 65
9.000275 108 74 74
9.000275 109 2 2
10.000305 0 72 72
10.000305 1 91 91
10.000305 2 59 59
10.000305 3 100 100
10.000305 4 109 109
10.000305 7 1 1
10.000305 9 80 80
10.000305 10 94 94
10.000305 11 115 115
10.000305 13 5 5
10.000305 14 98 98
10.000305 18 63 63
10.000305 20 110 110
10.000305 22 77 77
10.000305 23 89 89
10.000305 26 70 70
10.000305 28 97 97
10.000305 30 85 85
10.000305 31 127 127
10.000305 32 108 108
10.000305 33 89 89
10.000305 34 88 88
10.000305 36 23 23
10.000305 39 85 85
10.000305 40 8 8
10.000305 41 86 86
10.000305 42 98 98
10.000305 43 105 105
10.000305 44 103 103
10.000305 45 114 114
10.000305 49 120 120
10.000305 51 108 108
10.000305 53 94 94
10.000305 54 54 54
10.000305 55 77 77
10.000305 56 86 86
10.000305 60 85 85
10.000305 61 90 90
10.000305 62 107 107
10.000305 63 11 11
10.000305 68 72 72
10.000305 69 94 94
10.000305 71 93 93
10.000305 72 103 103
10.000305 74 50 50
10.000305 79 74 74
10.000305 80 95 95
10.000305 81 98 98
10.000305 82 2 2
10.000305 83 119 119
10.000305 84 86 86
10.000305 85 72 72
10.000305 86 95 95
10.000305 87 112 112
10.000305 88 76 76
10.000305 90 98 98
10.000305 93 101 101
10.000305 94 79 79
10.000305 95 93 93
10.000305 96 100 100
10.000305 98 119 119
10.000305 99 131 131
10.000305 100 101 101
10.000305 101 77 77
10.000305 103 76 76
10.000305 104 107 107
10.000305 107 109 109
10.000305 108 112 112
11.000336 0 33 33
11.000336 1 139 139
11.000336 3 160 160
11.000336 4 51 51
11.000336 9 137 137
11.000336 11 127 127
11.000336 14 148 148
11.000336 20 179 179
11.000336 23 149 149
11.000336 28 124 124
11.000336 31 199 199
11.000336 32 4 4
11.000336 33 127 127
11.000336 34 103 103
11.000336 39 138 138
11.000336 41 134 134
11.000336 43 10 10
11.000336 44 171 171
11.000336 45 174 174
11.000336 49 184 184
11.000336 51 169 169
11.000336 55 127 127
11.000336 56 132 132
11.000336 60 139 139
11.000336 61 11 11
11.000336 68 118 118
11.000336 69 148 148
11.000336 71 76 76
11.000336 72 1 1
11.000336 79 126 126
11.000336 80 154 154
11.000336 81 147 147
11.000336 83 157 157
11.000336 84 49 49
11.000336 85 96 96
11.000336 86 152 152
11.000336 90 5 5
11.000336 93 160 160
11.000336 94 124 124
11.000336 95 108 108
11.000336 96 143 143
11.000336 98 187 187
11.000336 99 203 203
11.000336 100 158 158
11.000336 101 124 124
11.000336 104 8 8
11.000336 107 170 170
11.000336 108 178 178
12.000366 1 221 221
12.000366 3 160 160
12.000366 9 192 192
12.000366 14 247 247
12.000366 20 161 161
12.000366 23 190 190
12.000366 28 15 15
12.000366 31 249 249
12.000366 39 6 6
12.000366 44 18 18
12.000366 45 272 272
12.000366 49 301 301
12.000366 51 271 271
12.000366 56 55 55
12.000366 60 232 232
12.000366 68 185 185
12.000366 69 255 255
12.000366 79 199 199
12.000366 80 240 240
12.000366 81 248 248
12.000366 85 5 5
12.000366 86 249 249
12.000366 93 256 256
12.000366 94 204 204
12.000366 96 234 234
12.000366 98 65 65
12.000366 99 334 334
12.000366 100 179 179
12.000366 101 206 206
12.000366 107 266 266
12.000366 108 294 294
13.000397 1 348 348
13.000397 9 9 9
13.000397 14 273 273
13.000397 23 20 20
13.000397 31 7 7
13.000397 45 219 219
13.000397 49 459 459
13.000397 51 398 398
13.000397 60 344 344
13.000397 68 200 200
13.000397 69 375 375
13.000397 79 274 274
13.000397 80 32 32
13.000397 81 372 372
13.000397 86 166 166
13.000397 93 400 400
13.000397 94 227 227
13.000397 96 385 385
13.000397 99 528 528
13.000397 101 68 68
13.000397 107 426 426
13.000397 108 442 442
14.000427 1 324 324
14.000427 14 186 186
14.000427 45 74 74
14.000427 49 417 417
14.000427 51 413 413
14.000427 60 444 444
14.000427 68 62 62
14.000427 69 515 515
14.000427 79 136 136
14.000427 81 394 394
14.000427 86 2 2
14.000427 93 606 606
14.000427 94 26 26
14.000427 96 555 555
14.000427 99 770 770
14.000427 107 555 555
14.000427 108 491 491
15.000458 1 150 150
15.000458 14 128 128
15.000458 45 4 4
15.000458 49 376 376
15.000458 51 573 573
15.000458 60 477 477
15.000458 69 555 555
15.000458 79 20 20
15.000458 81 235 235
15.000458 93 833 833
15.000458 96 767 767
15.000458 99 942 942
15.000458 107 525 525
15.000458 108 435 435
16.000488 1 30 30
16.000488 14 27 27
16.000488 49 382 382
16.000488 51 710 710
16.000488 60 436 436
16.000488 69 618 618
16.000488 81 210 210
16.000488 93 872 872
16.000488 96 855 855
16.000488 99 1051 1051
16.000488 107 503 503
16.000488 108 330 330
17.000519 49 308 308
17.000519 51 805 805
17.000519 60 371 371
17.000519 69 708 708
17.000519 81 213 213
17.000519 93 917 917
17.000519 96 922 922
17.000519 99 939 939
17.000519 107 566 566
17.000519 108 268 268
18.000549 49 226 226
18.000549 51 931 931
18.000549 60 334 334
18.000549 69 806 806
18.000549 81 149 149
18.000549 93 815 815
18.000549 96 1065 1065
18.000549 99 759 759
18.000549 107 666 666
18.000549 108 258 258
19.000580 49 218 218
19.000580 51 970 970
19.000580 60 285 285
19.000580 69 812 812
19.000580 81 99 99
19.000580 93 730 730
19.000580 96 1079 1079
19.000580 99 775 775
19.000580 107 811 811
19.000580 108 242 242
20.000610 49 223 223
20.000610 51 991 991
20.000610 60 315 315
20.000610 69 787 787
20.000610 81 67 67
20.000610 93 750 750
20.000610 96 1087 1087
20.000610 99 717 717
20.000610 107 842 842
20.000610 108 239 239
21.000641 49 261 261
21.000641 51 1004 1004
21.000641 60 327 327
21.000641 69 707 707
21.000641 81 34 34
21.000641 93 705 705
21.000641 96 1135 1135
21.000641 99 712 712
21.000641 107 881 881
21.000641 108 232 232
22.000671 49 267 267
22.000671 51 965 965
22.000671 60 357 357
22.000671 69 703 703
22.000671 81 57 57
22.000671 93 683 683
22.000671 96 1122 1122
22.000671 99 800 800
22.000671 107 882 882
22.000671 108 204 204
23.000702 49 245 245
23.000702 51 868 868
23.000702 60 350 350
23.000702 69 753 753
23.000702 81 40 40
23.000702 93 662 662
23.000702 96 1149 1149
23.000702 99 879 879
23.000702 107 828 828
23.000702 108 205 205
24.000732 49 214 214
24.000732 51 845 845
24.000732 60 383 383
24.000732 69 878 878
24.000732 81 20 20
24.000732 93 728 728
24.000732 96 1064 1064
24.000732 99 885 885
24.000732 107 739 739
24.000732 108 207 207
25.000763 49 152 152
25.000763 51 892 892
25.000763 60 446 446
25.000763 69 948 948
25.000763 81 27 27
25.000763 93 723 723
25.000763 96 1026 1026
25.000763 99 888 888
25.000763 107 630 630
25.000763 108 248 248
26.000793 49 92 92
26.000793 51 966 966
26.000793 60 513 513
26.000793 69 985 985
26.000793 81 2 2
26.000793 93 738 738
26.000793 96 1002 1002
26.000793 99 831 831
26.000793 107 542 542
26.000793 108 305 305
27.000824 49 22 22
27.000824 51 1014 1014
27.000824 60 597 597
27.000824 69 1027 1027
27.000824 93 749 749
27.000824 96 1002 1002
27.000824 99 717 717
27.000824 107 492 492
27.000824 108 381 381
28.000854 51 1019 1019
28.000854 60 693 693
28.000854 69 1066 1066
28.000854 93 730 730
28.000854 96 1030 1030
28.000854 99 605 605
28.000854 107 400 400
28.000854 108 443 443
29.000885 51 1070 1070
29.000885 60 713 713
29.000885 69 1063 1063
29.000885 93 732 732
29.000885 96 1075 1075
29.000885 99 579 579
29.000885 107 361 361
29.000885 108 384 384
30.000916 51 1092 1092
30.000916 60 777 777
30.000916 69 1040 1040
30.000916 93 733 733
30.000916 96 1061 1061
30.000916 99 583 583
30.000916 107 350 350
30.000916 108 364 364
31.000946 51 1065 1065
31.000946 60 833 833
31.000946 69 1085 1085
31.000946 93 735 735
31.000946 96 1012 1012
31.000946 99 655 655
31.000946 107 311 311
31.000946 108 307 307
32.000977 51 1081 1081
32.000977 60 855 855
32.000977 69 1059 1059
32.000977 93 760 760
32.000977 96 946 946
32.000977 99 679 679
32.000977 107 282 282
32.000977 108 325 325
33.001007 51 1138 1138
33.001007 60 802 802
33.001007 69 1035 1035
33.001007 93 905 905
33.001007 96 870 870
33.001007 99 696 696
33.001007 107 225 225
33.001007 108 346 346
34.001038 51 1255 1255
34.001038 60 790 790
34.001038 69 962 962
34.001038 93 967 967
34.001038 96 727 727
34.001038 99 783 783
34.001038 107 149 149
34.001038 108 364 364
35.001068 51 1378 1378
35.001068 60 758 758
35.001068 69 959 959
35.001068 93 1093 1093
35.001068 96 585 585
35.001068 99 792 792
35.001068 107 102 102
35.001068 108 372 372
36.001099 51 1473 1473
36.001099 60 710 710
36.001099 69 919 919
36.001099 93 1197 1197
36.001099 96 449 449
36.001099 99 778 778
36.001099 107 72 72
36.001099 108 422 422
37.001129 51 1510 1510
37.001129 60 654 654
37.001129 69 897 897
37.001129 93 1286 1286
37.001129 96 397 397
37.001129 99 729 729
37.001129 107 49 49
37.001129 108 487 487
38.001160 51 1631 1631
38.001160 60 656 656
38.001160 69 807 807
38.001160 93 1314 1314
38.001160 96 299 299
38.001160 99 718 718
38.001160 107 56 56
38.001160 108 560 560
39.001190 51 1674 1674
39.001190 60 614 614
39.001190 69 729 729
39.001190 93 1428 1428
39.001190 96 178 178
39.001190 99 703 703
39.001190 107 54 54
39.001190 108 604 604
40.001221 51 1665 1665
40.001221 60 626 626
40.001221 69 794 794
40.001221 93 1430 1430
40.001221 96 88 88
40.001221 99 792 792
40.001221 107 58 58
40.001221 108 572 572
41.001251 51 1577 1577
41.001251 60 664 664
41.001251 69 861 861
41.001251 93 1361 1361
41.001251 96 16 16
41.001251 99 889 889
41.001251 107 82 82
41.001251 108 507 507
42.001282 51 1489 1489
42.001282 60 615 615
42.001282 69 972 972
42.001282 93 1344 1344
42.001282 96 6 6
42.001282 99 944 944
42.001282 107 121 121
42.001282 108 515 515
43.001312 51 1382 1382
43.001312 60 598 598
43.001312 69 1003 1003
43.001312 93 1345 1345
43.001312 99 1005 1005
43.001312 107 90 90
43.001312 108 554 554
44.001343 51 1339 1339
44.001343 60 651 651
44.001343 69 999 999
44.001343 93 1371 1371
44.001343 99 1063 1063
44.001343 107 7 7
44.001343 108 548 548
45.001373 51 1432 1432
45.001373 60 705 705
45.001373 69 985 985
45.001373 93 1320 1320
45.001373 99 1056 1056
45.001373 108 522 522
46.001404 51 1427 1427
46.001404 60 649 649
46.001404 69 995 995
46.001404 93 1349 1349
46.001404 99 1022 1022
46.001404 108 543 543
47.001434 51 1447 1447
47.001434 60 521 521
47.001434 69 1043 1043
47.001434 93 1426 1426
47.001434 99 955 955
47.001434 108 603 603
48.001465 51 1467 1467
48.001465 60 430 430
48.001465 69 1038 1038
48.001465 93 1502 1502
48.001465 99 905 905
48.001465 108 635 635
49.001495 51 1581 1581
49.001495 60 436 436
49.001495 69 957 957
49.001495 93 1596 1596
49.001495 99 856 856
49.001495 108 620 620
50.001526 51 1680 1680
50.001526 60 467 467
50.001526 69 855 855
50.001526 93 1573 1573
50.001526 99 818 818
50.001526 108 577 577
51.001556 51 1752 1752
51.001556 60 490 490
51.001556 69 718 718
51.001556 93 1593 1593
51.001556 99 850 850
51.001556 108 559 559
52.001587 51 1765 1765
52.001587 60 593 593
52.001587 69 573 573
52.001587 93 1641 1641
52.001587 99 794 794
52.001587 108 616 616
53.001617 51 1853 1853
53.001617 60 530 530
53.001617 69 441 441
53.001617 93 1830 1830
53.001617 99 716 716
53.001617 108 638 638
54.001648 51 1822 1822
54.001648 60 457 457
54.001648 69 412 412
54.001648 93 1974 1974
54.001648 99 679 679
54.001648 108 661 661
55.001678 51 1738 1738
55.001678 60 469 469
55.001678 69 339 339
55.001678 93 2087 2087
55.001678 99 685 685
55.001678 108 668 668
56.001709 51 1831 1831
56.001709 60 489 489
56.001709 69 256 256
56.001709 93 2078 2078
56.001709 99 681 681
56.001709 108 659 659
57.001740 51 1860 1860
57.001740 60 518 518
57.001740 69 163 163
57.001740 93 2113 2113
57.001740 99 721 721
57.001740 108 628 628
58.001770 51 1789 1789
58.001770 60 562 562
58.001770 69 179 179
58.001770 93 2012 2012
58.001770 99 939 939
58.001770 108 505 505
59.001801 51 1920 1920
59.001801 60 597 597
59.001801 69 168 168
59.001801 93 1918 1918
59.001801 99 981 981
59.001801 108 406 406
60.001831 51 2042 2042
60.001831 60 644 644
60.001831 69 126 126
60.001831 93 1869 1869
60.001831 99 974 974
60.001831 108 381 381
61.001862 51 2117 2117
61.001862 60 648 648
61.001862 69 93 93
61.001862 93 1801 1801
61.001862 99 957 957
61.001862 108 385 385
62.001892 51 2171 2171
62.001892 60 656 656
62.001892 69 39 39
62.001892 93 1735 1735
62.001892 99 947 947
62.001892 108 440 440
63.001923 51 2163 2163
63.001923 60 661 661
63.001923 69 12 12
63.001923 93 1746 1746
63.001923 99 955 955
63.001923 108 432 432
64.001953 51 2063 2063
64.001953 60 709 709
64.001953 93 1746 1746
64.001953 99 1037 1037
64.001953 108 420 420
65.001984 51 2092 2092
65.001984 60 785 785
65.001984 93 1699 1699
65.001984 99 1070 1070
65.001984 108 412 412
66.002014 51 2100 2100
66.002014 60 830 830
66.002014 93 1596 1596
66.002014 99 1067 1067
66.002014 108 401 401
67.002045 51 2096 2096
67.002045 60 808 808
67.002045 93 1545 1545
67.002045 99 1174 1174
67.002045 108 373 373
68.002075 51 2168 2168
68.002075 60 816 816
68.002075 93 1471 1471
68.002075 99 1157 1157
68.002075 108 381 381
69.002106 51 2175 2175
69.002106 60 828 828
69.002106 93 1447 1447
69.002106 99 1184 1184
69.002106 108 370 370
70.002136 51 2182 2182
70.002136 60 761 761
70.002136 93 1484 1484
70.002136 99 1173 1173
70.002136 108 423 423
71.002167 51 2218 2218
71.002167 60 693 693
71.002167 93 1504 1504
71.002167 99 1113 1113
71.002167 108 470 470
