0.000000 0 1 1
0.000000 1 1 1
0.000000 2 1 1
0.000000 3 1 1
0.000000 4 1 1
0.000000 6 1 1
0.000000 7 1 1
0.000000 8 1 1
0.000000 9 1 1
0.000000 10 1 1
0.000000 11 1 1
0.000000 12 1 1
0.000000 13 1 1
0.000000 14 1 1
0.000000 15 1 1
0.000000 16 1 1
0.000000 17 1 1
0.000000 18 1 1
0.000000 19 1 1
0.000000 20 1 1
0.000000 21 1 1
0.000000 22 1 1
0.000000 23 1 1
0.000000 24 1 1
0.000000 25 1 1
0.000000 26 1 1
0.000000 27 1 1
0.000000 28 1 1
0.000000 29 1 1
0.000000 30 1 1
0.000000 31 1 1
0.000000 32 1 1
0.000000 33 1 1
0.000000 34 1 1
0.000000 35 1 1
0.000000 36 1 1
0.000000 37 1 1
0.000000 38 1 1
0.000000 40 1 1
0.000000 41 1 1
0.000000 42 1 1
0.000000 43 1 1
0.000000 44 1 1
0.000000 45 1 1
0.000000 46 1 1
0.000000 47 1 1
0.000000 48 1 1
0.000000 49 1 1
0.000000 50 1 1
0.000000 51 1 1
0.000000 52 1 1
0.000000 53 1 1
0.000000 54 1 1
0.000000 55 1 1
0.000000 56 1 1
0.000000 57 1 1
0.000000 58 1 1
0.000000 59 1 1
0.000000 60 1 1
0.000000 61 1 1
0.000000 62 1 1
0.000000 63 1 1
0.000000 64 1 1
0.000000 66 1 1
0.000000 67 1 1
0.000000 68 1 1
0.000000 69 1 1
0.000000 70 1 1
0.000000 71 1 1
0.000000 72 1 1
0.000000 76 1 1
0.000000 77 1 1
0.000000 78 1 1
0.000000 79 1 1
0.000000 81 1 1
0.000000 82 1 1
0.000000 83 1 1
0.000000 84 1 1
0.000000 85 1 1
0.000000 86 1 1
0.000000 88 1 1
0.000000 89 1 1
0.000000 90 1 1
0.000000 91 1 1
0.000000 92 1 1
0.000000 93 1 1
0.000000 94 1 1
0.000000 95 1 1
0.000000 96 1 1
0.000000 97 1 1
0.000000 100 1 1
0.000000 101 1 1
0.000000 103 1 1
0.000000 104 1 1
0.000000 105 1 1
0.000000 106 1 1
0.000000 107 1 1
0.000000 108 1 1
0.000000 109 1 1
1.000031 0 1 1
1.000031 1 2 2
1.000031 2 2 2
1.000031 3 2 2
1.000031 4 1 1
1.000031 6 2 2
1.000031 7 1 1
1.000031 8 1 1
1.000031 9 1 1
1.000031 10 2 2
1.000031 11 2 2
1.000031 12 1 1
1.000031 13 1 1
1.000031 14 2 2
1.000031 15 2 2
1.000031 16 1 1
1.000031 17 1 1
1.000031 18 2 2
1.000031 19 2 2
1.000031 20 2 2
1.000031 21 1 1
1.000031 22 2 2
1.000031 23 1 1
1.000031 24 2 2
1.000031 25 1 1
1.000031 26 2 2
1.000031 27 2 2
1.000031 28 1 1
1.000031 29 2 2
1.000031 30 2 2
1.000031 31 1 1
1.000031 32 2 2
1.000031 33 2 2
1.000031 34 1 1
1.000031 35 1 1
1.000031 36 2 2
1.000031 37 2 2
1.000031 38 1 1
1.000031 40 2 2
1.000031 41 2 2
1.000031 42 2 2
1.000031 43 1 1
1.000031 44 1 1
1.000031 45 2 2
1.000031 46 2 2
1.000031 47 1 1
1.000031 48 1 1
1.000031 49 2 2
1.000031 50 1 1
1.000031 51 2 2
1.000031 52 1 1
1.000031 53 2 2
1.000031 54 1 1
1.000031 55 2 2
1.000031 56 1 1
1.000031 57 1 1
1.000031 58 1 1
1.000031 59 1 1
1.000031 60 2 2
1.000031 61 2 2
1.000031 62 2 2
1.000031 63 2 2
1.000031 64 1 1
1.000031 66 2 2
1.000031 67 2 2
1.000031 68 2 2
1.000031 69 2 2
1.000031 70 1 1
1.000031 71 2 2
1.000031 72 1 1
1.000031 76 1 1
1.000031 77 1 1
1.000031 78 2 2
1.000031 79 2 2
1.000031 81 1 1
1.000031 82 2 2
1.000031 83 1 1
1.000031 84 2 2
1.000031 85 2 2
1.000031 86 1 1
1.000031 88 2 2
1.000031 89 1 1
1.000031 90 2 2
1.000031 91 1 1
1.000031 92 2 2
1.000031 93 2 2
1.000031 94 2 2
1.000031 95 2 2
1.000031 96 2 2
1.000031 97 1 1
1.000031 100 2 2
1.000031 101 1 1
1.000031 103 2 2
1.000031 104 1 1
1.000031 105 1 1
1.000031 106 1 1
1.000031 107 2 2
1.000031 108 2 2
1.000031 109 1 1
2.000061 0 2 2
2.000061 1 2 2
2.000061 2 2 2
2.000061 3 2 2
2.000061 4 2 2
2.000061 6 2 2
2.000061 7 2 2
2.000061 8 2 2
2.000061 9 2 2
2.000061 10 2 2
2.000061 11 2 2
2.000061 12 2 2
2.000061 13 2 2
2.000061 14 2 2
2.000061 15 3 3
2.000061 16 2 2
2.000061 17 2 2
2.000061 18 2 2
2.000061 19 2 2
2.000061 20 2 2
2.000061 21 2 2
2.000061 22 2 2
2.000061 23 2 2
2.000061 24 2 2
2.000061 25 2 2
2.000061 26 3 3
2.000061 27 2 2
2.000061 28 2 2
2.000061 29 2 2
2.000061 30 2 2
2.000061 31 2 2
2.000061 32 3 3
2.000061 33 2 2
2.000061 34 2 2
2.000061 35 2 2
2.000061 36 2 2
2.000061 37 2 2
2.000061 38 2 2
2.000061 40 2 2
2.000061 41 2 2
2.000061 42 3 3
2.000061 43 2 2
2.000061 44 2 2
2.000061 45 2 2
2.000061 46 2 2
2.000061 47 2 2
2.000061 48 2 2
2.000061 49 2 2
2.000061 50 2 2
2.000061 51 2 2
2.000061 52 2 2
2.000061 53 2 2
2.000061 54 2 2
2.000061 55 2 2
2.000061 56 2 2
2.000061 57 2 2
2.000061 58 2 2
2.000061 59 2 2
2.000061 60 2 2
2.000061 61 3 3
2.000061 62 2 2
2.000061 63 2 2
2.000061 64 2 2
2.000061 66 3 3
2.000061 67 2 2
2.000061 68 2 2
2.000061 69 3 3
2.000061 70 2 2
2.000061 71 2 2
2.000061 72 2 2
2.000061 76 1 1
2.000061 77 2 2
2.000061 78 2 2
2.000061 79 2 2
2.000061 81 2 2
2.000061 82 2 2
2.000061 83 2 2
2.000061 84 2 2
2.000061 85 2 2
2.000061 86 3 3
2.000061 88 2 2
2.000061 89 2 2
2.000061 90 2 2
2.000061 91 2 2
2.000061 92 2 2
2.000061 93 3 3
2.000061 94 2 2
2.000061 95 2 2
2.000061 96 2 2
2.000061 97 2 2
2.000061 100 2 2
2.000061 101 2 2
2.000061 103 2 2
2.000061 104 2 2
2.000061 105 2 2
2.000061 106 2 2
2.000061 107 2 2
2.000061 108 3 3
2.000061 109 2 2
3.000092 0 3 3
3.000092 1 3 3
3.000092 2 4 4
3.000092 3 3 3
3.000092 4 4 4
3.000092 6 4 4
3.000092 7 4 4
3.000092 8 3 3
3.000092 9 3 3
3.000092 10 4 4
3.000092 11 4 4
3.000092 12 3 3
3.000092 13 4 4
3.000092 14 4 4
3.000092 15 4 4
3.000092 16 4 4
3.000092 17 3 3
3.000092 18 3 3
3.000092 19 4 4
3.000092 20 4 4
3.000092 21 3 3
3.000092 22 4 4
3.000092 23 4 4
3.000092 24 4 4
3.000092 25 4 4
3.000092 26 4 4
3.000092 27 4 4
3.000092 28 4 4
3.000092 29 4 4
3.000092 30 4 4
3.000092 31 4 4
3.000092 32 5 5
3.000092 33 4 4
3.000092 34 4 4
3.000092 35 4 4
3.000092 36 4 4
3.000092 37 4 4
3.000092 38 3 3
3.000092 40 4 4
3.000092 41 4 4
3.000092 42 4 4
3.000092 43 3 3
3.000092 44 4 4
3.000092 45 4 4
3.000092 46 4 4
3.000092 47 4 4
3.000092 48 4 4
3.000092 49 4 4
3.000092 50 4 4
3.000092 51 4 4
3.000092 52 3 3
3.000092 53 5 5
3.000092 54 4 4
3.000092 55 4 4
3.000092 56 4 4
3.000092 57 4 4
3.000092 58 4 4
3.000092 59 4 4
3.000092 60 3 3
3.000092 61 4 4
3.000092 62 4 4
3.000092 63 4 4
3.000092 64 4 4
3.000092 66 3 3
3.000092 67 4 4
3.000092 68 4 4
3.000092 69 4 4
3.000092 70 4 4
3.000092 71 4 4
3.000092 72 4 4
3.000092 76 2 2
3.000092 77 4 4
3.000092 78 4 4
3.000092 79 4 4
3.000092 81 4 4
3.000092 82 4 4
3.000092 83 4 4
3.000092 84 4 4
3.000092 85 4 4
3.000092 86 5 5
3.000092 88 4 4
3.000092 89 4 4
3.000092 90 4 4
3.000092 91 4 4
3.000092 92 4 4
3.000092 93 5 5
3.000092 94 4 4
3.000092 95 4 4
3.000092 96 4 4
3.000092 97 4 4
3.000092 100 4 4
3.000092 101 3 3
3.000092 103 4 4
3.000092 104 4 4
3.000092 105 4 4
3.000092 106 4 4
3.000092 107 3 3
3.000092 108 5 5
3.000092 109 3 3
4.000122 0 5 5
4.000122 1 5 5
4.000122 2 6 6
4.000122 3 6 6
4.000122 4 7 7
4.000122 6 7 7
4.000122 7 4 4
4.000122 8 7 7
4.000122 9 4 4
4.000122 10 8 8
4.000122 11 6 6
4.000122 12 4 4
4.000122 13 7 7
4.000122 14 8 8
4.000122 15 7 7
4.000122 16 4 4
4.000122 17 4 4
4.000122 18 6 6
4.000122 19 8 8
4.000122 20 6 6
4.000122 21 4 4
4.000122 22 6 6
4.000122 23 6 6
4.000122 24 6 6
4.000122 25 7 7
4.000122 26 6 6
4.000122 27 6 6
4.000122 28 6 6
4.000122 29 5 5
4.000122 30 7 7
4.000122 31 5 5
4.000122 32 7 7
4.000122 33 7 7
4.000122 34 4 4
4.000122 35 6 6
4.000122 36 7 7
4.000122 37 6 6
4.000122 38 4 4
4.000122 40 6 6
4.000122 41 6 6
4.000122 42 6 6
4.000122 43 6 6
4.000122 44 6 6
4.000122 45 5 5
4.000122 46 7 7
4.000122 47 6 6
4.000122 48 5 5
4.000122 49 5 5
4.000122 50 7 7
4.000122 51 7 7
4.000122 52 6 6
4.000122 53 8 8
4.000122 54 6 6
4.000122 55 6 6
4.000122 56 5 5
4.000122 57 6 6
4.000122 58 7 7
4.000122 59 5 5
4.000122 60 5 5
4.000122 61 7 7
4.000122 62 7 7
4.000122 63 6 6
4.000122 64 5 5
4.000122 66 6 6
4.000122 67 6 6
4.000122 68 5 5
4.000122 69 8 8
4.000122 70 5 5
4.000122 71 6 6
4.000122 72 7 7
4.000122 76 1 1
4.000122 77 6 6
4.000122 78 5 5
4.000122 79 6 6
4.000122 81 7 7
4.000122 82 7 7
4.000122 83 5 5
4.000122 84 7 7
4.000122 85 7 7
4.000122 86 7 7
4.000122 88 8 8
4.000122 89 5 5
4.000122 90 7 7
4.000122 91 4 4
4.000122 92 7 7
4.000122 93 9 9
4.000122 94 8 8
4.000122 95 6 6
4.000122 96 6 6
4.000122 97 6 6
4.000122 100 6 6
4.000122 101 4 4
4.000122 103 6 6
4.000122 104 7 7
4.000122 105 7 7
4.000122 106 6 6
4.000122 107 5 5
4.000122 108 8 8
4.000122 109 4 4
5.000153 0 8 8
5.000153 1 10 10
5.000153 2 11 11
5.000153 3 8 8
5.000153 4 11 11
5.000153 6 9 9
5.000153 7 8 8
5.000153 8 9 9
5.000153 9 5 5
5.000153 10 10 10
5.000153 11 8 8
5.000153 12 7 7
5.000153 13 11 11
5.000153 14 11 11
5.000153 15 11 11
5.000153 16 8 8
5.000153 17 8 8
5.000153 18 10 10
5.000153 19 10 10
5.000153 20 9 9
5.000153 21 7 7
5.000153 22 9 9
5.000153 23 9 9
5.000153 24 8 8
5.000153 25 10 10
5.000153 26 10 10
5.000153 27 8 8
5.000153 28 8 8
5.000153 29 8 8
5.000153 30 8 8
5.000153 31 8 8
5.000153 32 10 10
5.000153 33 9 9
5.000153 34 8 8
5.000153 35 10 10
5.000153 36 9 9
5.000153 37 8 8
5.000153 38 8 8
5.000153 40 8 8
5.000153 41 9 9
5.000153 42 10 10
5.000153 43 7 7
5.000153 44 9 9
5.000153 45 8 8
5.000153 46 11 11
5.000153 47 8 8
5.000153 48 8 8
5.000153 49 9 9
5.000153 50 8 8
5.000153 51 11 11
5.000153 52 9 9
5.000153 53 12 12
5.000153 54 7 7
5.000153 55 9 9
5.000153 56 9 9
5.000153 57 11 11
5.000153 58 10 10
5.000153 59 9 9
5.000153 60 8 8
5.000153 61 11 11
5.000153 62 8 8
5.000153 63 8 8
5.000153 64 8 8
5.000153 66 9 9
5.000153 67 9 9
5.000153 68 8 8
5.000153 69 11 11
5.000153 70 8 8
5.000153 71 10 10
5.000153 72 8 8
5.000153 76 2 2
5.000153 77 8 8
5.000153 78 8 8
5.000153 79 10 10
5.000153 81 8 8
5.000153 82 9 9
5.000153 83 10 10
5.000153 84 10 10
5.000153 85 12 12
5.000153 86 12 12
5.000153 88 12 12
5.000153 89 9 9
5.000153 90 10 10
5.000153 91 8 8
5.000153 92 8 8
5.000153 93 11 11
5.000153 94 11 11
5.000153 95 8 8
5.000153 96 10 10
5.000153 97 9 9
5.000153 100 8 8
5.000153 101 7 7
5.000153 103 8 8
5.000153 104 8 8
5.000153 105 9 9
5.000153 106 8 8
5.000153 107 8 8
5.000153 108 11 11
5.000153 109 8 8
6.000183 0 15 15
6.000183 1 13 13
6.000183 2 14 14
6.000183 3 13 13
6.000183 4 17 17
6.000183 6 15 15
6.000183 7 16 16
6.000183 8 16 16
6.000183 9 10 10
6.000183 10 16 16
6.000183 11 15 15
6.000183 12 9 9
6.000183 13 18 18
6.000183 14 17 17
6.000183 15 19 19
6.000183 16 16 16
6.000183 17 14 14
6.000183 18 15 15
6.000183 19 17 17
6.000183 20 16 16
6.000183 21 13 13
6.000183 22 17 17
6.000183 23 16 16
6.000183 24 15 15
6.000183 25 16 16
6.000183 26 16 16
6.000183 27 15 15
6.000183 28 14 14
6.000183 29 16 16
6.000183 30 15 15
6.000183 31 14 14
6.000183 32 17 17
6.000183 33 15 15
6.000183 34 14 14
6.000183 35 16 16
6.000183 36 15 15
6.000183 37 16 16
6.000183 38 13 13
6.000183 40 16 16
6.000183 41 15 15
6.000183 42 15 15
6.000183 43 12 12
6.000183 44 15 15
6.000183 45 15 15
6.000183 46 18 18
6.000183 47 15 15
6.000183 48 15 15
6.000183 49 17 17
6.000183 50 15 15
6.000183 51 17 17
6.000183 52 12 12
6.000183 53 20 20
6.000183 54 14 14
6.000183 55 15 15
6.000183 56 15 15
6.000183 57 18 18
6.000183 58 17 17
6.000183 59 17 17
6.000183 60 14 14
6.000183 61 17 17
6.000183 62 15 15
6.000183 63 14 14
6.000183 64 15 15
6.000183 66 16 16
6.000183 67 16 16
6.000183 68 16 16
6.000183 69 16 16
6.000183 70 14 14
6.000183 71 16 16
6.000183 72 15 15
6.000183 76 3 3
6.000183 77 15 15
6.000183 78 16 16
6.000183 79 16 16
6.000183 81 15 15
6.000183 82 17 17
6.000183 83 18 18
6.000183 84 15 15
6.000183 85 18 18
6.000183 86 15 15
6.000183 88 17 17
6.000183 89 15 15
6.000183 90 16 16
6.000183 91 12 12
6.000183 92 16 16
6.000183 93 18 18
6.000183 94 17 17
6.000183 95 12 12
6.000183 96 16 16
6.000183 97 13 13
6.000183 100 12 12
6.000183 101 13 13
6.000183 103 16 16
6.000183 104 16 16
6.000183 105 17 17
6.000183 106 15 15
6.000183 107 14 14
6.000183 108 19 19
6.000183 109 13 13
7.000214 0 23 23
7.000214 1 21 21
7.000214 2 23 23
7.000214 3 22 22
7.000214 4 26 26
7.000214 6 23 23
7.000214 7 16 16
7.000214 8 24 24
7.000214 9 11 11
7.000214 10 29 29
7.000214 11 26 26
7.000214 12 17 17
7.000214 13 29 29
7.000214 14 27 27
7.000214 15 31 31
7.000214 16 17 17
7.000214 17 19 19
7.000214 18 25 25
7.000214 19 30 30
7.000214 20 27 27
7.000214 21 18 18
7.000214 22 25 25
7.000214 23 23 23
7.000214 24 22 22
7.000214 25 25 25
7.000214 26 28 28
7.000214 27 24 24
7.000214 28 23 23
7.000214 29 20 20
7.000214 30 23 23
7.000214 31 20 20
7.000214 32 30 30
7.000214 33 28 28
7.000214 34 21 21
7.000214 35 27 27
7.000214 36 23 23
7.000214 37 23 23
7.000214 38 22 22
7.000214 40 25 25
7.000214 41 26 26
7.000214 42 24 24
7.000214 43 21 21
7.000214 44 22 22
7.000214 45 20 20
7.000214 46 29 29
7.000214 47 24 24
7.000214 48 20 20
7.000214 49 22 22
7.000214 50 24 24
7.000214 51 29 29
7.000214 52 25 25
7.000214 53 34 34
7.000214 54 21 21
7.000214 55 28 28
7.000214 56 20 20
7.000214 57 30 30
7.000214 58 28 28
7.000214 59 24 24
7.000214 60 18 18
7.000214 61 30 30
7.000214 62 26 26
7.000214 63 23 23
7.000214 64 19 19
7.000214 66 29 29
7.000214 67 24 24
7.000214 68 21 21
7.000214 69 27 27
7.000214 70 19 19
7.000214 71 24 24
7.000214 72 25 25
7.000214 76 3 3
7.000214 77 26 26
7.000214 78 24 24
7.000214 79 28 28
7.000214 81 28 28
7.000214 82 28 28
7.000214 83 27 27
7.000214 84 28 28
7.000214 85 27 27
7.000214 86 27 27
7.000214 88 31 31
7.000214 89 22 22
7.000214 90 29 29
7.000214 91 21 21
7.000214 92 29 29
7.000214 93 30 30
7.000214 94 29 29
7.000214 95 23 23
7.000214 96 26 26
7.000214 97 22 22
7.000214 100 21 21
7.000214 101 16 16
7.000214 103 21 21
7.000214 104 28 28
7.000214 105 27 27
7.000214 106 23 23
7.000214 107 23 23
7.000214 108 33 33
7.000214 109 17 17
8.000244 0 31 31
8.000244 1 36 36
8.000244 2 42 42
8.000244 3 31 31
8.000244 4 43 43
8.000244 6 37 37
8.000244 7 32 32
8.000244 8 40 40
8.000244 9 17 17
8.000244 10 43 43
8.000244 11 37 37
8.000244 12 28 28
8.000244 13 44 44
8.000244 14 40 40
8.000244 15 50 50
8.000244 16 34 34
8.000244 17 30 30
8.000244 18 37 37
8.000244 19 44 44
8.000244 20 38 38
8.000244 21 31 31
8.000244 22 36 36
8.000244 23 35 35
8.000244 24 33 33
8.000244 25 18 18
8.000244 26 39 39
8.000244 27 35 35
8.000244 28 34 34
8.000244 29 36 36
8.000244 30 38 38
8.000244 31 33 33
8.000244 32 45 45
8.000244 33 43 43
8.000244 34 32 32
8.000244 35 41 41
8.000244 36 40 40
8.000244 37 36 36
8.000244 38 32 32
8.000244 40 35 35
8.000244 41 39 39
8.000244 42 38 38
8.000244 43 28 28
8.000244 44 36 36
8.000244 45 33 33
8.000244 46 44 44
8.000244 47 37 37
8.000244 48 32 32
8.000244 49 37 37
8.000244 50 34 34
8.000244 51 40 40
8.000244 52 36 36
8.000244 53 54 54
8.000244 54 33 33
8.000244 55 39 39
8.000244 56 35 35
8.000244 57 42 42
8.000244 58 42 42
8.000244 59 39 39
8.000244 60 32 32
8.000244 61 46 46
8.000244 62 38 38
8.000244 63 35 35
8.000244 64 32 32
8.000244 66 41 41
8.000244 67 39 39
8.000244 68 36 36
8.000244 69 41 41
8.000244 70 32 32
8.000244 71 40 40
8.000244 72 35 35
8.000244 76 6 6
8.000244 77 35 35
8.000244 78 36 36
8.000244 79 41 41
8.000244 81 42 42
8.000244 82 41 41
8.000244 83 39 39
8.000244 84 41 41
8.000244 85 50 50
8.000244 86 42 42
8.000244 88 46 46
8.000244 89 35 35
8.000244 90 35 35
8.000244 91 33 33
8.000244 92 44 44
8.000244 93 47 47
8.000244 94 43 43
8.000244 95 37 37
8.000244 96 41 41
8.000244 97 37 37
8.000244 100 34 34
8.000244 101 27 27
8.000244 103 35 35
8.000244 104 37 37
8.000244 105 42 42
8.000244 106 35 35
8.000244 107 35 35
8.000244 108 49 49
8.000244 109 30 30
9.000275 0 57 57
9.000275 1 55 55
9.000275 2 55 55
9.000275 3 52 52
9.000275 4 67 67
9.000275 6 60 60
9.000275 7 50 50
9.000275 8 69 69
9.000275 9 3 3
9.000275 10 64 64
9.000275 11 62 62
9.000275 12 44 44
9.000275 13 60 60
9.000275 14 72 72
9.000275 15 76 76
9.000275 16 54 54
9.000275 17 51 51
9.000275 18 64 64
9.000275 19 70 70
9.000275 20 64 64
9.000275 21 53 53
9.000275 22 64 64
9.000275 23 29 29
9.000275 26 67 67
9.000275 27 62 62
9.000275 28 58 58
9.000275 29 59 59
9.000275 30 60 60
9.000275 31 28 28
9.000275 32 70 70
9.000275 33 61 61
9.000275 34 35 35
9.000275 35 66 66
9.000275 36 64 64
9.000275 37 60 60
9.000275 38 9 9
9.000275 40 64 64
9.000275 41 65 65
9.000275 42 62 62
9.000275 43 47 47
9.000275 44 59 59
9.000275 45 55 55
9.000275 46 71 71
9.000275 47 58 58
9.000275 48 59 59
9.000275 49 61 61
9.000275 50 8 8
9.000275 51 32 32
9.000275 52 39 39
9.000275 53 90 90
9.000275 54 52 52
9.000275 55 64 64
9.000275 56 56 56
9.000275 57 67 67
9.000275 58 68 68
9.000275 59 67 67
9.000275 60 55 55
9.000275 61 75 75
9.000275 62 60 60
9.000275 63 58 58
9.000275 64 58 58
9.000275 66 65 65
9.000275 67 64 64
9.000275 68 56 56
9.000275 69 66 66
9.000275 70 57 57
9.000275 71 65 65
9.000275 72 51 51
9.000275 77 60 60
9.000275 78 64 64
9.000275 79 67 67
9.000275 81 63 63
9.000275 82 65 65
9.000275 83 61 61
9.000275 84 67 67
9.000275 85 76 76
9.000275 86 29 29
9.000275 88 73 73
9.000275 89 60 60
9.000275 90 51 51
9.000275 91 50 50
9.000275 92 64 64
9.000275 93 76 76
9.000275 94 69 69
9.000275 95 56 56
9.000275 96 67 67
9.000275 97 59 59
9.000275 100 52 52
9.000275 101 41 41
9.000275 103 57 57
9.000275 104 6 6
9.000275 105 67 67
9.000275 106 59 59
9.000275 107 55 55
9.000275 108 81 81
9.000275 109 49 49
10.000305 0 92 92
10.000305 1 92 92
10.000305 2 96 96
10.000305 4 105 105
10.000305 6 96 96
10.000305 7 74 74
10.000305 8 99 99
10.000305 10 113 113
10.000305 11 66 66
10.000305 14 109 109
10.000305 16 86 86
10.000305 18 36 36
10.000305 19 121 121
10.000305 20 102 102
10.000305 21 1 1
10.000305 22 95 95
10.000305 26 107 107
10.000305 27 93 93
10.000305 28 92 92
10.000305 29 89 89
10.000305 30 82 82
10.000305 32 113 113
10.000305 33 5 5
10.000305 36 98 98
10.000305 37 100 100
10.000305 40 102 102
10.000305 41 101 101
10.000305 42 1 1
10.000305 43 81 81
10.000305 44 95 95
10.000305 45 84 84
10.000305 46 110 110
10.000305 48 85 85
10.000305 49 5 5
10.000305 53 143 143
10.000305 54 30 30
10.000305 55 99 99
10.000305 56 84 84
10.000305 57 113 113
10.000305 58 108 108
10.000305 59 93 93
10.000305 60 78 78
10.000305 61 124 124
10.000305 62 101 101
10.000305 63 56 56
10.000305 64 78 78
10.000305 66 20 20
10.000305 67 94 94
10.000305 68 69 69
10.000305 70 88 88
10.000305 77 102 102
10.000305 79 103 103
10.000305 81 104 104
10.000305 82 113 113
10.000305 83 103 103
10.000305 84 111 111
10.000305 85 117 117
10.000305 88 131 131
10.000305 91 82 82
10.000305 92 115 115
10.000305 93 51 51
10.000305 94 24 24
10.000305 95 92 92
10.000305 97 91 91
10.000305 105 109 109
10.000305 106 35 35
10.000305 108 124 124
10.000305 109 76 76
11.000336 0 139 139
11.000336 1 151 151
11.000336 2 161 161
11.000336 6 147 147
11.000336 7 128 128
11.000336 8 98 98
11.000336 10 178 178
11.000336 16 139 139
11.000336 19 176 176
11.000336 20 163 163
11.000336 22 158 158
11.000336 26 165 165
11.000336 27 104 104
11.000336 28 142 142
11.000336 29 145 145
11.000336 32 178 178
11.000336 36 167 167
11.000336 37 57 57
11.000336 40 145 145
11.000336 41 162 162
11.000336 45 41 41
11.000336 46 102 102
11.000336 48 136 136
11.000336 53 208 208
11.000336 55 157 157
11.000336 56 48 48
11.000336 58 9 9
11.000336 60 126 126
11.000336 61 184 184
11.000336 62 154 154
11.000336 67 33 33
11.000336 70 47 47
11.000336 77 2 2
11.000336 81 162 162
11.000336 82 5 5
11.000336 83 165 165
11.000336 84 168 168
11.000336 85 203 203
11.000336 88 73 73
11.000336 91 132 132
11.000336 92 173 173
11.000336 95 142 142
11.000336 97 137 137
11.000336 105 90 90
11.000336 108 202 202
11.000336 109 117 117
12.000366 0 196 196
12.000366 1 230 230
12.000366 2 234 234
12.000366 6 234 234
12.000366 7 193 193
12.000366 10 270 270
12.000366 16 221 221
12.000366 19 287 287
12.000366 20 102 102
12.000366 22 178 178
12.000366 26 270 270
12.000366 28 234 234
12.000366 29 45 45
12.000366 32 44 44
12.000366 36 257 257
12.000366 40 182 182
12.000366 41 251 251
12.000366 48 87 87
12.000366 53 348 348
12.000366 55 263 263
12.000366 60 54 54
12.000366 61 291 291
12.000366 81 215 215
12.000366 83 259 259
12.000366 84 210 210
12.000366 85 269 269
12.000366 91 21 21
12.000366 92 268 268
12.000366 95 152 152
12.000366 108 101 101
12.000366 109 1 1
13.000397 0 124 124
13.000397 1 362 362
13.000397 2 359 359
13.000397 6 229 229
13.000397 7 141 141
13.000397 10 437 437
13.000397 16 354 354
13.000397 19 301 301
13.000397 20 4 4
13.000397 22 110 110
13.000397 26 225 225
13.000397 28 363 363
13.000397 36 283 283
13.000397 40 78 78
13.000397 41 391 391
13.000397 53 165 165
13.000397 55 411 411
13.000397 61 336 336
13.000397 81 153 153
13.000397 83 414 414
13.000397 85 261 261
13.000397 92 451 451
13.000397 95 30 30
14.000427 0 12 12
14.000427 1 370 370
14.000427 2 404 404
14.000427 6 202 202
14.000427 7 14 14
14.000427 10 705 705
14.000427 16 247 247
14.000427 19 23 23
14.000427 22 42 42
14.000427 26 160 160
14.000427 28 539 539
14.000427 36 256 256
14.000427 40 1 1
14.000427 41 514 514
14.000427 55 643 643
14.000427 61 338 338
14.000427 81 86 86
14.000427 83 566 566
14.000427 85 151 151
14.000427 92 674 674
15.000458 1 212 212
15.000458 2 423 423
15.000458 6 79 79
15.000458 10 884 884
15.000458 16 31 31
15.000458 26 137 137
15.000458 28 660 660
15.000458 36 246 246
15.000458 41 514 514
15.000458 55 886 886
15.000458 61 354 354
15.000458 83 581 581
15.000458 85 34 34
15.000458 92 937 937
16.000488 1 115 115
16.000488 2 483 483
16.000488 6 46 46
16.000488 10 918 918
16.000488 26 140 140
16.000488 28 711 711
16.000488 36 201 201
16.000488 41 449 449
16.000488 55 1047 1047
16.000488 61 410 410
16.000488 83 446 446
16.000488 92 1048 1048
17.000519 1 98 98
17.000519 2 592 592
17.000519 6 52 52
17.000519 10 908 908
17.000519 26 147 147
17.000519 28 658 658
17.000519 36 166 166
17.000519 41 368 368
17.000519 55 1156 1156
17.000519 61 466 466
17.000519 83 335 335
17.000519 92 1062 1062
18.000549 1 115 115
18.000549 2 565 565
18.000549 6 65 65
18.000549 10 869 869
18.000549 26 141 141
18.000549 28 729 729
18.000549 36 150 150
18.000549 41 305 305
18.000549 55 1289 1289
18.000549 61 455 455
18.000549 83 243 243
18.000549 92 1057 1057
19.000580 1 102 102
19.000580 2 548 548
19.000580 6 36 36
19.000580 10 815 815
19.000580 26 110 110
19.000580 28 888 888
19.000580 36 76 76
19.000580 41 290 290
19.000580 55 1432 1432
19.000580 61 481 481
19.000580 83 182 182
19.000580 92 1049 1049
20.000610 1 88 88
20.000610 2 549 549
20.000610 6 8 8
20.000610 10 770 770
20.000610 26 100 100
20.000610 28 924 924
20.000610 36 55 55
20.000610 41 233 233
20.000610 55 1604 1604
20.000610 61 453 453
20.000610 83 135 135
20.000610 92 1079 1079
21.000641 1 84 84
21.000641 2 555 555
21.000641 10 712 712
21.000641 26 89 89
21.000641 28 898 898
21.000641 36 62 62
21.000641 41 249 249
21.000641 55 1714 1714
21.000641 61 409 409
21.000641 83 145 145
21.000641 92 1068 1068
21.896454 1 76 76
21.896454 2 636 636
21.896454 10 769 769
21.896454 26 139 139
21.896454 28 923 923
21.896454 36 10 10
21.896454 41 317 317
21.896454 55 1703 1703
21.896454 61 345 345
21.896454 83 165 165
21.896454 92 1057 1057
22.896469 1 50 50
22.896469 2 691 691
22.896469 10 788 788
22.896469 26 206 206
22.896469 28 927 927
22.896469 41 392 392
22.896469 55 1777 1777
22.896469 61 309 309
22.896469 83 131 131
22.896469 92 938 938
23.896484 1 21 21
23.896484 2 725 725
23.896484 10 749 749
23.896484 26 244 244
23.896484 28 872 872
23.896484 41 453 453
23.896484 55 1876 1876
23.896484 61 261 261
23.896484 83 78 78
23.896484 92 965 965
24.896500 2 779 779
24.896500 10 730 730
24.896500 26 230 230
24.896500 28 734 734
24.896500 41 526 526
24.896500 55 2003 2003
24.896500 61 226 226
24.896500 83 23 23
24.896500 92 1036 1036
25.896515 2 811 811
25.896515 10 790 790
25.896515 26 60 60
25.896515 28 557 557
25.896515 41 545 545
25.896515 55 2050 2050
25.896515 61 261 261
25.896515 92 1186 1186
26.896530 2 772 772
26.896530 10 730 730
26.896530 28 474 474
26.896530 41 566 566
26.896530 55 2034 2034
26.896530 61 291 291
26.896530 92 1381 1381
27.896545 2 653 653
27.896545 10 652 652
27.896545 28 527 527
27.896545 41 577 577
27.896545 55 1925 1925
27.896545 61 322 322
27.896545 92 1608 1608
28.896561 2 562 562
28.896561 10 689 689
28.896561 28 471 471
28.896561 41 579 579
28.896561 55 1845 1845
28.896561 61 354 354
28.896561 92 1766 1766
29.896576 2 495 495
29.896576 10 777 777
29.896576 28 426 426
29.896576 41 535 535
29.896576 55 1800 1800
29.896576 61 358 358
29.896576 92 1903 1903
30.896591 2 452 452
30.896591 10 867 867
30.896591 28 408 408
30.896591 41 531 531
30.896591 55 1706 1706
30.896591 61 381 381
30.896591 92 1911 1911
31.896606 2 357 357
31.896606 10 1022 1022
31.896606 28 442 442
31.896606 41 492 492
31.896606 55 1625 1625
31.896606 61 421 421
31.896606 92 1916 1916
32.896622 2 240 240
32.896622 10 1233 1233
32.896622 28 515 515
32.896622 41 444 444
32.896622 55 1510 1510
32.896622 61 462 462
32.896622 92 1870 1870
33.896637 2 186 186
33.896637 10 1380 1380
33.896637 28 513 513
33.896637 41 441 441
33.896637 55 1379 1379
33.896637 61 586 586
33.896637 92 1787 1787
34.896652 2 141 141
34.896652 10 1558 1558
34.896652 28 577 577
34.896652 41 448 448
34.896652 55 1267 1267
34.896652 61 643 643
34.896652 92 1703 1703
35.896667 2 106 106
35.896667 10 1672 1672
35.896667 28 532 532
35.896667 41 503 503
35.896667 55 1056 1056
35.896667 61 735 735
35.896667 92 1704 1704
36.896683 2 60 60
36.896683 10 1770 1770
36.896683 28 468 468
36.896683 41 567 567
36.896683 55 840 840
36.896683 61 824 824
36.896683 92 1769 1769
37.896698 2 24 24
37.896698 10 1807 1807
37.896698 28 479 479
37.896698 41 706 706
37.896698 55 765 765
37.896698 61 776 776
37.896698 92 1728 1728
38.896713 10 1799 1799
38.896713 28 536 536
38.896713 41 883 883
38.896713 55 649 649
38.896713 61 733 733
38.896713 92 1716 1716
39.896729 10 1686 1686
39.896729 28 633 633
39.896729 41 997 997
39.896729 55 553 553
39.896729 61 799 799
39.896729 92 1594 1594
40.896744 10 1555 1555
40.896744 28 628 628
40.896744 41 1145 1145
40.896744 55 510 510
40.896744 61 790 790
40.896744 92 1637 1637
41.896759 10 1577 1577
41.896759 28 640 640
41.896759 41 1270 1270
41.896759 55 509 509
41.896759 61 717 717
41.896759 92 1590 1590
42.896774 10 1587 1587
42.896774 28 616 616
42.896774 41 1388 1388
42.896774 55 458 458
42.896774 61 744 744
42.896774 92 1468 1468
43.896790 10 1635 1635
43.896790 28 464 464
43.896790 41 1512 1512
43.896790 55 369 369
43.896790 61 732 732
43.896790 92 1577 1577
44.896805 10 1667 1667
44.896805 28 328 328
44.896805 41 1519 1519
44.896805 55 264 264
44.896805 61 771 771
44.896805 92 1710 1710
45.896820 10 1733 1733
45.896820 28 233 233
45.896820 41 1437 1437
45.896820 55 215 215
45.896820 61 882 882
45.896820 92 1746 1746
46.896835 10 1795 1795
46.896835 28 98 98
46.896835 41 1435 1435
46.896835 55 183 183
46.896835 61 952 952
46.896835 92 1833 1833
47.896851 10 1971 1971
47.896851 28 22 22
47.896851 41 1393 1393
47.896851 55 157 157
47.896851 61 951 951
47.896851 92 1754 1754
48.896866 10 2059 2059
48.896866 41 1326 1326
48.896866 55 185 185
48.896866 61 1040 1040
48.896866 92 1679 1679
49.896881 10 2257 2257
49.896881 41 1383 1383
49.896881 55 169 169
49.896881 61 1014 1014
49.896881 92 1496 1496
50.896896 10 2351 2351
50.896896 41 1411 1411
50.896896 55 188 188
50.896896 61 1015 1015
50.896896 92 1314 1314
51.896912 10 2342 2342
51.896912 41 1392 1392
51.896912 55 176 176
51.896912 61 1105 1105
51.896912 92 1280 1280
52.896927 10 2479 2479
52.896927 41 1460 1460
52.896927 55 200 200
52.896927 61 1026 1026
52.896927 92 1148 1148
53.896942 10 2481 2481
53.896942 41 1452 1452
53.896942 55 229 229
53.896942 61 939 939
53.896942 92 1163 1163
54.896957 10 2445 2445
54.896957 41 1584 1584
54.896957 55 262 262
54.896957 61 821 821
54.896957 92 1143 1143
55.896973 10 2465 2465
55.896973 41 1628 1628
55.896973 55 337 337
55.896973 61 758 758
55.896973 92 1169 1169
56.896988 10 2543 2543
56.896988 41 1568 1568
56.896988 55 361 361
56.896988 61 729 729
56.896988 92 1130 1130
57.897003 10 2581 2581
57.897003 41 1576 1576
57.897003 55 384 384
57.897003 61 686 686
57.897003 92 1056 1056
58.897018 10 2672 2672
58.897018 41 1531 1531
58.897018 55 373 373
58.897018 61 707 707
58.897018 92 1009 1009
59.897034 10 2831 2831
59.897034 41 1470 1470
59.897034 55 304 304
59.897034 61 747 747
59.897034 92 979 979
60.897049 10 2883 2883
60.897049 41 1508 1508
60.897049 55 253 253
60.897049 61 698 698
60.897049 92 952 952
61.897064 10 2869 2869
61.897064 41 1488 1488
61.897064 55 261 261
61.897064 61 742 742
61.897064 92 924 924
62.897079 10 2957 2957
62.897079 41 1569 1569
62.897079 55 235 235
62.897079 61 695 695
62.897079 92 868 868
63.897095 10 3049 3049
63.897095 41 1510 1510
63.897095 55 286 286
63.897095 61 609 609
63.897095 92 834 834
64.897110 10 3212 3212
64.897110 41 1310 1310
64.897110 55 308 308
64.897110 61 585 585
64.897110 92 857 857
65.897125 10 3339 3339
65.897125 41 1256 1256
65.897125 55 306 306
65.897125 61 602 602
65.897125 92 796 796
66.897141 10 3465 3465
66.897141 41 1254 1254
66.897141 55 257 257
66.897141 61 603 603
66.897141 92 749 749
67.897156 10 3476 3476
67.897156 41 1263 1263
67.897156 55 276 276
67.897156 61 594 594
67.897156 92 682 682
68.897171 10 3478 3478
68.897171 41 1255 1255
68.897171 55 283 283
68.897171 61 592 592
68.897171 92 704 704
69.897186 10 3480 3480
69.897186 41 1239 1239
69.897186 55 234 234
69.897186 61 597 597
69.897186 92 746 746
70.897202 10 3376 3376
70.897202 41 1396 1396
70.897202 55 158 158
70.897202 61 592 592
70.897202 92 750 750
71.897217 10 3378 3378
71.897217 41 1552 1552
71.897217 55 62 62
71.897217 61 556 556
71.897217 92 710 710
