0.000000 0 1 1
0.000000 1 1 1
0.000000 2 1 1
0.000000 3 1 1
0.000000 4 1 1
0.000000 5 1 1
0.000000 6 1 1
0.000000 7 1 1
0.000000 8 1 1
0.000000 9 1 1
0.000000 10 1 1
0.000000 11 1 1
0.000000 12 1 1
0.000000 13 1 1
0.000000 14 1 1
0.000000 15 1 1
0.000000 16 1 1
0.000000 17 1 1
0.000000 18 1 1
0.000000 19 1 1
0.000000 20 1 1
0.000000 21 1 1
0.000000 22 1 1
0.000000 23 1 1
0.000000 24 1 1
0.000000 26 1 1
0.000000 27 1 1
0.000000 28 1 1
0.000000 29 1 1
0.000000 30 1 1
0.000000 31 1 1
0.000000 32 1 1
0.000000 33 1 1
0.000000 34 1 1
0.000000 35 1 1
0.000000 36 1 1
0.000000 37 1 1
0.000000 38 1 1
0.000000 39 1 1
0.000000 40 1 1
0.000000 41 1 1
0.000000 42 1 1
0.000000 43 1 1
0.000000 44 1 1
0.000000 47 1 1
0.000000 48 1 1
0.000000 49 1 1
0.000000 50 1 1
0.000000 51 1 1
0.000000 52 1 1
0.000000 53 1 1
0.000000 54 1 1
0.000000 55 1 1
0.000000 56 1 1
0.000000 57 1 1
0.000000 58 1 1
0.000000 59 1 1
0.000000 60 1 1
0.000000 61 1 1
0.000000 62 1 1
0.000000 63 1 1
0.000000 64 1 1
0.000000 65 1 1
0.000000 66 1 1
0.000000 67 1 1
0.000000 69 1 1
0.000000 70 1 1
0.000000 72 1 1
0.000000 73 1 1
0.000000 75 1 1
0.000000 76 1 1
0.000000 77 1 1
0.000000 78 1 1
0.000000 79 1 1
0.000000 80 1 1
0.000000 81 1 1
0.000000 82 1 1
0.000000 83 1 1
0.000000 85 1 1
0.000000 87 1 1
0.000000 89 1 1
0.000000 90 1 1
0.000000 91 1 1
0.000000 92 1 1
0.000000 93 1 1
0.000000 94 1 1
0.000000 95 1 1
0.000000 96 1 1
0.000000 97 1 1
0.000000 98 1 1
0.000000 99 1 1
0.000000 100 1 1
0.000000 101 1 1
0.000000 102 1 1
0.000000 103 1 1
0.000000 104 1 1
0.000000 105 1 1
0.000000 106 1 1
0.000000 107 1 1
0.000000 108 1 1
0.000000 109 1 1
1.000031 0 1 1
1.000031 1 1 1
1.000031 2 1 1
1.000031 3 1 1
1.000031 4 2 2
1.000031 5 2 2
1.000031 6 2 2
1.000031 7 2 2
1.000031 8 2 2
1.000031 9 2 2
1.000031 10 2 2
1.000031 11 2 2
1.000031 12 2 2
1.000031 13 1 1
1.000031 14 2 2
1.000031 15 2 2
1.000031 16 1 1
1.000031 17 2 2
1.000031 18 2 2
1.000031 19 2 2
1.000031 20 2 2
1.000031 21 2 2
1.000031 22 1 1
1.000031 23 2 2
1.000031 24 2 2
1.000031 26 2 2
1.000031 27 2 2
1.000031 28 1 1
1.000031 29 1 1
1.000031 30 2 2
1.000031 31 2 2
1.000031 32 2 2
1.000031 33 2 2
1.000031 34 2 2
1.000031 35 2 2
1.000031 36 2 2
1.000031 37 1 1
1.000031 38 2 2
1.000031 39 1 1
1.000031 40 2 2
1.000031 41 2 2
1.000031 42 1 1
1.000031 43 2 2
1.000031 44 2 2
1.000031 47 2 2
1.000031 48 2 2
1.000031 49 1 1
1.000031 50 2 2
1.000031 51 1 1
1.000031 52 1 1
1.000031 53 1 1
1.000031 54 2 2
1.000031 55 1 1
1.000031 56 2 2
1.000031 57 1 1
1.000031 58 1 1
1.000031 59 1 1
1.000031 60 1 1
1.000031 61 1 1
1.000031 62 2 2
1.000031 63 1 1
1.000031 64 2 2
1.000031 65 1 1
1.000031 66 2 2
1.000031 67 2 2
1.000031 69 2 2
1.000031 70 2 2
1.000031 72 2 2
1.000031 73 2 2
1.000031 75 1 1
1.000031 76 1 1
1.000031 77 1 1
1.000031 78 1 1
1.000031 79 2 2
1.000031 80 1 1
1.000031 81 2 2
1.000031 82 2 2
1.000031 83 1 1
1.000031 85 2 2
1.000031 87 2 2
1.000031 89 1 1
1.000031 90 2 2
1.000031 91 2 2
1.000031 92 1 1
1.000031 93 2 2
1.000031 94 2 2
1.000031 95 2 2
1.000031 96 1 1
1.000031 97 2 2
1.000031 98 2 2
1.000031 99 1 1
1.000031 100 2 2
1.000031 101 1 1
1.000031 102 2 2
1.000031 103 2 2
1.000031 104 2 2
1.000031 105 1 1
1.000031 106 1 1
1.000031 107 2 2
1.000031 108 2 2
1.000031 109 2 2
2.000061 0 2 2
2.000061 1 2 2
2.000061 2 2 2
2.000061 3 2 2
2.000061 4 2 2
2.000061 5 3 3
2.000061 6 2 2
2.000061 7 2 2
2.000061 8 2 2
2.000061 9 2 2
2.000061 10 2 2
2.000061 11 3 3
2.000061 12 2 2
2.000061 13 2 2
2.000061 14 3 3
2.000061 15 1 1
2.000061 16 2 2
2.000061 17 2 2
2.000061 18 3 3
2.000061 19 2 2
2.000061 20 2 2
2.000061 21 2 2
2.000061 22 2 2
2.000061 23 2 2
2.000061 24 2 2
2.000061 26 2 2
2.000061 27 3 3
2.000061 28 2 2
2.000061 29 2 2
2.000061 30 3 3
2.000061 31 2 2
2.000061 32 3 3
2.000061 33 2 2
2.000061 34 2 2
2.000061 35 2 2
2.000061 36 2 2
2.000061 37 2 2
2.000061 38 2 2
2.000061 39 2 2
2.000061 40 2 2
2.000061 41 2 2
2.000061 42 2 2
2.000061 43 2 2
2.000061 44 3 3
2.000061 47 2 2
2.000061 48 2 2
2.000061 49 2 2
2.000061 50 2 2
2.000061 51 2 2
2.000061 52 2 2
2.000061 53 2 2
2.000061 54 2 2
2.000061 55 2 2
2.000061 56 3 3
2.000061 57 2 2
2.000061 58 2 2
2.000061 59 2 2
2.000061 60 2 2
2.000061 61 3 3
2.000061 62 2 2
2.000061 63 2 2
2.000061 64 2 2
2.000061 65 2 2
2.000061 66 2 2
2.000061 67 2 2
2.000061 69 2 2
2.000061 70 3 3
2.000061 72 2 2
2.000061 73 2 2
2.000061 75 3 3
2.000061 76 2 2
2.000061 77 2 2
2.000061 78 2 2
2.000061 79 3 3
2.000061 80 2 2
2.000061 81 2 2
2.000061 82 2 2
2.000061 83 2 2
2.000061 85 2 2
2.000061 87 2 2
2.000061 89 2 2
2.000061 90 2 2
2.000061 91 1 1
2.000061 92 3 3
2.000061 93 3 3
2.000061 94 2 2
2.000061 95 2 2
2.000061 96 2 2
2.000061 97 2 2
2.000061 98 3 3
2.000061 99 2 2
2.000061 100 3 3
2.000061 101 2 2
2.000061 102 2 2
2.000061 103 2 2
2.000061 104 2 2
2.000061 105 2 2
2.000061 106 2 2
2.000061 107 2 2
2.000061 108 2 2
2.000061 109 2 2
3.000092 0 4 4
3.000092 1 4 4
3.000092 2 4 4
3.000092 3 4 4
3.000092 4 4 4
3.000092 5 4 4
3.000092 6 4 4
3.000092 7 4 4
3.000092 8 4 4
3.000092 9 4 4
3.000092 10 4 4
3.000092 11 4 4
3.000092 12 4 4
3.000092 13 3 3
3.000092 14 4 4
3.000092 15 2 2
3.000092 16 4 4
3.000092 17 4 4
3.000092 18 4 4
3.000092 19 4 4
3.000092 20 4 4
3.000092 21 4 4
3.000092 22 4 4
3.000092 23 4 4
3.000092 24 4 4
3.000092 26 4 4
3.000092 27 5 5
3.000092 28 4 4
3.000092 29 4 4
3.000092 30 4 4
3.000092 31 4 4
3.000092 32 4 4
3.000092 33 4 4
3.000092 34 4 4
3.000092 35 4 4
3.000092 36 4 4
3.000092 37 4 4
3.000092 38 4 4
3.000092 39 4 4
3.000092 40 4 4
3.000092 41 4 4
3.000092 42 4 4
3.000092 43 4 4
3.000092 44 5 5
3.000092 47 4 4
3.000092 48 4 4
3.000092 49 3 3
3.000092 50 4 4
3.000092 51 4 4
3.000092 52 3 3
3.000092 53 4 4
3.000092 54 3 3
3.000092 55 4 4
3.000092 56 4 4
3.000092 57 4 4
3.000092 58 4 4
3.000092 59 4 4
3.000092 60 3 3
3.000092 61 4 4
3.000092 62 4 4
3.000092 63 4 4
3.000092 64 4 4
3.000092 65 4 4
3.000092 66 4 4
3.000092 67 4 4
3.000092 69 4 4
3.000092 70 4 4
3.000092 72 4 4
3.000092 73 4 4
3.000092 75 4 4
3.000092 76 4 4
3.000092 77 4 4
3.000092 78 4 4
3.000092 79 4 4
3.000092 80 4 4
3.000092 81 4 4
3.000092 82 4 4
3.000092 83 4 4
3.000092 85 4 4
3.000092 87 4 4
3.000092 89 4 4
3.000092 90 4 4
3.000092 91 2 2
3.000092 92 4 4
3.000092 93 4 4
3.000092 94 4 4
3.000092 95 4 4
3.000092 96 4 4
3.000092 97 4 4
3.000092 98 4 4
3.000092 99 4 4
3.000092 100 4 4
3.000092 101 4 4
3.000092 102 4 4
3.000092 103 4 4
3.000092 104 4 4
3.000092 105 4 4
3.000092 106 4 4
3.000092 107 4 4
3.000092 108 4 4
3.000092 109 4 4
4.000122 0 6 6
4.000122 1 6 6
4.000122 2 7 7
4.000122 3 6 6
4.000122 4 8 8
4.000122 5 8 8
4.000122 6 6 6
4.000122 7 6 6
4.000122 8 6 6
4.000122 9 5 5
4.000122 10 8 8
4.000122 11 7 7
4.000122 12 7 7
4.000122 13 6 6
4.000122 14 8 8
4.000122 15 3 3
4.000122 16 5 5
4.000122 17 8 8
4.000122 18 8 8
4.000122 19 6 6
4.000122 20 6 6
4.000122 21 5 5
4.000122 22 4 4
4.000122 23 6 6
4.000122 24 6 6
4.000122 26 7 7
4.000122 27 7 7
4.000122 28 8 8
4.000122 29 5 5
4.000122 30 7 7
4.000122 31 5 5
4.000122 32 7 7
4.000122 33 7 7
4.000122 34 6 6
4.000122 35 5 5
4.000122 36 6 6
4.000122 37 6 6
4.000122 38 7 7
4.000122 39 6 6
4.000122 40 6 6
4.000122 41 6 6
4.000122 42 6 6
4.000122 43 7 7
4.000122 44 7 7
4.000122 47 8 8
4.000122 48 6 6
4.000122 49 4 4
4.000122 50 7 7
4.000122 51 4 4
4.000122 52 5 5
4.000122 53 6 6
4.000122 54 5 5
4.000122 55 5 5
4.000122 56 7 7
4.000122 57 6 6
4.000122 58 4 4
4.000122 59 6 6
4.000122 60 4 4
4.000122 61 5 5
4.000122 62 6 6
4.000122 63 7 7
4.000122 64 7 7
4.000122 65 6 6
4.000122 66 6 6
4.000122 67 7 7
4.000122 69 7 7
4.000122 70 8 8
4.000122 72 6 6
4.000122 73 6 6
4.000122 75 6 6
4.000122 76 5 5
4.000122 77 7 7
4.000122 78 6 6
4.000122 79 8 8
4.000122 80 7 7
4.000122 81 7 7
4.000122 82 6 6
4.000122 83 6 6
4.000122 85 8 8
4.000122 87 7 7
4.000122 89 4 4
4.000122 90 7 7
4.000122 91 2 2
4.000122 92 7 7
4.000122 93 7 7
4.000122 94 7 7
4.000122 95 8 8
4.000122 96 7 7
4.000122 97 5 5
4.000122 98 8 8
4.000122 99 5 5
4.000122 100 8 8
4.000122 101 6 6
4.000122 102 7 7
4.000122 103 6 6
4.000122 104 5 5
4.000122 105 6 6
4.000122 106 5 5
4.000122 107 5 5
4.000122 108 7 7
4.000122 109 7 7
5.000153 0 11 11
5.000153 1 9 9
5.000153 2 8 8
5.000153 3 9 9
5.000153 4 12 12
5.000153 5 11 11
5.000153 6 10 10
5.000153 7 10 10
5.000153 8 10 10
5.000153 9 9 9
5.000153 10 10 10
5.000153 11 10 10
5.000153 12 10 10
5.000153 13 7 7
5.000153 14 12 12
5.000153 15 3 3
5.000153 16 8 8
5.000153 17 10 10
5.000153 18 13 13
5.000153 19 8 8
5.000153 20 11 11
5.000153 21 8 8
5.000153 22 8 8
5.000153 23 10 10
5.000153 24 11 11
5.000153 26 10 10
5.000153 27 10 10
5.000153 28 10 10
5.000153 29 8 8
5.000153 30 9 9
5.000153 31 8 8
5.000153 32 12 12
5.000153 33 11 11
5.000153 34 9 9
5.000153 35 8 8
5.000153 36 12 12
5.000153 37 8 8
5.000153 38 9 9
5.000153 39 9 9
5.000153 40 8 8
5.000153 41 10 10
5.000153 42 8 8
5.000153 43 12 12
5.000153 44 11 11
5.000153 47 10 10
5.000153 48 11 11
5.000153 49 8 8
5.000153 50 10 10
5.000153 51 8 8
5.000153 52 8 8
5.000153 53 8 8
5.000153 54 6 6
5.000153 55 8 8
5.000153 56 11 11
5.000153 57 8 8
5.000153 58 8 8
5.000153 59 8 8
5.000153 60 8 8
5.000153 61 11 11
5.000153 62 8 8
5.000153 63 10 10
5.000153 64 11 11
5.000153 65 8 8
5.000153 66 10 10
5.000153 67 9 9
5.000153 69 8 8
5.000153 70 9 9
5.000153 72 9 9
5.000153 73 11 11
5.000153 75 9 9
5.000153 76 8 8
5.000153 77 9 9
5.000153 78 8 8
5.000153 79 12 12
5.000153 80 9 9
5.000153 81 8 8
5.000153 82 9 9
5.000153 83 9 9
5.000153 85 10 10
5.000153 87 12 12
5.000153 89 8 8
5.000153 90 11 11
5.000153 91 3 3
5.000153 92 13 13
5.000153 93 10 10
5.000153 94 11 11
5.000153 95 13 13
5.000153 96 8 8
5.000153 97 8 8
5.000153 98 12 12
5.000153 99 8 8
5.000153 100 13 13
5.000153 101 9 9
5.000153 102 11 11
5.000153 103 9 9
5.000153 104 9 9
5.000153 105 9 9
5.000153 106 8 8
5.000153 107 9 9
5.000153 108 11 11
5.000153 109 11 11
6.000183 0 14 14
6.000183 1 17 17
6.000183 2 15 15
6.000183 3 16 16
6.000183 4 17 17
6.000183 5 18 18
6.000183 6 14 14
6.000183 7 17 17
6.000183 8 14 14
6.000183 9 16 16
6.000183 10 17 17
6.000183 11 17 17
6.000183 12 17 17
6.000183 13 15 15
6.000183 14 20 20
6.000183 15 5 5
6.000183 16 16 16
6.000183 17 17 17
6.000183 18 20 20
6.000183 19 14 14
6.000183 20 16 16
6.000183 21 16 16
6.000183 22 15 15
6.000183 23 15 15
6.000183 24 15 15
6.000183 26 15 15
6.000183 27 18 18
6.000183 28 16 16
6.000183 29 14 14
6.000183 30 16 16
6.000183 31 13 13
6.000183 32 20 20
6.000183 33 16 16
6.000183 34 16 16
6.000183 35 14 14
6.000183 36 18 18
6.000183 37 15 15
6.000183 38 17 17
6.000183 39 18 18
6.000183 40 16 16
6.000183 41 16 16
6.000183 42 15 15
6.000183 43 16 16
6.000183 44 19 19
6.000183 47 16 16
6.000183 48 18 18
6.000183 49 14 14
6.000183 50 16 16
6.000183 51 15 15
6.000183 52 10 10
6.000183 53 16 16
6.000183 54 10 10
6.000183 55 15 15
6.000183 56 17 17
6.000183 57 15 15
6.000183 58 14 14
6.000183 59 16 16
6.000183 60 11 11
6.000183 61 16 16
6.000183 62 15 15
6.000183 63 17 17
6.000183 64 18 18
6.000183 65 15 15
6.000183 66 15 15
6.000183 67 16 16
6.000183 69 15 15
6.000183 70 17 17
6.000183 72 16 16
6.000183 73 12 12
6.000183 75 17 17
6.000183 76 13 13
6.000183 77 15 15
6.000183 78 14 14
6.000183 79 17 17
6.000183 80 14 14
6.000183 81 16 16
6.000183 82 15 15
6.000183 83 16 16
6.000183 85 16 16
6.000183 87 16 16
6.000183 89 14 14
6.000183 90 15 15
6.000183 91 5 5
6.000183 92 18 18
6.000183 93 18 18
6.000183 94 15 15
6.000183 95 17 17
6.000183 96 15 15
6.000183 97 16 16
6.000183 98 20 20
6.000183 99 15 15
6.000183 100 21 21
6.000183 101 15 15
6.000183 102 16 16
6.000183 103 15 15
6.000183 104 16 16
6.000183 105 13 13
6.000183 106 13 13
6.000183 107 15 15
6.000183 108 18 18
6.000183 109 18 18
7.000214 0 24 24
7.000214 1 24 24
7.000214 2 27 27
7.000214 3 22 22
7.000214 4 32 32
7.000214 5 31 31
7.000214 6 22 22
7.000214 7 26 26
7.000214 8 25 25
7.000214 9 25 25
7.000214 10 32 32
7.000214 11 26 26
7.000214 12 26 26
7.000214 13 23 23
7.000214 14 32 32
7.000214 15 7 7
7.000214 16 24 24
7.000214 17 25 25
7.000214 18 33 33
7.000214 19 24 24
7.000214 20 26 26
7.000214 21 21 21
7.000214 22 20 20
7.000214 23 25 25
7.000214 24 26 26
7.000214 26 29 29
7.000214 27 29 29
7.000214 28 25 25
7.000214 29 19 19
7.000214 30 26 26
7.000214 31 22 22
7.000214 32 32 32
7.000214 33 25 25
7.000214 34 26 26
7.000214 35 21 21
7.000214 36 29 29
7.000214 37 22 22
7.000214 38 26 26
7.000214 39 23 23
7.000214 40 24 24
7.000214 41 23 23
7.000214 42 24 24
7.000214 43 29 29
7.000214 44 29 29
7.000214 47 23 23
7.000214 48 25 25
7.000214 49 19 19
7.000214 50 28 28
7.000214 51 18 18
7.000214 52 19 19
7.000214 53 25 25
7.000214 54 14 14
7.000214 55 20 20
7.000214 56 27 27
7.000214 57 21 21
7.000214 58 20 20
7.000214 59 21 21
7.000214 60 18 18
7.000214 61 26 26
7.000214 62 21 21
7.000214 63 23 23
7.000214 64 27 27
7.000214 65 26 26
7.000214 66 26 26
7.000214 67 22 22
7.000214 69 24 24
7.000214 70 27 27
7.000214 72 24 24
7.000214 73 21 21
7.000214 75 24 24
7.000214 76 22 22
7.000214 77 27 27
7.000214 78 22 22
7.000214 79 29 29
7.000214 80 25 25
7.000214 81 28 28
7.000214 82 26 26
7.000214 83 27 27
7.000214 85 27 27
7.000214 87 26 26
7.000214 89 20 20
7.000214 90 25 25
7.000214 91 4 4
7.000214 92 28 28
7.000214 93 27 27
7.000214 94 27 27
7.000214 95 30 30
7.000214 96 27 27
7.000214 97 24 24
7.000214 98 31 31
7.000214 99 22 22
7.000214 100 34 34
7.000214 101 20 20
7.000214 102 29 29
7.000214 103 21 21
7.000214 104 26 26
7.000214 105 25 25
7.000214 106 20 20
7.000214 107 19 19
7.000214 108 28 28
7.000214 109 25 25
8.000244 0 39 39
8.000244 1 39 39
8.000244 2 39 39
8.000244 3 39 39
8.000244 4 49 49
8.000244 5 44 44
8.000244 6 16 16
8.000244 7 39 39
8.000244 8 39 39
8.000244 9 44 44
8.000244 10 46 46
8.000244 11 40 40
8.000244 12 38 38
8.000244 13 35 35
8.000244 14 49 49
8.000244 15 9 9
8.000244 16 34 34
8.000244 17 42 42
8.000244 18 50 50
8.000244 19 35 35
8.000244 20 44 44
8.000244 21 24 24
8.000244 22 31 31
8.000244 23 39 39
8.000244 24 46 46
8.000244 26 40 40
8.000244 27 42 42
8.000244 28 38 38
8.000244 29 33 33
8.000244 30 39 39
8.000244 31 32 32
8.000244 32 48 48
8.000244 33 43 43
8.000244 34 38 38
8.000244 35 33 33
8.000244 36 46 46
8.000244 37 36 36
8.000244 38 39 39
8.000244 39 42 42
8.000244 40 37 37
8.000244 41 41 41
8.000244 42 37 37
8.000244 43 50 50
8.000244 44 48 48
8.000244 47 40 40
8.000244 48 43 43
8.000244 49 31 31
8.000244 50 40 40
8.000244 51 31 31
8.000244 52 28 28
8.000244 53 35 35
8.000244 54 16 16
8.000244 55 32 32
8.000244 56 46 46
8.000244 57 32 32
8.000244 58 26 26
8.000244 59 36 36
8.000244 60 29 29
8.000244 61 43 43
8.000244 62 33 33
8.000244 63 40 40
8.000244 64 38 38
8.000244 65 37 37
8.000244 66 41 41
8.000244 67 37 37
8.000244 69 34 34
8.000244 70 35 35
8.000244 72 35 35
8.000244 73 30 30
8.000244 75 38 38
8.000244 76 37 37
8.000244 77 40 40
8.000244 78 35 35
8.000244 79 49 49
8.000244 80 38 38
8.000244 81 37 37
8.000244 82 37 37
8.000244 83 37 37
8.000244 85 38 38
8.000244 87 44 44
8.000244 89 34 34
8.000244 90 32 32
8.000244 91 3 3
8.000244 92 47 47
8.000244 93 42 42
8.000244 94 42 42
8.000244 95 47 47
8.000244 96 39 39
8.000244 97 35 35
8.000244 98 46 46
8.000244 99 35 35
8.000244 100 57 57
8.000244 101 35 35
8.000244 102 39 39
8.000244 103 32 32
8.000244 104 39 39
8.000244 105 36 36
8.000244 106 33 33
8.000244 107 35 35
8.000244 108 42 42
8.000244 109 38 38
9.000275 0 58 58
9.000275 1 62 62
9.000275 2 65 65
9.000275 3 62 62
9.000275 4 76 76
9.000275 5 73 73
9.000275 7 65 65
9.000275 8 60 60
9.000275 9 67 67
9.000275 10 71 71
9.000275 11 68 68
9.000275 12 64 64
9.000275 13 57 57
9.000275 14 77 77
9.000275 16 61 61
9.000275 17 68 68
9.000275 18 77 77
9.000275 19 62 62
9.000275 20 65 65
9.000275 22 57 57
9.000275 23 65 65
9.000275 24 64 64
9.000275 26 64 64
9.000275 27 72 72
9.000275 28 66 66
9.000275 29 53 53
9.000275 30 15 15
9.000275 31 52 52
9.000275 32 80 80
9.000275 33 68 68
9.000275 34 67 67
9.000275 35 57 57
9.000275 36 71 71
9.000275 37 57 57
9.000275 38 64 64
9.000275 39 64 64
9.000275 40 61 61
9.000275 41 67 67
9.000275 42 62 62
9.000275 43 69 69
9.000275 44 78 78
9.000275 47 53 53
9.000275 48 67 67
9.000275 49 50 50
9.000275 50 67 67
9.000275 51 56 56
9.000275 52 21 21
9.000275 53 61 61
9.000275 55 56 56
9.000275 56 71 71
9.000275 57 61 61
9.000275 58 1 1
9.000275 59 51 51
9.000275 60 48 48
9.000275 61 42 42
9.000275 62 61 61
9.000275 63 63 63
9.000275 65 62 62
9.000275 66 67 67
9.000275 67 9 9
9.000275 69 7 7
9.000275 70 67 67
9.000275 72 3 3
9.000275 73 6 6
9.000275 75 63 63
9.000275 76 52 52
9.000275 77 64 64
9.000275 78 55 55
9.000275 79 75 75
9.000275 80 64 64
9.000275 81 65 65
9.000275 82 54 54
9.000275 83 65 65
9.000275 85 68 68
9.000275 87 18 18
9.000275 89 58 58
9.000275 90 6 6
9.000275 92 75 75
9.000275 93 73 73
9.000275 94 29 29
9.000275 95 77 77
9.000275 96 64 64
9.000275 97 61 61
9.000275 98 80 80
9.000275 99 51 51
9.000275 100 84 84
9.000275 101 53 53
9.000275 102 68 68
9.000275 103 52 52
9.000275 104 65 65
9.000275 105 62 62
9.000275 106 56 56
9.000275 107 58 58
9.000275 108 75 75
9.000275 109 68 68
10.000305 0 95 95
10.000305 1 102 102
10.000305 2 99 99
10.000305 3 94 94
10.000305 4 124 124
10.000305 8 103 103
10.000305 10 2 2
10.000305 11 113 113
10.000305 13 91 91
10.000305 14 121 121
10.000305 17 112 112
10.000305 18 131 131
10.000305 19 100 100
10.000305 20 105 105
10.000305 23 100 100
10.000305 24 108 108
10.000305 26 108 108
10.000305 27 15 15
10.000305 28 105 105
10.000305 32 130 130
10.000305 33 103 103
10.000305 35 88 88
10.000305 36 37 37
10.000305 37 3 3
10.000305 38 103 103
10.000305 40 91 91
10.000305 41 103 103
10.000305 42 95 95
10.000305 43 113 113
10.000305 44 127 127
10.000305 48 104 104
10.000305 49 79 79
10.000305 50 107 107
10.000305 51 86 86
10.000305 53 99 99
10.000305 56 115 115
10.000305 57 91 91
10.000305 60 69 69
10.000305 62 93 93
10.000305 63 102 102
10.000305 65 101 101
10.000305 66 93 93
10.000305 70 98 98
10.000305 75 1 1
10.000305 76 86 86
10.000305 77 110 110
10.000305 78 86 86
10.000305 79 120 120
10.000305 80 7 7
10.000305 83 103 103
10.000305 85 71 71
10.000305 89 85 85
10.000305 92 115 115
10.000305 93 111 111
10.000305 95 119 119
10.000305 97 50 50
10.000305 98 59 59
10.000305 100 136 136
10.000305 101 78 78
10.000305 102 107 107
10.000305 104 105 105
10.000305 105 95 95
10.000305 108 111 111
10.000305 109 104 104
11.000336 1 152 152
11.000336 2 156 156
11.000336 3 149 149
11.000336 4 203 203
11.000336 8 65 65
11.000336 11 161 161
11.000336 13 147 147
11.000336 14 155 155
11.000336 17 166 166
11.000336 18 201 201
11.000336 20 84 84
11.000336 23 161 161
11.000336 26 168 168
11.000336 28 38 38
11.000336 32 198 198
11.000336 33 174 174
11.000336 35 137 137
11.000336 38 167 167
11.000336 41 167 167
11.000336 42 159 159
11.000336 44 191 191
11.000336 49 130 130
11.000336 50 158 158
11.000336 51 29 29
11.000336 53 133 133
11.000336 56 189 189
11.000336 57 137 137
11.000336 62 32 32
11.000336 63 167 167
11.000336 65 152 152
11.000336 70 153 153
11.000336 76 40 40
11.000336 77 165 165
11.000336 83 159 159
11.000336 89 37 37
11.000336 92 120 120
11.000336 93 177 177
11.000336 100 218 218
11.000336 102 161 161
11.000336 104 164 164
11.000336 108 173 173
12.000366 1 91 91
12.000366 2 260 260
12.000366 3 231 231
12.000366 4 321 321
12.000366 11 264 264
12.000366 13 129 129
12.000366 17 267 267
12.000366 18 307 307
12.000366 23 1 1
12.000366 26 264 264
12.000366 32 2 2
12.000366 33 89 89
12.000366 35 141 141
12.000366 38 3 3
12.000366 41 269 269
12.000366 42 254 254
12.000366 44 306 306
12.000366 49 205 205
12.000366 50 266 266
12.000366 53 10 10
12.000366 56 287 287
12.000366 57 214 214
12.000366 63 273 273
12.000366 65 194 194
12.000366 70 237 237
12.000366 77 255 255
12.000366 83 65 65
12.000366 93 286 286
12.000366 100 40 40
12.000366 102 36 36
12.000366 104 265 265
12.000366 108 152 152
13.000397 2 411 411
13.000397 3 27 27
13.000397 4 485 485
13.000397 11 430 430
13.000397 17 440 440
13.000397 18 335 335
13.000397 26 296 296
13.000397 35 18 18
13.000397 41 428 428
13.000397 42 197 197
13.000397 44 328 328
13.000397 49 324 324
13.000397 50 346 346
13.000397 56 477 477
13.000397 57 138 138
13.000397 63 359 359
13.000397 65 1 1
13.000397 70 76 76
13.000397 77 261 261
13.000397 83 2 2
13.000397 93 300 300
13.000397 104 379 379
14.000427 2 587 587
14.000427 4 614 614
14.000427 11 669 669
14.000427 17 445 445
14.000427 18 154 154
14.000427 26 119 119
14.000427 41 591 591
14.000427 42 59 59
14.000427 44 134 134
14.000427 49 425 425
14.000427 50 337 337
14.000427 56 756 756
14.000427 57 49 49
14.000427 63 130 130
14.000427 77 171 171
14.000427 93 307 307
14.000427 104 455 455
15.000458 2 719 719
15.000458 4 628 628
15.000458 11 1040 1040
15.000458 17 428 428
15.000458 18 36 36
15.000458 26 20 20
15.000458 41 695 695
15.000458 49 482 482
15.000458 50 249 249
15.000458 56 682 682
15.000458 77 116 116
15.000458 93 352 352
15.000458 104 483 483
16.000488 2 757 757
16.000488 4 559 559
16.000488 11 1419 1419
16.000488 17 527 527
16.000488 41 732 732
16.000488 49 529 529
16.000488 50 130 130
16.000488 56 425 425
16.000488 77 55 55
16.000488 93 431 431
16.000488 104 464 464
17.000519 2 733 733
17.000519 4 472 472
17.000519 11 1681 1681
17.000519 17 526 526
17.000519 41 818 818
17.000519 49 626 626
17.000519 50 102 102
17.000519 56 244 244
17.000519 93 384 384
17.000519 104 429 429
18.000549 2 608 608
18.000549 4 575 575
18.000549 11 1903 1903
18.000549 17 435 435
18.000549 41 743 743
18.000549 49 581 581
18.000549 50 52 52
18.000549 56 168 168
18.000549 93 358 358
18.000549 104 532 532
18.976410 2 533 533
18.976410 4 706 706
18.976410 11 2099 2099
18.976410 17 400 400
18.976410 41 701 701
18.976410 49 562 562
18.976410 50 11 11
18.976410 56 114 114
18.976410 93 391 391
18.976410 104 652 652
19.976425 2 472 472
19.976425 4 833 833
19.976425 11 2261 2261
19.976425 17 273 273
19.976425 41 666 666
19.976425 49 587 587
19.976425 56 24 24
19.976425 93 443 443
19.976425 104 673 673
20.976440 2 400 400
20.976440 4 901 901
20.976440 11 2407 2407
20.976440 17 256 256
20.976440 41 672 672
20.976440 49 583 583
20.976440 56 3 3
20.976440 93 426 426
20.976440 104 624 624
21.976456 2 429 429
21.976456 4 949 949
21.976456 11 2392 2392
21.976456 17 205 205
21.976456 41 694 694
21.976456 49 668 668
21.976456 93 396 396
21.976456 104 624 624
22.976471 2 442 442
22.976471 4 908 908
22.976471 11 2274 2274
22.976471 17 158 158
22.976471 41 706 706
22.976471 49 699 699
22.976471 93 453 453
22.976471 104 649 649
23.976486 2 419 419
23.976486 4 989 989
23.976486 11 2256 2256
23.976486 17 105 105
23.976486 41 707 707
23.976486 49 743 743
23.976486 93 480 480
23.976486 104 597 597
24.976501 2 411 411
24.976501 4 1093 1093
24.976501 11 2264 2264
24.976501 17 92 92
24.976501 41 638 638
24.976501 49 727 727
24.976501 93 491 491
24.976501 104 620 620
25.976517 2 398 398
25.976517 4 1174 1174
25.976517 11 2262 2262
25.976517 17 103 103
25.976517 41 548 548
25.976517 49 713 713
25.976517 93 476 476
25.976517 104 623 623
26.976532 2 381 381
26.976532 4 1197 1197
26.976532 11 2248 2248
26.976532 17 65 65
26.976532 41 521 521
26.976532 49 743 743
26.976532 93 437 437
26.976532 104 659 659
27.976547 2 333 333
27.976547 4 1194 1194
27.976547 11 2163 2163
27.976547 17 2 2
27.976547 41 662 662
27.976547 49 820 820
27.976547 93 440 440
27.976547 104 711 711
28.976562 2 304 304
28.976562 4 1090 1090
28.976562 11 2038 2038
28.976562 41 748 748
28.976562 49 907 907
28.976562 93 396 396
28.976562 104 803 803
29.976578 2 245 245
29.976578 4 996 996
29.976578 11 1964 1964
29.976578 41 835 835
29.976578 49 984 984
29.976578 93 329 329
29.976578 104 898 898
30.976593 2 135 135
30.976593 4 851 851
30.976593 11 2035 2035
30.976593 41 1051 1051
30.976593 49 1098 1098
30.976593 93 236 236
30.976593 104 915 915
31.976608 2 99 99
31.976608 4 774 774
31.976608 11 1940 1940
31.976608 41 1186 1186
31.976608 49 1073 1073
31.976608 93 262 262
31.976608 104 977 977
32.976624 2 42 42
32.976624 4 705 705
32.976624 11 1856 1856
32.976624 41 1230 1230
32.976624 49 1098 1098
32.976624 93 210 210
32.976624 104 1175 1175
33.976639 2 38 38
33.976639 4 631 631
33.976639 11 1837 1837
33.976639 41 1312 1312
33.976639 49 1104 1104
33.976639 93 188 188
33.976639 104 1261 1261
34.976654 2 31 31
34.976654 4 529 529
34.976654 11 1771 1771
34.976654 41 1477 1477
34.976654 49 1086 1086
34.976654 93 165 165
34.976654 104 1265 1265
35.976669 2 39 39
35.976669 4 506 506
35.976669 11 1760 1760
35.976669 41 1503 1503
35.976669 49 1144 1144
35.976669 93 144 144
35.976669 104 1194 1194
36.976685 2 28 28
36.976685 4 533 533
36.976685 11 1736 1736
36.976685 41 1546 1546
36.976685 49 1220 1220
36.976685 93 103 103
36.976685 104 1190 1190
37.976700 2 8 8
37.976700 4 529 529
37.976700 11 1719 1719
37.976700 41 1559 1559
37.976700 49 1190 1190
37.976700 93 45 45
37.976700 104 1247 1247
38.976715 4 342 342
38.976715 11 1747 1747
38.976715 41 1790 1790
38.976715 49 1112 1112
38.976715 93 41 41
38.976715 104 1285 1285
39.976730 4 205 205
39.976730 11 1772 1772
39.976730 41 1986 1986
39.976730 49 1040 1040
39.976730 93 43 43
39.976730 104 1232 1232
40.976746 4 113 113
40.976746 11 1760 1760
40.976746 41 2233 2233
40.976746 49 1033 1033
40.976746 93 36 36
40.976746 104 1092 1092
41.976761 4 101 101
41.976761 11 1812 1812
41.976761 41 2215 2215
41.976761 49 1122 1122
41.976761 93 46 46
41.976761 104 981 981
42.976776 4 110 110
42.976776 11 1846 1846
42.976776 41 2205 2205
42.976776 49 1137 1137
42.976776 93 39 39
42.976776 104 983 983
43.976791 4 80 80
43.976791 11 1772 1772
43.976791 41 2132 2132
43.976791 49 1160 1160
43.976791 93 39 39
43.976791 104 1094 1094
44.976807 4 64 64
44.976807 11 1855 1855
44.976807 41 2005 2005
44.976807 49 1193 1193
44.976807 93 37 37
44.976807 104 1096 1096
45.976822 4 29 29
45.976822 11 2129 2129
45.976822 41 2126 2126
45.976822 49 1176 1176
45.976822 93 57 57
45.976822 104 783 783
46.976837 11 2210 2210
46.976837 41 2170 2170
46.976837 49 1181 1181
46.976837 93 61 61
46.976837 104 616 616
47.976852 11 2365 2365
47.976852 41 2121 2121
47.976852 49 1169 1169
47.976852 93 50 50
47.976852 104 530 530
48.976868 11 2470 2470
48.976868 41 2097 2097
48.976868 49 1196 1196
48.976868 93 54 54
48.976868 104 495 495
49.976883 11 2443 2443
49.976883 41 2098 2098
49.976883 49 1272 1272
49.976883 93 24 24
49.976883 104 459 459
50.976898 11 2414 2414
50.976898 41 2143 2143
50.976898 49 1262 1262
50.976898 104 444 444
51.976913 11 2348 2348
51.976913 41 2263 2263
51.976913 49 1239 1239
51.976913 104 427 427
52.976929 11 2357 2357
52.976929 41 2248 2248
52.976929 49 1223 1223
52.976929 104 441 441
53.976944 11 2367 2367
53.976944 41 2325 2325
53.976944 49 1152 1152
53.976944 104 458 458
54.976959 11 2311 2311
54.976959 41 2386 2386
54.976959 49 1105 1105
54.976959 104 489 489
55.976974 11 2287 2287
55.976974 41 2401 2401
55.976974 49 1083 1083
55.976974 104 536 536
56.976990 11 2149 2149
56.976990 41 2507 2507
56.976990 49 1050 1050
56.976990 104 630 630
57.977005 11 2012 2012
57.977005 41 2539 2539
57.977005 49 953 953
57.977005 104 804 804
58.977020 11 1913 1913
58.977020 41 2439 2439
58.977020 49 965 965
58.977020 104 1000 1000
59.977036 11 1866 1866
59.977036 41 2435 2435
59.977036 49 928 928
59.977036 104 1094 1094
60.977051 11 1854 1854
60.977051 41 2414 2414
60.977051 49 883 883
60.977051 104 1168 1168
61.977066 11 1822 1822
61.977066 41 2377 2377
61.977066 49 853 853
61.977066 104 1221 1221
62.977081 11 1757 1757
62.977081 41 2350 2350
62.977081 49 851 851
62.977081 104 1366 1366
63.977097 11 1584 1584
63.977097 41 2464 2464
63.977097 49 860 860
63.977097 104 1391 1391
64.977112 11 1489 1489
64.977112 41 2411 2411
64.977112 49 875 875
64.977112 104 1482 1482
65.977127 11 1412 1412
65.977127 41 2465 2465
65.977127 49 857 857
65.977127 104 1602 1602
66.977142 11 1412 1412
66.977142 41 2469 2469
66.977142 49 820 820
66.977142 104 1584 1584
67.977158 11 1429 1429
67.977158 41 2446 2446
67.977158 49 808 808
67.977158 104 1608 1608
68.977173 11 1368 1368
68.977173 41 2445 2445
68.977173 49 765 765
68.977173 104 1686 1686
69.977188 11 1353 1353
69.977188 41 2439 2439
69.977188 49 735 735
69.977188 104 1758 1758
70.977203 11 1321 1321
70.977203 41 2396 2396
70.977203 49 751 751
70.977203 104 1811 1811
71.977219 11 1299 1299
71.977219 41 2295 2295
71.977219 49 751 751
71.977219 104 1967 1967
