0.000000 0 1 1
0.000000 1 1 1
0.000000 2 1 1
0.000000 3 1 1
0.000000 4 1 1
0.000000 5 1 1
0.000000 7 1 1
0.000000 8 1 1
0.000000 9 1 1
0.000000 10 1 1
0.000000 11 1 1
0.000000 12 1 1
0.000000 13 1 1
0.000000 14 1 1
0.000000 15 1 1
0.000000 16 1 1
0.000000 17 1 1
0.000000 18 1 1
0.000000 19 1 1
0.000000 20 1 1
0.000000 21 1 1
0.000000 22 1 1
0.000000 23 1 1
0.000000 24 1 1
0.000000 25 1 1
0.000000 26 1 1
0.000000 27 1 1
0.000000 28 1 1
0.000000 30 1 1
0.000000 31 1 1
0.000000 32 1 1
0.000000 33 1 1
0.000000 34 1 1
0.000000 36 1 1
0.000000 37 1 1
0.000000 38 1 1
0.000000 39 1 1
0.000000 40 1 1
0.000000 41 1 1
0.000000 42 1 1
0.000000 43 1 1
0.000000 44 1 1
0.000000 45 1 1
0.000000 46 1 1
0.000000 47 1 1
0.000000 48 1 1
0.000000 49 1 1
0.000000 50 1 1
0.000000 51 1 1
0.000000 53 1 1
0.000000 54 1 1
0.000000 55 1 1
0.000000 56 1 1
0.000000 57 1 1
0.000000 58 1 1
0.000000 59 1 1
0.000000 60 1 1
0.000000 61 1 1
0.000000 62 1 1
0.000000 63 1 1
0.000000 64 1 1
0.000000 65 1 1
0.000000 66 1 1
0.000000 67 1 1
0.000000 68 1 1
0.000000 69 1 1
0.000000 70 1 1
0.000000 71 1 1
0.000000 72 1 1
0.000000 73 1 1
0.000000 74 1 1
0.000000 75 1 1
0.000000 76 1 1
0.000000 78 1 1
0.000000 79 1 1
0.000000 80 1 1
0.000000 81 1 1
0.000000 82 1 1
0.000000 83 1 1
0.000000 84 1 1
0.000000 85 1 1
0.000000 86 1 1
0.000000 88 1 1
0.000000 89 1 1
0.000000 90 1 1
0.000000 91 1 1
0.000000 92 1 1
0.000000 93 1 1
0.000000 94 1 1
0.000000 95 1 1
0.000000 96 1 1
0.000000 97 1 1
0.000000 98 1 1
0.000000 99 1 1
0.000000 100 1 1
0.000000 101 1 1
0.000000 102 1 1
0.000000 103 1 1
0.000000 104 1 1
0.000000 105 1 1
0.000000 106 1 1
0.000000 107 1 1
0.000000 108 1 1
0.000000 109 1 1
1.000031 0 2 2
1.000031 1 2 2
1.000031 2 1 1
1.000031 3 1 1
1.000031 4 2 2
1.000031 5 1 1
1.000031 7 2 2
1.000031 8 1 1
1.000031 9 1 1
1.000031 10 1 1
1.000031 11 1 1
1.000031 12 2 2
1.000031 13 2 2
1.000031 14 1 1
1.000031 15 1 1
1.000031 16 2 2
1.000031 17 2 2
1.000031 18 2 2
1.000031 19 1 1
1.000031 20 2 2
1.000031 21 2 2
1.000031 22 1 1
1.000031 23 2 2
1.000031 24 1 1
1.000031 25 1 1
1.000031 26 2 2
1.000031 27 1 1
1.000031 28 2 2
1.000031 30 2 2
1.000031 31 1 1
1.000031 32 2 2
1.000031 33 1 1
1.000031 34 2 2
1.000031 36 2 2
1.000031 37 2 2
1.000031 38 2 2
1.000031 39 1 1
1.000031 40 2 2
1.000031 41 1 1
1.000031 42 1 1
1.000031 43 1 1
1.000031 44 2 2
1.000031 45 1 1
1.000031 46 2 2
1.000031 47 1 1
1.000031 48 1 1
1.000031 49 1 1
1.000031 50 1 1
1.000031 51 2 2
1.000031 53 1 1
1.000031 54 1 1
1.000031 55 1 1
1.000031 56 1 1
1.000031 57 2 2
1.000031 58 1 1
1.000031 59 2 2
1.000031 60 2 2
1.000031 61 1 1
1.000031 62 1 1
1.000031 63 1 1
1.000031 64 1 1
1.000031 65 1 1
1.000031 66 2 2
1.000031 67 1 1
1.000031 68 1 1
1.000031 69 1 1
1.000031 70 1 1
1.000031 71 2 2
1.000031 72 2 2
1.000031 73 1 1
1.000031 74 2 2
1.000031 75 1 1
1.000031 76 1 1
1.000031 78 1 1
1.000031 79 2 2
1.000031 80 2 2
1.000031 81 2 2
1.000031 82 2 2
1.000031 83 1 1
1.000031 84 1 1
1.000031 85 2 2
1.000031 86 1 1
1.000031 88 1 1
1.000031 89 1 1
1.000031 90 1 1
1.000031 91 1 1
1.000031 92 2 2
1.000031 93 1 1
1.000031 94 2 2
1.000031 95 2 2
1.000031 96 2 2
1.000031 97 2 2
1.000031 98 1 1
1.000031 99 2 2
1.000031 100 2 2
1.000031 101 2 2
1.000031 102 1 1
1.000031 103 1 1
1.000031 104 1 1
1.000031 105 2 2
1.000031 106 2 2
1.000031 107 2 2
1.000031 108 2 2
1.000031 109 2 2
2.000061 0 2 2
2.000061 1 2 2
2.000061 2 2 2
2.000061 3 2 2
2.000061 4 2 2
2.000061 5 2 2
2.000061 7 3 3
2.000061 8 2 2
2.000061 9 2 2
2.000061 10 2 2
2.000061 11 2 2
2.000061 12 3 3
2.000061 13 2 2
2.000061 14 2 2
2.000061 15 2 2
2.000061 16 3 3
2.000061 17 2 2
2.000061 18 3 3
2.000061 19 2 2
2.000061 20 2 2
2.000061 21 3 3
2.000061 22 2 2
2.000061 23 2 2
2.000061 24 2 2
2.000061 25 2 2
2.000061 26 2 2
2.000061 27 2 2
2.000061 28 2 2
2.000061 30 2 2
2.000061 31 2 2
2.000061 32 2 2
2.000061 33 2 2
2.000061 34 2 2
2.000061 36 2 2
2.000061 37 2 2
2.000061 38 2 2
2.000061 39 2 2
2.000061 40 2 2
2.000061 41 3 3
2.000061 42 2 2
2.000061 43 2 2
2.000061 44 3 3
2.000061 45 2 2
2.000061 46 3 3
2.000061 47 2 2
2.000061 48 2 2
2.000061 49 3 3
2.000061 50 2 2
2.000061 51 3 3
2.000061 53 2 2
2.000061 54 2 2
2.000061 55 2 2
2.000061 56 2 2
2.000061 57 2 2
2.000061 58 2 2
2.000061 59 2 2
2.000061 60 2 2
2.000061 61 2 2
2.000061 62 2 2
2.000061 63 2 2
2.000061 64 2 2
2.000061 65 2 2
2.000061 66 2 2
2.000061 67 2 2
2.000061 68 2 2
2.000061 69 2 2
2.000061 70 2 2
2.000061 71 2 2
2.000061 72 1 1
2.000061 73 2 2
2.000061 74 2 2
2.000061 75 2 2
2.000061 76 2 2
2.000061 78 2 2
2.000061 79 2 2
2.000061 80 2 2
2.000061 81 2 2
2.000061 82 2 2
2.000061 83 2 2
2.000061 84 2 2
2.000061 85 2 2
2.000061 86 2 2
2.000061 88 3 3
2.000061 89 2 2
2.000061 90 2 2
2.000061 91 2 2
2.000061 92 2 2
2.000061 93 2 2
2.000061 94 2 2
2.000061 95 2 2
2.000061 96 3 3
2.000061 97 2 2
2.000061 98 2 2
2.000061 99 2 2
2.000061 100 2 2
2.000061 101 2 2
2.000061 102 2 2
2.000061 103 2 2
2.000061 104 2 2
2.000061 105 2 2
2.000061 106 2 2
2.000061 107 2 2
2.000061 108 2 2
2.000061 109 2 2
3.000092 0 4 4
3.000092 1 4 4
3.000092 2 4 4
3.000092 3 4 4
3.000092 4 4 4
3.000092 5 4 4
3.000092 7 4 4
3.000092 8 4 4
3.000092 9 4 4
3.000092 10 4 4
3.000092 11 4 4
3.000092 12 4 4
3.000092 13 4 4
3.000092 14 4 4
3.000092 15 4 4
3.000092 16 4 4
3.000092 17 4 4
3.000092 18 4 4
3.000092 19 4 4
3.000092 20 4 4
3.000092 21 4 4
3.000092 22 5 5
3.000092 23 4 4
3.000092 24 3 3
3.000092 25 3 3
3.000092 26 4 4
3.000092 27 4 4
3.000092 28 4 4
3.000092 30 4 4
3.000092 31 3 3
3.000092 32 4 4
3.000092 33 4 4
3.000092 34 4 4
3.000092 36 4 4
3.000092 37 4 4
3.000092 38 4 4
3.000092 39 4 4
3.000092 40 4 4
3.000092 41 5 5
3.000092 42 4 4
3.000092 43 4 4
3.000092 44 4 4
3.000092 45 4 4
3.000092 46 4 4
3.000092 47 3 3
3.000092 48 4 4
3.000092 49 4 4
3.000092 50 4 4
3.000092 51 4 4
3.000092 53 4 4
3.000092 54 4 4
3.000092 55 3 3
3.000092 56 4 4
3.000092 57 4 4
3.000092 58 4 4
3.000092 59 4 4
3.000092 60 4 4
3.000092 61 5 5
3.000092 62 4 4
3.000092 63 4 4
3.000092 64 4 4
3.000092 65 4 4
3.000092 66 4 4
3.000092 67 4 4
3.000092 68 4 4
3.000092 69 4 4
3.000092 70 4 4
3.000092 71 4 4
3.000092 72 2 2
3.000092 73 4 4
3.000092 74 4 4
3.000092 75 4 4
3.000092 76 4 4
3.000092 78 3 3
3.000092 79 4 4
3.000092 80 4 4
3.000092 81 4 4
3.000092 82 4 4
3.000092 83 4 4
3.000092 84 3 3
3.000092 85 4 4
3.000092 86 4 4
3.000092 88 4 4
3.000092 89 4 4
3.000092 90 4 4
3.000092 91 4 4
3.000092 92 4 4
3.000092 93 4 4
3.000092 94 4 4
3.000092 95 4 4
3.000092 96 5 5
3.000092 97 4 4
3.000092 98 4 4
3.000092 99 4 4
3.000092 100 4 4
3.000092 101 4 4
3.000092 102 4 4
3.000092 103 4 4
3.000092 104 4 4
3.000092 105 4 4
3.000092 106 4 4
3.000092 107 4 4
3.000092 108 4 4
3.000092 109 4 4
4.000122 0 6 6
4.000122 1 5 5
4.000122 2 7 7
4.000122 3 5 5
4.000122 4 5 5
4.000122 5 6 6
4.000122 7 5 5
4.000122 8 6 6
4.000122 9 6 6
4.000122 10 6 6
4.000122 11 5 5
4.000122 12 8 8
4.000122 13 6 6
4.000122 14 6 6
4.000122 15 5 5
4.000122 16 7 7
4.000122 17 6 6
4.000122 18 8 8
4.000122 19 6 6
4.000122 20 6 6
4.000122 21 7 7
4.000122 22 7 7
4.000122 23 8 8
4.000122 24 6 6
4.000122 25 6 6
4.000122 26 8 8
4.000122 27 5 5
4.000122 28 6 6
4.000122 30 8 8
4.000122 31 6 6
4.000122 32 6 6
4.000122 33 6 6
4.000122 34 7 7
4.000122 36 6 6
4.000122 37 6 6
4.000122 38 7 7
4.000122 39 5 5
4.000122 40 7 7
4.000122 41 7 7
4.000122 42 7 7
4.000122 43 6 6
4.000122 44 8 8
4.000122 45 5 5
4.000122 46 8 8
4.000122 47 7 7
4.000122 48 7 7
4.000122 49 5 5
4.000122 50 6 6
4.000122 51 8 8
4.000122 53 5 5
4.000122 54 7 7
4.000122 55 5 5
4.000122 56 4 4
4.000122 57 6 6
4.000122 58 4 4
4.000122 59 6 6
4.000122 60 7 7
4.000122 61 6 6
4.000122 62 5 5
4.000122 63 8 8
4.000122 64 6 6
4.000122 65 5 5
4.000122 66 7 7
4.000122 67 5 5
4.000122 68 6 6
4.000122 69 6 6
4.000122 70 5 5
4.000122 71 7 7
4.000122 72 3 3
4.000122 73 5 5
4.000122 74 5 5
4.000122 75 6 6
4.000122 76 6 6
4.000122 78 5 5
4.000122 79 7 7
4.000122 80 7 7
4.000122 81 6 6
4.000122 82 8 8
4.000122 83 4 4
4.000122 84 4 4
4.000122 85 5 5
4.000122 86 7 7
4.000122 88 6 6
4.000122 89 7 7
4.000122 90 4 4
4.000122 91 6 6
4.000122 92 7 7
4.000122 93 5 5
4.000122 94 8 8
4.000122 95 5 5
4.000122 96 7 7
4.000122 97 8 8
4.000122 98 5 5
4.000122 99 7 7
4.000122 100 6 6
4.000122 101 6 6
4.000122 102 5 5
4.000122 103 5 5
4.000122 104 7 7
4.000122 105 7 7
4.000122 106 6 6
4.000122 107 8 8
4.000122 108 6 6
4.000122 109 5 5
5.000153 0 9 9
5.000153 1 8 8
5.000153 2 10 10
5.000153 3 8 8
5.000153 4 10 10
5.000153 5 8 8
5.000153 7 10 10
5.000153 8 10 10
5.000153 9 9 9
5.000153 10 8 8
5.000153 11 8 8
5.000153 12 12 12
5.000153 13 7 7
5.000153 14 9 9
5.000153 15 8 8
5.000153 16 12 12
5.000153 17 8 8
5.000153 18 10 10
5.000153 19 9 9
5.000153 20 9 9
5.000153 21 9 9
5.000153 22 10 10
5.000153 23 8 8
5.000153 24 9 9
5.000153 25 11 11
5.000153 26 12 12
5.000153 27 8 8
5.000153 28 8 8
5.000153 30 11 11
5.000153 31 8 8
5.000153 32 11 11
5.000153 33 8 8
5.000153 34 10 10
5.000153 36 9 9
5.000153 37 9 9
5.000153 38 10 10
5.000153 39 8 8
5.000153 40 12 12
5.000153 41 12 12
5.000153 42 9 9
5.000153 43 9 9
5.000153 44 10 10
5.000153 45 8 8
5.000153 46 13 13
5.000153 47 7 7
5.000153 48 8 8
5.000153 49 10 10
5.000153 50 9 9
5.000153 51 12 12
5.000153 53 8 8
5.000153 54 9 9
5.000153 55 9 9
5.000153 56 8 8
5.000153 57 9 9
5.000153 58 8 8
5.000153 59 8 8
5.000153 60 12 12
5.000153 61 11 11
5.000153 62 8 8
5.000153 63 9 9
5.000153 64 9 9
5.000153 65 8 8
5.000153 66 8 8
5.000153 67 8 8
5.000153 68 8 8
5.000153 69 10 10
5.000153 70 8 8
5.000153 71 10 10
5.000153 72 3 3
5.000153 73 8 8
5.000153 74 8 8
5.000153 75 8 8
5.000153 76 8 8
5.000153 78 9 9
5.000153 79 9 9
5.000153 80 8 8
5.000153 81 9 9
5.000153 82 10 10
5.000153 83 8 8
5.000153 84 4 4
5.000153 85 8 8
5.000153 86 10 10
5.000153 88 9 9
5.000153 89 10 10
5.000153 90 9 9
5.000153 91 9 9
5.000153 92 9 9
5.000153 93 8 8
5.000153 94 9 9
5.000153 95 10 10
5.000153 96 12 12
5.000153 97 10 10
5.000153 98 8 8
5.000153 99 13 13
5.000153 100 11 11
5.000153 101 10 10
5.000153 102 10 10
5.000153 103 8 8
5.000153 104 10 10
5.000153 105 11 11
5.000153 106 9 9
5.000153 107 10 10
5.000153 108 10 10
5.000153 109 9 9
6.000183 0 16 16
6.000183 1 15 15
6.000183 2 16 16
6.000183 3 15 15
6.000183 4 16 16
6.000183 5 13 13
6.000183 7 17 17
6.000183 8 16 16
6.000183 9 16 16
6.000183 10 15 15
6.000183 11 13 13
6.000183 12 20 20
6.000183 13 14 14
6.000183 14 14 14
6.000183 15 16 16
6.000183 16 20 20
6.000183 17 15 15
6.000183 18 16 16
6.000183 19 15 15
6.000183 20 15 15
6.000183 21 16 16
6.000183 22 16 16
6.000183 23 16 16
6.000183 24 13 13
6.000183 25 16 16
6.000183 26 18 18
6.000183 27 16 16
6.000183 28 16 16
6.000183 30 17 17
6.000183 31 12 12
6.000183 32 18 18
6.000183 33 14 14
6.000183 34 17 17
6.000183 36 16 16
6.000183 37 17 17
6.000183 38 17 17
6.000183 39 13 13
6.000183 40 18 18
6.000183 41 17 17
6.000183 42 17 17
6.000183 43 17 17
6.000183 44 17 17
6.000183 45 14 14
6.000183 46 22 22
6.000183 47 15 15
6.000183 48 16 16
6.000183 49 15 15
6.000183 50 16 16
6.000183 51 19 19
6.000183 53 13 13
6.000183 54 16 16
6.000183 55 13 13
6.000183 56 11 11
6.000183 57 17 17
6.000183 58 13 13
6.000183 59 16 16
6.000183 60 15 15
6.000183 61 21 21
6.000183 62 15 15
6.000183 63 16 16
6.000183 64 13 13
6.000183 65 16 16
6.000183 66 15 15
6.000183 67 14 14
6.000183 68 16 16
6.000183 69 17 17
6.000183 70 16 16
6.000183 71 16 16
6.000183 72 5 5
6.000183 73 14 14
6.000183 74 14 14
6.000183 75 16 16
6.000183 76 14 14
6.000183 78 12 12
6.000183 79 17 17
6.000183 80 16 16
6.000183 81 16 16
6.000183 82 16 16
6.000183 83 15 15
6.000183 84 6 6
6.000183 85 15 15
6.000183 86 16 16
6.000183 88 16 16
6.000183 89 16 16
6.000183 90 13 13
6.000183 91 14 14
6.000183 92 15 15
6.000183 93 14 14
6.000183 94 17 17
6.000183 95 16 16
6.000183 96 19 19
6.000183 97 16 16
6.000183 98 12 12
6.000183 99 17 17
6.000183 100 16 16
6.000183 101 18 18
6.000183 102 15 15
6.000183 103 16 16
6.000183 104 16 16
6.000183 105 16 16
6.000183 106 15 15
6.000183 107 16 16
6.000183 108 14 14
6.000183 109 16 16
7.000214 0 24 24
7.000214 1 23 23
7.000214 2 27 27
7.000214 3 23 23
7.000214 4 23 23
7.000214 5 23 23
7.000214 7 23 23
7.000214 8 25 25
7.000214 9 24 24
7.000214 10 25 25
7.000214 11 20 20
7.000214 12 32 32
7.000214 13 22 22
7.000214 14 26 26
7.000214 15 25 25
7.000214 16 31 31
7.000214 17 25 25
7.000214 18 21 21
7.000214 19 23 23
7.000214 20 24 24
7.000214 21 27 27
7.000214 22 27 27
7.000214 23 28 28
7.000214 24 25 25
7.000214 25 24 24
7.000214 26 32 32
7.000214 27 23 23
7.000214 28 28 28
7.000214 30 29 29
7.000214 31 18 18
7.000214 32 28 28
7.000214 33 22 22
7.000214 34 27 27
7.000214 36 25 25
7.000214 37 26 26
7.000214 38 29 29
7.000214 39 19 19
7.000214 40 31 31
7.000214 41 26 26
7.000214 42 27 27
7.000214 43 26 26
7.000214 44 29 29
7.000214 45 20 20
7.000214 46 31 31
7.000214 47 24 24
7.000214 48 29 29
7.000214 49 23 23
7.000214 50 26 26
7.000214 51 25 25
7.000214 53 23 23
7.000214 54 24 24
7.000214 55 20 20
7.000214 56 19 19
7.000214 57 27 27
7.000214 58 22 22
7.000214 59 24 24
7.000214 60 28 28
7.000214 61 32 32
7.000214 62 20 20
7.000214 63 27 27
7.000214 64 24 24
7.000214 65 21 21
7.000214 66 28 28
7.000214 67 19 19
7.000214 68 22 22
7.000214 69 27 27
7.000214 70 23 23
7.000214 71 28 28
7.000214 72 8 8
7.000214 73 18 18
7.000214 74 26 26
7.000214 75 25 25
7.000214 76 20 20
7.000214 78 20 20
7.000214 79 26 26
7.000214 80 27 27
7.000214 81 27 27
7.000214 82 30 30
7.000214 83 22 22
7.000214 84 7 7
7.000214 85 22 22
7.000214 86 27 27
7.000214 88 24 24
7.000214 89 24 24
7.000214 90 18 18
7.000214 91 25 25
7.000214 92 28 28
7.000214 93 25 25
7.000214 94 25 25
7.000214 95 23 23
7.000214 96 28 28
7.000214 97 28 28
7.000214 98 21 21
7.000214 99 29 29
7.000214 100 27 27
7.000214 101 24 24
7.000214 102 23 23
7.000214 103 19 19
7.000214 104 28 28
7.000214 105 28 28
7.000214 106 25 25
7.000214 107 27 27
7.000214 108 22 22
7.000214 109 24 24
8.000244 0 38 38
8.000244 1 38 38
8.000244 2 41 41
8.000244 3 36 36
8.000244 4 37 37
8.000244 5 34 34
8.000244 7 42 42
8.000244 8 38 38
8.000244 9 37 37
8.000244 10 32 32
8.000244 11 34 34
8.000244 12 56 56
8.000244 13 26 26
8.000244 14 37 37
8.000244 15 37 37
8.000244 16 49 49
8.000244 17 38 38
8.000244 18 28 28
8.000244 19 34 34
8.000244 20 34 34
8.000244 21 42 42
8.000244 22 44 44
8.000244 23 38 38
8.000244 24 34 34
8.000244 25 42 42
8.000244 26 44 44
8.000244 27 33 33
8.000244 28 41 41
8.000244 30 46 46
8.000244 31 30 30
8.000244 32 42 42
8.000244 33 32 32
8.000244 34 47 47
8.000244 36 44 44
8.000244 37 41 41
8.000244 38 40 40
8.000244 39 32 32
8.000244 40 43 43
8.000244 41 49 49
8.000244 42 41 41
8.000244 43 42 42
8.000244 44 45 45
8.000244 45 31 31
8.000244 46 55 55
8.000244 47 37 37
8.000244 48 37 37
8.000244 49 37 37
8.000244 50 36 36
8.000244 51 18 18
8.000244 53 34 34
8.000244 54 34 34
8.000244 55 35 35
8.000244 56 33 33
8.000244 57 42 42
8.000244 58 33 33
8.000244 59 34 34
8.000244 60 45 45
8.000244 61 49 49
8.000244 62 31 31
8.000244 63 41 41
8.000244 64 36 36
8.000244 65 36 36
8.000244 66 38 38
8.000244 67 32 32
8.000244 68 34 34
8.000244 69 44 44
8.000244 70 32 32
8.000244 71 37 37
8.000244 72 3 3
8.000244 73 31 31
8.000244 74 37 37
8.000244 75 37 37
8.000244 76 33 33
8.000244 78 31 31
8.000244 79 45 45
8.000244 80 37 37
8.000244 81 41 41
8.000244 82 41 41
8.000244 83 34 34
8.000244 84 10 10
8.000244 85 36 36
8.000244 86 40 40
8.000244 88 37 37
8.000244 89 41 41
8.000244 90 30 30
8.000244 91 36 36
8.000244 92 45 45
8.000244 93 40 40
8.000244 94 37 37
8.000244 95 38 38
8.000244 96 53 53
8.000244 97 42 42
8.000244 98 35 35
8.000244 99 48 48
8.000244 100 45 45
8.000244 101 37 37
8.000244 102 24 24
8.000244 103 32 32
8.000244 104 42 42
8.000244 105 44 44
8.000244 106 37 37
8.000244 107 37 37
8.000244 108 38 38
8.000244 109 37 37
9.000275 0 65 65
9.000275 1 59 59
9.000275 3 64 64
9.000275 4 62 62
9.000275 5 55 55
9.000275 7 68 68
9.000275 8 59 59
9.000275 9 60 60
9.000275 10 57 57
9.000275 11 56 56
9.000275 13 22 22
9.000275 14 59 59
9.000275 15 63 63
9.000275 16 76 76
9.000275 17 60 60
9.000275 19 58 58
9.000275 20 60 60
9.000275 21 64 64
9.000275 22 22 22
9.000275 23 63 63
9.000275 24 53 53
9.000275 25 66 66
9.000275 26 73 73
9.000275 27 16 16
9.000275 28 63 63
9.000275 30 70 70
9.000275 31 50 50
9.000275 32 65 65
9.000275 33 55 55
9.000275 34 69 69
9.000275 36 66 66
9.000275 37 68 68
9.000275 38 66 66
9.000275 39 53 53
9.000275 40 73 73
9.000275 41 61 61
9.000275 42 71 71
9.000275 43 66 66
9.000275 44 77 77
9.000275 46 36 36
9.000275 47 9 9
9.000275 48 63 63
9.000275 49 61 61
9.000275 50 63 63
9.000275 53 58 58
9.000275 54 42 42
9.000275 55 52 52
9.000275 56 44 44
9.000275 57 1 1
9.000275 58 56 56
9.000275 59 64 64
9.000275 60 71 71
9.000275 61 23 23
9.000275 62 55 55
9.000275 63 71 71
9.000275 64 54 54
9.000275 65 59 59
9.000275 66 63 63
9.000275 67 53 53
9.000275 68 61 61
9.000275 69 74 74
9.000275 70 62 62
9.000275 71 62 62
9.000275 73 49 49
9.000275 74 60 60
9.000275 75 62 62
9.000275 76 56 56
9.000275 78 51 51
9.000275 79 68 68
9.000275 80 64 64
9.000275 81 65 65
9.000275 82 63 63
9.000275 83 57 57
9.000275 85 56 56
9.000275 86 69 69
9.000275 88 67 67
9.000275 89 67 67
9.000275 91 58 58
9.000275 92 67 67
9.000275 93 61 61
9.000275 94 64 64
9.000275 95 64 64
9.000275 96 77 77
9.000275 97 41 41
9.000275 98 52 52
9.000275 99 71 71
9.000275 100 73 73
9.000275 103 52 52
9.000275 104 70 70
9.000275 105 67 67
9.000275 106 62 62
9.000275 107 62 62
9.000275 108 60 60
9.000275 109 60 60
10.000305 1 95 95
10.000305 4 92 92
10.000305 8 96 96
10.000305 9 95 95
10.000305 10 98 98
10.000305 11 31 31
10.000305 14 104 104
10.000305 15 104 104
10.000305 16 7 7
10.000305 19 95 95
10.000305 20 98 98
10.000305 21 107 107
10.000305 23 112 112
10.000305 24 95 95
10.000305 25 100 100
10.000305 26 128 128
10.000305 28 106 106
10.000305 30 119 119
10.000305 31 77 77
10.000305 32 105 105
10.000305 33 89 89
10.000305 34 114 114
10.000305 36 110 110
10.000305 37 39 39
10.000305 38 105 105
10.000305 39 85 85
10.000305 40 120 120
10.000305 42 117 117
10.000305 43 107 107
10.000305 44 124 124
10.000305 49 73 73
10.000305 50 105 105
10.000305 53 85 85
10.000305 55 62 62
10.000305 56 78 78
10.000305 59 93 93
10.000305 62 81 81
10.000305 63 110 110
10.000305 64 87 87
10.000305 65 94 94
10.000305 66 104 104
10.000305 68 96 96
10.000305 69 116 116
10.000305 70 61 61
10.000305 74 96 96
10.000305 75 1 1
10.000305 76 21 21
10.000305 78 79 79
10.000305 79 108 108
10.000305 80 108 108
10.000305 81 106 106
10.000305 82 1 1
10.000305 85 91 91
10.000305 88 21 21
10.000305 89 21 21
10.000305 91 96 96
10.000305 92 111 111
10.000305 93 98 98
10.000305 94 98 98
10.000305 95 93 93
10.000305 96 124 124
10.000305 98 89 89
10.000305 100 112 112
10.000305 106 66 66
10.000305 107 104 104
10.000305 108 89 89
10.000305 109 97 97
11.000336 1 122 122
11.000336 4 75 75
11.000336 8 153 153
11.000336 9 3 3
11.000336 14 64 64
11.000336 15 153 153
11.000336 19 142 142
11.000336 20 145 145
11.000336 21 166 166
11.000336 23 167 167
11.000336 24 142 142
11.000336 25 156 156
11.000336 28 164 164
11.000336 30 5 5
11.000336 31 117 117
11.000336 32 164 164
11.000336 33 134 134
11.000336 34 179 179
11.000336 36 176 176
11.000336 38 166 166
11.000336 39 138 138
11.000336 40 184 184
11.000336 42 14 14
11.000336 43 169 169
11.000336 44 190 190
11.000336 50 133 133
11.000336 53 125 125
11.000336 56 123 123
11.000336 59 144 144
11.000336 62 15 15
11.000336 63 165 165
11.000336 64 12 12
11.000336 65 142 142
11.000336 66 159 159
11.000336 69 9 9
11.000336 78 128 128
11.000336 79 173 173
11.000336 80 164 164
11.000336 81 142 142
11.000336 85 148 148
11.000336 91 27 27
11.000336 93 158 158
11.000336 94 116 116
11.000336 96 38 38
11.000336 98 136 136
11.000336 100 185 185
11.000336 107 24 24
11.000336 109 151 151
12.000366 1 35 35
12.000366 8 246 246
12.000366 15 255 255
12.000366 19 240 240
12.000366 20 184 184
12.000366 21 51 51
12.000366 23 203 203
12.000366 24 4 4
12.000366 25 10 10
12.000366 28 262 262
12.000366 31 23 23
12.000366 33 206 206
12.000366 34 288 288
12.000366 36 265 265
12.000366 38 29 29
12.000366 39 129 129
12.000366 40 295 295
12.000366 43 266 266
12.000366 44 114 114
12.000366 50 3 3
12.000366 53 104 104
12.000366 56 184 184
12.000366 59 152 152
12.000366 63 276 276
12.000366 65 240 240
12.000366 66 257 257
12.000366 78 105 105
12.000366 79 229 229
12.000366 80 262 262
12.000366 85 230 230
12.000366 93 111 111
12.000366 94 32 32
12.000366 98 147 147
12.000366 100 275 275
12.000366 109 248 248
13.000397 1 2 2
13.000397 8 391 391
13.000397 15 222 222
13.000397 19 374 374
13.000397 20 78 78
13.000397 23 49 49
13.000397 28 324 324
13.000397 33 46 46
13.000397 34 271 271
13.000397 36 405 405
13.000397 39 42 42
13.000397 40 457 457
13.000397 43 434 434
13.000397 44 8 8
13.000397 53 65 65
13.000397 56 267 267
13.000397 59 4 4
13.000397 63 374 374
13.000397 65 374 374
13.000397 66 425 425
13.000397 78 29 29
13.000397 79 120 120
13.000397 80 332 332
13.000397 85 366 366
13.000397 93 13 13
13.000397 98 3 3
13.000397 100 148 148
13.000397 109 395 395
14.000427 8 488 488
14.000427 15 5 5
14.000427 19 583 583
14.000427 20 31 31
14.000427 23 1 1
14.000427 28 225 225
14.000427 34 124 124
14.000427 36 491 491
14.000427 40 710 710
14.000427 43 662 662
14.000427 53 6 6
14.000427 56 221 221
14.000427 63 105 105
14.000427 65 481 481
14.000427 66 515 515
14.000427 79 6 6
14.000427 80 205 205
14.000427 85 574 574
14.000427 100 1 1
14.000427 109 517 517
15.000458 8 484 484
15.000458 19 659 659
15.000458 28 131 131
15.000458 34 71 71
15.000458 36 502 502
15.000458 40 915 915
15.000458 43 934 934
15.000458 56 139 139
15.000458 65 494 494
15.000458 66 445 445
15.000458 80 27 27
15.000458 85 765 765
15.000458 109 455 455
16.000488 8 376 376
16.000488 19 609 609
16.000488 28 111 111
16.000488 34 45 45
16.000488 36 443 443
16.000488 40 959 959
16.000488 43 1288 1288
16.000488 56 25 25
16.000488 65 466 466
16.000488 66 356 356
16.000488 85 771 771
16.000488 109 522 522
17.000519 8 205 205
17.000519 19 604 604
17.000519 28 117 117
17.000519 34 19 19
17.000519 36 388 388
17.000519 40 983 983
17.000519 43 1440 1440
17.000519 65 444 444
17.000519 66 271 271
17.000519 85 848 848
17.000519 109 677 677
18.000549 8 95 95
18.000549 19 536 536
18.000549 28 78 78
18.000549 34 5 5
18.000549 36 388 388
18.000549 40 977 977
18.000549 43 1408 1408
18.000549 65 438 438
18.000549 66 244 244
18.000549 85 982 982
18.000549 109 848 848
19.000580 8 63 63
19.000580 19 466 466
19.000580 28 34 34
19.000580 36 327 327
19.000580 40 1071 1071
19.000580 43 1400 1400
19.000580 65 428 428
19.000580 66 241 241
19.000580 85 1030 1030
19.000580 109 911 911
20.000610 8 38 38
20.000610 19 448 448
20.000610 28 50 50
20.000610 36 219 219
20.000610 40 1083 1083
20.000610 43 1405 1405
20.000610 65 429 429
20.000610 66 227 227
20.000610 85 1103 1103
20.000610 109 1019 1019
21.000641 8 36 36
21.000641 19 446 446
21.000641 28 35 35
21.000641 36 143 143
21.000641 40 1086 1086
21.000641 43 1380 1380
21.000641 65 455 455
21.000641 66 223 223
21.000641 85 1094 1094
21.000641 109 1081 1081
22.000671 8 35 35
22.000671 19 496 496
22.000671 28 37 37
22.000671 36 62 62
22.000671 40 1068 1068
22.000671 43 1314 1314
22.000671 65 413 413
22.000671 66 244 244
22.000671 85 1101 1101
22.000671 109 1212 1212
23.000702 8 13 13
23.000702 19 599 599
23.000702 28 59 59
23.000702 36 2 2
23.000702 40 1006 1006
23.000702 43 1317 1317
23.000702 65 333 333
23.000702 66 271 271
23.000702 85 1128 1128
23.000702 109 1307 1307
24.000732 19 606 606
24.000732 28 76 76
24.000732 40 980 980
24.000732 43 1262 1262
24.000732 65 273 273
24.000732 66 321 321
24.000732 85 1208 1208
24.000732 109 1330 1330
25.000763 19 627 627
25.000763 28 70 70
25.000763 40 931 931
25.000763 43 1255 1255
25.000763 65 220 220
25.000763 66 394 394
25.000763 85 1208 1208
25.000763 109 1238 1238
26.000793 19 719 719
26.000793 28 42 42
26.000793 40 1092 1092
26.000793 43 1309 1309
26.000793 65 153 153
26.000793 66 426 426
26.000793 85 1191 1191
26.000793 109 1062 1062
27.000824 19 712 712
27.000824 28 21 21
27.000824 40 1143 1143
27.000824 43 1439 1439
27.000824 65 141 141
27.000824 66 434 434
27.000824 85 1249 1249
27.000824 109 885 885
28.000854 19 679 679
28.000854 40 1177 1177
28.000854 43 1391 1391
28.000854 65 135 135
28.000854 66 452 452
28.000854 85 1350 1350
28.000854 109 802 802
29.000885 19 647 647
29.000885 40 1028 1028
29.000885 43 1308 1308
29.000885 65 138 138
29.000885 66 570 570
29.000885 85 1484 1484
29.000885 109 829 829
30.000916 19 573 573
30.000916 40 873 873
30.000916 43 1314 1314
30.000916 65 119 119
30.000916 66 700 700
30.000916 85 1596 1596
30.000916 109 803 803
31.000946 19 575 575
31.000946 40 686 686
31.000946 43 1362 1362
31.000946 65 67 67
31.000946 66 885 885
31.000946 85 1604 1604
31.000946 109 803 803
32.000977 19 564 564
32.000977 40 765 765
32.000977 43 1376 1376
32.000977 65 37 37
32.000977 66 866 866
32.000977 85 1587 1587
32.000977 109 799 799
33.001007 19 451 451
33.001007 40 652 652
33.001007 43 1320 1320
33.001007 65 30 30
33.001007 66 958 958
33.001007 85 1762 1762
33.001007 109 832 832
34.001038 19 394 394
34.001038 40 482 482
34.001038 43 1336 1336
34.001038 65 15 15
34.001038 66 1037 1037
34.001038 85 1823 1823
34.001038 109 859 859
35.001068 19 352 352
35.001068 40 407 407
35.001068 43 1353 1353
35.001068 66 1086 1086
35.001068 85 1894 1894
35.001068 109 909 909
36.001099 19 279 279
36.001099 40 416 416
36.001099 43 1479 1479
36.001099 66 1002 1002
36.001099 85 2023 2023
36.001099 109 813 813
37.001129 19 177 177
37.001129 40 442 442
37.001129 43 1599 1599
37.001129 66 940 940
37.001129 85 2062 2062
37.001129 109 741 741
38.001160 19 114 114
38.001160 40 512 512
38.001160 43 1760 1760
38.001160 66 884 884
38.001160 85 2065 2065
38.001160 109 694 694
39.001190 19 123 123
39.001190 40 603 603
39.001190 43 1788 1788
39.001190 66 775 775
39.001190 85 2036 2036
39.001190 109 686 686
40.001221 19 149 149
40.001221 40 623 623
40.001221 43 1727 1727
40.001221 66 672 672
40.001221 85 2080 2080
40.001221 109 777 777
41.001251 19 153 153
41.001251 40 629 629
41.001251 43 1757 1757
41.001251 66 625 625
41.001251 85 2020 2020
41.001251 109 804 804
42.001282 19 143 143
42.001282 40 645 645
42.001282 43 1711 1711
42.001282 66 612 612
42.001282 85 2040 2040
42.001282 109 882 882
43.001312 19 155 155
43.001312 40 509 509
43.001312 43 1757 1757
43.001312 66 569 569
43.001312 85 1996 1996
43.001312 109 1000 1000
44.001343 19 122 122
44.001343 40 508 508
44.001343 43 1817 1817
44.001343 66 542 542
44.001343 85 1965 1965
44.001343 109 1021 1021
45.001373 19 73 73
45.001373 40 533 533
45.001373 43 1858 1858
45.001373 66 514 514
45.001373 85 2009 2009
45.001373 109 1061 1061
46.001404 19 10 10
46.001404 40 528 528
46.001404 43 1846 1846
46.001404 66 461 461
46.001404 85 2064 2064
46.001404 109 1116 1116
47.001434 40 499 499
47.001434 43 1877 1877
47.001434 66 422 422
47.001434 85 2034 2034
47.001434 109 1137 1137
48.001465 40 446 446
48.001465 43 1989 1989
48.001465 66 409 409
48.001465 85 1973 1973
48.001465 109 1211 1211
49.001495 40 390 390
49.001495 43 2082 2082
49.001495 66 384 384
49.001495 85 1820 1820
49.001495 109 1358 1358
50.001526 40 373 373
50.001526 43 2042 2042
50.001526 66 354 354
50.001526 85 1759 1759
50.001526 109 1423 1423
51.001556 40 325 325
51.001556 43 2116 2116
51.001556 66 303 303
51.001556 85 1724 1724
51.001556 109 1543 1543
52.001587 40 282 282
52.001587 43 2100 2100
52.001587 66 295 295
52.001587 85 1665 1665
52.001587 109 1655 1655
53.001617 40 259 259
53.001617 43 2019 2019
53.001617 66 292 292
53.001617 85 1761 1761
53.001617 109 1663 1663
54.001648 40 226 226
54.001648 43 1943 1943
54.001648 66 274 274
54.001648 85 1812 1812
54.001648 109 1752 1752
55.001678 40 238 238
55.001678 43 2005 2005
55.001678 66 231 231
55.001678 85 1792 1792
55.001678 109 1760 1760
56.001709 40 238 238
56.001709 43 1977 1977
56.001709 66 205 205
56.001709 85 1816 1816
56.001709 109 1817 1817
57.001740 40 196 196
57.001740 43 2004 2004
57.001740 66 237 237
57.001740 85 1720 1720
57.001740 109 1830 1830
58.001770 40 162 162
58.001770 43 2033 2033
58.001770 66 220 220
58.001770 85 1703 1703
58.001770 109 1834 1834
59.001801 40 175 175
59.001801 43 2082 2082
59.001801 66 185 185
59.001801 85 1729 1729
59.001801 109 1830 1830
60.001831 40 191 191
60.001831 43 2001 2001
60.001831 66 195 195
60.001831 85 1761 1761
60.001831 109 1846 1846
61.001862 40 192 192
61.001862 43 1930 1930
61.001862 66 179 179
61.001862 85 1796 1796
61.001862 109 1888 1888
62.001892 40 153 153
62.001892 43 1877 1877
62.001892 66 201 201
62.001892 85 1810 1810
62.001892 109 1991 1991
63.001923 40 140 140
63.001923 43 1838 1838
63.001923 66 245 245
63.001923 85 1835 1835
63.001923 109 1957 1957
64.001953 40 108 108
64.001953 43 1808 1808
64.001953 66 311 311
64.001953 85 1841 1841
64.001953 109 1953 1953
65.001984 40 98 98
65.001984 43 1810 1810
65.001984 66 391 391
65.001984 85 1749 1749
65.001984 109 1954 1954
66.002014 40 85 85
66.002014 43 1872 1872
66.002014 66 359 359
66.002014 85 1751 1751
66.002014 109 1953 1953
67.002045 40 103 103
67.002045 43 1908 1908
67.002045 66 260 260
67.002045 85 1803 1803
67.002045 109 1940 1940
68.002075 40 88 88
68.002075 43 1974 1974
68.002075 66 212 212
68.002075 85 1880 1880
68.002075 109 1846 1846
69.002106 40 85 85
69.002106 43 1923 1923
69.002106 66 212 212
69.002106 85 1944 1944
69.002106 109 1840 1840
70.002136 40 59 59
70.002136 43 1859 1859
70.002136 66 235 235
70.002136 85 2042 2042
70.002136 109 1842 1842
71.002167 40 63 63
71.002167 43 1964 1964
71.002167 66 196 196
71.002167 85 1999 1999
71.002167 109 1739 1739
