0.000000 0 1 1
0.000000 1 1 1
0.000000 2 1 1
0.000000 3 1 1
0.000000 4 1 1
0.000000 5 1 1
0.000000 6 1 1
0.000000 7 1 1
0.000000 9 1 1
0.000000 11 1 1
0.000000 12 1 1
0.000000 13 1 1
0.000000 14 1 1
0.000000 15 1 1
0.000000 16 1 1
0.000000 17 1 1
0.000000 18 1 1
0.000000 19 1 1
0.000000 20 1 1
0.000000 21 1 1
0.000000 22 1 1
0.000000 23 1 1
0.000000 24 1 1
0.000000 25 1 1
0.000000 26 1 1
0.000000 27 1 1
0.000000 28 1 1
0.000000 29 1 1
0.000000 30 1 1
0.000000 31 1 1
0.000000 32 1 1
0.000000 33 1 1
0.000000 34 1 1
0.000000 35 1 1
0.000000 36 1 1
0.000000 37 1 1
0.000000 39 1 1
0.000000 41 1 1
0.000000 42 1 1
0.000000 43 1 1
0.000000 44 1 1
0.000000 46 1 1
0.000000 47 1 1
0.000000 48 1 1
0.000000 49 1 1
0.000000 50 1 1
0.000000 51 1 1
0.000000 52 1 1
0.000000 53 1 1
0.000000 54 1 1
0.000000 55 1 1
0.000000 56 1 1
0.000000 57 1 1
0.000000 58 1 1
0.000000 59 1 1
0.000000 60 1 1
0.000000 61 1 1
0.000000 62 1 1
0.000000 63 1 1
0.000000 64 1 1
0.000000 65 1 1
0.000000 66 1 1
0.000000 67 1 1
0.000000 68 1 1
0.000000 69 1 1
0.000000 70 1 1
0.000000 71 1 1
0.000000 72 1 1
0.000000 73 1 1
0.000000 74 1 1
0.000000 75 1 1
0.000000 76 1 1
0.000000 77 1 1
0.000000 78 1 1
0.000000 79 1 1
0.000000 80 1 1
0.000000 82 1 1
0.000000 83 1 1
0.000000 85 1 1
0.000000 86 1 1
0.000000 88 1 1
0.000000 89 1 1
0.000000 90 1 1
0.000000 91 1 1
0.000000 92 1 1
0.000000 93 1 1
0.000000 94 1 1
0.000000 96 1 1
0.000000 97 1 1
0.000000 98 1 1
0.000000 99 1 1
0.000000 100 1 1
0.000000 101 1 1
0.000000 102 1 1
0.000000 103 1 1
0.000000 104 1 1
0.000000 105 1 1
0.000000 106 1 1
0.000000 107 1 1
0.000000 108 1 1
0.000000 109 1 1
1.000031 0 2 2
1.000031 1 2 2
1.000031 2 2 2
1.000031 3 2 2
1.000031 4 1 1
1.000031 5 2 2
1.000031 6 2 2
1.000031 7 1 1
1.000031 9 2 2
1.000031 11 1 1
1.000031 12 2 2
1.000031 13 2 2
1.000031 14 1 1
1.000031 15 1 1
1.000031 16 1 1
1.000031 17 1 1
1.000031 18 1 1
1.000031 19 1 1
1.000031 20 1 1
1.000031 21 2 2
1.000031 22 2 2
1.000031 23 2 2
1.000031 24 1 1
1.000031 25 1 1
1.000031 26 1 1
1.000031 27 1 1
1.000031 28 1 1
1.000031 29 1 1
1.000031 30 1 1
1.000031 31 1 1
1.000031 32 1 1
1.000031 33 2 2
1.000031 34 2 2
1.000031 35 1 1
1.000031 36 2 2
1.000031 37 2 2
1.000031 39 2 2
1.000031 41 1 1
1.000031 42 2 2
1.000031 43 1 1
1.000031 44 1 1
1.000031 46 2 2
1.000031 47 2 2
1.000031 48 1 1
1.000031 49 2 2
1.000031 50 1 1
1.000031 51 1 1
1.000031 52 1 1
1.000031 53 2 2
1.000031 54 1 1
1.000031 55 1 1
1.000031 56 2 2
1.000031 57 2 2
1.000031 58 1 1
1.000031 59 2 2
1.000031 60 2 2
1.000031 61 1 1
1.000031 62 1 1
1.000031 63 2 2
1.000031 64 2 2
1.000031 65 1 1
1.000031 66 2 2
1.000031 67 1 1
1.000031 68 1 1
1.000031 69 2 2
1.000031 70 2 2
1.000031 71 2 2
1.000031 72 1 1
1.000031 73 1 1
1.000031 74 1 1
1.000031 75 1 1
1.000031 76 1 1
1.000031 77 2 2
1.000031 78 2 2
1.000031 79 2 2
1.000031 80 2 2
1.000031 82 2 2
1.000031 83 1 1
1.000031 85 1 1
1.000031 86 2 2
1.000031 88 1 1
1.000031 89 2 2
1.000031 90 2 2
1.000031 91 2 2
1.000031 92 1 1
1.000031 93 1 1
1.000031 94 1 1
1.000031 96 1 1
1.000031 97 2 2
1.000031 98 1 1
1.000031 99 2 2
1.000031 100 2 2
1.000031 101 1 1
1.000031 102 2 2
1.000031 103 2 2
1.000031 104 1 1
1.000031 105 2 2
1.000031 106 2 2
1.000031 107 2 2
1.000031 108 1 1
1.000031 109 2 2
2.000061 0 2 2
2.000061 1 2 2
2.000061 2 2 2
2.000061 3 3 3
2.000061 4 2 2
2.000061 5 2 2
2.000061 6 2 2
2.000061 7 2 2
2.000061 9 3 3
2.000061 11 2 2
2.000061 12 2 2
2.000061 13 2 2
2.000061 14 2 2
2.000061 15 2 2
2.000061 16 2 2
2.000061 17 2 2
2.000061 18 2 2
2.000061 19 2 2
2.000061 20 2 2
2.000061 21 3 3
2.000061 22 2 2
2.000061 23 2 2
2.000061 24 2 2
2.000061 25 2 2
2.000061 26 2 2
2.000061 27 2 2
2.000061 28 2 2
2.000061 29 2 2
2.000061 30 2 2
2.000061 31 2 2
2.000061 32 2 2
2.000061 33 2 2
2.000061 34 2 2
2.000061 35 2 2
2.000061 36 2 2
2.000061 37 2 2
2.000061 39 3 3
2.000061 41 2 2
2.000061 42 2 2
2.000061 43 2 2
2.000061 44 2 2
2.000061 46 2 2
2.000061 47 2 2
2.000061 48 2 2
2.000061 49 3 3
2.000061 50 2 2
2.000061 51 2 2
2.000061 52 2 2
2.000061 53 2 2
2.000061 54 2 2
2.000061 55 2 2
2.000061 56 2 2
2.000061 57 2 2
2.000061 58 2 2
2.000061 59 2 2
2.000061 60 2 2
2.000061 61 2 2
2.000061 62 2 2
2.000061 63 2 2
2.000061 64 2 2
2.000061 65 3 3
2.000061 66 2 2
2.000061 67 2 2
2.000061 68 2 2
2.000061 69 2 2
2.000061 70 2 2
2.000061 71 2 2
2.000061 72 2 2
2.000061 73 2 2
2.000061 74 2 2
2.000061 75 2 2
2.000061 76 2 2
2.000061 77 2 2
2.000061 78 2 2
2.000061 79 2 2
2.000061 80 2 2
2.000061 82 3 3
2.000061 83 2 2
2.000061 85 2 2
2.000061 86 2 2
2.000061 88 3 3
2.000061 89 3 3
2.000061 90 2 2
2.000061 91 2 2
2.000061 92 2 2
2.000061 93 3 3
2.000061 94 2 2
2.000061 96 2 2
2.000061 97 2 2
2.000061 98 2 2
2.000061 99 2 2
2.000061 100 3 3
2.000061 101 2 2
2.000061 102 3 3
2.000061 103 2 2
2.000061 104 2 2
2.000061 105 2 2
2.000061 106 3 3
2.000061 107 2 2
2.000061 108 2 2
2.000061 109 2 2
3.000092 0 4 4
3.000092 1 4 4
3.000092 2 4 4
3.000092 3 4 4
3.000092 4 4 4
3.000092 5 4 4
3.000092 6 4 4
3.000092 7 3 3
3.000092 9 4 4
3.000092 11 3 3
3.000092 12 2 2
3.000092 13 4 4
3.000092 14 3 3
3.000092 15 3 3
3.000092 16 4 4
3.000092 17 4 4
3.000092 18 4 4
3.000092 19 4 4
3.000092 20 4 4
3.000092 21 4 4
3.000092 22 4 4
3.000092 23 4 4
3.000092 24 4 4
3.000092 25 4 4
3.000092 26 3 3
3.000092 27 3 3
3.000092 28 4 4
3.000092 29 3 3
3.000092 30 4 4
3.000092 31 3 3
3.000092 32 3 3
3.000092 33 4 4
3.000092 34 4 4
3.000092 35 4 4
3.000092 36 4 4
3.000092 37 4 4
3.000092 39 6 6
3.000092 41 3 3
3.000092 42 4 4
3.000092 43 4 4
3.000092 44 2 2
3.000092 46 3 3
3.000092 47 4 4
3.000092 48 3 3
3.000092 49 4 4
3.000092 50 4 4
3.000092 51 3 3
3.000092 52 4 4
3.000092 53 4 4
3.000092 54 4 4
3.000092 55 4 4
3.000092 56 4 4
3.000092 57 4 4
3.000092 58 3 3
3.000092 59 4 4
3.000092 60 4 4
3.000092 61 4 4
3.000092 62 4 4
3.000092 63 4 4
3.000092 64 4 4
3.000092 65 4 4
3.000092 66 4 4
3.000092 67 4 4
3.000092 68 4 4
3.000092 69 4 4
3.000092 70 4 4
3.000092 71 4 4
3.000092 72 4 4
3.000092 73 4 4
3.000092 74 4 4
3.000092 75 4 4
3.000092 76 4 4
3.000092 77 4 4
3.000092 78 4 4
3.000092 79 4 4
3.000092 80 4 4
3.000092 82 4 4
3.000092 83 4 4
3.000092 85 4 4
3.000092 86 4 4
3.000092 88 4 4
3.000092 89 4 4
3.000092 90 4 4
3.000092 91 4 4
3.000092 92 4 4
3.000092 93 5 5
3.000092 94 4 4
3.000092 96 4 4
3.000092 97 4 4
3.000092 98 4 4
3.000092 99 4 4
3.000092 100 5 5
3.000092 101 4 4
3.000092 102 4 4
3.000092 103 4 4
3.000092 104 3 3
3.000092 105 3 3
3.000092 106 4 4
3.000092 107 4 4
3.000092 108 3 3
3.000092 109 4 4
4.000122 0 5 5
4.000122 1 8 8
4.000122 2 8 8
4.000122 3 6 6
4.000122 4 5 5
4.000122 5 7 7
4.000122 6 5 5
4.000122 7 5 5
4.000122 9 8 8
4.000122 11 4 4
4.000122 12 3 3
4.000122 13 6 6
4.000122 14 4 4
4.000122 15 6 6
4.000122 16 6 6
4.000122 17 6 6
4.000122 18 5 5
4.000122 19 4 4
4.000122 20 7 7
4.000122 21 5 5
4.000122 22 7 7
4.000122 23 6 6
4.000122 24 6 6
4.000122 25 6 6
4.000122 26 4 4
4.000122 27 4 4
4.000122 28 4 4
4.000122 29 4 4
4.000122 30 8 8
4.000122 31 5 5
4.000122 32 6 6
4.000122 33 6 6
4.000122 34 6 6
4.000122 35 6 6
4.000122 36 5 5
4.000122 37 7 7
4.000122 39 9 9
4.000122 41 4 4
4.000122 42 7 7
4.000122 43 5 5
4.000122 44 4 4
4.000122 46 5 5
4.000122 47 8 8
4.000122 48 7 7
4.000122 49 6 6
4.000122 50 5 5
4.000122 51 5 5
4.000122 52 6 6
4.000122 53 8 8
4.000122 54 5 5
4.000122 55 5 5
4.000122 56 5 5
4.000122 57 5 5
4.000122 58 4 4
4.000122 59 7 7
4.000122 60 8 8
4.000122 61 5 5
4.000122 62 7 7
4.000122 63 6 6
4.000122 64 8 8
4.000122 65 8 8
4.000122 66 7 7
4.000122 67 4 4
4.000122 68 4 4
4.000122 69 6 6
4.000122 70 7 7
4.000122 71 6 6
4.000122 72 4 4
4.000122 73 5 5
4.000122 74 7 7
4.000122 75 4 4
4.000122 76 7 7
4.000122 77 7 7
4.000122 78 7 7
4.000122 79 8 8
4.000122 80 7 7
4.000122 82 8 8
4.000122 83 6 6
4.000122 85 6 6
4.000122 86 8 8
4.000122 88 6 6
4.000122 89 8 8
4.000122 90 8 8
4.000122 91 6 6
4.000122 92 5 5
4.000122 93 7 7
4.000122 94 5 5
4.000122 96 4 4
4.000122 97 8 8
4.000122 98 6 6
4.000122 99 7 7
4.000122 100 9 9
4.000122 101 4 4
4.000122 102 7 7
4.000122 103 6 6
4.000122 104 4 4
4.000122 105 7 7
4.000122 106 7 7
4.000122 107 6 6
4.000122 108 5 5
4.000122 109 7 7
5.000153 0 8 8
5.000153 1 10 10
5.000153 2 9 9
5.000153 3 11 11
5.000153 4 8 8
5.000153 5 11 11
5.000153 6 9 9
5.000153 7 7 7
5.000153 9 12 12
5.000153 11 7 7
5.000153 12 3 3
5.000153 13 9 9
5.000153 14 8 8
5.000153 15 8 8
5.000153 16 9 9
5.000153 17 10 10
5.000153 18 8 8
5.000153 19 8 8
5.000153 20 8 8
5.000153 21 9 9
5.000153 22 10 10
5.000153 23 8 8
5.000153 24 8 8
5.000153 25 8 8
5.000153 26 8 8
5.000153 27 8 8
5.000153 28 8 8
5.000153 29 7 7
5.000153 30 9 9
5.000153 31 7 7
5.000153 32 9 9
5.000153 33 8 8
5.000153 34 10 10
5.000153 35 10 10
5.000153 36 9 9
5.000153 37 8 8
5.000153 39 13 13
5.000153 41 8 8
5.000153 42 8 8
5.000153 43 8 8
5.000153 44 8 8
5.000153 46 7 7
5.000153 47 10 10
5.000153 48 9 9
5.000153 49 10 10
5.000153 50 8 8
5.000153 51 8 8
5.000153 52 7 7
5.000153 53 11 11
5.000153 54 8 8
5.000153 55 9 9
5.000153 56 9 9
5.000153 57 9 9
5.000153 58 8 8
5.000153 59 8 8
5.000153 60 13 13
5.000153 61 8 8
5.000153 62 8 8
5.000153 63 9 9
5.000153 64 11 11
5.000153 65 11 11
5.000153 66 9 9
5.000153 67 8 8
5.000153 68 8 8
5.000153 69 9 9
5.000153 70 9 9
5.000153 71 9 9
5.000153 72 8 8
5.000153 73 8 8
5.000153 74 9 9
5.000153 75 8 8
5.000153 76 11 11
5.000153 77 8 8
5.000153 78 9 9
5.000153 79 15 15
5.000153 80 9 9
5.000153 82 14 14
5.000153 83 11 11
5.000153 85 8 8
5.000153 86 9 9
5.000153 88 10 10
5.000153 89 14 14
5.000153 90 9 9
5.000153 91 10 10
5.000153 92 9 9
5.000153 93 12 12
5.000153 94 8 8
5.000153 96 8 8
5.000153 97 9 9
5.000153 98 9 9
5.000153 99 13 13
5.000153 100 12 12
5.000153 101 8 8
5.000153 102 12 12
5.000153 103 8 8
5.000153 104 7 7
5.000153 105 8 8
5.000153 106 11 11
5.000153 107 9 9
5.000153 108 9 9
5.000153 109 10 10
6.000183 0 13 13
6.000183 1 18 18
6.000183 2 16 16
6.000183 3 16 16
6.000183 4 15 15
6.000183 5 17 17
6.000183 6 17 17
6.000183 7 13 13
6.000183 9 19 19
6.000183 11 12 12
6.000183 12 6 6
6.000183 13 12 12
6.000183 14 13 13
6.000183 15 14 14
6.000183 16 17 17
6.000183 17 15 15
6.000183 18 15 15
6.000183 19 13 13
6.000183 20 15 15
6.000183 21 17 17
6.000183 22 16 16
6.000183 23 16 16
6.000183 24 14 14
6.000183 25 16 16
6.000183 26 12 12
6.000183 27 12 12
6.000183 28 15 15
6.000183 29 11 11
6.000183 30 16 16
6.000183 31 14 14
6.000183 32 16 16
6.000183 33 14 14
6.000183 34 14 14
6.000183 35 17 17
6.000183 36 16 16
6.000183 37 16 16
6.000183 39 21 21
6.000183 41 12 12
6.000183 42 16 16
6.000183 43 15 15
6.000183 44 14 14
6.000183 46 13 13
6.000183 47 16 16
6.000183 48 15 15
6.000183 49 17 17
6.000183 50 14 14
6.000183 51 13 13
6.000183 52 15 15
6.000183 53 16 16
6.000183 54 14 14
6.000183 55 14 14
6.000183 56 13 13
6.000183 57 18 18
6.000183 58 13 13
6.000183 59 16 16
6.000183 60 18 18
6.000183 61 15 15
6.000183 62 15 15
6.000183 63 15 15
6.000183 64 17 17
6.000183 65 18 18
6.000183 66 17 17
6.000183 67 14 14
6.000183 68 15 15
6.000183 69 16 16
6.000183 70 16 16
6.000183 71 16 16
6.000183 72 15 15
6.000183 73 16 16
6.000183 74 15 15
6.000183 75 16 16
6.000183 76 17 17
6.000183 77 16 16
6.000183 78 15 15
6.000183 79 20 20
6.000183 80 15 15
6.000183 82 19 19
6.000183 83 16 16
6.000183 85 15 15
6.000183 86 17 17
6.000183 88 16 16
6.000183 89 19 19
6.000183 90 16 16
6.000183 91 14 14
6.000183 92 15 15
6.000183 93 19 19
6.000183 94 15 15
6.000183 96 13 13
6.000183 97 16 16
6.000183 98 16 16
6.000183 99 16 16
6.000183 100 19 19
6.000183 101 13 13
6.000183 102 18 18
6.000183 103 16 16
6.000183 104 14 14
6.000183 105 15 15
6.000183 106 18 18
6.000183 107 16 16
6.000183 108 14 14
6.000183 109 15 15
7.000214 0 22 22
7.000214 1 28 28
7.000214 2 23 23
7.000214 3 28 28
7.000214 4 21 21
7.000214 5 29 29
7.000214 6 24 24
7.000214 7 19 19
7.000214 9 29 29
7.000214 11 16 16
7.000214 12 10 10
7.000214 13 18 18
7.000214 14 18 18
7.000214 15 23 23
7.000214 16 25 25
7.000214 17 26 26
7.000214 18 22 22
7.000214 19 18 18
7.000214 20 24 24
7.000214 21 26 26
7.000214 22 24 24
7.000214 23 22 22
7.000214 24 22 22
7.000214 25 20 20
7.000214 26 18 18
7.000214 27 20 20
7.000214 28 23 23
7.000214 29 16 16
7.000214 30 23 23
7.000214 31 18 18
7.000214 32 23 23
7.000214 33 22 22
7.000214 34 25 25
7.000214 35 27 27
7.000214 36 23 23
7.000214 37 24 24
7.000214 39 35 35
7.000214 41 19 19
7.000214 42 26 26
7.000214 43 22 22
7.000214 44 16 16
7.000214 46 19 19
7.000214 47 28 28
7.000214 48 25 25
7.000214 49 26 26
7.000214 50 18 18
7.000214 51 18 18
7.000214 52 20 20
7.000214 53 30 30
7.000214 54 20 20
7.000214 55 22 22
7.000214 56 20 20
7.000214 57 23 23
7.000214 58 19 19
7.000214 59 26 26
7.000214 60 30 30
7.000214 61 25 25
7.000214 62 26 26
7.000214 63 28 28
7.000214 64 31 31
7.000214 65 29 29
7.000214 66 26 26
7.000214 67 20 20
7.000214 68 20 20
7.000214 69 24 24
7.000214 70 25 25
7.000214 71 22 22
7.000214 72 19 19
7.000214 73 19 19
7.000214 74 23 23
7.000214 75 19 19
7.000214 76 29 29
7.000214 77 26 26
7.000214 78 26 26
7.000214 79 34 34
7.000214 80 27 27
7.000214 82 33 33
7.000214 83 25 25
7.000214 85 23 23
7.000214 86 30 30
7.000214 88 26 26
7.000214 89 32 32
7.000214 90 29 29
7.000214 91 23 23
7.000214 92 23 23
7.000214 93 29 29
7.000214 94 23 23
7.000214 96 20 20
7.000214 97 28 28
7.000214 98 28 28
7.000214 99 28 28
7.000214 100 31 31
7.000214 101 16 16
7.000214 102 26 26
7.000214 103 22 22
7.000214 104 19 19
7.000214 105 24 24
7.000214 106 29 29
7.000214 107 26 26
7.000214 108 21 21
7.000214 109 22 22
8.000244 0 35 35
8.000244 1 41 41
8.000244 2 39 39
8.000244 3 41 41
8.000244 4 35 35
8.000244 5 44 44
8.000244 6 37 37
8.000244 7 30 30
8.000244 9 51 51
8.000244 11 27 27
8.000244 12 12 12
8.000244 13 33 33
8.000244 14 29 29
8.000244 15 31 31
8.000244 16 37 37
8.000244 17 41 41
8.000244 18 35 35
8.000244 19 31 31
8.000244 20 37 37
8.000244 21 38 38
8.000244 22 43 43
8.000244 23 35 35
8.000244 24 35 35
8.000244 25 33 33
8.000244 26 30 30
8.000244 27 33 33
8.000244 28 33 33
8.000244 29 28 28
8.000244 30 37 37
8.000244 31 34 34
8.000244 32 36 36
8.000244 33 38 38
8.000244 34 40 40
8.000244 35 42 42
8.000244 36 37 37
8.000244 37 39 39
8.000244 39 55 55
8.000244 41 31 31
8.000244 42 37 37
8.000244 43 37 37
8.000244 44 30 30
8.000244 46 33 33
8.000244 47 41 41
8.000244 48 38 38
8.000244 49 42 42
8.000244 50 33 33
8.000244 51 28 28
8.000244 52 35 35
8.000244 53 44 44
8.000244 54 34 34
8.000244 55 37 37
8.000244 56 36 36
8.000244 57 41 41
8.000244 58 32 32
8.000244 59 35 35
8.000244 60 52 52
8.000244 61 37 37
8.000244 62 36 36
8.000244 63 42 42
8.000244 64 48 48
8.000244 65 49 49
8.000244 66 46 46
8.000244 67 32 32
8.000244 68 32 32
8.000244 69 38 38
8.000244 70 39 39
8.000244 71 35 35
8.000244 72 32 32
8.000244 73 34 34
8.000244 74 37 37
8.000244 75 35 35
8.000244 76 43 43
8.000244 77 34 34
8.000244 78 37 37
8.000244 79 56 56
8.000244 80 38 38
8.000244 82 49 49
8.000244 83 43 43
8.000244 85 33 33
8.000244 86 41 41
8.000244 88 40 40
8.000244 89 50 50
8.000244 90 41 41
8.000244 91 41 41
8.000244 92 34 34
8.000244 93 45 45
8.000244 94 34 34
8.000244 96 34 34
8.000244 97 43 43
8.000244 98 45 45
8.000244 99 46 46
8.000244 100 49 49
8.000244 101 29 29
8.000244 102 47 47
8.000244 103 34 34
8.000244 104 31 31
8.000244 105 39 39
8.000244 106 47 47
8.000244 107 36 36
8.000244 108 36 36
8.000244 109 40 40
9.000275 0 55 55
9.000275 1 60 60
9.000275 2 64 64
9.000275 3 68 68
9.000275 4 50 50
9.000275 5 68 68
9.000275 6 66 66
9.000275 7 52 52
9.000275 9 81 81
9.000275 11 19 19
9.000275 13 53 53
9.000275 14 47 47
9.000275 15 52 52
9.000275 16 64 64
9.000275 17 66 66
9.000275 18 61 61
9.000275 19 40 40
9.000275 20 60 60
9.000275 22 63 63
9.000275 23 63 63
9.000275 24 56 56
9.000275 25 56 56
9.000275 26 51 51
9.000275 27 51 51
9.000275 28 58 58
9.000275 29 44 44
9.000275 30 60 60
9.000275 31 57 57
9.000275 32 31 31
9.000275 34 40 40
9.000275 35 68 68
9.000275 36 60 60
9.000275 37 4 4
9.000275 39 88 88
9.000275 41 29 29
9.000275 42 59 59
9.000275 43 60 60
9.000275 44 50 50
9.000275 46 47 47
9.000275 47 67 67
9.000275 48 60 60
9.000275 49 68 68
9.000275 50 56 56
9.000275 51 48 48
9.000275 52 53 53
9.000275 53 67 67
9.000275 54 58 58
9.000275 55 60 60
9.000275 57 67 67
9.000275 58 50 50
9.000275 59 62 62
9.000275 60 75 75
9.000275 61 60 60
9.000275 62 57 57
9.000275 63 65 65
9.000275 64 70 70
9.000275 65 74 74
9.000275 66 68 68
9.000275 67 58 58
9.000275 68 56 56
9.000275 69 62 62
9.000275 70 65 65
9.000275 71 66 66
9.000275 72 54 54
9.000275 73 53 53
9.000275 74 65 65
9.000275 75 63 63
9.000275 76 70 70
9.000275 77 63 63
9.000275 78 63 63
9.000275 79 82 82
9.000275 80 62 62
9.000275 82 81 81
9.000275 83 65 65
9.000275 85 58 58
9.000275 86 72 72
9.000275 88 64 64
9.000275 89 85 85
9.000275 90 34 34
9.000275 91 64 64
9.000275 93 70 70
9.000275 94 62 62
9.000275 96 52 52
9.000275 97 66 66
9.000275 98 58 58
9.000275 99 68 68
9.000275 101 43 43
9.000275 102 74 74
9.000275 103 55 55
9.000275 104 58 58
9.000275 105 56 56
9.000275 106 72 72
9.000275 107 59 59
9.000275 108 58 58
9.000275 109 57 57
10.000305 0 89 89
10.000305 2 98 98
10.000305 3 117 117
10.000305 5 117 117
10.000305 7 68 68
10.000305 9 1 1
10.000305 13 9 9
10.000305 14 73 73
10.000305 16 104 104
10.000305 17 2 2
10.000305 18 87 87
10.000305 20 44 44
10.000305 24 87 87
10.000305 25 75 75
10.000305 26 76 76
10.000305 27 51 51
10.000305 28 95 95
10.000305 29 2 2
10.000305 30 90 90
10.000305 31 23 23
10.000305 35 109 109
10.000305 36 94 94
10.000305 39 16 16
10.000305 42 99 99
10.000305 43 89 89
10.000305 44 73 73
10.000305 46 77 77
10.000305 48 94 94
10.000305 50 75 75
10.000305 51 73 73
10.000305 52 87 87
10.000305 53 121 121
10.000305 54 83 83
10.000305 55 92 92
10.000305 57 85 85
10.000305 58 49 49
10.000305 59 96 96
10.000305 60 128 128
10.000305 61 98 98
10.000305 62 7 7
10.000305 63 111 111
10.000305 64 55 55
10.000305 67 78 78
10.000305 68 87 87
10.000305 69 94 94
10.000305 70 103 103
10.000305 71 92 92
10.000305 72 80 80
10.000305 73 72 72
10.000305 74 97 97
10.000305 75 90 90
10.000305 76 77 77
10.000305 77 104 104
10.000305 78 105 105
10.000305 80 100 100
10.000305 82 127 127
10.000305 83 102 102
10.000305 85 92 92
10.000305 86 122 122
10.000305 88 98 98
10.000305 89 126 126
10.000305 91 44 44
10.000305 93 121 121
10.000305 94 94 94
10.000305 96 86 86
10.000305 97 97 97
10.000305 101 63 63
10.000305 102 116 116
10.000305 104 81 81
10.000305 105 96 96
10.000305 106 121 121
10.000305 108 15 15
11.000336 0 139 139
11.000336 2 155 155
11.000336 3 165 165
11.000336 5 87 87
11.000336 14 113 113
11.000336 16 161 161
11.000336 26 124 124
11.000336 28 144 144
11.000336 30 11 11
11.000336 35 169 169
11.000336 36 114 114
11.000336 42 155 155
11.000336 43 2 2
11.000336 46 130 130
11.000336 48 78 78
11.000336 50 135 135
11.000336 51 118 118
11.000336 52 21 21
11.000336 53 182 182
11.000336 54 119 119
11.000336 55 83 83
11.000336 59 155 155
11.000336 60 190 190
11.000336 61 147 147
11.000336 63 168 168
11.000336 67 133 133
11.000336 68 42 42
11.000336 69 148 148
11.000336 70 38 38
11.000336 71 146 146
11.000336 72 134 134
11.000336 75 137 137
11.000336 77 142 142
11.000336 78 43 43
11.000336 82 201 201
11.000336 85 119 119
11.000336 86 144 144
11.000336 88 56 56
11.000336 89 209 209
11.000336 93 192 192
11.000336 94 148 148
11.000336 96 139 139
11.000336 102 177 177
11.000336 104 131 131
11.000336 105 152 152
11.000336 106 193 193
12.000366 0 109 109
12.000366 2 255 255
12.000366 3 10 10
12.000366 14 162 162
12.000366 16 255 255
12.000366 26 199 199
12.000366 28 235 235
12.000366 35 275 275
12.000366 42 186 186
12.000366 46 195 195
12.000366 50 215 215
12.000366 51 125 125
12.000366 53 281 281
12.000366 54 13 13
12.000366 59 249 249
12.000366 60 306 306
12.000366 61 8 8
12.000366 63 277 277
12.000366 67 225 225
12.000366 69 23 23
12.000366 71 241 241
12.000366 72 223 223
12.000366 75 200 200
12.000366 77 169 169
12.000366 82 300 300
12.000366 85 14 14
12.000366 86 19 19
12.000366 89 262 262
12.000366 93 172 172
12.000366 94 239 239
12.000366 96 211 211
12.000366 102 31 31
12.000366 104 78 78
12.000366 105 239 239
12.000366 106 13 13
13.000397 0 22 22
13.000397 2 413 413
13.000397 14 28 28
13.000397 16 419 419
13.000397 26 197 197
13.000397 28 382 382
13.000397 35 339 339
13.000397 42 38 38
13.000397 46 195 195
13.000397 50 304 304
13.000397 51 1 1
13.000397 53 234 234
13.000397 59 400 400
13.000397 60 428 428
13.000397 63 445 445
13.000397 67 309 309
13.000397 71 221 221
13.000397 72 335 335
13.000397 75 31 31
13.000397 77 94 94
13.000397 82 383 383
13.000397 89 14 14
13.000397 93 13 13
13.000397 94 388 388
13.000397 96 185 185
13.000397 105 208 208
14.000427 2 627 627
14.000427 16 660 660
14.000427 26 135 135
14.000427 28 394 394
14.000427 35 70 70
14.000427 46 2 2
14.000427 50 358 358
14.000427 53 48 48
14.000427 59 484 484
14.000427 60 642 642
14.000427 63 617 617
14.000427 67 189 189
14.000427 71 126 126
14.000427 72 526 526
14.000427 77 11 11
14.000427 82 445 445
14.000427 94 549 549
14.000427 96 58 58
14.000427 105 42 42
15.000458 2 840 840
15.000458 16 1015 1015
15.000458 26 45 45
15.000458 28 292 292
15.000458 50 236 236
15.000458 59 333 333
15.000458 60 853 853
15.000458 63 714 714
15.000458 67 99 99
15.000458 71 55 55
15.000458 72 485 485
15.000458 82 540 540
15.000458 94 479 479
15.000458 96 10 10
16.000488 2 986 986
16.000488 16 1204 1204
16.000488 26 9 9
16.000488 28 192 192
16.000488 50 129 129
16.000488 59 150 150
16.000488 60 1095 1095
16.000488 63 775 775
16.000488 67 84 84
16.000488 71 9 9
16.000488 72 489 489
16.000488 82 592 592
16.000488 94 298 298
17.000519 2 1051 1051
17.000519 16 1279 1279
17.000519 28 153 153
17.000519 50 87 87
17.000519 59 46 46
17.000519 60 1261 1261
17.000519 63 758 758
17.000519 67 13 13
17.000519 72 544 544
17.000519 82 613 613
17.000519 94 203 203
18.000549 2 1147 1147
18.000549 16 1308 1308
18.000549 28 136 136
18.000549 50 11 11
18.000549 59 47 47
18.000549 60 1219 1219
18.000549 63 854 854
18.000549 72 509 509
18.000549 82 666 666
18.000549 94 84 84
19.000580 2 1115 1115
19.000580 16 1446 1446
19.000580 28 112 112
19.000580 59 21 21
19.000580 60 1254 1254
19.000580 63 922 922
19.000580 72 426 426
19.000580 82 646 646
19.000580 94 68 68
20.000610 2 1081 1081
20.000610 16 1488 1488
20.000610 28 83 83
20.000610 59 2 2
20.000610 60 1215 1215
20.000610 63 939 939
20.000610 72 521 521
20.000610 82 608 608
20.000610 94 68 68
21.000641 2 1106 1106
21.000641 16 1505 1505
21.000641 28 82 82
21.000641 60 1188 1188
21.000641 63 922 922
21.000641 72 589 589
21.000641 82 544 544
21.000641 94 54 54
22.000671 2 1159 1159
22.000671 16 1557 1557
22.000671 28 56 56
22.000671 60 1109 1109
22.000671 63 948 948
22.000671 72 663 663
22.000671 82 450 450
22.000671 94 25 25
23.000702 2 1146 1146
23.000702 16 1677 1677
23.000702 28 37 37
23.000702 60 1092 1092
23.000702 63 940 940
23.000702 72 722 722
23.000702 82 320 320
23.000702 94 29 29
24.000732 2 1152 1152
24.000732 16 1768 1768
24.000732 28 8 8
24.000732 60 1125 1125
24.000732 63 979 979
24.000732 72 698 698
24.000732 82 291 291
24.000732 94 18 18
25.000763 2 1122 1122
25.000763 16 1714 1714
25.000763 60 1043 1043
25.000763 63 1021 1021
25.000763 72 740 740
25.000763 82 305 305
25.000763 94 6 6
26.000793 2 1129 1129
26.000793 16 1701 1701
26.000793 60 996 996
26.000793 63 972 972
26.000793 72 874 874
26.000793 82 337 337
27.000824 2 1103 1103
27.000824 16 1554 1554
27.000824 60 1014 1014
27.000824 63 899 899
27.000824 72 1038 1038
27.000824 82 388 388
28.000854 2 1213 1213
28.000854 16 1481 1481
28.000854 60 963 963
28.000854 63 799 799
28.000854 72 1110 1110
28.000854 82 419 419
29.000885 2 1291 1291
29.000885 16 1383 1383
29.000885 60 972 972
29.000885 63 752 752
29.000885 72 1221 1221
29.000885 82 401 401
30.000916 2 1423 1423
30.000916 16 1316 1316
30.000916 60 933 933
30.000916 63 598 598
30.000916 72 1272 1272
30.000916 82 457 457
31.000946 2 1565 1565
31.000946 16 1302 1302
31.000946 60 874 874
31.000946 63 476 476
31.000946 72 1331 1331
31.000946 82 434 434
32.000977 2 1680 1680
32.000977 16 1311 1311
32.000977 60 916 916
32.000977 63 384 384
32.000977 72 1273 1273
32.000977 82 428 428
33.001007 2 1614 1614
33.001007 16 1260 1260
33.001007 60 971 971
33.001007 63 419 419
33.001007 72 1253 1253
33.001007 82 481 481
34.001038 2 1599 1599
34.001038 16 1186 1186
34.001038 60 987 987
34.001038 63 426 426
34.001038 72 1277 1277
34.001038 82 550 550
35.001068 2 1628 1628
35.001068 16 1156 1156
35.001068 60 961 961
35.001068 63 447 447
35.001068 72 1258 1258
35.001068 82 532 532
36.001099 2 1616 1616
36.001099 16 1178 1178
36.001099 60 968 968
36.001099 63 471 471
36.001099 72 1278 1278
36.001099 82 494 494
37.001129 2 1636 1636
37.001129 16 1253 1253
37.001129 60 950 950
37.001129 63 417 417
37.001129 72 1200 1200
37.001129 82 512 512
38.001160 2 1742 1742
38.001160 16 1315 1315
38.001160 60 908 908
38.001160 63 364 364
38.001160 72 1159 1159
38.001160 82 501 501
39.001190 2 1803 1803
39.001190 16 1326 1326
39.001190 60 933 933
39.001190 63 377 377
39.001190 72 1089 1089
39.001190 82 507 507
40.001221 2 1778 1778
40.001221 16 1408 1408
40.001221 60 951 951
40.001221 63 416 416
40.001221 72 940 940
40.001221 82 474 474
41.001251 2 1629 1629
41.001251 16 1473 1473
41.001251 60 984 984
41.001251 63 547 547
41.001251 72 883 883
41.001251 82 482 482
42.001282 2 1660 1660
42.001282 16 1501 1501
42.001282 60 950 950
42.001282 63 498 498
42.001282 72 892 892
42.001282 82 495 495
43.001312 2 1661 1661
43.001312 16 1428 1428
43.001312 60 948 948
43.001312 63 505 505
43.001312 72 936 936
43.001312 82 557 557
44.001343 2 1693 1693
44.001343 16 1408 1408
44.001343 60 857 857
44.001343 63 557 557
44.001343 72 881 881
44.001343 82 583 583
45.001373 2 1798 1798
45.001373 16 1424 1424
45.001373 60 825 825
45.001373 63 518 518
45.001373 72 871 871
45.001373 82 561 561
46.001404 2 1877 1877
46.001404 16 1362 1362
46.001404 60 761 761
46.001404 63 430 430
46.001404 72 931 931
46.001404 82 628 628
47.001434 2 1919 1919
47.001434 16 1284 1284
47.001434 60 750 750
47.001434 63 345 345
47.001434 72 980 980
47.001434 82 673 673
48.001465 2 2036 2036
48.001465 16 1266 1266
48.001465 60 786 786
48.001465 63 270 270
48.001465 72 918 918
48.001465 82 686 686
49.001495 2 2099 2099
49.001495 16 1182 1182
49.001495 60 780 780
49.001495 63 257 257
49.001495 72 965 965
49.001495 82 705 705
50.001526 2 2114 2114
50.001526 16 1143 1143
50.001526 60 812 812
50.001526 63 183 183
50.001526 72 1035 1035
50.001526 82 724 724
51.001556 2 2112 2112
51.001556 16 1168 1168
51.001556 60 812 812
51.001556 63 76 76
51.001556 72 1042 1042
51.001556 82 761 761
52.001587 2 2099 2099
52.001587 16 1191 1191
52.001587 60 794 794
52.001587 63 24 24
52.001587 72 1054 1054
52.001587 82 785 785
53.001617 2 2142 2142
53.001617 16 1202 1202
53.001617 60 766 766
53.001617 63 37 37
53.001617 72 1018 1018
53.001617 82 831 831
54.001648 2 2185 2185
54.001648 16 1158 1158
54.001648 60 749 749
54.001648 63 46 46
54.001648 72 921 921
54.001648 82 922 922
55.001678 2 2172 2172
55.001678 16 1166 1166
55.001678 60 777 777
55.001678 63 15 15
55.001678 72 896 896
55.001678 82 983 983
56.001709 2 2247 2247
56.001709 16 1169 1169
56.001709 60 736 736
56.001709 72 927 927
56.001709 82 912 912
57.001740 2 2276 2276
57.001740 16 1075 1075
57.001740 60 681 681
57.001740 72 959 959
57.001740 82 991 991
58.001770 2 2155 2155
58.001770 16 1019 1019
58.001770 60 689 689
58.001770 72 1056 1056
58.001770 82 1064 1064
59.001801 2 2142 2142
59.001801 16 1006 1006
59.001801 60 690 690
59.001801 72 1065 1065
59.001801 82 1057 1057
60.001831 2 2228 2228
60.001831 16 956 956
60.001831 60 651 651
60.001831 72 1057 1057
60.001831 82 1119 1119
61.001862 2 2151 2151
61.001862 16 1004 1004
61.001862 60 651 651
61.001862 72 1023 1023
61.001862 82 1118 1118
62.001892 2 2079 2079
62.001892 16 1066 1066
62.001892 60 681 681
62.001892 72 1109 1109
62.001892 82 1063 1063
63.001923 2 2092 2092
63.001923 16 1074 1074
63.001923 60 696 696
63.001923 72 1038 1038
63.001923 82 1092 1092
64.001953 2 2070 2070
64.001953 16 1166 1166
64.001953 60 768 768
64.001953 72 924 924
64.001953 82 1048 1048
65.001984 2 1989 1989
65.001984 16 1235 1235
65.001984 60 803 803
65.001984 72 936 936
65.001984 82 1026 1026
66.002014 2 2065 2065
66.002014 16 1228 1228
66.002014 60 807 807
66.002014 72 861 861
66.002014 82 1030 1030
67.002045 2 2013 2013
67.002045 16 1116 1116
67.002045 60 810 810
67.002045 72 965 965
67.002045 82 1056 1056
68.002075 2 1954 1954
68.002075 16 1085 1085
68.002075 60 885 885
68.002075 72 1013 1013
68.002075 82 1041 1041
69.002106 2 1983 1983
69.002106 16 1076 1076
69.002106 60 870 870
69.002106 72 1065 1065
69.002106 82 1046 1046
70.002136 2 1945 1945
70.002136 16 1025 1025
70.002136 60 848 848
70.002136 72 1126 1126
70.002136 82 1054 1054
71.002167 2 1896 1896
71.002167 16 1051 1051
71.002167 60 840 840
71.002167 72 1168 1168
71.002167 82 1009 1009
