0.000000 0 1 1
0.000000 1 1 1
0.000000 2 1 1
0.000000 3 1 1
0.000000 4 1 1
0.000000 5 1 1
0.000000 6 1 1
0.000000 7 1 1
0.000000 8 1 1
0.000000 9 1 1
0.000000 10 1 1
0.000000 11 1 1
0.000000 12 1 1
0.000000 13 1 1
0.000000 14 1 1
0.000000 15 1 1
0.000000 16 1 1
0.000000 17 1 1
0.000000 18 1 1
0.000000 19 1 1
0.000000 21 1 1
0.000000 22 1 1
0.000000 23 1 1
0.000000 24 1 1
0.000000 25 1 1
0.000000 26 1 1
0.000000 27 1 1
0.000000 28 1 1
0.000000 29 1 1
0.000000 30 1 1
0.000000 31 1 1
0.000000 32 1 1
0.000000 33 1 1
0.000000 34 1 1
0.000000 35 1 1
0.000000 37 1 1
0.000000 38 1 1
0.000000 39 1 1
0.000000 40 1 1
0.000000 41 1 1
0.000000 42 1 1
0.000000 43 1 1
0.000000 44 1 1
0.000000 45 1 1
0.000000 46 1 1
0.000000 47 1 1
0.000000 48 1 1
0.000000 49 1 1
0.000000 50 1 1
0.000000 51 1 1
0.000000 52 1 1
0.000000 53 1 1
0.000000 54 1 1
0.000000 55 1 1
0.000000 56 1 1
0.000000 57 1 1
0.000000 58 1 1
0.000000 59 1 1
0.000000 60 1 1
0.000000 61 1 1
0.000000 62 1 1
0.000000 64 1 1
0.000000 66 1 1
0.000000 68 1 1
0.000000 69 1 1
0.000000 70 1 1
0.000000 71 1 1
0.000000 72 1 1
0.000000 73 1 1
0.000000 74 1 1
0.000000 75 1 1
0.000000 76 1 1
0.000000 77 1 1
0.000000 78 1 1
0.000000 79 1 1
0.000000 80 1 1
0.000000 81 1 1
0.000000 82 1 1
0.000000 83 1 1
0.000000 84 1 1
0.000000 85 1 1
0.000000 86 1 1
0.000000 87 1 1
0.000000 88 1 1
0.000000 89 1 1
0.000000 90 1 1
0.000000 91 1 1
0.000000 92 1 1
0.000000 93 1 1
0.000000 94 1 1
0.000000 95 1 1
0.000000 96 1 1
0.000000 97 1 1
0.000000 98 1 1
0.000000 99 1 1
0.000000 100 1 1
0.000000 101 1 1
0.000000 102 1 1
0.000000 103 1 1
0.000000 104 1 1
0.000000 105 1 1
0.000000 106 1 1
0.000000 107 1 1
0.000000 108 1 1
0.000000 109 1 1
1.000031 0 2 2
1.000031 1 1 1
1.000031 2 2 2
1.000031 3 2 2
1.000031 4 2 2
1.000031 5 2 2
1.000031 6 1 1
1.000031 7 1 1
1.000031 8 2 2
1.000031 9 2 2
1.000031 10 2 2
1.000031 11 2 2
1.000031 12 2 2
1.000031 13 1 1
1.000031 14 2 2
1.000031 15 2 2
1.000031 16 1 1
1.000031 17 2 2
1.000031 18 1 1
1.000031 19 1 1
1.000031 21 2 2
1.000031 22 2 2
1.000031 23 1 1
1.000031 24 2 2
1.000031 25 2 2
1.000031 26 1 1
1.000031 27 2 2
1.000031 28 2 2
1.000031 29 2 2
1.000031 30 2 2
1.000031 31 2 2
1.000031 32 2 2
1.000031 33 2 2
1.000031 34 2 2
1.000031 35 2 2
1.000031 37 2 2
1.000031 38 1 1
1.000031 39 2 2
1.000031 40 1 1
1.000031 41 2 2
1.000031 42 2 2
1.000031 43 1 1
1.000031 44 1 1
1.000031 45 1 1
1.000031 46 2 2
1.000031 47 2 2
1.000031 48 1 1
1.000031 49 1 1
1.000031 50 2 2
1.000031 51 2 2
1.000031 52 1 1
1.000031 53 1 1
1.000031 54 2 2
1.000031 55 2 2
1.000031 56 1 1
1.000031 57 1 1
1.000031 58 1 1
1.000031 59 2 2
1.000031 60 2 2
1.000031 61 1 1
1.000031 62 1 1
1.000031 64 2 2
1.000031 66 1 1
1.000031 68 1 1
1.000031 69 1 1
1.000031 70 2 2
1.000031 71 1 1
1.000031 72 2 2
1.000031 73 2 2
1.000031 74 2 2
1.000031 75 2 2
1.000031 76 2 2
1.000031 77 1 1
1.000031 78 2 2
1.000031 79 1 1
1.000031 80 2 2
1.000031 81 2 2
1.000031 82 1 1
1.000031 83 1 1
1.000031 84 1 1
1.000031 85 2 2
1.000031 86 2 2
1.000031 87 1 1
1.000031 88 2 2
1.000031 89 1 1
1.000031 90 1 1
1.000031 91 2 2
1.000031 92 2 2
1.000031 93 1 1
1.000031 94 1 1
1.000031 95 2 2
1.000031 96 1 1
1.000031 97 1 1
1.000031 98 2 2
1.000031 99 2 2
1.000031 100 1 1
1.000031 101 1 1
1.000031 102 2 2
1.000031 103 1 1
1.000031 104 2 2
1.000031 105 1 1
1.000031 106 1 1
1.000031 107 2 2
1.000031 108 2 2
1.000031 109 2 2
2.000061 0 2 2
2.000061 1 2 2
2.000061 2 2 2
2.000061 3 2 2
2.000061 4 2 2
2.000061 5 2 2
2.000061 6 2 2
2.000061 7 2 2
2.000061 8 2 2
2.000061 9 3 3
2.000061 10 2 2
2.000061 11 3 3
2.000061 12 2 2
2.000061 13 2 2
2.000061 14 2 2
2.000061 15 2 2
2.000061 16 2 2
2.000061 17 2 2
2.000061 18 2 2
2.000061 19 2 2
2.000061 21 2 2
2.000061 22 2 2
2.000061 23 2 2
2.000061 24 2 2
2.000061 25 3 3
2.000061 26 2 2
2.000061 27 2 2
2.000061 28 2 2
2.000061 29 2 2
2.000061 30 2 2
2.000061 31 2 2
2.000061 32 2 2
2.000061 33 2 2
2.000061 34 2 2
2.000061 35 2 2
2.000061 37 4 4
2.000061 38 2 2
2.000061 39 4 4
2.000061 40 2 2
2.000061 41 3 3
2.000061 42 2 2
2.000061 43 2 2
2.000061 44 2 2
2.000061 45 2 2
2.000061 46 2 2
2.000061 47 2 2
2.000061 48 2 2
2.000061 49 2 2
2.000061 50 2 2
2.000061 51 2 2
2.000061 52 2 2
2.000061 53 2 2
2.000061 54 3 3
2.000061 55 3 3
2.000061 56 2 2
2.000061 57 2 2
2.000061 58 2 2
2.000061 59 2 2
2.000061 60 2 2
2.000061 61 2 2
2.000061 62 2 2
2.000061 64 3 3
2.000061 66 2 2
2.000061 68 1 1
2.000061 69 3 3
2.000061 70 2 2
2.000061 71 2 2
2.000061 72 3 3
2.000061 73 2 2
2.000061 74 2 2
2.000061 75 2 2
2.000061 76 3 3
2.000061 77 2 2
2.000061 78 2 2
2.000061 79 2 2
2.000061 80 2 2
2.000061 81 3 3
2.000061 82 2 2
2.000061 83 2 2
2.000061 84 2 2
2.000061 85 2 2
2.000061 86 3 3
2.000061 87 2 2
2.000061 88 3 3
2.000061 89 2 2
2.000061 90 2 2
2.000061 91 2 2
2.000061 92 2 2
2.000061 93 2 2
2.000061 94 2 2
2.000061 95 2 2
2.000061 96 2 2
2.000061 97 2 2
2.000061 98 2 2
2.000061 99 2 2
2.000061 100 2 2
2.000061 101 2 2
2.000061 102 3 3
2.000061 103 2 2
2.000061 104 2 2
2.000061 105 2 2
2.000061 106 2 2
2.000061 107 2 2
2.000061 108 2 2
2.000061 109 2 2
3.000092 0 3 3
3.000092 1 3 3
3.000092 2 4 4
3.000092 3 4 4
3.000092 4 4 4
3.000092 5 4 4
3.000092 6 4 4
3.000092 7 4 4
3.000092 8 4 4
3.000092 9 5 5
3.000092 10 4 4
3.000092 11 3 3
3.000092 12 4 4
3.000092 13 4 4
3.000092 14 4 4
3.000092 15 4 4
3.000092 16 4 4
3.000092 17 4 4
3.000092 18 4 4
3.000092 19 4 4
3.000092 21 4 4
3.000092 22 4 4
3.000092 23 4 4
3.000092 24 4 4
3.000092 25 5 5
3.000092 26 3 3
3.000092 27 4 4
3.000092 28 4 4
3.000092 29 4 4
3.000092 30 4 4
3.000092 31 4 4
3.000092 32 3 3
3.000092 33 4 4
3.000092 34 5 5
3.000092 35 4 4
3.000092 37 5 5
3.000092 38 3 3
3.000092 39 5 5
3.000092 40 4 4
3.000092 41 4 4
3.000092 42 4 4
3.000092 43 4 4
3.000092 44 4 4
3.000092 45 4 4
3.000092 46 4 4
3.000092 47 4 4
3.000092 48 4 4
3.000092 49 4 4
3.000092 50 4 4
3.000092 51 4 4
3.000092 52 4 4
3.000092 53 4 4
3.000092 54 5 5
3.000092 55 4 4
3.000092 56 2 2
3.000092 57 3 3
3.000092 58 3 3
3.000092 59 4 4
3.000092 60 4 4
3.000092 61 3 3
3.000092 62 4 4
3.000092 64 3 3
3.000092 66 3 3
3.000092 68 1 1
3.000092 69 4 4
3.000092 70 4 4
3.000092 71 4 4
3.000092 72 4 4
3.000092 73 4 4
3.000092 74 4 4
3.000092 75 4 4
3.000092 76 4 4
3.000092 77 3 3
3.000092 78 4 4
3.000092 79 2 2
3.000092 80 4 4
3.000092 81 4 4
3.000092 82 3 3
3.000092 83 4 4
3.000092 84 4 4
3.000092 85 4 4
3.000092 86 4 4
3.000092 87 4 4
3.000092 88 5 5
3.000092 89 4 4
3.000092 90 3 3
3.000092 91 4 4
3.000092 92 4 4
3.000092 93 4 4
3.000092 94 4 4
3.000092 95 4 4
3.000092 96 4 4
3.000092 97 4 4
3.000092 98 4 4
3.000092 99 4 4
3.000092 100 4 4
3.000092 101 3 3
3.000092 102 4 4
3.000092 103 4 4
3.000092 104 4 4
3.000092 105 4 4
3.000092 106 4 4
3.000092 107 4 4
3.000092 108 4 4
3.000092 109 4 4
4.000122 0 4 4
4.000122 1 5 5
4.000122 2 8 8
4.000122 3 8 8
4.000122 4 5 5
4.000122 5 6 6
4.000122 6 6 6
4.000122 7 4 4
4.000122 8 8 8
4.000122 9 6 6
4.000122 10 8 8
4.000122 11 6 6
4.000122 12 6 6
4.000122 13 5 5
4.000122 14 6 6
4.000122 15 8 8
4.000122 16 4 4
4.000122 17 6 6
4.000122 18 7 7
4.000122 19 6 6
4.000122 21 7 7
4.000122 22 6 6
4.000122 23 6 6
4.000122 24 8 8
4.000122 25 8 8
4.000122 26 6 6
4.000122 27 7 7
4.000122 28 6 6
4.000122 29 8 8
4.000122 30 7 7
4.000122 31 6 6
4.000122 32 6 6
4.000122 33 6 6
4.000122 34 8 8
4.000122 35 7 7
4.000122 37 8 8
4.000122 38 5 5
4.000122 39 8 8
4.000122 40 5 5
4.000122 41 7 7
4.000122 42 6 6
4.000122 43 6 6
4.000122 44 4 4
4.000122 45 6 6
4.000122 46 6 6
4.000122 47 7 7
4.000122 48 4 4
4.000122 49 7 7
4.000122 50 5 5
4.000122 51 6 6
4.000122 52 5 5
4.000122 53 5 5
4.000122 54 8 8
4.000122 55 7 7
4.000122 56 5 5
4.000122 57 4 4
4.000122 58 5 5
4.000122 59 5 5
4.000122 60 7 7
4.000122 61 5 5
4.000122 62 6 6
4.000122 64 5 5
4.000122 66 4 4
4.000122 68 2 2
4.000122 69 7 7
4.000122 70 7 7
4.000122 71 4 4
4.000122 72 6 6
4.000122 73 6 6
4.000122 74 8 8
4.000122 75 6 6
4.000122 76 7 7
4.000122 77 4 4
4.000122 78 6 6
4.000122 79 4 4
4.000122 80 6 6
4.000122 81 7 7
4.000122 82 5 5
4.000122 83 5 5
4.000122 84 6 6
4.000122 85 7 7
4.000122 86 7 7
4.000122 87 4 4
4.000122 88 8 8
4.000122 89 5 5
4.000122 90 6 6
4.000122 91 7 7
4.000122 92 5 5
4.000122 93 4 4
4.000122 94 6 6
4.000122 95 6 6
4.000122 96 4 4
4.000122 97 5 5
4.000122 98 6 6
4.000122 99 6 6
4.000122 100 4 4
4.000122 101 4 4
4.000122 102 6 6
4.000122 103 6 6
4.000122 104 7 7
4.000122 105 6 6
4.000122 106 4 4
4.000122 107 7 7
4.000122 108 6 6
4.000122 109 6 6
5.000153 0 5 5
5.000153 1 8 8
5.000153 2 9 9
5.000153 3 11 11
5.000153 4 9 9
5.000153 5 9 9
5.000153 6 9 9
5.000153 7 8 8
5.000153 8 11 11
5.000153 9 11 11
5.000153 10 11 11
5.000153 11 10 10
5.000153 12 11 11
5.000153 13 8 8
5.000153 14 10 10
5.000153 15 10 10
5.000153 16 8 8
5.000153 17 9 9
5.000153 18 10 10
5.000153 19 8 8
5.000153 21 7 7
5.000153 22 8 8
5.000153 23 8 8
5.000153 24 10 10
5.000153 25 11 11
5.000153 26 8 8
5.000153 27 10 10
5.000153 28 9 9
5.000153 29 12 12
5.000153 30 10 10
5.000153 31 9 9
5.000153 32 9 9
5.000153 33 10 10
5.000153 34 12 12
5.000153 35 10 10
5.000153 37 15 15
5.000153 38 7 7
5.000153 39 12 12
5.000153 40 8 8
5.000153 41 11 11
5.000153 42 10 10
5.000153 43 10 10
5.000153 44 8 8
5.000153 45 9 9
5.000153 46 10 10
5.000153 47 10 10
5.000153 48 8 8
5.000153 49 9 9
5.000153 50 9 9
5.000153 51 10 10
5.000153 52 8 8
5.000153 53 8 8
5.000153 54 12 12
5.000153 55 10 10
5.000153 56 7 7
5.000153 57 7 7
5.000153 58 9 9
5.000153 59 9 9
5.000153 60 10 10
5.000153 61 9 9
5.000153 62 8 8
5.000153 64 10 10
5.000153 66 8 8
5.000153 68 3 3
5.000153 69 11 11
5.000153 70 9 9
5.000153 71 8 8
5.000153 72 10 10
5.000153 73 10 10
5.000153 74 10 10
5.000153 75 11 11
5.000153 76 12 12
5.000153 77 8 8
5.000153 78 8 8
5.000153 79 8 8
5.000153 80 8 8
5.000153 81 13 13
5.000153 82 7 7
5.000153 83 8 8
5.000153 84 9 9
5.000153 85 8 8
5.000153 86 11 11
5.000153 87 8 8
5.000153 88 12 12
5.000153 89 8 8
5.000153 90 9 9
5.000153 91 9 9
5.000153 92 8 8
5.000153 93 8 8
5.000153 94 9 9
5.000153 95 8 8
5.000153 96 8 8
5.000153 97 9 9
5.000153 98 9 9
5.000153 99 9 9
5.000153 100 8 8
5.000153 101 8 8
5.000153 102 12 12
5.000153 103 9 9
5.000153 104 8 8
5.000153 105 8 8
5.000153 106 8 8
5.000153 107 9 9
5.000153 108 9 9
5.000153 109 9 9
6.000183 0 10 10
6.000183 1 13 13
6.000183 2 16 16
6.000183 3 18 18
6.000183 4 16 16
6.000183 5 17 17
6.000183 6 16 16
6.000183 7 16 16
6.000183 8 18 18
6.000183 9 18 18
6.000183 10 17 17
6.000183 11 16 16
6.000183 12 15 15
6.000183 13 13 13
6.000183 14 18 18
6.000183 15 18 18
6.000183 16 12 12
6.000183 17 15 15
6.000183 18 17 17
6.000183 19 15 15
6.000183 21 13 13
6.000183 22 16 16
6.000183 23 13 13
6.000183 24 17 17
6.000183 25 18 18
6.000183 26 13 13
6.000183 27 17 17
6.000183 28 16 16
6.000183 29 17 17
6.000183 30 17 17
6.000183 31 16 16
6.000183 32 13 13
6.000183 33 16 16
6.000183 34 20 20
6.000183 35 16 16
6.000183 37 26 26
6.000183 38 12 12
6.000183 39 21 21
6.000183 40 15 15
6.000183 41 19 19
6.000183 42 17 17
6.000183 43 16 16
6.000183 44 15 15
6.000183 45 16 16
6.000183 46 16 16
6.000183 47 17 17
6.000183 48 14 14
6.000183 49 16 16
6.000183 50 16 16
6.000183 51 16 16
6.000183 52 14 14
6.000183 53 14 14
6.000183 54 18 18
6.000183 55 18 18
6.000183 56 12 12
6.000183 57 14 14
6.000183 58 13 13
6.000183 59 16 16
6.000183 60 17 17
6.000183 61 12 12
6.000183 62 15 15
6.000183 64 17 17
6.000183 66 11 11
6.000183 68 5 5
6.000183 69 17 17
6.000183 70 15 15
6.000183 71 14 14
6.000183 72 15 15
6.000183 73 16 16
6.000183 74 16 16
6.000183 75 17 17
6.000183 76 18 18
6.000183 77 14 14
6.000183 78 16 16
6.000183 79 14 14
6.000183 80 16 16
6.000183 81 21 21
6.000183 82 11 11
6.000183 83 13 13
6.000183 84 17 17
6.000183 85 16 16
6.000183 86 19 19
6.000183 87 11 11
6.000183 88 19 19
6.000183 89 16 16
6.000183 90 14 14
6.000183 91 15 15
6.000183 92 15 15
6.000183 93 15 15
6.000183 94 16 16
6.000183 95 14 14
6.000183 96 13 13
6.000183 97 15 15
6.000183 98 16 16
6.000183 99 13 13
6.000183 100 14 14
6.000183 101 12 12
6.000183 102 18 18
6.000183 103 13 13
6.000183 104 16 16
6.000183 105 15 15
6.000183 106 14 14
6.000183 107 15 15
6.000183 108 15 15
6.000183 109 15 15
7.000214 0 12 12
7.000214 1 22 22
7.000214 2 27 27
7.000214 3 31 31
7.000214 4 22 22
7.000214 5 27 27
7.000214 6 25 25
7.000214 7 24 24
7.000214 8 29 29
7.000214 9 24 24
7.000214 10 29 29
7.000214 11 26 26
7.000214 12 26 26
7.000214 13 21 21
7.000214 14 28 28
7.000214 15 31 31
7.000214 16 17 17
7.000214 17 24 24
7.000214 18 27 27
7.000214 19 21 21
7.000214 21 14 14
7.000214 22 23 23
7.000214 23 23 23
7.000214 24 31 31
7.000214 25 33 33
7.000214 26 20 20
7.000214 27 29 29
7.000214 28 23 23
7.000214 29 32 32
7.000214 30 28 28
7.000214 31 26 26
7.000214 32 22 22
7.000214 33 27 27
7.000214 34 29 29
7.000214 35 25 25
7.000214 37 39 39
7.000214 38 18 18
7.000214 39 32 32
7.000214 40 25 25
7.000214 41 29 29
7.000214 42 23 23
7.000214 43 23 23
7.000214 44 19 19
7.000214 45 25 25
7.000214 46 27 27
7.000214 47 29 29
7.000214 48 20 20
7.000214 49 25 25
7.000214 50 23 23
7.000214 51 26 26
7.000214 52 23 23
7.000214 53 21 21
7.000214 54 30 30
7.000214 55 29 29
7.000214 56 17 17
7.000214 57 16 16
7.000214 58 21 21
7.000214 59 23 23
7.000214 60 32 32
7.000214 61 20 20
7.000214 62 24 24
7.000214 64 24 24
7.000214 66 17 17
7.000214 68 6 6
7.000214 69 26 26
7.000214 70 24 24
7.000214 71 19 19
7.000214 72 24 24
7.000214 73 27 27
7.000214 74 31 31
7.000214 75 26 26
7.000214 76 30 30
7.000214 77 20 20
7.000214 78 24 24
7.000214 79 20 20
7.000214 80 25 25
7.000214 81 30 30
7.000214 82 19 19
7.000214 83 20 20
7.000214 84 29 29
7.000214 85 27 27
7.000214 86 30 30
7.000214 87 16 16
7.000214 88 32 32
7.000214 89 21 21
7.000214 90 26 26
7.000214 91 27 27
7.000214 92 22 22
7.000214 93 25 25
7.000214 94 24 24
7.000214 95 21 21
7.000214 96 17 17
7.000214 97 23 23
7.000214 98 26 26
7.000214 99 21 21
7.000214 100 18 18
7.000214 101 18 18
7.000214 102 23 23
7.000214 103 22 22
7.000214 104 25 25
7.000214 105 25 25
7.000214 106 19 19
7.000214 107 29 29
7.000214 108 21 21
7.000214 109 27 27
8.000244 0 13 13
8.000244 1 36 36
8.000244 2 39 39
8.000244 3 46 46
8.000244 4 36 36
8.000244 5 43 43
8.000244 6 38 38
8.000244 7 34 34
8.000244 8 48 48
8.000244 9 42 42
8.000244 10 46 46
8.000244 11 39 39
8.000244 12 43 43
8.000244 13 35 35
8.000244 14 41 41
8.000244 15 44 44
8.000244 16 31 31
8.000244 17 38 38
8.000244 18 40 40
8.000244 19 37 37
8.000244 21 19 19
8.000244 22 37 37
8.000244 23 35 35
8.000244 24 46 46
8.000244 25 45 45
8.000244 26 32 32
8.000244 27 43 43
8.000244 28 36 36
8.000244 29 48 48
8.000244 30 41 41
8.000244 31 39 39
8.000244 32 35 35
8.000244 33 40 40
8.000244 34 52 52
8.000244 35 40 40
8.000244 37 60 60
8.000244 38 29 29
8.000244 39 52 52
8.000244 40 37 37
8.000244 41 43 43
8.000244 42 38 38
8.000244 43 40 40
8.000244 44 32 32
8.000244 45 37 37
8.000244 46 43 43
8.000244 47 42 42
8.000244 48 34 34
8.000244 49 38 38
8.000244 50 36 36
8.000244 51 42 42
8.000244 52 36 36
8.000244 53 33 33
8.000244 54 50 50
8.000244 55 45 45
8.000244 56 29 29
8.000244 57 29 29
8.000244 58 30 30
8.000244 59 39 39
8.000244 60 44 44
8.000244 61 31 31
8.000244 62 37 37
8.000244 64 38 38
8.000244 66 30 30
8.000244 68 8 8
8.000244 69 37 37
8.000244 70 43 43
8.000244 71 32 32
8.000244 72 38 38
8.000244 73 38 38
8.000244 74 44 44
8.000244 75 43 43
8.000244 76 47 47
8.000244 77 32 32
8.000244 78 34 34
8.000244 79 31 31
8.000244 80 39 39
8.000244 81 48 48
8.000244 82 28 28
8.000244 83 33 33
8.000244 84 37 37
8.000244 85 43 43
8.000244 86 45 45
8.000244 87 31 31
8.000244 88 48 48
8.000244 89 35 35
8.000244 90 37 37
8.000244 91 40 40
8.000244 92 33 33
8.000244 93 38 38
8.000244 94 39 39
8.000244 95 34 34
8.000244 96 33 33
8.000244 97 37 37
8.000244 98 37 37
8.000244 99 33 33
8.000244 100 32 32
8.000244 101 29 29
8.000244 102 21 21
8.000244 103 37 37
8.000244 104 37 37
8.000244 105 40 40
8.000244 106 32 32
8.000244 107 43 43
8.000244 108 38 38
8.000244 109 36 36
9.000275 1 57 57
9.000275 2 62 62
9.000275 3 74 74
9.000275 5 66 66
9.000275 6 66 66
9.000275 7 58 58
9.000275 8 72 72
9.000275 9 70 70
9.000275 10 72 72
9.000275 11 61 61
9.000275 12 65 65
9.000275 13 61 61
9.000275 14 67 67
9.000275 15 74 74
9.000275 16 52 52
9.000275 17 62 62
9.000275 18 66 66
9.000275 19 22 22
9.000275 22 64 64
9.000275 23 55 55
9.000275 24 72 72
9.000275 25 79 79
9.000275 26 55 55
9.000275 27 70 70
9.000275 28 63 63
9.000275 29 77 77
9.000275 30 65 65
9.000275 31 65 65
9.000275 33 62 62
9.000275 34 78 78
9.000275 35 64 64
9.000275 37 99 99
9.000275 38 49 49
9.000275 39 81 81
9.000275 41 69 69
9.000275 43 17 17
9.000275 44 52 52
9.000275 45 25 25
9.000275 46 66 66
9.000275 47 38 38
9.000275 48 54 54
9.000275 49 64 64
9.000275 50 1 1
9.000275 51 70 70
9.000275 52 56 56
9.000275 53 55 55
9.000275 54 79 79
9.000275 55 72 72
9.000275 56 40 40
9.000275 57 19 19
9.000275 58 50 50
9.000275 59 62 62
9.000275 60 68 68
9.000275 61 51 51
9.000275 62 59 59
9.000275 64 55 55
9.000275 66 48 48
9.000275 69 64 64
9.000275 70 68 68
9.000275 71 54 54
9.000275 72 61 61
9.000275 73 66 66
9.000275 74 69 69
9.000275 75 66 66
9.000275 76 40 40
9.000275 77 53 53
9.000275 78 60 60
9.000275 79 50 50
9.000275 80 62 62
9.000275 81 74 74
9.000275 83 54 54
9.000275 84 63 63
9.000275 85 64 64
9.000275 86 73 73
9.000275 87 44 44
9.000275 88 76 76
9.000275 89 60 60
9.000275 90 56 56
9.000275 91 4 4
9.000275 92 55 55
9.000275 93 61 61
9.000275 94 7 7
9.000275 95 19 19
9.000275 96 48 48
9.000275 97 56 56
9.000275 98 63 63
9.000275 99 57 57
9.000275 100 55 55
9.000275 101 38 38
9.000275 103 54 54
9.000275 104 66 66
9.000275 105 66 66
9.000275 106 56 56
9.000275 107 69 69
9.000275 108 6 6
9.000275 109 64 64
10.000305 1 92 92
10.000305 3 113 113
10.000305 5 105 105
10.000305 6 101 101
10.000305 8 114 114
10.000305 9 105 105
10.000305 11 99 99
10.000305 12 109 109
10.000305 14 111 111
10.000305 16 1 1
10.000305 17 95 95
10.000305 18 105 105
10.000305 22 95 95
10.000305 23 87 87
10.000305 24 121 121
10.000305 25 122 122
10.000305 28 98 98
10.000305 29 122 122
10.000305 30 56 56
10.000305 33 96 96
10.000305 34 115 115
10.000305 35 91 91
10.000305 37 157 157
10.000305 38 78 78
10.000305 39 122 122
10.000305 41 117 117
10.000305 44 66 66
10.000305 46 105 105
10.000305 48 85 85
10.000305 49 95 95
10.000305 51 40 40
10.000305 52 23 23
10.000305 53 85 85
10.000305 54 124 124
10.000305 55 70 70
10.000305 56 69 69
10.000305 58 80 80
10.000305 59 71 71
10.000305 61 79 79
10.000305 69 102 102
10.000305 70 99 99
10.000305 71 78 78
10.000305 72 99 99
10.000305 73 106 106
10.000305 75 109 109
10.000305 77 84 84
10.000305 81 64 64
10.000305 83 85 85
10.000305 84 99 99
10.000305 85 108 108
10.000305 86 120 120
10.000305 87 72 72
10.000305 88 26 26
10.000305 93 95 95
10.000305 96 77 77
10.000305 97 94 94
10.000305 98 104 104
10.000305 99 78 78
10.000305 100 76 76
10.000305 103 89 89
10.000305 104 50 50
10.000305 106 82 82
10.000305 107 109 109
10.000305 109 102 102
11.000336 1 139 139
11.000336 3 189 189
11.000336 5 173 173
11.000336 6 163 163
11.000336 8 4 4
11.000336 9 56 56
11.000336 12 177 177
11.000336 14 181 181
11.000336 17 147 147
11.000336 18 167 167
11.000336 22 150 150
11.000336 23 135 135
11.000336 24 188 188
11.000336 25 193 193
11.000336 28 138 138
11.000336 33 3 3
11.000336 34 171 171
11.000336 35 114 114
11.000336 37 221 221
11.000336 38 121 121
11.000336 39 199 199
11.000336 41 180 180
11.000336 46 84 84
11.000336 48 43 43
11.000336 53 139 139
11.000336 54 192 192
11.000336 56 112 112
11.000336 69 160 160
11.000336 70 3 3
11.000336 72 153 153
11.000336 75 52 52
11.000336 77 25 25
11.000336 83 130 130
11.000336 84 164 164
11.000336 85 175 175
11.000336 86 185 185
11.000336 87 119 119
11.000336 96 105 105
11.000336 97 148 148
11.000336 98 110 110
11.000336 99 44 44
11.000336 100 124 124
11.000336 103 144 144
11.000336 106 14 14
11.000336 107 141 141
11.000336 109 152 152
12.000366 1 228 228
12.000366 3 303 303
12.000366 5 273 273
12.000366 6 42 42
12.000366 12 190 190
12.000366 14 266 266
12.000366 17 101 101
12.000366 18 161 161
12.000366 22 248 248
12.000366 23 29 29
12.000366 24 302 302
12.000366 25 309 309
12.000366 28 55 55
12.000366 37 91 91
12.000366 38 181 181
12.000366 39 308 308
12.000366 41 287 287
12.000366 53 222 222
12.000366 54 57 57
12.000366 56 70 70
12.000366 69 221 221
12.000366 72 230 230
12.000366 83 194 194
12.000366 84 258 258
12.000366 85 275 275
12.000366 86 300 300
12.000366 87 35 35
12.000366 97 220 220
12.000366 100 35 35
12.000366 103 226 226
12.000366 109 253 253
13.000397 1 354 354
13.000397 3 463 463
13.000397 5 97 97
13.000397 14 333 333
13.000397 18 18 18
13.000397 22 390 390
13.000397 24 375 375
13.000397 25 302 302
13.000397 37 53 53
13.000397 38 57 57
13.000397 39 487 487
13.000397 41 265 265
13.000397 53 351 351
13.000397 69 214 214
13.000397 72 95 95
13.000397 83 105 105
13.000397 84 412 412
13.000397 85 445 445
13.000397 86 477 477
13.000397 97 94 94
13.000397 103 225 225
13.000397 109 383 383
14.000427 1 295 295
14.000427 3 627 627
14.000427 14 273 273
14.000427 22 538 538
14.000427 24 292 292
14.000427 25 184 184
14.000427 37 24 24
14.000427 39 614 614
14.000427 41 198 198
14.000427 53 560 560
14.000427 69 103 103
14.000427 72 13 13
14.000427 83 34 34
14.000427 84 529 529
14.000427 85 531 531
14.000427 86 675 675
14.000427 97 30 30
14.000427 103 21 21
14.000427 109 436 436
15.000458 1 107 107
15.000458 3 854 854
15.000458 14 90 90
15.000458 22 538 538
15.000458 24 190 190
15.000458 25 161 161
15.000458 39 549 549
15.000458 41 141 141
15.000458 53 766 766
15.000458 69 11 11
15.000458 83 8 8
15.000458 84 737 737
15.000458 85 553 553
15.000458 86 765 765
15.000458 109 554 554
16.000488 1 58 58
16.000488 3 941 941
16.000488 14 17 17
16.000488 22 570 570
16.000488 24 105 105
16.000488 25 85 85
16.000488 39 406 406
16.000488 41 13 13
16.000488 53 883 883
16.000488 84 805 805
16.000488 85 561 561
16.000488 86 954 954
16.000488 109 598 598
17.000519 1 80 80
17.000519 3 969 969
17.000519 22 561 561
17.000519 24 52 52
17.000519 25 70 70
17.000519 39 393 393
17.000519 53 959 959
17.000519 84 813 813
17.000519 85 586 586
17.000519 86 1107 1107
17.000519 109 449 449
18.000549 1 105 105
18.000549 3 962 962
18.000549 22 589 589
18.000549 24 25 25
18.000549 25 63 63
18.000549 39 373 373
18.000549 53 951 951
18.000549 84 855 855
18.000549 85 566 566
18.000549 86 1199 1199
18.000549 109 309 309
19.000580 1 144 144
19.000580 3 920 920
19.000580 22 630 630
19.000580 24 8 8
19.000580 25 42 42
19.000580 39 325 325
19.000580 53 905 905
19.000580 84 863 863
19.000580 85 609 609
19.000580 86 1263 1263
19.000580 109 275 275
20.000610 1 141 141
20.000610 3 938 938
20.000610 22 639 639
20.000610 25 28 28
20.000610 39 320 320
20.000610 53 881 881
20.000610 84 881 881
20.000610 85 680 680
20.000610 86 1316 1316
20.000610 109 237 237
21.000641 1 134 134
21.000641 3 1077 1077
21.000641 22 584 584
21.000641 25 17 17
21.000641 39 335 335
21.000641 53 765 765
21.000641 84 850 850
21.000641 85 748 748
21.000641 86 1237 1237
21.000641 109 260 260
22.000671 1 144 144
22.000671 3 1091 1091
22.000671 22 624 624
22.000671 39 306 306
22.000671 53 641 641
22.000671 84 846 846
22.000671 85 764 764
22.000671 86 1232 1232
22.000671 109 317 317
23.000702 1 158 158
23.000702 3 1193 1193
23.000702 22 602 602
23.000702 39 346 346
23.000702 53 459 459
23.000702 84 873 873
23.000702 85 834 834
23.000702 86 1144 1144
23.000702 109 382 382
24.000732 1 197 197
24.000732 3 1212 1212
24.000732 22 555 555
24.000732 39 421 421
24.000732 53 374 374
24.000732 84 884 884
24.000732 85 842 842
24.000732 86 1104 1104
24.000732 109 405 405
25.000763 1 244 244
25.000763 3 1232 1232
25.000763 22 492 492
25.000763 39 488 488
25.000763 53 290 290
25.000763 84 869 869
25.000763 85 831 831
25.000763 86 1083 1083
25.000763 109 446 446
26.000793 1 336 336
26.000793 3 1273 1273
26.000793 22 494 494
26.000793 39 496 496
26.000793 53 116 116
26.000793 84 910 910
26.000793 85 866 866
26.000793 86 1002 1002
26.000793 109 510 510
27.000824 1 439 439
27.000824 3 1388 1388
27.000824 22 474 474
27.000824 39 434 434
27.000824 53 83 83
27.000824 84 1016 1016
27.000824 85 838 838
27.000824 86 898 898
27.000824 109 458 458
28.000854 1 439 439
28.000854 3 1398 1398
28.000854 22 446 446
28.000854 39 414 414
28.000854 53 31 31
28.000854 84 1054 1054
28.000854 85 844 844
28.000854 86 864 864
28.000854 109 528 528
29.000885 1 360 360
29.000885 3 1428 1428
29.000885 22 444 444
29.000885 39 348 348
29.000885 53 23 23
29.000885 84 1134 1134
29.000885 85 856 856
29.000885 86 840 840
29.000885 109 575 575
30.000916 1 325 325
30.000916 3 1528 1528
30.000916 22 475 475
30.000916 39 296 296
30.000916 53 9 9
30.000916 84 1252 1252
30.000916 85 808 808
30.000916 86 697 697
30.000916 109 626 626
31.000946 1 319 319
31.000946 3 1583 1583
31.000946 22 463 463
31.000946 39 330 330
31.000946 84 1309 1309
31.000946 85 772 772
31.000946 86 572 572
31.000946 109 635 635
31.981186 1 257 257
31.981186 3 1682 1682
31.981186 22 528 528
31.981186 39 341 341
31.981186 84 1490 1490
31.981186 85 765 765
31.981186 86 445 445
31.981186 109 689 689
32.981201 1 201 201
32.981201 3 1773 1773
32.981201 22 573 573
32.981201 39 266 266
32.981201 84 1589 1589
32.981201 85 724 724
32.981201 86 315 315
32.981201 109 787 787
33.981216 1 133 133
33.981216 3 1836 1836
33.981216 22 554 554
33.981216 39 269 269
33.981216 84 1720 1720
33.981216 85 706 706
33.981216 86 220 220
33.981216 109 861 861
34.981232 1 118 118
34.981232 3 1906 1906
34.981232 22 492 492
34.981232 39 262 262
34.981232 84 1811 1811
34.981232 85 653 653
34.981232 86 178 178
34.981232 109 877 877
35.981247 1 98 98
35.981247 3 2014 2014
35.981247 22 386 386
35.981247 39 293 293
35.981247 84 1818 1818
35.981247 85 611 611
35.981247 86 164 164
35.981247 109 913 913
36.981262 1 97 97
36.981262 3 2081 2081
36.981262 22 356 356
36.981262 39 313 313
36.981262 84 1848 1848
36.981262 85 612 612
36.981262 86 110 110
36.981262 109 887 887
37.981277 1 68 68
37.981277 3 2273 2273
37.981277 22 300 300
37.981277 39 284 284
37.981277 84 1886 1886
37.981277 85 553 553
37.981277 86 27 27
37.981277 109 945 945
38.981293 1 5 5
38.981293 3 2366 2366
38.981293 22 199 199
38.981293 39 244 244
38.981293 84 2011 2011
38.981293 85 534 534
38.981293 109 948 948
39.981308 3 2447 2447
39.981308 22 162 162
39.981308 39 159 159
39.981308 84 2076 2076
39.981308 85 596 596
39.981308 109 843 843
40.981323 3 2582 2582
40.981323 22 133 133
40.981323 39 84 84
40.981323 84 2196 2196
40.981323 85 616 616
40.981323 109 659 659
41.981339 3 2693 2693
41.981339 22 126 126
41.981339 39 104 104
41.981339 84 2174 2174
41.981339 85 632 632
41.981339 109 604 604
42.981354 3 2686 2686
42.981354 22 128 128
42.981354 39 119 119
42.981354 84 2181 2181
42.981354 85 648 648
42.981354 109 563 563
43.981369 3 2682 2682
43.981369 22 112 112
43.981369 39 119 119
43.981369 84 2210 2210
43.981369 85 681 681
43.981369 109 484 484
44.981384 3 2689 2689
44.981384 22 113 113
44.981384 39 119 119
44.981384 84 2354 2354
44.981384 85 646 646
44.981384 109 422 422
45.981400 3 2602 2602
45.981400 22 161 161
45.981400 39 115 115
45.981400 84 2442 2442
45.981400 85 637 637
45.981400 109 372 372
46.981415 3 2529 2529
46.981415 22 214 214
46.981415 39 108 108
46.981415 84 2509 2509
46.981415 85 624 624
46.981415 109 354 354
47.981430 3 2473 2473
47.981430 22 302 302
47.981430 39 70 70
47.981430 84 2595 2595
47.981430 85 567 567
47.981430 109 337 337
48.981445 3 2396 2396
48.981445 22 367 367
48.981445 39 69 69
48.981445 84 2587 2587
48.981445 85 513 513
48.981445 109 384 384
49.981461 3 2326 2326
49.981461 22 404 404
49.981461 39 55 55
49.981461 84 2604 2604
49.981461 85 471 471
49.981461 109 422 422
50.981476 3 2314 2314
50.981476 22 374 374
50.981476 39 62 62
50.981476 84 2705 2705
50.981476 85 410 410
50.981476 109 445 445
51.981491 3 2406 2406
51.981491 22 368 368
51.981491 39 44 44
51.981491 84 2677 2677
51.981491 85 407 407
51.981491 109 414 414
52.981506 3 2428 2428
52.981506 22 342 342
52.981506 39 40 40
52.981506 84 2670 2670
52.981506 85 376 376
52.981506 109 423 423
53.981522 3 2406 2406
53.981522 22 332 332
53.981522 39 42 42
53.981522 84 2653 2653
53.981522 85 393 393
53.981522 109 441 441
54.981537 3 2471 2471
54.981537 22 354 354
54.981537 39 48 48
54.981537 84 2565 2565
54.981537 85 347 347
54.981537 109 511 511
55.981552 3 2518 2518
55.981552 22 372 372
55.981552 39 34 34
55.981552 84 2458 2458
55.981552 85 298 298
55.981552 109 572 572
56.981567 3 2512 2512
56.981567 22 438 438
56.981567 39 24 24
56.981567 84 2432 2432
56.981567 85 248 248
56.981567 109 671 671
57.981583 3 2513 2513
57.981583 22 486 486
57.981583 39 17 17
57.981583 84 2413 2413
57.981583 85 270 270
57.981583 109 608 608
58.981598 3 2435 2435
58.981598 22 488 488
58.981598 84 2521 2521
58.981598 85 303 303
58.981598 109 520 520
59.981613 3 2443 2443
59.981613 22 498 498
59.981613 84 2565 2565
59.981613 85 334 334
59.981613 109 455 455
60.981628 3 2488 2488
60.981628 22 531 531
60.981628 84 2448 2448
60.981628 85 355 355
60.981628 109 463 463
61.981644 3 2479 2479
61.981644 22 537 537
61.981644 84 2460 2460
61.981644 85 383 383
61.981644 109 423 423
62.981659 3 2473 2473
62.981659 22 575 575
62.981659 84 2401 2401
62.981659 85 405 405
62.981659 109 458 458
63.981674 3 2388 2388
63.981674 22 573 573
63.981674 84 2484 2484
63.981674 85 435 435
63.981674 109 389 389
64.981689 3 2285 2285
64.981689 22 565 565
64.981689 84 2797 2797
64.981689 85 365 365
64.981689 109 311 311
65.981705 3 2359 2359
65.981705 22 517 517
65.981705 84 2863 2863
65.981705 85 302 302
65.981705 109 270 270
66.981720 3 2458 2458
66.981720 22 471 471
66.981720 84 2931 2931
66.981720 85 256 256
66.981720 109 240 240
67.981735 3 2549 2549
67.981735 22 372 372
67.981735 84 2981 2981
67.981735 85 168 168
67.981735 109 228 228
68.981750 3 2676 2676
68.981750 22 278 278
68.981750 84 2936 2936
68.981750 85 154 154
68.981750 109 237 237
69.981766 3 2794 2794
69.981766 22 306 306
69.981766 84 2766 2766
69.981766 85 144 144
69.981766 109 258 258
70.981781 3 2846 2846
70.981781 22 337 337
70.981781 84 2627 2627
70.981781 85 167 167
70.981781 109 301 301
71.981796 3 2813 2813
71.981796 22 317 317
71.981796 84 2617 2617
71.981796 85 220 220
71.981796 109 338 338
