0.000000 0 1 1
0.000000 1 1 1
0.000000 2 1 1
0.000000 3 1 1
0.000000 4 1 1
0.000000 5 1 1
0.000000 6 1 1
0.000000 7 1 1
0.000000 8 1 1
0.000000 9 1 1
0.000000 10 1 1
0.000000 11 1 1
0.000000 13 1 1
0.000000 14 1 1
0.000000 15 1 1
0.000000 16 1 1
0.000000 17 1 1
0.000000 20 1 1
0.000000 22 1 1
0.000000 23 1 1
0.000000 24 1 1
0.000000 25 1 1
0.000000 26 1 1
0.000000 27 1 1
0.000000 28 1 1
0.000000 29 1 1
0.000000 30 1 1
0.000000 31 1 1
0.000000 32 1 1
0.000000 33 1 1
0.000000 34 1 1
0.000000 35 1 1
0.000000 36 1 1
0.000000 38 1 1
0.000000 39 1 1
0.000000 40 1 1
0.000000 41 1 1
0.000000 42 1 1
0.000000 43 1 1
0.000000 44 1 1
0.000000 45 1 1
0.000000 46 1 1
0.000000 47 1 1
0.000000 48 1 1
0.000000 49 1 1
0.000000 50 1 1
0.000000 51 1 1
0.000000 52 1 1
0.000000 53 1 1
0.000000 54 1 1
0.000000 55 1 1
0.000000 56 1 1
0.000000 57 1 1
0.000000 59 1 1
0.000000 60 1 1
0.000000 61 1 1
0.000000 62 1 1
0.000000 63 1 1
0.000000 64 1 1
0.000000 65 1 1
0.000000 66 1 1
0.000000 67 1 1
0.000000 68 1 1
0.000000 69 1 1
0.000000 70 1 1
0.000000 71 1 1
0.000000 72 1 1
0.000000 73 1 1
0.000000 74 1 1
0.000000 75 1 1
0.000000 76 1 1
0.000000 77 1 1
0.000000 78 1 1
0.000000 79 1 1
0.000000 80 1 1
0.000000 81 1 1
0.000000 82 1 1
0.000000 84 1 1
0.000000 85 1 1
0.000000 86 1 1
0.000000 88 1 1
0.000000 89 1 1
0.000000 90 1 1
0.000000 91 1 1
0.000000 92 1 1
0.000000 93 1 1
0.000000 95 1 1
0.000000 96 1 1
0.000000 97 1 1
0.000000 98 1 1
0.000000 99 1 1
0.000000 100 1 1
0.000000 101 1 1
0.000000 102 1 1
0.000000 103 1 1
0.000000 104 1 1
0.000000 105 1 1
0.000000 106 1 1
0.000000 107 1 1
0.000000 108 1 1
0.000000 109 1 1
1.000031 0 1 1
1.000031 1 1 1
1.000031 2 1 1
1.000031 3 2 2
1.000031 4 1 1
1.000031 5 1 1
1.000031 6 2 2
1.000031 7 1 1
1.000031 8 2 2
1.000031 9 2 2
1.000031 10 2 2
1.000031 11 2 2
1.000031 13 2 2
1.000031 14 1 1
1.000031 15 2 2
1.000031 16 2 2
1.000031 17 1 1
1.000031 20 2 2
1.000031 22 2 2
1.000031 23 1 1
1.000031 24 2 2
1.000031 25 2 2
1.000031 26 2 2
1.000031 27 1 1
1.000031 28 1 1
1.000031 29 2 2
1.000031 30 1 1
1.000031 31 2 2
1.000031 32 1 1
1.000031 33 1 1
1.000031 34 2 2
1.000031 35 2 2
1.000031 36 2 2
1.000031 38 2 2
1.000031 39 2 2
1.000031 40 1 1
1.000031 41 1 1
1.000031 42 1 1
1.000031 43 1 1
1.000031 44 2 2
1.000031 45 2 2
1.000031 46 1 1
1.000031 47 2 2
1.000031 48 1 1
1.000031 49 1 1
1.000031 50 1 1
1.000031 51 2 2
1.000031 52 1 1
1.000031 53 2 2
1.000031 54 1 1
1.000031 55 1 1
1.000031 56 1 1
1.000031 57 2 2
1.000031 59 2 2
1.000031 60 1 1
1.000031 61 2 2
1.000031 62 2 2
1.000031 63 2 2
1.000031 64 2 2
1.000031 65 1 1
1.000031 66 2 2
1.000031 67 1 1
1.000031 68 2 2
1.000031 69 1 1
1.000031 70 1 1
1.000031 71 2 2
1.000031 72 2 2
1.000031 73 2 2
1.000031 74 1 1
1.000031 75 1 1
1.000031 76 1 1
1.000031 77 2 2
1.000031 78 2 2
1.000031 79 2 2
1.000031 80 1 1
1.000031 81 2 2
1.000031 82 1 1
1.000031 84 2 2
1.000031 85 1 1
1.000031 86 2 2
1.000031 88 2 2
1.000031 89 2 2
1.000031 90 2 2
1.000031 91 2 2
1.000031 92 2 2
1.000031 93 1 1
1.000031 95 2 2
1.000031 96 2 2
1.000031 97 2 2
1.000031 98 2 2
1.000031 99 1 1
1.000031 100 2 2
1.000031 101 1 1
1.000031 102 2 2
1.000031 103 1 1
1.000031 104 2 2
1.000031 105 1 1
1.000031 106 2 2
1.000031 107 2 2
1.000031 108 2 2
1.000031 109 2 2
2.000061 0 2 2
2.000061 1 2 2
2.000061 2 2 2
2.000061 3 3 3
2.000061 4 2 2
2.000061 5 2 2
2.000061 6 3 3
2.000061 7 2 2
2.000061 8 2 2
2.000061 9 2 2
2.000061 10 2 2
2.000061 11 3 3
2.000061 13 3 3
2.000061 14 2 2
2.000061 15 2 2
2.000061 16 2 2
2.000061 17 2 2
2.000061 20 2 2
2.000061 22 2 2
2.000061 23 2 2
2.000061 24 2 2
2.000061 25 2 2
2.000061 26 2 2
2.000061 27 3 3
2.000061 28 2 2
2.000061 29 2 2
2.000061 30 2 2
2.000061 31 3 3
2.000061 32 2 2
2.000061 33 2 2
2.000061 34 3 3
2.000061 35 2 2
2.000061 36 2 2
2.000061 38 2 2
2.000061 39 2 2
2.000061 40 3 3
2.000061 41 2 2
2.000061 42 2 2
2.000061 43 2 2
2.000061 44 2 2
2.000061 45 2 2
2.000061 46 2 2
2.000061 47 2 2
2.000061 48 2 2
2.000061 49 2 2
2.000061 50 2 2
2.000061 51 2 2
2.000061 52 2 2
2.000061 53 3 3
2.000061 54 2 2
2.000061 55 2 2
2.000061 56 2 2
2.000061 57 3 3
2.000061 59 2 2
2.000061 60 2 2
2.000061 61 3 3
2.000061 62 2 2
2.000061 63 2 2
2.000061 64 3 3
2.000061 65 2 2
2.000061 66 2 2
2.000061 67 2 2
2.000061 68 2 2
2.000061 69 2 2
2.000061 70 2 2
2.000061 71 2 2
2.000061 72 2 2
2.000061 73 2 2
2.000061 74 2 2
2.000061 75 2 2
2.000061 76 2 2
2.000061 77 3 3
2.000061 78 2 2
2.000061 79 3 3
2.000061 80 2 2
2.000061 81 3 3
2.000061 82 2 2
2.000061 84 2 2
2.000061 85 2 2
2.000061 86 2 2
2.000061 88 2 2
2.000061 89 2 2
2.000061 90 2 2
2.000061 91 2 2
2.000061 92 2 2
2.000061 93 2 2
2.000061 95 2 2
2.000061 96 2 2
2.000061 97 3 3
2.000061 98 3 3
2.000061 99 2 2
2.000061 100 2 2
2.000061 101 2 2
2.000061 102 2 2
2.000061 103 2 2
2.000061 104 2 2
2.000061 105 2 2
2.000061 106 2 2
2.000061 107 3 3
2.000061 108 2 2
2.000061 109 3 3
3.000092 0 4 4
3.000092 1 4 4
3.000092 2 4 4
3.000092 3 4 4
3.000092 4 4 4
3.000092 5 4 4
3.000092 6 4 4
3.000092 7 4 4
3.000092 8 4 4
3.000092 9 4 4
3.000092 10 4 4
3.000092 11 4 4
3.000092 13 5 5
3.000092 14 4 4
3.000092 15 4 4
3.000092 16 4 4
3.000092 17 3 3
3.000092 20 4 4
3.000092 22 4 4
3.000092 23 4 4
3.000092 24 4 4
3.000092 25 4 4
3.000092 26 4 4
3.000092 27 4 4
3.000092 28 4 4
3.000092 29 4 4
3.000092 30 4 4
3.000092 31 4 4
3.000092 32 4 4
3.000092 33 4 4
3.000092 34 4 4
3.000092 35 4 4
3.000092 36 4 4
3.000092 38 4 4
3.000092 39 4 4
3.000092 40 4 4
3.000092 41 3 3
3.000092 42 4 4
3.000092 43 3 3
3.000092 44 4 4
3.000092 45 4 4
3.000092 46 4 4
3.000092 47 4 4
3.000092 48 4 4
3.000092 49 4 4
3.000092 50 3 3
3.000092 51 4 4
3.000092 52 4 4
3.000092 53 4 4
3.000092 54 3 3
3.000092 55 3 3
3.000092 56 4 4
3.000092 57 4 4
3.000092 59 4 4
3.000092 60 4 4
3.000092 61 5 5
3.000092 62 4 4
3.000092 63 4 4
3.000092 64 4 4
3.000092 65 3 3
3.000092 66 4 4
3.000092 67 4 4
3.000092 68 4 4
3.000092 69 3 3
3.000092 70 4 4
3.000092 71 4 4
3.000092 72 4 4
3.000092 73 4 4
3.000092 74 4 4
3.000092 75 4 4
3.000092 76 4 4
3.000092 77 4 4
3.000092 78 4 4
3.000092 79 4 4
3.000092 80 3 3
3.000092 81 4 4
3.000092 82 3 3
3.000092 84 4 4
3.000092 85 4 4
3.000092 86 4 4
3.000092 88 4 4
3.000092 89 4 4
3.000092 90 4 4
3.000092 91 4 4
3.000092 92 4 4
3.000092 93 4 4
3.000092 95 4 4
3.000092 96 4 4
3.000092 97 5 5
3.000092 98 4 4
3.000092 99 3 3
3.000092 100 4 4
3.000092 101 4 4
3.000092 102 4 4
3.000092 103 4 4
3.000092 104 4 4
3.000092 105 4 4
3.000092 106 3 3
3.000092 107 4 4
3.000092 108 4 4
3.000092 109 4 4
4.000122 0 5 5
4.000122 1 6 6
4.000122 2 5 5
4.000122 3 6 6
4.000122 4 7 7
4.000122 5 6 6
4.000122 6 6 6
4.000122 7 4 4
4.000122 8 6 6
4.000122 9 5 5
4.000122 10 6 6
4.000122 11 8 8
4.000122 13 7 7
4.000122 14 5 5
4.000122 15 7 7
4.000122 16 5 5
4.000122 17 3 3
4.000122 20 7 7
4.000122 22 6 6
4.000122 23 7 7
4.000122 24 7 7
4.000122 25 8 8
4.000122 26 6 6
4.000122 27 6 6
4.000122 28 7 7
4.000122 29 5 5
4.000122 30 5 5
4.000122 31 6 6
4.000122 32 5 5
4.000122 33 6 6
4.000122 34 7 7
4.000122 35 6 6
4.000122 36 7 7
4.000122 38 7 7
4.000122 39 8 8
4.000122 40 6 6
4.000122 41 5 5
4.000122 42 7 7
4.000122 43 4 4
4.000122 44 7 7
4.000122 45 6 6
4.000122 46 5 5
4.000122 47 7 7
4.000122 48 4 4
4.000122 49 5 5
4.000122 50 5 5
4.000122 51 7 7
4.000122 52 7 7
4.000122 53 8 8
4.000122 54 6 6
4.000122 55 5 5
4.000122 56 6 6
4.000122 57 8 8
4.000122 59 7 7
4.000122 60 8 8
4.000122 61 8 8
4.000122 62 7 7
4.000122 63 6 6
4.000122 64 7 7
4.000122 65 5 5
4.000122 66 7 7
4.000122 67 6 6
4.000122 68 7 7
4.000122 69 4 4
4.000122 70 4 4
4.000122 71 7 7
4.000122 72 6 6
4.000122 73 6 6
4.000122 74 6 6
4.000122 75 5 5
4.000122 76 5 5
4.000122 77 8 8
4.000122 78 8 8
4.000122 79 6 6
4.000122 80 6 6
4.000122 81 7 7
4.000122 82 4 4
4.000122 84 5 5
4.000122 85 6 6
4.000122 86 7 7
4.000122 88 7 7
4.000122 89 8 8
4.000122 90 5 5
4.000122 91 5 5
4.000122 92 6 6
4.000122 93 6 6
4.000122 95 6 6
4.000122 96 7 7
4.000122 97 8 8
4.000122 98 8 8
4.000122 99 4 4
4.000122 100 7 7
4.000122 101 4 4
4.000122 102 7 7
4.000122 103 6 6
4.000122 104 6 6
4.000122 105 6 6
4.000122 106 5 5
4.000122 107 8 8
4.000122 108 7 7
4.000122 109 8 8
5.000153 0 8 8
5.000153 1 8 8
5.000153 2 8 8
5.000153 3 12 12
5.000153 4 9 9
5.000153 5 9 9
5.000153 6 12 12
5.000153 7 8 8
5.000153 8 11 11
5.000153 9 8 8
5.000153 10 11 11
5.000153 11 11 11
5.000153 13 10 10
5.000153 14 8 8
5.000153 15 10 10
5.000153 16 10 10
5.000153 17 6 6
5.000153 20 10 10
5.000153 22 8 8
5.000153 23 9 9
5.000153 24 10 10
5.000153 25 13 13
5.000153 26 10 10
5.000153 27 10 10
5.000153 28 10 10
5.000153 29 8 8
5.000153 30 8 8
5.000153 31 10 10
5.000153 32 9 9
5.000153 33 8 8
5.000153 34 10 10
5.000153 35 9 9
5.000153 36 12 12
5.000153 38 8 8
5.000153 39 9 9
5.000153 40 10 10
5.000153 41 8 8
5.000153 42 9 9
5.000153 43 8 8
5.000153 44 8 8
5.000153 45 9 9
5.000153 46 8 8
5.000153 47 8 8
5.000153 48 8 8
5.000153 49 8 8
5.000153 50 8 8
5.000153 51 10 10
5.000153 52 9 9
5.000153 53 12 12
5.000153 54 9 9
5.000153 55 9 9
5.000153 56 8 8
5.000153 57 11 11
5.000153 59 10 10
5.000153 60 8 8
5.000153 61 12 12
5.000153 62 8 8
5.000153 63 8 8
5.000153 64 11 11
5.000153 65 7 7
5.000153 66 11 11
5.000153 67 8 8
5.000153 68 10 10
5.000153 69 8 8
5.000153 70 8 8
5.000153 71 9 9
5.000153 72 8 8
5.000153 73 9 9
5.000153 74 8 8
5.000153 75 9 9
5.000153 76 8 8
5.000153 77 13 13
5.000153 78 9 9
5.000153 79 9 9
5.000153 80 8 8
5.000153 81 14 14
5.000153 82 7 7
5.000153 84 8 8
5.000153 85 9 9
5.000153 86 10 10
5.000153 88 10 10
5.000153 89 10 10
5.000153 90 9 9
5.000153 91 8 8
5.000153 92 11 11
5.000153 93 9 9
5.000153 95 8 8
5.000153 96 12 12
5.000153 97 11 11
5.000153 98 11 11
5.000153 99 8 8
5.000153 100 8 8
5.000153 101 10 10
5.000153 102 10 10
5.000153 103 10 10
5.000153 104 10 10
5.000153 105 9 9
5.000153 106 10 10
5.000153 107 11 11
5.000153 108 10 10
5.000153 109 12 12
6.000183 0 12 12
6.000183 1 15 15
6.000183 2 15 15
6.000183 3 18 18
6.000183 4 15 15
6.000183 5 14 14
6.000183 6 18 18
6.000183 7 14 14
6.000183 8 17 17
6.000183 9 16 16
6.000183 10 16 16
6.000183 11 17 17
6.000183 13 18 18
6.000183 14 15 15
6.000183 15 15 15
6.000183 16 16 16
6.000183 17 7 7
6.000183 20 18 18
6.000183 22 16 16
6.000183 23 15 15
6.000183 24 16 16
6.000183 25 17 17
6.000183 26 15 15
6.000183 27 15 15
6.000183 28 17 17
6.000183 29 15 15
6.000183 30 13 13
6.000183 31 17 17
6.000183 32 15 15
6.000183 33 16 16
6.000183 34 19 19
6.000183 35 14 14
6.000183 36 18 18
6.000183 38 15 15
6.000183 39 16 16
6.000183 40 17 17
6.000183 41 13 13
6.000183 42 15 15
6.000183 43 12 12
6.000183 44 16 16
6.000183 45 15 15
6.000183 46 14 14
6.000183 47 16 16
6.000183 48 12 12
6.000183 49 13 13
6.000183 50 12 12
6.000183 51 15 15
6.000183 52 16 16
6.000183 53 17 17
6.000183 54 15 15
6.000183 55 14 14
6.000183 56 12 12
6.000183 57 18 18
6.000183 59 16 16
6.000183 60 16 16
6.000183 61 18 18
6.000183 62 16 16
6.000183 63 15 15
6.000183 64 16 16
6.000183 65 14 14
6.000183 66 16 16
6.000183 67 13 13
6.000183 68 15 15
6.000183 69 13 13
6.000183 70 14 14
6.000183 71 17 17
6.000183 72 16 16
6.000183 73 15 15
6.000183 74 15 15
6.000183 75 16 16
6.000183 76 15 15
6.000183 77 17 17
6.000183 78 16 16
6.000183 79 16 16
6.000183 80 14 14
6.000183 81 19 19
6.000183 82 11 11
6.000183 84 13 13
6.000183 85 13 13
6.000183 86 16 16
6.000183 88 16 16
6.000183 89 16 16
6.000183 90 17 17
6.000183 91 14 14
6.000183 92 15 15
6.000183 93 16 16
6.000183 95 15 15
6.000183 96 17 17
6.000183 97 19 19
6.000183 98 18 18
6.000183 99 12 12
6.000183 100 14 14
6.000183 101 14 14
6.000183 102 15 15
6.000183 103 16 16
6.000183 104 15 15
6.000183 105 16 16
6.000183 106 14 14
6.000183 107 17 17
6.000183 108 16 16
6.000183 109 19 19
7.000214 0 18 18
7.000214 1 23 23
7.000214 2 22 22
7.000214 3 26 26
7.000214 4 26 26
7.000214 5 23 23
7.000214 6 27 27
7.000214 7 22 22
7.000214 8 29 29
7.000214 9 26 26
7.000214 10 24 24
7.000214 11 31 31
7.000214 13 26 26
7.000214 14 21 21
7.000214 15 26 26
7.000214 16 24 24
7.000214 17 11 11
7.000214 20 26 26
7.000214 22 23 23
7.000214 23 25 25
7.000214 24 26 26
7.000214 25 30 30
7.000214 26 25 25
7.000214 27 28 28
7.000214 28 25 25
7.000214 29 22 22
7.000214 30 21 21
7.000214 31 27 27
7.000214 32 19 19
7.000214 33 23 23
7.000214 34 32 32
7.000214 35 23 23
7.000214 36 26 26
7.000214 38 25 25
7.000214 39 27 27
7.000214 40 26 26
7.000214 41 20 20
7.000214 42 25 25
7.000214 43 18 18
7.000214 44 23 23
7.000214 45 22 22
7.000214 46 22 22
7.000214 47 27 27
7.000214 48 19 19
7.000214 49 23 23
7.000214 50 20 20
7.000214 51 29 29
7.000214 52 26 26
7.000214 53 32 32
7.000214 54 27 27
7.000214 55 22 22
7.000214 56 20 20
7.000214 57 27 27
7.000214 59 27 27
7.000214 60 29 29
7.000214 61 32 32
7.000214 62 26 26
7.000214 63 25 25
7.000214 64 29 29
7.000214 65 20 20
7.000214 66 27 27
7.000214 67 23 23
7.000214 68 26 26
7.000214 69 19 19
7.000214 70 18 18
7.000214 71 25 25
7.000214 72 23 23
7.000214 73 22 22
7.000214 74 21 21
7.000214 75 21 21
7.000214 76 23 23
7.000214 77 33 33
7.000214 78 28 28
7.000214 79 26 26
7.000214 80 22 22
7.000214 81 30 30
7.000214 82 16 16
7.000214 84 20 20
7.000214 85 22 22
7.000214 86 25 25
7.000214 88 30 30
7.000214 89 28 28
7.000214 90 23 23
7.000214 91 20 20
7.000214 92 25 25
7.000214 93 26 26
7.000214 95 23 23
7.000214 96 31 31
7.000214 97 29 29
7.000214 98 29 29
7.000214 99 20 20
7.000214 100 23 23
7.000214 101 21 21
7.000214 102 28 28
7.000214 103 25 25
7.000214 104 24 24
7.000214 105 25 25
7.000214 106 24 24
7.000214 107 30 30
7.000214 108 29 29
7.000214 109 33 33
8.000244 0 29 29
8.000244 1 34 34
8.000244 2 31 31
8.000244 3 42 42
8.000244 4 40 40
8.000244 5 33 33
8.000244 6 46 46
8.000244 7 34 34
8.000244 8 44 44
8.000244 9 36 36
8.000244 10 42 42
8.000244 11 40 40
8.000244 13 38 38
8.000244 14 33 33
8.000244 15 39 39
8.000244 16 41 41
8.000244 17 15 15
8.000244 20 41 41
8.000244 22 36 36
8.000244 23 37 37
8.000244 24 43 43
8.000244 25 45 45
8.000244 26 36 36
8.000244 27 43 43
8.000244 28 39 39
8.000244 29 34 34
8.000244 30 32 32
8.000244 31 42 42
8.000244 32 35 35
8.000244 33 29 29
8.000244 34 48 48
8.000244 35 37 37
8.000244 36 43 43
8.000244 38 37 37
8.000244 39 41 41
8.000244 40 42 42
8.000244 41 34 34
8.000244 42 36 36
8.000244 43 30 30
8.000244 44 36 36
8.000244 45 34 34
8.000244 46 33 33
8.000244 47 39 39
8.000244 48 32 32
8.000244 49 34 34
8.000244 50 33 33
8.000244 51 45 45
8.000244 52 39 39
8.000244 53 46 46
8.000244 54 39 39
8.000244 55 34 34
8.000244 56 36 36
8.000244 57 42 42
8.000244 59 40 40
8.000244 60 41 41
8.000244 61 48 48
8.000244 62 36 36
8.000244 63 35 35
8.000244 64 43 43
8.000244 65 29 29
8.000244 66 44 44
8.000244 67 31 31
8.000244 68 38 38
8.000244 69 33 33
8.000244 70 32 32
8.000244 71 37 37
8.000244 72 38 38
8.000244 73 35 35
8.000244 74 38 38
8.000244 75 33 33
8.000244 76 33 33
8.000244 77 54 54
8.000244 78 37 37
8.000244 79 36 36
8.000244 80 39 39
8.000244 81 51 51
8.000244 82 28 28
8.000244 84 32 32
8.000244 85 33 33
8.000244 86 40 40
8.000244 88 43 43
8.000244 89 46 46
8.000244 90 36 36
8.000244 91 34 34
8.000244 92 38 38
8.000244 93 34 34
8.000244 95 34 34
8.000244 96 46 46
8.000244 97 45 45
8.000244 98 42 42
8.000244 99 28 28
8.000244 100 37 37
8.000244 101 33 33
8.000244 102 43 43
8.000244 103 38 38
8.000244 104 36 36
8.000244 105 39 39
8.000244 106 32 32
8.000244 107 47 47
8.000244 108 44 44
8.000244 109 46 46
9.000275 0 43 43
9.000275 1 61 61
9.000275 3 70 70
9.000275 4 63 63
9.000275 5 2 2
9.000275 6 74 74
9.000275 7 53 53
9.000275 8 69 69
9.000275 9 64 64
9.000275 10 68 68
9.000275 11 68 68
9.000275 13 1 1
9.000275 14 56 56
9.000275 15 66 66
9.000275 16 65 65
9.000275 20 71 71
9.000275 22 62 62
9.000275 23 62 62
9.000275 24 71 71
9.000275 25 74 74
9.000275 26 59 59
9.000275 27 71 71
9.000275 28 64 64
9.000275 29 54 54
9.000275 30 22 22
9.000275 31 66 66
9.000275 32 40 40
9.000275 34 19 19
9.000275 35 63 63
9.000275 36 70 70
9.000275 38 7 7
9.000275 39 64 64
9.000275 40 65 65
9.000275 41 53 53
9.000275 42 63 63
9.000275 43 50 50
9.000275 44 59 59
9.000275 45 58 58
9.000275 46 55 55
9.000275 47 63 63
9.000275 48 47 47
9.000275 49 2 2
9.000275 50 50 50
9.000275 51 71 71
9.000275 52 64 64
9.000275 53 77 77
9.000275 54 64 64
9.000275 55 57 57
9.000275 56 56 56
9.000275 57 71 71
9.000275 59 66 66
9.000275 60 66 66
9.000275 61 79 79
9.000275 62 65 65
9.000275 63 32 32
9.000275 64 69 69
9.000275 65 53 53
9.000275 66 69 69
9.000275 67 56 56
9.000275 68 62 62
9.000275 69 49 49
9.000275 70 59 59
9.000275 71 57 57
9.000275 72 27 27
9.000275 73 61 61
9.000275 75 61 61
9.000275 77 78 78
9.000275 78 63 63
9.000275 79 63 63
9.000275 80 58 58
9.000275 81 78 78
9.000275 82 48 48
9.000275 84 51 51
9.000275 85 53 53
9.000275 86 66 66
9.000275 88 72 72
9.000275 89 67 67
9.000275 90 64 64
9.000275 91 60 60
9.000275 92 62 62
9.000275 93 62 62
9.000275 95 56 56
9.000275 96 74 74
9.000275 97 31 31
9.000275 98 71 71
9.000275 99 42 42
9.000275 100 12 12
9.000275 101 55 55
9.000275 102 69 69
9.000275 103 61 61
9.000275 104 32 32
9.000275 105 61 61
9.000275 106 51 51
9.000275 107 74 74
9.000275 108 69 69
9.000275 109 76 76
10.000305 1 93 93
10.000305 4 103 103
10.000305 6 109 109
10.000305 7 83 83
10.000305 9 95 95
10.000305 10 36 36
10.000305 11 115 115
10.000305 14 86 86
10.000305 15 101 101
10.000305 16 99 99
10.000305 20 111 111
10.000305 22 94 94
10.000305 23 102 102
10.000305 26 91 91
10.000305 27 112 112
10.000305 28 18 18
10.000305 29 84 84
10.000305 35 97 97
10.000305 39 105 105
10.000305 40 102 102
10.000305 42 7 7
10.000305 44 98 98
10.000305 45 93 93
10.000305 46 90 90
10.000305 47 107 107
10.000305 50 78 78
10.000305 51 115 115
10.000305 53 122 122
10.000305 54 27 27
10.000305 55 51 51
10.000305 56 81 81
10.000305 57 111 111
10.000305 59 105 105
10.000305 60 107 107
10.000305 62 103 103
10.000305 64 67 67
10.000305 65 84 84
10.000305 67 91 91
10.000305 68 67 67
10.000305 69 73 73
10.000305 70 43 43
10.000305 71 98 98
10.000305 73 80 80
10.000305 75 88 88
10.000305 78 105 105
10.000305 79 96 96
10.000305 80 93 93
10.000305 81 121 121
10.000305 82 6 6
10.000305 84 83 83
10.000305 85 90 90
10.000305 86 98 98
10.000305 88 120 120
10.000305 89 113 113
10.000305 90 98 98
10.000305 91 82 82
10.000305 92 102 102
10.000305 96 118 118
10.000305 98 109 109
10.000305 101 43 43
10.000305 102 111 111
10.000305 105 96 96
10.000305 107 122 122
10.000305 108 112 112
10.000305 109 124 124
11.000336 1 148 148
11.000336 4 167 167
11.000336 9 149 149
11.000336 11 168 168
11.000336 14 135 135
11.000336 15 162 162
11.000336 20 170 170
11.000336 22 152 152
11.000336 23 48 48
11.000336 26 121 121
11.000336 27 178 178
11.000336 35 159 159
11.000336 39 160 160
11.000336 40 3 3
11.000336 44 143 143
11.000336 45 85 85
11.000336 47 153 153
11.000336 50 129 129
11.000336 51 182 182
11.000336 53 193 193
11.000336 57 165 165
11.000336 59 88 88
11.000336 60 166 166
11.000336 62 160 160
11.000336 65 128 128
11.000336 67 86 86
11.000336 71 153 153
11.000336 78 148 148
11.000336 79 156 156
11.000336 80 152 152
11.000336 81 38 38
11.000336 84 131 131
11.000336 85 134 134
11.000336 86 160 160
11.000336 88 76 76
11.000336 89 131 131
11.000336 90 157 157
11.000336 91 85 85
11.000336 92 125 125
11.000336 96 185 185
11.000336 98 183 183
11.000336 107 97 97
11.000336 108 174 174
12.000366 1 236 236
12.000366 4 146 146
12.000366 9 16 16
12.000366 11 219 219
12.000366 14 27 27
12.000366 15 90 90
12.000366 20 280 280
12.000366 22 247 247
12.000366 26 23 23
12.000366 27 269 269
12.000366 35 96 96
12.000366 39 257 257
12.000366 44 219 219
12.000366 47 255 255
12.000366 50 137 137
12.000366 51 284 284
12.000366 53 168 168
12.000366 57 2 2
12.000366 60 263 263
12.000366 62 269 269
12.000366 65 206 206
12.000366 67 35 35
12.000366 71 241 241
12.000366 78 132 132
12.000366 79 214 214
12.000366 84 210 210
12.000366 85 212 212
12.000366 86 262 262
12.000366 89 2 2
12.000366 90 254 254
12.000366 96 117 117
12.000366 98 285 285
12.000366 108 279 279
13.000397 1 253 253
13.000397 11 46 46
13.000397 20 462 462
13.000397 22 152 152
13.000397 27 441 441
13.000397 35 6 6
13.000397 39 408 408
13.000397 44 122 122
13.000397 47 421 421
13.000397 51 429 429
13.000397 60 306 306
13.000397 62 421 421
13.000397 65 155 155
13.000397 71 205 205
13.000397 78 14 14
13.000397 79 129 129
13.000397 84 201 201
13.000397 85 195 195
13.000397 86 391 391
13.000397 90 390 390
13.000397 96 6 6
13.000397 98 456 456
13.000397 108 419 419
14.000427 1 159 159
14.000427 20 497 497
14.000427 22 6 6
14.000427 27 531 531
14.000427 39 472 472
14.000427 47 647 647
14.000427 51 404 404
14.000427 60 262 262
14.000427 62 539 539
14.000427 65 19 19
14.000427 71 134 134
14.000427 79 7 7
14.000427 84 160 160
14.000427 85 93 93
14.000427 86 337 337
14.000427 90 412 412
14.000427 98 707 707
14.000427 108 587 587
15.000458 1 31 31
15.000458 20 558 558
15.000458 27 480 480
15.000458 39 438 438
15.000458 47 951 951
15.000458 51 306 306
15.000458 60 244 244
15.000458 62 655 655
15.000458 71 59 59
15.000458 84 90 90
15.000458 85 26 26
15.000458 86 253 253
15.000458 90 260 260
15.000458 98 946 946
15.000458 108 697 697
16.000488 1 21 21
16.000488 20 627 627
16.000488 27 457 457
16.000488 39 471 471
16.000488 47 1096 1096
16.000488 51 171 171
16.000488 60 196 196
16.000488 62 666 666
16.000488 71 49 49
16.000488 84 27 27
16.000488 86 205 205
16.000488 90 168 168
16.000488 98 1149 1149
16.000488 108 752 752
17.000519 1 9 9
17.000519 20 630 630
17.000519 27 308 308
17.000519 39 499 499
17.000519 47 1211 1211
17.000519 51 67 67
17.000519 60 190 190
17.000519 62 655 655
17.000519 71 19 19
17.000519 86 237 237
17.000519 90 124 124
17.000519 98 1283 1283
17.000519 108 714 714
18.000549 20 634 634
18.000549 27 246 246
18.000549 39 611 611
18.000549 47 1346 1346
18.000549 51 16 16
18.000549 60 157 157
18.000549 62 609 609
18.000549 86 212 212
18.000549 90 113 113
18.000549 98 1376 1376
18.000549 108 710 710
19.000580 20 629 629
19.000580 27 114 114
19.000580 39 663 663
19.000580 47 1394 1394
19.000580 51 2 2
19.000580 60 126 126
19.000580 62 560 560
19.000580 86 238 238
19.000580 90 55 55
19.000580 98 1422 1422
19.000580 108 755 755
20.000610 20 647 647
20.000610 27 90 90
20.000610 39 670 670
20.000610 47 1451 1451
20.000610 60 86 86
20.000610 62 524 524
20.000610 86 208 208
20.000610 90 10 10
20.000610 98 1497 1497
20.000610 108 821 821
21.000641 20 639 639
21.000641 27 95 95
21.000641 39 611 611
21.000641 47 1561 1561
21.000641 60 58 58
21.000641 62 497 497
21.000641 86 179 179
21.000641 98 1573 1573
21.000641 108 802 802
22.000671 20 587 587
22.000671 27 125 125
22.000671 39 501 501
22.000671 47 1733 1733
22.000671 60 61 61
22.000671 62 420 420
22.000671 86 137 137
22.000671 98 1699 1699
22.000671 108 754 754
23.000702 20 564 564
23.000702 27 90 90
23.000702 39 427 427
23.000702 47 1919 1919
23.000702 60 49 49
23.000702 62 330 330
23.000702 86 154 154
23.000702 98 1796 1796
23.000702 108 674 674
24.000732 20 433 433
24.000732 27 20 20
24.000732 39 364 364
24.000732 47 2212 2212
24.000732 60 28 28
24.000732 62 195 195
24.000732 86 165 165
24.000732 98 1980 1980
24.000732 108 576 576
25.000763 20 389 389
25.000763 39 240 240
25.000763 47 2336 2336
25.000763 60 21 21
25.000763 62 157 157
25.000763 86 120 120
25.000763 98 2200 2200
25.000763 108 539 539
26.000793 20 428 428
26.000793 39 199 199
26.000793 47 2267 2267
26.000793 60 10 10
26.000793 62 155 155
26.000793 86 161 161
26.000793 98 2225 2225
26.000793 108 578 578
27.000824 20 396 396
27.000824 39 190 190
27.000824 47 2290 2290
27.000824 62 186 186
27.000824 86 176 176
27.000824 98 2170 2170
27.000824 108 565 565
28.000854 20 416 416
28.000854 39 154 154
28.000854 47 2376 2376
28.000854 62 231 231
28.000854 86 204 204
28.000854 98 2108 2108
28.000854 108 516 516
29.000885 20 364 364
29.000885 39 122 122
29.000885 47 2339 2339
29.000885 62 286 286
29.000885 86 276 276
29.000885 98 2113 2113
29.000885 108 497 497
30.000916 20 234 234
30.000916 39 106 106
30.000916 47 2480 2480
30.000916 62 361 361
30.000916 86 214 214
30.000916 98 2179 2179
30.000916 108 433 433
31.000946 20 208 208
31.000946 39 99 99
31.000946 47 2670 2670
31.000946 62 417 417
31.000946 86 47 47
31.000946 98 2126 2126
31.000946 108 454 454
32.000977 20 190 190
32.000977 39 79 79
32.000977 47 2732 2732
32.000977 62 447 447
32.000977 86 11 11
32.000977 98 2065 2065
32.000977 108 489 489
33.001007 20 173 173
33.001007 39 38 38
33.001007 47 2734 2734
33.001007 62 503 503
33.001007 98 2017 2017
33.001007 108 507 507
34.001038 20 186 186
34.001038 39 43 43
34.001038 47 2627 2627
34.001038 62 571 571
34.001038 98 1884 1884
34.001038 108 660 660
35.001068 20 178 178
35.001068 39 50 50
35.001068 47 2756 2756
35.001068 62 558 558
35.001068 98 1846 1846
35.001068 108 622 622
36.001099 20 160 160
36.001099 39 35 35
36.001099 47 2836 2836
36.001099 62 581 581
36.001099 98 1789 1789
36.001099 108 546 546
37.001129 20 151 151
37.001129 39 26 26
37.001129 47 2977 2977
37.001129 62 612 612
37.001129 98 1778 1778
37.001129 108 474 474
38.001160 20 140 140
38.001160 39 19 19
38.001160 47 3047 3047
38.001160 62 635 635
38.001160 98 1734 1734
38.001160 108 406 406
39.001190 20 119 119
39.001190 47 3135 3135
39.001190 62 565 565
39.001190 98 1816 1816
39.001190 108 360 360
40.001221 20 135 135
40.001221 47 3233 3233
40.001221 62 471 471
40.001221 98 1820 1820
40.001221 108 365 365
41.001251 20 161 161
41.001251 47 3193 3193
41.001251 62 453 453
41.001251 98 1771 1771
41.001251 108 391 391
42.001282 20 139 139
42.001282 47 3260 3260
42.001282 62 427 427
42.001282 98 1769 1769
42.001282 108 396 396
43.001312 20 96 96
43.001312 47 3292 3292
43.001312 62 469 469
43.001312 98 1789 1789
43.001312 108 378 378
44.001343 20 38 38
44.001343 47 3244 3244
44.001343 62 457 457
44.001343 98 1845 1845
44.001343 108 377 377
45.001373 20 31 31
45.001373 47 3217 3217
45.001373 62 506 506
45.001373 98 1864 1864
45.001373 108 397 397
46.001404 20 25 25
46.001404 47 3214 3214
46.001404 62 500 500
46.001404 98 1851 1851
46.001404 108 437 437
47.001434 20 31 31
47.001434 47 3135 3135
47.001434 62 526 526
47.001434 98 1797 1797
47.001434 108 474 474
48.001465 20 33 33
48.001465 47 3147 3147
48.001465 62 579 579
48.001465 98 1749 1749
48.001465 108 484 484
49.001495 20 17 17
49.001495 47 3251 3251
49.001495 62 634 634
49.001495 98 1679 1679
49.001495 108 449 449
50.001526 20 33 33
50.001526 47 3355 3355
50.001526 62 607 607
50.001526 98 1700 1700
50.001526 108 348 348
51.001556 20 47 47
51.001556 47 3447 3447
51.001556 62 517 517
51.001556 98 1661 1661
51.001556 108 275 275
52.001587 20 41 41
52.001587 47 3565 3565
52.001587 62 439 439
52.001587 98 1725 1725
52.001587 108 217 217
53.001617 20 40 40
53.001617 47 3576 3576
53.001617 62 457 457
53.001617 98 1775 1775
53.001617 108 182 182
54.001648 20 36 36
54.001648 47 3475 3475
54.001648 62 487 487
54.001648 98 1758 1758
54.001648 108 167 167
55.001678 20 43 43
55.001678 47 3573 3573
55.001678 62 439 439
55.001678 98 1847 1847
55.001678 108 108 108
56.001709 20 52 52
56.001709 47 3470 3470
56.001709 62 421 421
56.001709 98 1943 1943
56.001709 108 123 123
57.001740 20 53 53
57.001740 47 3407 3407
57.001740 62 417 417
57.001740 98 1981 1981
57.001740 108 142 142
58.001770 20 71 71
58.001770 47 3396 3396
58.001770 62 362 362
58.001770 98 2075 2075
58.001770 108 112 112
59.001801 20 33 33
59.001801 47 3444 3444
59.001801 62 367 367
59.001801 98 2065 2065
59.001801 108 100 100
60.001831 20 30 30
60.001831 47 3519 3519
60.001831 62 336 336
60.001831 98 2045 2045
60.001831 108 76 76
61.001862 20 40 40
61.001862 47 3517 3517
61.001862 62 335 335
61.001862 98 2045 2045
61.001862 108 71 71
61.846481 20 32 32
61.846481 47 3622 3622
61.846481 62 339 339
61.846481 98 2124 2124
61.846481 108 42 42
62.846497 20 24 24
62.846497 47 3608 3608
62.846497 62 372 372
62.846497 98 2192 2192
62.846497 108 26 26
63.846512 20 1 1
63.846512 47 3636 3636
63.846512 62 337 337
63.846512 98 2286 2286
63.846512 108 31 31
64.846527 47 3657 3657
64.846527 62 382 382
64.846527 98 2257 2257
64.846527 108 36 36
65.846542 47 3639 3639
65.846542 62 401 401
65.846542 98 2275 2275
65.846542 108 29 29
66.846558 47 3647 3647
66.846558 62 473 473
66.846558 98 2167 2167
66.846558 108 13 13
67.846573 47 3647 3647
67.846573 62 588 588
67.846573 98 2071 2071
68.846588 47 3658 3658
68.846588 62 602 602
68.846588 98 2068 2068
69.846603 47 3572 3572
69.846603 62 652 652
69.846603 98 2032 2032
70.846619 47 3582 3582
70.846619 62 711 711
70.846619 98 2029 2029
71.846634 47 3579 3579
71.846634 62 724 724
71.846634 98 1958 1958
