0.000000 0 1 1
0.000000 1 1 1
0.000000 2 1 1
0.000000 3 1 1
0.000000 4 1 1
0.000000 5 1 1
0.000000 7 1 1
0.000000 8 1 1
0.000000 9 1 1
0.000000 10 1 1
0.000000 11 1 1
0.000000 13 1 1
0.000000 14 1 1
0.000000 15 1 1
0.000000 16 1 1
0.000000 17 1 1
0.000000 18 1 1
0.000000 19 1 1
0.000000 20 1 1
0.000000 21 1 1
0.000000 22 1 1
0.000000 23 1 1
0.000000 24 1 1
0.000000 25 1 1
0.000000 27 1 1
0.000000 28 1 1
0.000000 29 1 1
0.000000 30 1 1
0.000000 31 1 1
0.000000 32 1 1
0.000000 33 1 1
0.000000 34 1 1
0.000000 35 1 1
0.000000 36 1 1
0.000000 37 1 1
0.000000 38 1 1
0.000000 39 1 1
0.000000 40 1 1
0.000000 41 1 1
0.000000 43 1 1
0.000000 44 1 1
0.000000 45 1 1
0.000000 46 1 1
0.000000 47 1 1
0.000000 49 1 1
0.000000 50 1 1
0.000000 51 1 1
0.000000 52 1 1
0.000000 53 1 1
0.000000 54 1 1
0.000000 55 1 1
0.000000 56 1 1
0.000000 57 1 1
0.000000 58 1 1
0.000000 59 1 1
0.000000 60 1 1
0.000000 61 1 1
0.000000 62 1 1
0.000000 63 1 1
0.000000 64 1 1
0.000000 65 1 1
0.000000 66 1 1
0.000000 67 1 1
0.000000 68 1 1
0.000000 69 1 1
0.000000 70 1 1
0.000000 71 1 1
0.000000 72 1 1
0.000000 73 1 1
0.000000 74 1 1
0.000000 75 1 1
0.000000 76 1 1
0.000000 77 1 1
0.000000 79 1 1
0.000000 80 1 1
0.000000 81 1 1
0.000000 82 1 1
0.000000 83 1 1
0.000000 84 1 1
0.000000 85 1 1
0.000000 86 1 1
0.000000 87 1 1
0.000000 88 1 1
0.000000 89 1 1
0.000000 91 1 1
0.000000 92 1 1
0.000000 93 1 1
0.000000 94 1 1
0.000000 95 1 1
0.000000 96 1 1
0.000000 97 1 1
0.000000 98 1 1
0.000000 99 1 1
0.000000 100 1 1
0.000000 101 1 1
0.000000 102 1 1
0.000000 103 1 1
0.000000 104 1 1
0.000000 105 1 1
0.000000 106 1 1
0.000000 107 1 1
0.000000 108 1 1
0.000000 109 1 1
1.000031 0 1 1
1.000031 1 1 1
1.000031 2 1 1
1.000031 3 2 2
1.000031 4 1 1
1.000031 5 2 2
1.000031 7 2 2
1.000031 8 2 2
1.000031 9 2 2
1.000031 10 1 1
1.000031 11 1 1
1.000031 13 2 2
1.000031 14 2 2
1.000031 15 2 2
1.000031 16 1 1
1.000031 17 1 1
1.000031 18 2 2
1.000031 19 1 1
1.000031 20 2 2
1.000031 21 2 2
1.000031 22 2 2
1.000031 23 2 2
1.000031 24 1 1
1.000031 25 2 2
1.000031 27 1 1
1.000031 28 2 2
1.000031 29 1 1
1.000031 30 1 1
1.000031 31 2 2
1.000031 32 1 1
1.000031 33 2 2
1.000031 34 1 1
1.000031 35 1 1
1.000031 36 2 2
1.000031 37 2 2
1.000031 38 2 2
1.000031 39 2 2
1.000031 40 1 1
1.000031 41 2 2
1.000031 43 2 2
1.000031 44 2 2
1.000031 45 2 2
1.000031 46 1 1
1.000031 47 2 2
1.000031 49 2 2
1.000031 50 2 2
1.000031 51 1 1
1.000031 52 2 2
1.000031 53 1 1
1.000031 54 2 2
1.000031 55 1 1
1.000031 56 1 1
1.000031 57 2 2
1.000031 58 2 2
1.000031 59 1 1
1.000031 60 1 1
1.000031 61 2 2
1.000031 62 1 1
1.000031 63 1 1
1.000031 64 1 1
1.000031 65 2 2
1.000031 66 2 2
1.000031 67 1 1
1.000031 68 1 1
1.000031 69 2 2
1.000031 70 1 1
1.000031 71 2 2
1.000031 72 1 1
1.000031 73 1 1
1.000031 74 1 1
1.000031 75 2 2
1.000031 76 1 1
1.000031 77 2 2
1.000031 79 1 1
1.000031 80 1 1
1.000031 81 2 2
1.000031 82 1 1
1.000031 83 2 2
1.000031 84 2 2
1.000031 85 2 2
1.000031 86 1 1
1.000031 87 1 1
1.000031 88 1 1
1.000031 89 1 1
1.000031 91 1 1
1.000031 92 2 2
1.000031 93 1 1
1.000031 94 1 1
1.000031 95 2 2
1.000031 96 2 2
1.000031 97 2 2
1.000031 98 1 1
1.000031 99 1 1
1.000031 100 2 2
1.000031 101 2 2
1.000031 102 2 2
1.000031 103 1 1
1.000031 104 1 1
1.000031 105 2 2
1.000031 106 2 2
1.000031 107 1 1
1.000031 108 1 1
1.000031 109 1 1
2.000061 0 2 2
2.000061 1 2 2
2.000061 2 2 2
2.000061 3 3 3
2.000061 4 2 2
2.000061 5 2 2
2.000061 7 2 2
2.000061 8 2 2
2.000061 9 2 2
2.000061 10 2 2
2.000061 11 2 2
2.000061 13 2 2
2.000061 14 2 2
2.000061 15 2 2
2.000061 16 2 2
2.000061 17 2 2
2.000061 18 2 2
2.000061 19 2 2
2.000061 20 2 2
2.000061 21 2 2
2.000061 22 2 2
2.000061 23 3 3
2.000061 24 2 2
2.000061 25 2 2
2.000061 27 2 2
2.000061 28 2 2
2.000061 29 2 2
2.000061 30 2 2
2.000061 31 2 2
2.000061 32 2 2
2.000061 33 2 2
2.000061 34 2 2
2.000061 35 2 2
2.000061 36 3 3
2.000061 37 2 2
2.000061 38 2 2
2.000061 39 2 2
2.000061 40 2 2
2.000061 41 2 2
2.000061 43 2 2
2.000061 44 2 2
2.000061 45 2 2
2.000061 46 2 2
2.000061 47 2 2
2.000061 49 2 2
2.000061 50 2 2
2.000061 51 2 2
2.000061 52 3 3
2.000061 53 2 2
2.000061 54 3 3
2.000061 55 2 2
2.000061 56 2 2
2.000061 57 2 2
2.000061 58 2 2
2.000061 59 2 2
2.000061 60 2 2
2.000061 61 2 2
2.000061 62 2 2
2.000061 63 2 2
2.000061 64 2 2
2.000061 65 2 2
2.000061 66 2 2
2.000061 67 2 2
2.000061 68 2 2
2.000061 69 3 3
2.000061 70 2 2
2.000061 71 2 2
2.000061 72 2 2
2.000061 73 2 2
2.000061 74 2 2
2.000061 75 2 2
2.000061 76 2 2
2.000061 77 2 2
2.000061 79 2 2
2.000061 80 2 2
2.000061 81 2 2
2.000061 82 2 2
2.000061 83 2 2
2.000061 84 3 3
2.000061 85 3 3
2.000061 86 2 2
2.000061 87 3 3
2.000061 88 2 2
2.000061 89 2 2
2.000061 91 2 2
2.000061 92 2 2
2.000061 93 2 2
2.000061 94 2 2
2.000061 95 2 2
2.000061 96 2 2
2.000061 97 3 3
2.000061 98 2 2
2.000061 99 2 2
2.000061 100 2 2
2.000061 101 3 3
2.000061 102 4 4
2.000061 103 2 2
2.000061 104 2 2
2.000061 105 2 2
2.000061 106 3 3
2.000061 107 1 1
2.000061 108 2 2
2.000061 109 2 2
3.000092 0 4 4
3.000092 1 4 4
3.000092 2 4 4
3.000092 3 4 4
3.000092 4 4 4
3.000092 5 4 4
3.000092 7 3 3
3.000092 8 4 4
3.000092 9 4 4
3.000092 10 4 4
3.000092 11 3 3
3.000092 13 4 4
3.000092 14 4 4
3.000092 15 4 4
3.000092 16 4 4
3.000092 17 4 4
3.000092 18 4 4
3.000092 19 4 4
3.000092 20 4 4
3.000092 21 4 4
3.000092 22 4 4
3.000092 23 5 5
3.000092 24 4 4
3.000092 25 4 4
3.000092 27 4 4
3.000092 28 4 4
3.000092 29 4 4
3.000092 30 3 3
3.000092 31 4 4
3.000092 32 4 4
3.000092 33 4 4
3.000092 34 4 4
3.000092 35 3 3
3.000092 36 4 4
3.000092 37 4 4
3.000092 38 4 4
3.000092 39 4 4
3.000092 40 4 4
3.000092 41 4 4
3.000092 43 4 4
3.000092 44 4 4
3.000092 45 4 4
3.000092 46 3 3
3.000092 47 3 3
3.000092 49 4 4
3.000092 50 4 4
3.000092 51 4 4
3.000092 52 4 4
3.000092 53 4 4
3.000092 54 4 4
3.000092 55 4 4
3.000092 56 4 4
3.000092 57 4 4
3.000092 58 4 4
3.000092 59 4 4
3.000092 60 3 3
3.000092 61 4 4
3.000092 62 4 4
3.000092 63 4 4
3.000092 64 4 4
3.000092 65 4 4
3.000092 66 4 4
3.000092 67 4 4
3.000092 68 4 4
3.000092 69 4 4
3.000092 70 4 4
3.000092 71 4 4
3.000092 72 4 4
3.000092 73 4 4
3.000092 74 4 4
3.000092 75 4 4
3.000092 76 3 3
3.000092 77 4 4
3.000092 79 3 3
3.000092 80 4 4
3.000092 81 4 4
3.000092 82 4 4
3.000092 83 4 4
3.000092 84 4 4
3.000092 85 5 5
3.000092 86 4 4
3.000092 87 5 5
3.000092 88 4 4
3.000092 89 4 4
3.000092 91 4 4
3.000092 92 4 4
3.000092 93 4 4
3.000092 94 4 4
3.000092 95 4 4
3.000092 96 4 4
3.000092 97 6 6
3.000092 98 2 2
3.000092 99 4 4
3.000092 100 4 4
3.000092 101 5 5
3.000092 102 4 4
3.000092 103 4 4
3.000092 104 3 3
3.000092 105 4 4
3.000092 106 5 5
3.000092 107 2 2
3.000092 108 4 4
3.000092 109 4 4
4.000122 0 4 4
4.000122 1 5 5
4.000122 2 6 6
4.000122 3 7 7
4.000122 4 6 6
4.000122 5 6 6
4.000122 7 6 6
4.000122 8 7 7
4.000122 9 8 8
4.000122 10 6 6
4.000122 11 5 5
4.000122 13 7 7
4.000122 14 6 6
4.000122 15 6 6
4.000122 16 4 4
4.000122 17 4 4
4.000122 18 8 8
4.000122 19 5 5
4.000122 20 7 7
4.000122 21 6 6
4.000122 22 8 8
4.000122 23 8 8
4.000122 24 4 4
4.000122 25 8 8
4.000122 27 6 6
4.000122 28 7 7
4.000122 29 5 5
4.000122 30 4 4
4.000122 31 6 6
4.000122 32 6 6
4.000122 33 7 7
4.000122 34 5 5
4.000122 35 5 5
4.000122 36 6 6
4.000122 37 7 7
4.000122 38 8 8
4.000122 39 6 6
4.000122 40 6 6
4.000122 41 7 7
4.000122 43 5 5
4.000122 44 7 7
4.000122 45 7 7
4.000122 46 6 6
4.000122 47 5 5
4.000122 49 6 6
4.000122 50 6 6
4.000122 51 4 4
4.000122 52 8 8
4.000122 53 4 4
4.000122 54 7 7
4.000122 55 6 6
4.000122 56 3 3
4.000122 57 7 7
4.000122 58 6 6
4.000122 59 6 6
4.000122 60 6 6
4.000122 61 8 8
4.000122 62 6 6
4.000122 63 5 5
4.000122 64 6 6
4.000122 65 5 5
4.000122 66 5 5
4.000122 67 7 7
4.000122 68 6 6
4.000122 69 7 7
4.000122 70 5 5
4.000122 71 5 5
4.000122 72 4 4
4.000122 73 7 7
4.000122 74 6 6
4.000122 75 6 6
4.000122 76 4 4
4.000122 77 7 7
4.000122 79 5 5
4.000122 80 6 6
4.000122 81 6 6
4.000122 82 4 4
4.000122 83 6 6
4.000122 84 8 8
4.000122 85 6 6
4.000122 86 5 5
4.000122 87 6 6
4.000122 88 6 6
4.000122 89 7 7
4.000122 91 5 5
4.000122 92 6 6
4.000122 93 8 8
4.000122 94 5 5
4.000122 95 6 6
4.000122 96 6 6
4.000122 97 7 7
4.000122 98 2 2
4.000122 99 6 6
4.000122 100 6 6
4.000122 101 7 7
4.000122 102 7 7
4.000122 103 6 6
4.000122 104 4 4
4.000122 105 7 7
4.000122 106 7 7
4.000122 107 1 1
4.000122 108 4 4
4.000122 109 5 5
5.000153 0 8 8
5.000153 1 9 9
5.000153 2 8 8
5.000153 3 11 11
5.000153 4 8 8
5.000153 5 9 9
5.000153 7 8 8
5.000153 8 9 9
5.000153 9 10 10
5.000153 10 10 10
5.000153 11 7 7
5.000153 13 10 10
5.000153 14 8 8
5.000153 15 8 8
5.000153 16 8 8
5.000153 17 8 8
5.000153 18 13 13
5.000153 19 9 9
5.000153 20 8 8
5.000153 21 9 9
5.000153 22 11 11
5.000153 23 12 12
5.000153 24 8 8
5.000153 25 11 11
5.000153 27 8 8
5.000153 28 10 10
5.000153 29 9 9
5.000153 30 8 8
5.000153 31 10 10
5.000153 32 9 9
5.000153 33 10 10
5.000153 34 8 8
5.000153 35 8 8
5.000153 36 10 10
5.000153 37 9 9
5.000153 38 11 11
5.000153 39 7 7
5.000153 40 8 8
5.000153 41 9 9
5.000153 43 8 8
5.000153 44 8 8
5.000153 45 10 10
5.000153 46 9 9
5.000153 47 10 10
5.000153 49 9 9
5.000153 50 8 8
5.000153 51 8 8
5.000153 52 12 12
5.000153 53 8 8
5.000153 54 11 11
5.000153 55 11 11
5.000153 56 6 6
5.000153 57 9 9
5.000153 58 9 9
5.000153 59 9 9
5.000153 60 9 9
5.000153 61 11 11
5.000153 62 9 9
5.000153 63 8 8
5.000153 64 8 8
5.000153 65 7 7
5.000153 66 10 10
5.000153 67 8 8
5.000153 68 10 10
5.000153 69 12 12
5.000153 70 8 8
5.000153 71 9 9
5.000153 72 8 8
5.000153 73 8 8
5.000153 74 8 8
5.000153 75 9 9
5.000153 76 8 8
5.000153 77 11 11
5.000153 79 8 8
5.000153 80 9 9
5.000153 81 8 8
5.000153 82 8 8
5.000153 83 8 8
5.000153 84 12 12
5.000153 85 11 11
5.000153 86 8 8
5.000153 87 10 10
5.000153 88 8 8
5.000153 89 8 8
5.000153 91 7 7
5.000153 92 10 10
5.000153 93 11 11
5.000153 94 10 10
5.000153 95 8 8
5.000153 96 9 9
5.000153 97 14 14
5.000153 98 4 4
5.000153 99 10 10
5.000153 100 9 9
5.000153 101 13 13
5.000153 102 10 10
5.000153 103 10 10
5.000153 104 8 8
5.000153 105 11 11
5.000153 106 11 11
5.000153 107 2 2
5.000153 108 8 8
5.000153 109 8 8
6.000183 0 12 12
6.000183 1 17 17
6.000183 2 16 16
6.000183 3 19 19
6.000183 4 14 14
6.000183 5 17 17
6.000183 7 13 13
6.000183 8 17 17
6.000183 9 17 17
6.000183 10 16 16
6.000183 11 11 11
6.000183 13 16 16
6.000183 14 15 15
6.000183 15 14 14
6.000183 16 11 11
6.000183 17 14 14
6.000183 18 20 20
6.000183 19 15 15
6.000183 20 16 16
6.000183 21 15 15
6.000183 22 18 18
6.000183 23 18 18
6.000183 24 11 11
6.000183 25 18 18
6.000183 27 16 16
6.000183 28 16 16
6.000183 29 14 14
6.000183 30 12 12
6.000183 31 17 17
6.000183 32 15 15
6.000183 33 15 15
6.000183 34 12 12
6.000183 35 12 12
6.000183 36 17 17
6.000183 37 15 15
6.000183 38 18 18
6.000183 39 12 12
6.000183 40 16 16
6.000183 41 15 15
6.000183 43 14 14
6.000183 44 16 16
6.000183 45 17 17
6.000183 46 14 14
6.000183 47 16 16
6.000183 49 15 15
6.000183 50 16 16
6.000183 51 13 13
6.000183 52 20 20
6.000183 53 11 11
6.000183 54 17 17
6.000183 55 16 16
6.000183 56 11 11
6.000183 57 16 16
6.000183 58 16 16
6.000183 59 15 15
6.000183 60 14 14
6.000183 61 16 16
6.000183 62 16 16
6.000183 63 14 14
6.000183 64 15 15
6.000183 65 14 14
6.000183 66 15 15
6.000183 67 16 16
6.000183 68 14 14
6.000183 69 16 16
6.000183 70 16 16
6.000183 71 16 16
6.000183 72 15 15
6.000183 73 15 15
6.000183 74 12 12
6.000183 75 14 14
6.000183 76 13 13
6.000183 77 17 17
6.000183 79 13 13
6.000183 80 15 15
6.000183 81 16 16
6.000183 82 14 14
6.000183 83 15 15
6.000183 84 19 19
6.000183 85 18 18
6.000183 86 14 14
6.000183 87 15 15
6.000183 88 15 15
6.000183 89 16 16
6.000183 91 9 9
6.000183 92 16 16
6.000183 93 17 17
6.000183 94 17 17
6.000183 95 14 14
6.000183 96 16 16
6.000183 97 19 19
6.000183 98 5 5
6.000183 99 16 16
6.000183 100 14 14
6.000183 101 19 19
6.000183 102 18 18
6.000183 103 16 16
6.000183 104 13 13
6.000183 105 18 18
6.000183 106 22 22
6.000183 107 2 2
6.000183 108 15 15
6.000183 109 15 15
7.000214 0 18 18
7.000214 1 24 24
7.000214 2 24 24
7.000214 3 26 26
7.000214 4 21 21
7.000214 5 25 25
7.000214 7 21 21
7.000214 8 26 26
7.000214 9 30 30
7.000214 10 22 22
7.000214 11 16 16
7.000214 13 25 25
7.000214 14 25 25
7.000214 15 22 22
7.000214 16 18 18
7.000214 17 20 20
7.000214 18 31 31
7.000214 19 24 24
7.000214 20 23 23
7.000214 21 24 24
7.000214 22 28 28
7.000214 23 34 34
7.000214 24 19 19
7.000214 25 28 28
7.000214 27 19 19
7.000214 28 23 23
7.000214 29 23 23
7.000214 30 17 17
7.000214 31 24 24
7.000214 32 24 24
7.000214 33 27 27
7.000214 34 20 20
7.000214 35 19 19
7.000214 36 26 26
7.000214 37 26 26
7.000214 38 30 30
7.000214 39 12 12
7.000214 40 24 24
7.000214 41 25 25
7.000214 43 19 19
7.000214 44 24 24
7.000214 45 30 30
7.000214 46 22 22
7.000214 47 22 22
7.000214 49 22 22
7.000214 50 22 22
7.000214 51 19 19
7.000214 52 31 31
7.000214 53 17 17
7.000214 54 28 28
7.000214 55 23 23
7.000214 56 17 17
7.000214 57 27 27
7.000214 58 19 19
7.000214 59 23 23
7.000214 60 23 23
7.000214 61 31 31
7.000214 62 25 25
7.000214 63 19 19
7.000214 64 20 20
7.000214 65 20 20
7.000214 66 22 22
7.000214 67 25 25
7.000214 68 25 25
7.000214 69 27 27
7.000214 70 19 19
7.000214 71 22 22
7.000214 72 20 20
7.000214 73 24 24
7.000214 74 22 22
7.000214 75 24 24
7.000214 76 19 19
7.000214 77 27 27
7.000214 79 21 21
7.000214 80 24 24
7.000214 81 23 23
7.000214 82 19 19
7.000214 83 26 26
7.000214 84 31 31
7.000214 85 29 29
7.000214 86 22 22
7.000214 87 21 21
7.000214 88 23 23
7.000214 89 23 23
7.000214 91 12 12
7.000214 92 27 27
7.000214 93 32 32
7.000214 94 21 21
7.000214 95 23 23
7.000214 96 22 22
7.000214 97 29 29
7.000214 98 5 5
7.000214 99 27 27
7.000214 100 21 21
7.000214 101 29 29
7.000214 102 29 29
7.000214 103 25 25
7.000214 104 17 17
7.000214 105 29 29
7.000214 106 34 34
7.000214 107 3 3
7.000214 108 20 20
7.000214 109 24 24
8.000244 0 31 31
8.000244 1 39 39
8.000244 2 38 38
8.000244 3 44 44
8.000244 4 32 32
8.000244 5 39 39
8.000244 7 34 34
8.000244 8 39 39
8.000244 9 44 44
8.000244 10 38 38
8.000244 11 28 28
8.000244 13 39 39
8.000244 14 36 36
8.000244 15 34 34
8.000244 16 27 27
8.000244 17 33 33
8.000244 18 47 47
8.000244 19 37 37
8.000244 20 33 33
8.000244 21 38 38
8.000244 22 44 44
8.000244 23 52 52
8.000244 24 32 32
8.000244 25 46 46
8.000244 27 33 33
8.000244 28 41 41
8.000244 29 35 35
8.000244 30 28 28
8.000244 31 36 36
8.000244 32 35 35
8.000244 33 41 41
8.000244 34 30 30
8.000244 35 35 35
8.000244 36 42 42
8.000244 37 36 36
8.000244 38 44 44
8.000244 40 36 36
8.000244 41 37 37
8.000244 43 31 31
8.000244 44 35 35
8.000244 45 47 47
8.000244 46 34 34
8.000244 47 36 36
8.000244 49 39 39
8.000244 50 34 34
8.000244 51 32 32
8.000244 52 52 52
8.000244 53 30 30
8.000244 54 42 42
8.000244 55 44 44
8.000244 56 19 19
8.000244 57 40 40
8.000244 58 12 12
8.000244 59 35 35
8.000244 60 36 36
8.000244 61 43 43
8.000244 62 38 38
8.000244 63 35 35
8.000244 64 32 32
8.000244 65 23 23
8.000244 66 36 36
8.000244 67 37 37
8.000244 68 42 42
8.000244 69 43 43
8.000244 70 34 34
8.000244 71 35 35
8.000244 72 32 32
8.000244 73 39 39
8.000244 74 32 32
8.000244 75 36 36
8.000244 76 32 32
8.000244 77 46 46
8.000244 79 35 35
8.000244 80 36 36
8.000244 81 34 34
8.000244 82 34 34
8.000244 83 37 37
8.000244 84 47 47
8.000244 85 43 43
8.000244 86 32 32
8.000244 87 22 22
8.000244 88 35 35
8.000244 89 35 35
8.000244 91 16 16
8.000244 92 37 37
8.000244 93 29 29
8.000244 94 39 39
8.000244 95 37 37
8.000244 96 34 34
8.000244 97 52 52
8.000244 98 7 7
8.000244 99 40 40
8.000244 100 32 32
8.000244 101 48 48
8.000244 102 48 48
8.000244 103 41 41
8.000244 104 32 32
8.000244 105 45 45
8.000244 106 51 51
8.000244 107 2 2
8.000244 108 32 32
8.000244 109 39 39
9.000275 0 50 50
9.000275 1 64 64
9.000275 2 63 63
9.000275 3 74 74
9.000275 4 53 53
9.000275 5 64 64
9.000275 7 53 53
9.000275 8 67 67
9.000275 9 75 75
9.000275 10 58 58
9.000275 11 32 32
9.000275 13 65 65
9.000275 14 61 61
9.000275 15 58 58
9.000275 16 2 2
9.000275 17 55 55
9.000275 18 22 22
9.000275 19 61 61
9.000275 20 61 61
9.000275 21 60 60
9.000275 22 37 37
9.000275 23 76 76
9.000275 24 51 51
9.000275 25 78 78
9.000275 27 58 58
9.000275 28 65 65
9.000275 29 60 60
9.000275 30 18 18
9.000275 31 67 67
9.000275 32 60 60
9.000275 33 53 53
9.000275 34 52 52
9.000275 35 55 55
9.000275 36 71 71
9.000275 37 59 59
9.000275 38 71 71
9.000275 40 63 63
9.000275 41 61 61
9.000275 43 59 59
9.000275 44 60 60
9.000275 45 74 74
9.000275 46 54 54
9.000275 47 59 59
9.000275 49 43 43
9.000275 50 61 61
9.000275 51 51 51
9.000275 52 45 45
9.000275 53 48 48
9.000275 54 67 67
9.000275 55 64 64
9.000275 57 65 65
9.000275 59 22 22
9.000275 60 52 52
9.000275 61 70 70
9.000275 62 43 43
9.000275 63 53 53
9.000275 64 55 55
9.000275 66 62 62
9.000275 67 59 59
9.000275 68 60 60
9.000275 69 66 66
9.000275 70 59 59
9.000275 71 56 56
9.000275 72 39 39
9.000275 73 61 61
9.000275 74 55 55
9.000275 75 60 60
9.000275 76 50 50
9.000275 77 70 70
9.000275 79 57 57
9.000275 80 13 13
9.000275 81 62 62
9.000275 82 51 51
9.000275 83 63 63
9.000275 84 75 75
9.000275 85 70 70
9.000275 86 54 54
9.000275 88 58 58
9.000275 89 63 63
9.000275 92 62 62
9.000275 94 62 62
9.000275 95 63 63
9.000275 96 12 12
9.000275 97 84 84
9.000275 99 26 26
9.000275 100 54 54
9.000275 101 80 80
9.000275 102 76 76
9.000275 103 67 67
9.000275 104 49 49
9.000275 105 67 67
9.000275 106 78 78
9.000275 108 57 57
9.000275 109 54 54
10.000305 0 78 78
10.000305 1 90 90
10.000305 2 104 104
10.000305 3 118 118
10.000305 4 91 91
10.000305 7 24 24
10.000305 8 104 104
10.000305 9 16 16
10.000305 10 3 3
10.000305 13 103 103
10.000305 14 97 97
10.000305 15 87 87
10.000305 17 65 65
10.000305 20 96 96
10.000305 21 97 97
10.000305 23 96 96
10.000305 24 77 77
10.000305 27 82 82
10.000305 29 92 92
10.000305 31 103 103
10.000305 32 94 94
10.000305 34 81 81
10.000305 35 86 86
10.000305 36 101 101
10.000305 37 101 101
10.000305 38 114 114
10.000305 41 9 9
10.000305 44 93 93
10.000305 45 118 118
10.000305 46 87 87
10.000305 47 97 97
10.000305 50 96 96
10.000305 51 75 75
10.000305 53 77 77
10.000305 54 115 115
10.000305 55 104 104
10.000305 57 107 107
10.000305 61 120 120
10.000305 63 80 80
10.000305 64 86 86
10.000305 66 100 100
10.000305 67 96 96
10.000305 68 99 99
10.000305 69 108 108
10.000305 71 89 89
10.000305 73 9 9
10.000305 74 87 87
10.000305 75 14 14
10.000305 76 78 78
10.000305 77 115 115
10.000305 79 87 87
10.000305 81 95 95
10.000305 82 53 53
10.000305 83 100 100
10.000305 84 122 122
10.000305 85 108 108
10.000305 86 86 86
10.000305 88 92 92
10.000305 92 102 102
10.000305 94 89 89
10.000305 95 1 1
10.000305 97 87 87
10.000305 100 38 38
10.000305 103 105 105
10.000305 104 78 78
10.000305 105 113 113
10.000305 106 65 65
10.000305 108 84 84
10.000305 109 97 97
11.000336 2 161 161
11.000336 3 187 187
11.000336 4 140 140
11.000336 8 162 162
11.000336 13 59 59
11.000336 14 140 140
11.000336 15 140 140
11.000336 20 137 137
11.000336 24 65 65
11.000336 27 137 137
11.000336 31 161 161
11.000336 32 39 39
11.000336 35 133 133
11.000336 36 173 173
11.000336 37 152 152
11.000336 38 188 188
11.000336 44 146 146
11.000336 45 190 190
11.000336 46 63 63
11.000336 47 94 94
11.000336 50 23 23
11.000336 54 175 175
11.000336 55 172 172
11.000336 57 166 166
11.000336 63 133 133
11.000336 64 137 137
11.000336 66 144 144
11.000336 67 146 146
11.000336 68 163 163
11.000336 69 170 170
11.000336 71 148 148
11.000336 74 134 134
11.000336 76 123 123
11.000336 77 5 5
11.000336 79 139 139
11.000336 81 148 148
11.000336 83 158 158
11.000336 84 141 141
11.000336 85 175 175
11.000336 86 10 10
11.000336 88 122 122
11.000336 92 58 58
11.000336 94 153 153
11.000336 105 184 184
11.000336 108 113 113
11.000336 109 10 10
12.000366 2 257 257
12.000366 3 297 297
12.000366 4 221 221
12.000366 8 257 257
12.000366 14 3 3
12.000366 15 219 219
12.000366 20 205 205
12.000366 27 48 48
12.000366 31 142 142
12.000366 35 200 200
12.000366 36 176 176
12.000366 37 247 247
12.000366 38 160 160
12.000366 44 27 27
12.000366 45 104 104
12.000366 54 274 274
12.000366 55 266 266
12.000366 57 270 270
12.000366 64 1 1
12.000366 66 3 3
12.000366 67 243 243
12.000366 68 247 247
12.000366 69 63 63
12.000366 71 225 225
12.000366 74 182 182
12.000366 76 157 157
12.000366 79 169 169
12.000366 81 248 248
12.000366 83 248 248
12.000366 85 273 273
12.000366 94 244 244
12.000366 105 277 277
13.000397 2 151 151
13.000397 3 441 441
13.000397 4 55 55
13.000397 8 411 411
13.000397 15 343 343
13.000397 20 6 6
13.000397 31 44 44
13.000397 35 17 17
13.000397 36 40 40
13.000397 37 301 301
13.000397 38 45 45
13.000397 54 284 284
13.000397 55 299 299
13.000397 57 321 321
13.000397 67 308 308
13.000397 68 391 391
13.000397 71 359 359
13.000397 74 9 9
13.000397 76 39 39
13.000397 79 61 61
13.000397 81 380 380
13.000397 83 414 414
13.000397 85 430 430
13.000397 94 366 366
13.000397 105 465 465
14.000427 2 25 25
14.000427 3 617 617
14.000427 4 14 14
14.000427 8 660 660
14.000427 15 334 334
14.000427 36 12 12
14.000427 37 90 90
14.000427 54 244 244
14.000427 55 98 98
14.000427 57 1 1
14.000427 67 286 286
14.000427 68 337 337
14.000427 71 560 560
14.000427 79 5 5
14.000427 81 376 376
14.000427 83 657 657
14.000427 85 585 585
14.000427 94 525 525
14.000427 105 578 578
15.000458 3 719 719
15.000458 8 959 959
15.000458 15 305 305
15.000458 37 55 55
15.000458 54 153 153
15.000458 55 3 3
15.000458 67 64 64
15.000458 68 297 297
15.000458 71 757 757
15.000458 81 192 192
15.000458 83 993 993
15.000458 85 615 615
15.000458 94 270 270
15.000458 105 599 599
16.000488 3 730 730
16.000488 8 1126 1126
16.000488 15 267 267
16.000488 37 57 57
16.000488 54 121 121
16.000488 67 1 1
16.000488 68 291 291
16.000488 71 930 930
16.000488 81 38 38
16.000488 83 1152 1152
16.000488 85 685 685
16.000488 94 103 103
16.000488 105 512 512
17.000519 3 756 756
17.000519 8 1204 1204
17.000519 15 252 252
17.000519 37 81 81
17.000519 54 79 79
17.000519 68 258 258
17.000519 71 1111 1111
17.000519 83 1118 1118
17.000519 85 736 736
17.000519 94 29 29
17.000519 105 367 367
18.000549 3 807 807
18.000549 8 1230 1230
18.000549 15 281 281
18.000549 37 64 64
18.000549 68 189 189
18.000549 71 1208 1208
18.000549 83 1115 1115
18.000549 85 829 829
18.000549 105 285 285
19.000580 3 824 824
19.000580 8 1276 1276
19.000580 15 288 288
19.000580 37 21 21
19.000580 68 111 111
19.000580 71 1230 1230
19.000580 83 1078 1078
19.000580 85 898 898
19.000580 105 272 272
20.000610 3 874 874
20.000610 8 1363 1363
20.000610 15 186 186
20.000610 68 67 67
20.000610 71 1381 1381
20.000610 83 1059 1059
20.000610 85 899 899
20.000610 105 204 204
21.000641 3 914 914
21.000641 8 1356 1356
21.000641 15 120 120
21.000641 68 65 65
21.000641 71 1462 1462
21.000641 83 1060 1060
21.000641 85 845 845
21.000641 105 149 149
22.000671 3 980 980
22.000671 8 1399 1399
22.000671 15 66 66
22.000671 68 27 27
22.000671 71 1503 1503
22.000671 83 1038 1038
22.000671 85 863 863
22.000671 105 101 101
23.000702 3 1014 1014
23.000702 8 1442 1442
23.000702 15 32 32
23.000702 71 1606 1606
23.000702 83 1068 1068
23.000702 85 740 740
23.000702 105 63 63
24.000732 3 1056 1056
24.000732 8 1543 1543
24.000732 15 10 10
24.000732 71 1540 1540
24.000732 83 1071 1071
24.000732 85 780 780
24.000732 105 23 23
25.000763 3 1148 1148
25.000763 8 1583 1583
25.000763 71 1548 1548
25.000763 83 1008 1008
25.000763 85 729 729
25.000763 105 7 7
26.000793 3 1146 1146
26.000793 8 1706 1706
26.000793 71 1602 1602
26.000793 83 924 924
26.000793 85 654 654
27.000824 3 1194 1194
27.000824 8 1832 1832
27.000824 71 1509 1509
27.000824 83 828 828
27.000824 85 611 611
28.000854 3 1327 1327
28.000854 8 1800 1800
28.000854 71 1392 1392
28.000854 83 934 934
28.000854 85 584 584
29.000885 3 1421 1421
29.000885 8 1734 1734
29.000885 71 1366 1366
29.000885 83 960 960
29.000885 85 536 536
30.000916 3 1530 1530
30.000916 8 1780 1780
30.000916 71 1272 1272
30.000916 83 920 920
30.000916 85 471 471
31.000946 3 1632 1632
31.000946 8 1799 1799
31.000946 71 1203 1203
31.000946 83 967 967
31.000946 85 444 444
32.000977 3 1741 1741
32.000977 8 1610 1610
32.000977 71 1224 1224
32.000977 83 1005 1005
32.000977 85 422 422
33.001007 3 1922 1922
33.001007 8 1477 1477
33.001007 71 1208 1208
33.001007 83 1090 1090
33.001007 85 296 296
34.001038 3 2035 2035
34.001038 8 1340 1340
34.001038 71 1247 1247
34.001038 83 1190 1190
34.001038 85 180 180
35.001068 3 2114 2114
35.001068 8 1209 1209
35.001068 71 1231 1231
35.001068 83 1273 1273
35.001068 85 224 224
36.001099 3 2135 2135
36.001099 8 1166 1166
36.001099 71 1168 1168
36.001099 83 1253 1253
36.001099 85 274 274
37.001129 3 2181 2181
37.001129 8 1072 1072
37.001129 71 1100 1100
37.001129 83 1359 1359
37.001129 85 282 282
38.001160 3 2269 2269
38.001160 8 1047 1047
38.001160 71 1039 1039
38.001160 83 1385 1385
38.001160 85 283 283
39.001190 3 2295 2295
39.001190 8 976 976
39.001190 71 1102 1102
39.001190 83 1397 1397
39.001190 85 201 201
40.001221 3 2402 2402
40.001221 8 811 811
40.001221 71 1204 1204
40.001221 83 1424 1424
40.001221 85 123 123
41.001251 3 2500 2500
41.001251 8 688 688
41.001251 71 1270 1270
41.001251 83 1468 1468
41.001251 85 81 81
42.001282 3 2652 2652
42.001282 8 696 696
42.001282 71 1174 1174
42.001282 83 1477 1477
42.001282 85 28 28
43.001312 3 2738 2738
43.001312 8 670 670
43.001312 71 1058 1058
43.001312 83 1509 1509
44.001343 3 2788 2788
44.001343 8 659 659
44.001343 71 1010 1010
44.001343 83 1510 1510
45.001373 3 2784 2784
45.001373 8 608 608
45.001373 71 1033 1033
45.001373 83 1593 1593
46.001404 3 2802 2802
46.001404 8 577 577
46.001404 71 1034 1034
46.001404 83 1561 1561
46.997040 3 2921 2921
46.997040 8 555 555
46.997040 71 1065 1065
46.997040 83 1612 1612
47.997055 3 3067 3067
47.997055 8 540 540
47.997055 71 1083 1083
47.997055 83 1596 1596
48.997070 3 3135 3135
48.997070 8 438 438
48.997070 71 1151 1151
48.997070 83 1571 1571
49.997086 3 3201 3201
49.997086 8 351 351
49.997086 71 1262 1262
49.997086 83 1510 1510
50.997101 3 3267 3267
50.997101 8 178 178
50.997101 71 1323 1323
50.997101 83 1514 1514
51.997116 3 3373 3373
51.997116 8 149 149
51.997116 71 1273 1273
51.997116 83 1497 1497
52.997131 3 3477 3477
52.997131 8 172 172
52.997131 71 1173 1173
52.997131 83 1476 1476
53.997147 3 3574 3574
53.997147 8 194 194
53.997147 71 1093 1093
53.997147 83 1457 1457
54.997162 3 3650 3650
54.997162 8 220 220
54.997162 71 932 932
54.997162 83 1483 1483
55.997177 3 3789 3789
55.997177 8 285 285
55.997177 71 792 792
55.997177 83 1482 1482
56.997192 3 3927 3927
56.997192 8 317 317
56.997192 71 634 634
56.997192 83 1425 1425
57.997208 3 3972 3972
57.997208 8 303 303
57.997208 71 591 591
57.997208 83 1390 1390
58.997223 3 4014 4014
58.997223 8 405 405
58.997223 71 550 550
58.997223 83 1359 1359
59.997238 3 4058 4058
59.997238 8 389 389
59.997238 71 502 502
59.997238 83 1330 1330
60.997253 3 4108 4108
60.997253 8 448 448
60.997253 71 430 430
60.997253 83 1276 1276
61.997269 3 4205 4205
61.997269 8 503 503
61.997269 71 389 389
61.997269 83 1255 1255
62.997284 3 4144 4144
62.997284 8 557 557
62.997284 71 380 380
62.997284 83 1237 1237
63.997299 3 4039 4039
63.997299 8 590 590
63.997299 71 338 338
63.997299 83 1328 1328
64.997314 3 3964 3964
64.997314 8 721 721
64.997314 71 315 315
64.997314 83 1295 1295
65.997330 3 3972 3972
65.997330 8 845 845
65.997330 71 243 243
65.997330 83 1238 1238
66.997345 3 3981 3981
66.997345 8 957 957
66.997345 71 174 174
66.997345 83 1186 1186
67.997360 3 3943 3943
67.997360 8 1104 1104
67.997360 71 119 119
67.997360 83 1101 1101
68.997375 3 3900 3900
68.997375 8 1376 1376
68.997375 71 143 143
68.997375 83 859 859
69.997391 3 3801 3801
69.997391 8 1592 1592
69.997391 71 134 134
69.997391 83 788 788
70.997406 3 3801 3801
70.997406 8 1771 1771
70.997406 71 120 120
70.997406 83 642 642
71.997421 3 3711 3711
71.997421 8 1705 1705
71.997421 71 111 111
71.997421 83 774 774
