26.9
       1.449,        1.418,        1.377,        1.234,        0.304,        0.404,        1.508,        1.474,        1.415,        1.143,        0.32 ,        0.306
       1.427,        1.413,        1.424,        1.325,        0.968,        0.758,        1.498,        1.514,        1.459,        1.105,        0.249,        0.272
       1.473,        1.379,        1.412,        1.303,        0.666,        0.976,        1.492,        1.51 ,        1.447,        1.141,        0.252,        0.281
       1.542,        1.457,        1.415,        1.347,        0.626,        0.499,        1.526,        1.5  ,        1.483,        1.179,        0.254,        0.258
       1.485,        1.454,        1.393,        1.278,        0.286,        0.887,        1.487,        1.464,        1.419,        1.131,        0.241,        0.27 
       1.498,        1.457,        1.415,        1.298,        0.257,        0.261,        1.551,        1.481,        1.45 ,        1.14 ,        0.266,        0.277
       1.498,        1.484,        1.405,        1.31 ,        0.264,        0.251,        1.529,        1.469,        1.446,        1.126,        0.26 ,        0.272
       1.52 ,        1.5  ,        1.48 ,        1.305,        0.286,        0.294,        1.574,        1.511,        1.464,        1.119,        0.271,        0.292

