27.1
       1.472,        1.423,        1.371,        1.244,        0.336,        0.703,        1.517,        1.482,        1.425,        1.188,        0.301,        0.292
       1.44 ,        1.418,        1.414,        1.347,        1.109,        0.919,        1.511,        1.512,        1.465,        1.167,        0.247,        0.264
       1.48 ,        1.369,        1.419,        1.325,        0.865,        1.084,        1.516,        1.511,        1.471,        1.194,        0.265,        0.284
       1.548,        1.456,        1.423,        1.377,        0.992,        0.734,        1.552,        1.508,        1.487,        1.23 ,        0.279,        0.26 
       1.508,        1.472,        1.405,        1.299,        0.503,        1.057,        1.519,        1.48 ,        1.46 ,        1.161,        0.26 ,        0.272
       1.51 ,        1.465,        1.432,        1.33 ,        0.255,        0.26 ,        1.569,        1.508,        1.488,        1.176,        0.273,        0.273
       1.522,        1.494,        1.426,        1.357,        0.258,        0.24 ,        1.57 ,        1.493,        1.475,        1.18 ,        0.252,        0.263
       1.527,        1.51 ,        1.484,        1.335,        0.272,        0.29 ,        1.579,        1.536,        1.499,        1.171,        0.277,        0.281

