27.2
       1.366,        1.345,        1.324,        1.126,        0.28 ,        0.29 ,        1.408,        1.387,        1.34 ,        0.931,        0.317,        0.298
       1.372,        1.359,        1.332,        1.18 ,        0.255,        0.258,        1.432,        1.407,        1.341,        0.901,        0.241,        0.258
       1.413,        1.33 ,        1.322,        1.172,        0.27 ,        0.358,        1.434,        1.427,        1.34 ,        0.919,        0.256,        0.279
       1.466,        1.385,        1.315,        1.206,        0.244,        0.247,        1.463,        1.4  ,        1.344,        0.966,        0.251,        0.259
       1.413,        1.36 ,        1.282,        1.167,        0.235,        0.262,        1.416,        1.336,        1.282,        0.848,        0.247,        0.273
       1.413,        1.354,        1.294,        1.194,        0.268,        0.274,        1.444,        1.356,        1.302,        0.854,        0.277,        0.272
       1.424,        1.375,        1.291,        1.126,        0.26 ,        0.246,        1.42 ,        1.353,        1.295,        0.82 ,        0.246,        0.27 
       1.418,        1.395,        1.35 ,        1.147,        0.271,        0.286,        1.464,        1.392,        1.335,        0.729,        0.272,        0.284

