26.1
       0.247,        0.277,        0.284,        0.272,        0.273,        0.277,        0.28 ,        0.288,        0.279,        0.289,        0.283,        0.292
       0.254,        0.252,        0.244,        0.275,        0.251,        0.245,        0.258,        0.26 ,        0.245,        0.249,        0.239,        0.256
       0.271,        0.247,        0.255,        0.273,        0.248,        0.248,        0.262,        0.269,        0.255,        0.251,        0.262,        0.248
       0.256,        0.253,        0.244,        0.268,        0.253,        0.259,        0.26 ,        0.261,        0.25 ,        0.25 ,        0.247,        0.266
       0.237,        0.248,        0.244,        0.228,        0.231,        0.226,        0.229,        0.232,        0.247,        0.239,        0.254,        0.257
       0.284,        0.253,        0.287,        0.302,        0.283,        0.266,        0.284,        0.27 ,        0.267,        0.246,        0.284,        0.278
       0.262,        0.262,        0.252,        0.263,        0.253,        0.244,        0.253,        0.229,        0.252,        0.25 ,        0.252,        0.27 
       0.248,        0.254,        0.261,        0.256,        0.265,        0.252,        0.261,        0.262,        0.267,        0.273,        0.258,        0.263

