26.9
       1.428,        1.4  ,        1.375,        1.213,        0.289,        0.306,        1.474,        1.46 ,        1.397,        1.094,        0.325,        0.296
       1.405,        1.402,        1.405,        1.278,        0.666,        0.519,        1.476,        1.495,        1.429,        1.055,        0.24 ,        0.265
       1.456,        1.364,        1.391,        1.272,        0.507,        0.835,        1.468,        1.474,        1.422,        1.085,        0.257,        0.278
       1.526,        1.444,        1.395,        1.305,        0.353,        0.296,        1.49 ,        1.486,        1.442,        1.123,        0.246,        0.257
       1.473,        1.42 ,        1.365,        1.246,        0.244,        0.653,        1.468,        1.431,        1.383,        1.076,        0.24 ,        0.272
       1.491,        1.424,        1.385,        1.282,        0.253,        0.251,        1.516,        1.451,        1.415,        1.08 ,        0.274,        0.268
       1.476,        1.456,        1.384,        1.26 ,        0.26 ,        0.255,        1.501,        1.441,        1.41 ,        1.077,        0.257,        0.272
       1.496,        1.46 ,        1.446,        1.265,        0.286,        0.303,        1.546,        1.483,        1.425,        1.06 ,        0.271,        0.289

