26.9
       1.432,        1.414,        1.376,        1.216,        0.29 ,        0.319,        1.478,        1.459,        1.4  ,        1.105,        0.32 ,        0.289
       1.404,        1.4  ,        1.405,        1.286,        0.75 ,        0.572,        1.477,        1.492,        1.443,        1.059,        0.243,        0.27 
       1.465,        1.367,        1.4  ,        1.278,        0.553,        0.878,        1.466,        1.482,        1.427,        1.107,        0.255,        0.278
       1.539,        1.441,        1.399,        1.319,        0.391,        0.328,        1.502,        1.483,        1.455,        1.137,        0.247,        0.252
       1.471,        1.429,        1.37 ,        1.257,        0.246,        0.719,        1.472,        1.439,        1.403,        1.092,        0.243,        0.279
       1.496,        1.432,        1.387,        1.288,        0.254,        0.255,        1.529,        1.457,        1.42 ,        1.1  ,        0.267,        0.279
       1.489,        1.459,        1.388,        1.277,        0.262,        0.254,        1.494,        1.447,        1.41 ,        1.091,        0.257,        0.27 
       1.497,        1.471,        1.456,        1.275,        0.281,        0.282,        1.55 ,        1.487,        1.438,        1.07 ,        0.264,        0.289

