27.0
       1.281,        1.284,        1.217,        0.915,        0.275,        0.28 ,        1.342,        1.321,        1.224,        0.709,        0.313,        0.3  
       1.318,        1.307,        1.208,        0.948,        0.244,        0.253,        1.377,        1.328,        1.203,        0.701,        0.232,        0.258
       1.321,        1.312,        1.213,        0.969,        0.246,        0.253,        1.378,        1.363,        1.193,        0.681,        0.257,        0.273
       1.365,        1.314,        1.194,        0.972,        0.246,        0.249,        1.391,        1.326,        1.199,        0.703,        0.246,        0.255
       1.273,        1.256,        1.119,        0.758,        0.233,        0.218,        1.306,        1.236,        1.084,        0.57 ,        0.244,        0.265
       1.281,        1.272,        1.149,        0.828,        0.27 ,        0.278,        1.311,        1.239,        1.082,        0.562,        0.288,        0.275
       1.295,        1.265,        1.136,        0.65 ,        0.259,        0.253,        1.287,        1.234,        1.099,        0.543,        0.262,        0.259
       1.292,        1.278,        1.178,        0.704,        0.272,        0.273,        1.316,        1.247,        1.106,        0.48 ,        0.265,        0.287

