27.4
       1.342,        1.312,        1.279,        1.093,        0.284,        0.291,        1.387,        1.361,        1.304,        0.81 ,        0.319,        0.297
       1.361,        1.342,        1.279,        1.119,        0.241,        0.25 ,        1.422,        1.376,        1.293,        0.806,        0.24 ,        0.261
       1.388,        1.325,        1.281,        1.127,        0.251,        0.266,        1.417,        1.397,        1.287,        0.817,        0.252,        0.276
       1.43 ,        1.368,        1.279,        1.143,        0.24 ,        0.252,        1.435,        1.372,        1.299,        0.871,        0.245,        0.24 
       1.367,        1.332,        1.239,        1.024,        0.234,        0.226,        1.377,        1.324,        1.222,        0.705,        0.239,        0.26 
       1.385,        1.339,        1.25 ,        1.091,        0.266,        0.278,        1.407,        1.331,        1.239,        0.719,        0.28 ,        0.27 
       1.381,        1.348,        1.239,        0.965,        0.26 ,        0.26 ,        1.388,        1.328,        1.246,        0.686,        0.252,        0.268
       1.387,        1.366,        1.303,        1.014,        0.272,        0.278,        1.415,        1.351,        1.274,        0.622,        0.265,        0.289

