27.3
       1.312,        1.291,        1.242,        0.973,        0.274,        0.283,        1.35 ,        1.335,        1.249,        0.726,        0.314,        0.306
       1.338,        1.319,        1.236,        1.006,        0.246,        0.251,        1.391,        1.344,        1.234,        0.715,        0.246,        0.255
       1.351,        1.32 ,        1.228,        1.016,        0.246,        0.253,        1.395,        1.379,        1.219,        0.705,        0.254,        0.279
       1.383,        1.339,        1.216,        1.032,        0.248,        0.254,        1.403,        1.348,        1.228,        0.736,        0.25 ,        0.26 
       1.304,        1.286,        1.175,        0.833,        0.235,        0.227,        1.334,        1.262,        1.128,        0.635,        0.245,        0.269
       1.314,        1.297,        1.179,        0.901,        0.272,        0.286,        1.332,        1.256,        1.13 ,        0.608,        0.278,        0.278
       1.326,        1.295,        1.174,        0.749,        0.265,        0.242,        1.321,        1.258,        1.151,        0.584,        0.251,        0.265
       1.32 ,        1.313,        1.225,        0.794,        0.28 ,        0.281,        1.353,        1.283,        1.161,        0.516,        0.269,        0.284

