26.9
       1.415,        1.393,        1.369,        1.189,        0.297,        0.308,        1.46 ,        1.438,        1.395,        1.07 ,        0.324,        0.295
       1.401,        1.399,        1.396,        1.262,        0.488,        0.433,        1.468,        1.472,        1.414,        1.028,        0.242,        0.264
       1.456,        1.351,        1.389,        1.25 ,        0.444,        0.77 ,        1.465,        1.471,        1.41 ,        1.066,        0.258,        0.269
       1.527,        1.428,        1.385,        1.29 ,        0.303,        0.269,        1.486,        1.465,        1.429,        1.101,        0.249,        0.257
       1.457,        1.419,        1.352,        1.239,        0.232,        0.558,        1.458,        1.416,        1.372,        1.056,        0.241,        0.271
       1.48 ,        1.405,        1.366,        1.272,        0.254,        0.254,        1.511,        1.433,        1.397,        1.064,        0.263,        0.275
       1.476,        1.434,        1.361,        1.245,        0.255,        0.251,        1.484,        1.425,        1.384,        1.056,        0.261,        0.267
       1.489,        1.462,        1.436,        1.257,        0.274,        0.283,        1.536,        1.467,        1.414,        1.03 ,        0.271,        0.293

