27.2
       1.478,        1.413,        1.358,        1.25 ,        0.382,        0.812,        1.522,        1.473,        1.414,        1.208,        0.301,        0.285
       1.445,        1.419,        1.416,        1.347,        1.15 ,        0.987,        1.509,        1.513,        1.463,        1.19 ,        0.257,        0.267
       1.479,        1.361,        1.407,        1.326,        0.941,        1.095,        1.517,        1.508,        1.47 ,        1.222,        0.26 ,        0.282
       1.548,        1.452,        1.411,        1.375,        1.041,        0.809,        1.547,        1.519,        1.478,        1.249,        0.274,        0.253
       1.512,        1.465,        1.408,        1.299,        0.604,        1.119,        1.523,        1.489,        1.469,        1.188,        0.26 ,        0.272
       1.512,        1.463,        1.429,        1.336,        0.251,        0.25 ,        1.569,        1.512,        1.489,        1.198,        0.267,        0.271
       1.517,        1.492,        1.433,        1.364,        0.267,        0.25 ,        1.555,        1.498,        1.482,        1.196,        0.251,        0.265
       1.527,        1.509,        1.476,        1.34 ,        0.271,        0.283,        1.584,        1.52 ,        1.492,        1.194,        0.269,        0.279

