27.4
       1.36 ,        1.321,        1.322,        1.115,        0.276,        0.287,        1.398,        1.373,        1.328,        0.893,        0.317,        0.302
       1.374,        1.351,        1.311,        1.16 ,        0.25 ,        0.252,        1.432,        1.393,        1.32 ,        0.868,        0.245,        0.252
       1.403,        1.324,        1.306,        1.157,        0.253,        0.317,        1.436,        1.416,        1.32 ,        0.882,        0.254,        0.269
       1.453,        1.379,        1.301,        1.182,        0.246,        0.244,        1.453,        1.382,        1.329,        0.939,        0.243,        0.251
       1.39 ,        1.344,        1.268,        1.132,        0.227,        0.245,        1.413,        1.329,        1.256,        0.798,        0.247,        0.27 
       1.402,        1.352,        1.277,        1.171,        0.278,        0.285,        1.424,        1.349,        1.281,        0.803,        0.279,        0.275
       1.403,        1.363,        1.279,        1.08 ,        0.26 ,        0.246,        1.405,        1.339,        1.27 ,        0.774,        0.249,        0.274
       1.406,        1.384,        1.342,        1.114,        0.278,        0.285,        1.44 ,        1.378,        1.315,        0.679,        0.257,        0.294

