27.1
       1.481,        1.417,        1.36 ,        1.253,        0.369,        0.804,        1.526,        1.48 ,        1.413,        1.198,        0.3  ,        0.291
       1.44 ,        1.414,        1.423,        1.355,        1.149,        0.962,        1.52 ,        1.52 ,        1.466,        1.191,        0.252,        0.278
       1.486,        1.367,        1.413,        1.33 ,        0.933,        1.105,        1.515,        1.516,        1.461,        1.218,        0.264,        0.283
       1.554,        1.458,        1.419,        1.377,        1.035,        0.795,        1.551,        1.515,        1.49 ,        1.249,        0.283,        0.261
       1.506,        1.47 ,        1.415,        1.303,        0.557,        1.104,        1.535,        1.49 ,        1.472,        1.181,        0.258,        0.281
       1.517,        1.467,        1.43 ,        1.334,        0.259,        0.254,        1.571,        1.512,        1.497,        1.193,        0.272,        0.269
       1.516,        1.483,        1.417,        1.376,        0.281,        0.251,        1.56 ,        1.491,        1.484,        1.197,        0.246,        0.271
       1.535,        1.513,        1.479,        1.339,        0.279,        0.291,        1.584,        1.538,        1.494,        1.192,        0.279,        0.287

