27.2
       1.482,        1.418,        1.35 ,        1.235,        0.449,        0.894,        1.531,        1.471,        1.399,        1.224,        0.295,        0.284
       1.45 ,        1.403,        1.401,        1.346,        1.169,        1.018,        1.52 ,        1.51 ,        1.462,        1.218,        0.353,        0.295
       1.486,        1.364,        1.402,        1.335,        1.031,        1.077,        1.521,        1.512,        1.465,        1.242,        0.266,        0.28 
       1.552,        1.454,        1.402,        1.383,        1.104,        0.893,        1.56 ,        1.518,        1.487,        1.27 ,        0.273,        0.256
       1.506,        1.466,        1.402,        1.31 ,        0.776,        1.151,        1.541,        1.485,        1.466,        1.215,        0.256,        0.285
       1.509,        1.462,        1.434,        1.342,        0.252,        0.251,        1.569,        1.51 ,        1.508,        1.224,        0.266,        0.268
       1.514,        1.49 ,        1.425,        1.385,        0.258,        0.231,        1.561,        1.498,        1.488,        1.229,        0.246,        0.264
       1.538,        1.517,        1.479,        1.346,        0.27 ,        0.313,        1.596,        1.526,        1.49 ,        1.218,        0.275,        0.286

