26.1
       0.248,        0.279,        0.281,        0.262,        0.268,        0.276,        0.281,        0.287,        0.28 ,        0.284,        0.283,        0.296
       0.251,        0.249,        0.252,        0.274,        0.246,        0.242,        0.264,        0.266,        0.247,        0.247,        0.244,        0.25 
       0.263,        0.242,        0.252,        0.268,        0.248,        0.241,        0.258,        0.271,        0.259,        0.252,        0.256,        0.241
       0.254,        0.255,        0.247,        0.268,        0.249,        0.246,        0.265,        0.261,        0.252,        0.25 ,        0.243,        0.258
       0.24 ,        0.247,        0.243,        0.228,        0.235,        0.222,        0.226,        0.234,        0.237,        0.237,        0.25 ,        0.252
       0.281,        0.262,        0.281,        0.298,        0.26 ,        0.258,        0.287,        0.273,        0.264,        0.259,        0.285,        0.267
       0.256,        0.26 ,        0.246,        0.27 ,        0.259,        0.24 ,        0.251,        0.273,        0.251,        0.252,        0.244,        0.263
       0.249,        0.253,        0.266,        0.252,        0.27 ,        0.263,        0.263,        0.251,        0.252,        0.265,        0.262,        0.276

