26.9
       1.433,        1.403,        1.369,        1.212,        0.288,        0.337,        1.474,        1.451,        1.397,        1.103,        0.313,        0.284
       1.409,        1.405,        1.406,        1.291,        0.854,        0.636,        1.467,        1.49 ,        1.437,        1.071,        0.238,        0.254
       1.457,        1.363,        1.397,        1.279,        0.588,        0.916,        1.472,        1.488,        1.431,        1.103,        0.246,        0.265
       1.542,        1.446,        1.394,        1.325,        0.467,        0.372,        1.506,        1.484,        1.454,        1.147,        0.243,        0.25 
       1.473,        1.44 ,        1.371,        1.259,        0.244,        0.788,        1.466,        1.44 ,        1.399,        1.09 ,        0.23 ,        0.258
       1.485,        1.434,        1.391,        1.285,        0.253,        0.244,        1.525,        1.464,        1.427,        1.099,        0.262,        0.266
       1.491,        1.469,        1.387,        1.284,        0.258,        0.248,        1.493,        1.45 ,        1.419,        1.093,        0.25 ,        0.262
       1.499,        1.472,        1.45 ,        1.278,        0.283,        0.301,        1.556,        1.488,        1.437,        1.084,        0.278,        0.288

