25.9
       0.594,        0.618,        0.52 ,        0.321,        0.265,        0.275,        0.661,        0.626,        0.511,        0.339,        0.285,        0.284
       0.622,        0.603,        0.49 ,        0.348,        0.249,        0.241,        0.669,        0.61 ,        0.483,        0.316,        0.243,        0.253
       0.618,        0.613,        0.501,        0.344,        0.248,        0.243,        0.68 ,        0.697,        0.495,        0.312,        0.257,        0.248
       0.632,        0.591,        0.486,        0.334,        0.235,        0.237,        0.656,        0.597,        0.488,        0.3  ,        0.243,        0.257
       0.312,        0.307,        0.268,        0.228,        0.228,        0.221,        0.327,        0.295,        0.264,        0.239,        0.251,        0.253
       0.352,        0.326,        0.295,        0.295,        0.273,        0.273,        0.378,        0.318,        0.285,        0.262,        0.283,        0.268
       0.33 ,        0.32 ,        0.277,        0.261,        0.262,        0.242,        0.34 ,        0.282,        0.266,        0.242,        0.251,        0.26 
       0.33 ,        0.317,        0.288,        0.253,        0.27 ,        0.264,        0.347,        0.304,        0.276,        0.259,        0.254,        0.275

