26.9
       1.425,        1.403,        1.372,        1.198,        0.285,        0.303,        1.472,        1.451,        1.4  ,        1.091,        0.319,        0.294
       1.404,        1.406,        1.404,        1.279,        0.63 ,        0.499,        1.47 ,        1.483,        1.426,        1.048,        0.239,        0.261
       1.456,        1.372,        1.395,        1.271,        0.496,        0.826,        1.464,        1.484,        1.426,        1.079,        0.249,        0.278
       1.529,        1.437,        1.393,        1.304,        0.333,        0.285,        1.502,        1.472,        1.444,        1.119,        0.241,        0.258
       1.465,        1.419,        1.361,        1.244,        0.247,        0.634,        1.458,        1.427,        1.383,        1.079,        0.244,        0.28 
       1.492,        1.43 ,        1.377,        1.285,        0.25 ,        0.249,        1.52 ,        1.45 ,        1.409,        1.083,        0.274,        0.269
       1.475,        1.45 ,        1.379,        1.266,        0.256,        0.248,        1.49 ,        1.443,        1.401,        1.071,        0.256,        0.273
       1.496,        1.467,        1.446,        1.265,        0.278,        0.282,        1.538,        1.478,        1.425,        1.051,        0.27 ,        0.276

