27.4
       1.343,        1.317,        1.288,        1.09 ,        0.282,        0.284,        1.381,        1.366,        1.302,        0.826,        0.309,        0.3  
       1.367,        1.343,        1.288,        1.125,        0.251,        0.249,        1.419,        1.367,        1.294,        0.817,        0.239,        0.259
       1.379,        1.321,        1.283,        1.139,        0.258,        0.271,        1.421,        1.408,        1.286,        0.815,        0.245,        0.282
       1.423,        1.37 ,        1.286,        1.144,        0.243,        0.26 ,        1.442,        1.38 ,        1.294,        0.87 ,        0.245,        0.256
       1.365,        1.325,        1.238,        1.03 ,        0.226,        0.223,        1.39 ,        1.313,        1.218,        0.711,        0.236,        0.258
       1.376,        1.337,        1.253,        1.089,        0.263,        0.268,        1.4  ,        1.341,        1.241,        0.71 ,        0.27 ,        0.28 
       1.386,        1.34 ,        1.242,        0.978,        0.256,        0.244,        1.381,        1.329,        1.242,        0.702,        0.257,        0.271
       1.378,        1.356,        1.304,        1.01 ,        0.274,        0.271,        1.411,        1.349,        1.275,        0.625,        0.263,        0.292

