27.4
       1.315,        1.312,        1.264,        1.02 ,        0.272,        0.284,        1.361,        1.345,        1.272,        0.747,        0.316,        0.298
       1.347,        1.332,        1.247,        1.067,        0.252,        0.248,        1.403,        1.357,        1.249,        0.744,        0.236,        0.253
       1.357,        1.318,        1.249,        1.07 ,        0.252,        0.261,        1.409,        1.382,        1.246,        0.735,        0.276,        0.277
       1.397,        1.347,        1.237,        1.089,        0.248,        0.249,        1.42 ,        1.36 ,        1.253,        0.772,        0.25 ,        0.252
       1.332,        1.299,        1.198,        0.911,        0.235,        0.217,        1.357,        1.283,        1.17 ,        0.639,        0.248,        0.262
       1.345,        1.309,        1.206,        0.978,        0.268,        0.271,        1.363,        1.282,        1.174,        0.641,        0.275,        0.277
       1.35 ,        1.318,        1.199,        0.833,        0.257,        0.25 ,        1.344,        1.284,        1.188,        0.616,        0.257,        0.263
       1.348,        1.331,        1.25 ,        0.881,        0.274,        0.276,        1.375,        1.295,        1.208,        0.55 ,        0.261,        0.285

