26.9
       1.457,        1.407,        1.37 ,        1.235,        0.304,        0.454,        1.495,        1.469,        1.406,        1.14 ,        0.308,        0.282
       1.414,        1.421,        1.423,        1.312,        0.996,        0.798,        1.487,        1.496,        1.446,        1.108,        0.235,        0.256
       1.464,        1.366,        1.417,        1.303,        0.701,        0.99 ,        1.483,        1.498,        1.451,        1.141,        0.247,        0.277
       1.542,        1.452,        1.411,        1.342,        0.732,        0.556,        1.512,        1.493,        1.469,        1.185,        0.243,        0.25 
       1.482,        1.444,        1.383,        1.277,        0.302,        0.923,        1.482,        1.453,        1.421,        1.121,        0.226,        0.261
       1.51 ,        1.46 ,        1.404,        1.306,        0.23 ,        0.25 ,        1.553,        1.484,        1.452,        1.125,        0.258,        0.274
       1.495,        1.479,        1.404,        1.318,        0.255,        0.243,        1.523,        1.471,        1.441,        1.129,        0.243,        0.259
       1.513,        1.484,        1.465,        1.308,        0.275,        0.285,        1.569,        1.506,        1.462,        1.124,        0.269,        0.286

