27.2
       1.302,        1.295,        1.234,        0.964,        0.271,        0.28 ,        1.352,        1.328,        1.25 ,        0.722,        0.311,        0.298
       1.335,        1.325,        1.223,        1.001,        0.246,        0.246,        1.391,        1.347,        1.221,        0.712,        0.237,        0.25 
       1.34 ,        1.314,        1.23 ,        1.014,        0.252,        0.253,        1.388,        1.381,        1.222,        0.699,        0.253,        0.274
       1.382,        1.338,        1.211,        1.026,        0.248,        0.246,        1.405,        1.348,        1.217,        0.724,        0.247,        0.257
       1.292,        1.282,        1.167,        0.826,        0.232,        0.224,        1.327,        1.256,        1.12 ,        0.6  ,        0.249,        0.27 
       1.306,        1.289,        1.179,        0.9  ,        0.273,        0.273,        1.337,        1.262,        1.119,        0.598,        0.27 ,        0.281
       1.327,        1.284,        1.172,        0.744,        0.265,        0.249,        1.313,        1.266,        1.145,        0.576,        0.252,        0.272
       1.322,        1.306,        1.214,        0.786,        0.276,        0.276,        1.353,        1.281,        1.153,        0.513,        0.273,        0.286

