27.0
       1.399,        1.375,        1.353,        1.175,        0.289,        0.302,        1.443,        1.436,        1.379,        1.044,        0.321,        0.293
       1.384,        1.382,        1.38 ,        1.231,        0.353,        0.341,        1.455,        1.464,        1.404,          1  ,        0.24 ,        0.261
       1.443,        1.349,        1.37 ,        1.233,        0.369,        0.642,        1.454,        1.455,        1.394,        1.033,        0.249,        0.279
       1.501,        1.425,        1.368,        1.262,        0.261,        0.252,        1.476,        1.444,        1.413,        1.067,        0.235,        0.259
       1.448,        1.393,        1.335,        1.229,        0.232,        0.446,        1.438,        1.389,        1.351,        1.024,        0.24 ,        0.27 
       1.465,        1.389,        1.35 ,        1.26 ,        0.251,        0.254,        1.489,        1.413,        1.371,        1.028,        0.273,        0.271
       1.458,        1.427,        1.347,        1.233,        0.257,        0.248,        1.471,        1.407,        1.367,        1.004,        0.25 ,        0.272
       1.479,        1.434,        1.415,        1.243,        0.275,        0.279,        1.518,        1.453,        1.387,        0.955,        0.266,        0.292

