27.2
       1.48 ,        1.405,        1.349,        1.242,        0.453,        0.893,        1.534,        1.473,        1.394,        1.215,        0.299,        0.294
       1.446,        1.401,        1.403,        1.343,        1.163,        1.013,        1.524,        1.513,        1.458,        1.219,        0.355,        0.289
       1.478,        1.358,        1.401,        1.335,        1.027,        1.073,        1.526,        1.503,        1.462,        1.246,        0.264,        0.285
       1.551,        1.444,        1.4  ,        1.374,        1.113,        0.901,        1.559,        1.507,        1.485,        1.267,        0.278,        0.255
       1.504,        1.469,        1.407,        1.303,        0.791,        1.148,        1.532,        1.485,        1.472,        1.211,        0.252,        0.275
       1.516,        1.469,        1.429,        1.339,        0.256,        0.257,        1.576,        1.507,        1.512,        1.223,        0.265,        0.27 
       1.515,        1.487,        1.424,        1.389,        0.259,        0.236,        1.565,        1.489,        1.485,        1.226,        0.252,        0.274
       1.539,        1.517,        1.473,        1.346,        0.264,        0.308,        1.581,        1.535,        1.494,        1.222,        0.271,        0.276

