25.9
       0.841,        0.867,        0.789,        0.421,        0.27 ,        0.273,        0.909,        0.879,        0.779,        0.421,        0.291,        0.288
       0.877,        0.864,        0.76 ,        0.457,        0.255,        0.246,        0.926,        0.878,        0.76 ,        0.426,        0.241,        0.251
       0.862,        0.881,        0.766,        0.474,        0.244,        0.25 ,        0.935,        0.929,        0.763,        0.41 ,        0.257,        0.264
       0.888,        0.858,        0.757,        0.448,        0.251,        0.249,        0.922,        0.874,        0.764,        0.414,        0.246,        0.26 
       0.606,        0.568,        0.397,        0.244,        0.232,        0.228,        0.662,        0.539,        0.374,        0.246,        0.25 ,        0.258
       0.631,        0.596,        0.429,        0.323,        0.275,        0.28 ,        0.695,        0.548,        0.382,        0.27 ,        0.277,        0.273
       0.621,        0.585,        0.42 ,        0.273,        0.256,        0.244,        0.663,        0.513,        0.363,        0.254,        0.253,        0.257
       0.627,        0.577,        0.409,        0.27 ,        0.271,        0.278,        0.681,        0.542,        0.371,        0.277,        0.261,        0.299

