25.9
       0.757,        0.778,        0.689,        0.378,        0.275,        0.28 ,        0.825,        0.796,        0.679,        0.387,        0.292,        0.301
       0.792,        0.768,        0.663,        0.408,        0.247,        0.243,        0.841,        0.789,        0.655,        0.37 ,        0.247,        0.255
       0.778,        0.797,        0.676,        0.409,        0.244,        0.245,        0.851,        0.85 ,        0.66 ,        0.359,        0.258,        0.268
       0.809,        0.76 ,        0.657,        0.392,        0.239,        0.235,        0.835,        0.775,        0.658,        0.358,        0.24 ,        0.263
       0.45 ,        0.421,        0.318,        0.237,        0.232,        0.228,        0.49 ,        0.402,        0.303,        0.245,        0.252,        0.261
       0.475,        0.437,        0.348,        0.308,        0.273,        0.273,        0.538,        0.423,        0.308,        0.266,        0.283,        0.276
       0.459,        0.436,        0.342,        0.266,        0.261,        0.247,        0.499,        0.371,        0.301,        0.249,        0.248,        0.265
       0.473,        0.433,        0.327,        0.26 ,        0.284,        0.276,        0.507,        0.409,        0.317,        0.258,        0.275,        0.307

