27.2
       1.478,        1.412,        1.347,        1.231,        0.468,        0.895,        1.529,        1.47 ,        1.401,        1.223,        0.304,        0.281
       1.445,        1.402,        1.407,        1.338,        1.17 ,        1.007,        1.522,        1.51 ,        1.461,        1.216,        0.36 ,        0.293
       1.486,        1.364,        1.411,        1.341,        1.037,        1.068,        1.524,        1.516,        1.457,        1.24 ,        0.273,        0.277
       1.558,        1.456,        1.403,        1.377,        1.116,        0.908,        1.564,        1.514,        1.483,        1.269,        0.271,        0.251
       1.515,        1.459,        1.413,        1.307,        0.795,        1.146,        1.544,        1.48 ,        1.475,        1.205,        0.265,        0.278
       1.514,        1.463,        1.427,        1.343,        0.251,        0.257,        1.573,        1.518,        1.493,        1.228,        0.273,        0.27 
       1.522,        1.489,        1.418,        1.391,        0.259,        0.247,        1.567,        1.495,        1.488,        1.236,        0.239,        0.267
       1.53 ,        1.509,        1.475,        1.346,        0.276,        0.309,        1.583,        1.531,        1.49 ,        1.224,        0.269,        0.274

