26.1
       1.246,        1.256,        1.174,        0.836,        0.267,        0.279,        1.301,        1.283,        1.194,        0.678,        0.306,        0.296
       1.297,        1.273,        1.183,        0.87 ,        0.25 ,        0.241,        1.348,        1.3  ,        1.169,        0.68 ,        0.238,        0.256
       1.297,        1.293,        1.178,        0.888,        0.246,        0.25 ,        1.348,        1.329,        1.157,        0.657,        0.252,        0.269
       1.323,        1.29 ,        1.163,        0.886,        0.238,        0.241,        1.353,        1.294,        1.159,        0.667,        0.244,        0.261
       1.222,        1.199,        1.063,        0.641,        0.229,        0.213,        1.253,        1.184,        1.024,        0.517,        0.244,        0.259
       1.232,        1.216,        1.078,        0.712,        0.272,        0.274,        1.247,        1.174,        1.014,        0.513,        0.278,        0.269
       1.243,        1.21 ,        1.069,        0.534,        0.266,        0.239,        1.232,        1.166,        1.035,        0.492,        0.25 ,        0.265
       1.24 ,        1.234,        1.104,        0.579,        0.274,        0.289,        1.261,        1.192,        1.033,        0.429,        0.261,        0.298

