25.9
       1.212,        1.24 ,        1.156,        0.714,        0.285,        0.287,        1.309,        1.298,        1.148,        0.636,        0.302,        0.293
       1.287,        1.265,        1.141,        0.74 ,        0.247,        0.259,        1.372,        1.326,        1.135,        0.65 ,        0.252,        0.259
       1.262,        1.302,        1.135,        0.77 ,        0.256,        0.257,        1.39 ,        1.37 ,        1.131,        0.626,        0.265,        0.276
       1.325,        1.263,        1.117,        0.753,        0.258,        0.248,        1.379,        1.304,        1.127,        0.632,        0.247,        0.254
       1.136,        1.119,        0.961,        0.481,        0.244,        0.226,        1.181,        1.094,        0.913,        0.394,        0.262,        0.275
       1.139,        1.145,        0.976,        0.538,        0.278,        0.275,        1.176,        1.093,        0.919,        0.4  ,        0.29 ,        0.288
       1.145,        1.119,        0.971,        0.399,        0.267,        0.253,        1.17 ,        1.079,        0.932,        0.384,        0.254,        0.273
       1.171,        1.162,        0.996,        0.431,        0.29 ,        0.289,        1.205,        1.119,        0.941,        0.349,        0.287,        0.316

