27.3
       1.485,        1.408,        1.34 ,        1.242,        0.506,        0.921,        1.531,        1.475,        1.4  ,        1.235,        0.305,        0.297
       1.45 ,        1.404,        1.41 ,        1.347,        1.168,        1.036,        1.519,        1.515,        1.464,        1.224,        0.447,        0.307
       1.485,        1.372,        1.405,        1.337,        1.063,        1.045,        1.523,        1.506,        1.466,        1.252,        0.266,        0.278
       1.556,        1.453,        1.397,        1.38 ,        1.142,        0.939,        1.561,        1.508,        1.484,        1.275,        0.276,        0.267
       1.51 ,        1.462,        1.413,        1.311,        0.886,        1.153,        1.549,        1.482,        1.477,        1.225,        0.258,        0.278
       1.52 ,        1.469,        1.433,        1.348,        0.257,        0.256,        1.581,        1.522,        1.51 ,        1.232,        0.268,        0.281
       1.523,        1.485,        1.42 ,        1.392,        0.259,        0.241,        1.572,        1.49 ,        1.48 ,        1.245,        0.239,        0.267
       1.544,        1.518,        1.483,        1.346,        0.283,        0.334,        1.596,        1.534,        1.485,        1.234,        0.272,        0.289

