27.1
       1.389,        1.359,        1.351,        1.164,        0.292,        0.296,        1.44 ,        1.413,        1.365,        1.01 ,        0.325,        0.295
       1.388,        1.381,        1.367,        1.201,        0.283,        0.287,        1.44 ,        1.442,        1.375,        0.962,        0.245,        0.261
       1.429,        1.34 ,        1.363,        1.2  ,        0.323,        0.515,        1.448,        1.442,        1.377,        1.002,        0.254,        0.274
       1.488,        1.409,        1.351,        1.234,        0.252,        0.249,        1.479,        1.426,        1.393,        1.039,        0.241,        0.259
       1.43 ,        1.38 ,        1.311,        1.204,        0.236,        0.344,        1.43 ,        1.368,        1.313,        0.959,        0.242,        0.268
       1.445,        1.368,        1.319,        1.237,        0.258,        0.258,        1.473,        1.381,        1.339,        0.96 ,        0.278,        0.271
       1.445,        1.399,        1.322,        1.192,        0.261,        0.248,        1.437,        1.385,        1.328,        0.938,        0.248,        0.266
       1.456,        1.416,        1.399,        1.209,        0.274,        0.283,        1.497,        1.432,        1.368,        0.862,        0.264,        0.285

