27.3
       1.351,        1.336,        1.309,        1.113,        0.282,        0.289,        1.398,        1.373,        1.326,        0.893,        0.32 ,        0.299
       1.375,        1.356,        1.319,        1.149,        0.259,        0.253,        1.424,        1.395,        1.32 ,        0.879,        0.243,        0.253
       1.403,        1.322,        1.305,        1.157,        0.26 ,        0.315,        1.431,        1.412,        1.322,        0.885,        0.252,        0.275
       1.448,        1.378,        1.3  ,        1.181,        0.241,        0.25 ,        1.448,        1.389,        1.332,        0.93 ,        0.243,        0.264
       1.383,        1.351,        1.276,        1.128,        0.235,        0.242,        1.398,        1.338,        1.256,        0.796,        0.248,        0.273
       1.395,        1.351,        1.278,        1.176,        0.272,        0.273,        1.428,        1.351,        1.276,        0.792,        0.286,        0.278
       1.406,        1.367,        1.273,        1.08 ,        0.263,        0.241,        1.406,        1.344,        1.281,        0.765,        0.246,        0.269
       1.403,        1.376,        1.341,        1.114,        0.267,        0.276,        1.441,        1.379,        1.314,        0.681,        0.264,        0.279

