26.0
       0.89 ,        0.926,        0.852,        0.463,        0.274,        0.272,        0.963,        0.945,        0.853,        0.461,        0.298,        0.29 
       0.933,        0.915,        0.834,        0.499,        0.248,        0.253,        0.983,        0.945,        0.825,        0.464,        0.24 ,        0.242
       0.925,        0.953,        0.835,        0.524,        0.25 ,        0.24 ,        1.002,        0.989,        0.826,        0.447,        0.26 ,        0.27 
       0.94 ,        0.905,        0.826,        0.495,        0.244,        0.242,        0.986,        0.929,        0.825,        0.458,        0.245,        0.258
       0.731,        0.698,        0.5  ,        0.255,        0.235,        0.226,        0.774,        0.671,        0.462,        0.261,        0.246,        0.256
       0.753,        0.72 ,        0.516,        0.334,        0.262,        0.275,        0.803,        0.683,        0.453,        0.274,        0.28 ,        0.28 
       0.745,        0.707,        0.535,        0.284,        0.257,        0.252,        0.774,        0.653,        0.443,        0.261,        0.254,        0.26 
       0.759,        0.719,        0.502,        0.269,        0.266,        0.266,        0.799,        0.669,        0.45 ,        0.27 ,        0.263,        0.278

