26.0
       0.223,        0.257,        0.272,        0.262,        0.279,        0.276,        0.259,        0.276,        0.273,        0.281,        0.282,        0.288
       0.228,        0.238,        0.233,        0.27 ,        0.27 ,        0.244,        0.24 ,        0.24 ,        0.242,        0.241,        0.249,        0.25 
       0.249,        0.231,        0.241,        0.264,        0.24 ,        0.237,        0.243,        0.227,        0.247,        0.246,        0.265,        0.231
       0.224,        0.242,        0.237,        0.268,        0.254,        0.254,        0.235,        0.239,        0.24 ,        0.239,        0.251,        0.251
       0.241,        0.241,        0.242,        0.232,        0.23 ,        0.224,        0.231,        0.228,        0.249,        0.234,        0.26 ,        0.247
       0.278,        0.255,        0.28 ,        0.304,        0.284,        0.277,        0.29 ,        0.278,        0.274,        0.259,        0.247,        0.277
       0.25 ,        0.257,        0.257,        0.267,        0.259,        0.243,        0.253,        0.227,        0.25 ,        0.24 ,        0.25 ,        0.267
       0.244,        0.25 ,        0.258,        0.244,        0.254,        0.258,        0.261,        0.254,        0.257,        0.268,        0.265,        0.253

