27.0
       1.406,        1.389,        1.356,        1.184,        0.28 ,        0.292,        1.454,        1.431,        1.381,        1.052,        0.323,        0.292
       1.393,        1.384,        1.388,        1.242,        0.388,        0.369,        1.454,        1.463,        1.405,        1.009,        0.233,        0.266
       1.451,        1.357,        1.375,        1.229,        0.386,        0.68 ,        1.452,        1.459,        1.399,        1.046,        0.25 ,        0.275
       1.509,        1.421,        1.378,        1.274,        0.266,        0.263,        1.477,        1.44 ,        1.42 ,        1.076,        0.24 ,        0.252
       1.447,        1.393,        1.335,        1.234,        0.226,        0.481,        1.442,        1.409,        1.349,        1.046,        0.235,        0.268
       1.464,        1.403,        1.352,        1.261,        0.257,        0.263,        1.497,        1.423,        1.37 ,        1.046,        0.265,        0.266
       1.461,        1.426,        1.353,        1.234,        0.255,        0.254,        1.47 ,        1.411,        1.363,        1.024,        0.252,        0.273
       1.475,        1.446,        1.421,        1.242,        0.274,        0.282,        1.526,        1.454,        1.396,        0.979,        0.276,        0.279

