27.2
       1.481,        1.416,        1.345,        1.239,        0.473,        0.907,        1.534,        1.482,        1.403,        1.223,        0.313,        0.286
       1.45 ,        1.414,        1.412,        1.353,        1.17 ,        1.017,        1.523,        1.516,        1.468,        1.216,        0.372,        0.298
       1.496,        1.362,        1.405,        1.331,        1.042,        1.078,        1.523,        1.506,        1.471,        1.25 ,        0.267,        0.286
       1.559,        1.451,        1.397,        1.381,        1.126,        0.914,        1.567,        1.513,        1.485,        1.273,        0.279,        0.262
       1.52 ,        1.472,        1.42 ,        1.309,        0.804,        1.156,        1.546,        1.477,        1.473,        1.221,        0.259,        0.276
       1.528,        1.479,        1.426,        1.345,        0.258,        0.258,        1.576,        1.511,        1.512,        1.234,        0.27 ,        0.275
       1.516,        1.487,        1.423,        1.399,        0.271,        0.248,        1.573,        1.497,        1.482,        1.239,        0.249,        0.276
       1.55 ,        1.517,        1.487,        1.349,        0.278,        0.327,        1.597,        1.537,        1.495,        1.228,        0.292,        0.293

