26.9
       1.462,        1.419,        1.378,        1.238,        0.315,        0.52 ,        1.506,        1.475,        1.424,        1.165,        0.316,        0.291
       1.428,        1.419,        1.417,        1.331,        1.04 ,        0.852,        1.496,        1.511,        1.465,        1.133,        0.243,        0.268
       1.485,        1.372,        1.418,        1.311,        0.751,        1.028,        1.496,        1.509,        1.458,        1.174,        0.25 ,        0.279
       1.546,        1.458,        1.409,        1.362,        0.865,        0.624,        1.528,        1.512,        1.486,        1.198,        0.245,        0.265
       1.496,        1.457,        1.4  ,        1.29 ,        0.343,        0.98 ,        1.504,        1.47 ,        1.441,        1.139,        0.239,        0.276
       1.51 ,        1.46 ,        1.424,        1.32 ,        0.248,        0.254,        1.566,        1.5  ,        1.467,        1.147,        0.269,        0.275
       1.506,        1.492,        1.411,        1.339,        0.27 ,        0.282,        1.542,        1.479,        1.459,        1.157,        0.256,        0.271
       1.523,        1.497,        1.487,        1.325,        0.276,        0.285,        1.586,        1.524,        1.479,        1.145,        0.266,        0.278

