27.3
       1.474,        1.403,        1.332,        1.224,        0.534,        0.956,        1.531,        1.478,        1.382,        1.231,        0.296,        0.286
       1.446,        1.399,        1.398,        1.33 ,        1.154,        1.024,        1.522,        1.509,        1.45 ,        1.232,        0.513,        0.318
       1.482,        1.357,        1.397,        1.327,        1.083,        1.027,        1.52 ,        1.5  ,        1.466,        1.26 ,        0.256,        0.285
       1.556,        1.448,        1.395,        1.375,        1.145,        0.955,        1.57 ,        1.509,        1.482,        1.282,        0.27 ,        0.258
       1.515,        1.46 ,        1.408,        1.304,        0.935,        1.135,        1.539,        1.483,        1.469,        1.226,        0.252,        0.282
       1.524,        1.459,        1.424,        1.344,        0.249,        0.26 ,        1.572,        1.507,        1.508,        1.238,        0.264,        0.275
       1.522,        1.487,        1.415,        1.392,        0.25 ,        0.24 ,        1.572,        1.488,        1.476,        1.251,        0.244,        0.263
       1.547,        1.511,        1.484,        1.34 ,        0.265,        0.341,        1.591,        1.542,        1.486,        1.247,        0.271,        0.281

