27.2
       1.373,        1.338,        1.325,        1.129,        0.281,        0.292,        1.417,        1.395,        1.348,        0.932,        0.322,        0.302
       1.374,        1.365,        1.334,        1.183,        0.259,        0.256,        1.442,        1.409,        1.345,        0.906,        0.242,        0.257
       1.409,        1.333,        1.333,        1.175,        0.269,        0.36 ,        1.44 ,        1.43 ,        1.343,        0.927,        0.25 ,        0.278
       1.471,        1.389,        1.327,        1.202,        0.25 ,        0.248,        1.46 ,        1.403,        1.347,        0.968,        0.252,        0.262
       1.407,        1.351,        1.289,        1.159,        0.233,        0.267,        1.413,        1.343,        1.285,        0.862,        0.253,        0.271
       1.426,        1.359,        1.296,        1.196,        0.275,        0.277,        1.439,        1.36 ,        1.302,        0.855,        0.273,        0.274
       1.421,        1.373,        1.287,        1.131,        0.259,        0.254,        1.419,        1.355,        1.294,        0.829,        0.253,        0.285
       1.423,        1.393,        1.358,        1.155,        0.272,        0.279,        1.465,        1.399,        1.334,        0.73 ,        0.272,        0.277

