26.9
       1.445,        1.415,        1.369,        1.222,        0.295,        0.356,        1.483,        1.466,        1.405,        1.12 ,        0.317,        0.291
       1.416,        1.408,        1.419,        1.307,        0.912,        0.689,        1.486,        1.495,        1.442,        1.093,        0.243,        0.266
       1.464,        1.368,        1.405,        1.292,        0.626,        0.936,        1.483,        1.501,        1.45 ,        1.13 ,        0.255,        0.275
       1.54 ,        1.453,        1.405,        1.336,        0.518,        0.423,        1.512,        1.496,        1.465,        1.159,        0.244,        0.252
       1.476,        1.445,        1.38 ,        1.263,        0.26 ,        0.832,        1.48 ,        1.45 ,        1.415,        1.107,        0.232,        0.266
       1.501,        1.447,        1.401,        1.3  ,        0.252,        0.26 ,        1.546,        1.474,        1.437,        1.114,        0.275,        0.271
       1.499,        1.471,        1.395,        1.295,        0.258,        0.249,        1.515,        1.465,        1.433,        1.112,        0.25 ,        0.269
       1.512,        1.485,        1.469,        1.291,        0.273,        0.282,        1.568,        1.498,        1.451,        1.102,        0.263,        0.282

