26.9
       1.415,        1.397,        1.368,        1.2  ,        0.285,        0.303,        1.47 ,        1.448,        1.394,        1.073,        0.324,        0.289
       1.394,        1.401,        1.395,        1.26 ,        0.515,        0.438,        1.465,        1.48 ,        1.419,        1.038,        0.24 ,        0.255
       1.452,        1.367,        1.394,        1.254,        0.47 ,        0.776,        1.464,        1.485,        1.423,        1.066,        0.251,        0.273
       1.525,        1.435,        1.391,        1.293,        0.311,        0.314,        1.488,        1.47 ,        1.436,        1.105,        0.249,        0.265
       1.467,        1.411,        1.36 ,        1.238,        0.235,        0.566,        1.465,        1.41 ,        1.373,        1.064,        0.235,        0.269
       1.48 ,        1.427,        1.373,        1.272,        0.256,        0.257,        1.513,        1.438,        1.397,        1.075,        0.27 ,        0.28 
       1.472,        1.449,        1.369,        1.25 ,        0.26 ,        0.25 ,        1.478,        1.432,        1.392,        1.057,        0.26 ,        0.272
       1.488,        1.459,        1.441,        1.266,        0.278,        0.283,        1.538,        1.476,        1.419,        1.037,        0.278,        0.286

