27.3
       1.361,        1.325,        1.316,        1.121,        0.28 ,        0.286,        1.402,        1.384,        1.34 ,        0.917,        0.318,        0.296
       1.376,        1.357,        1.312,        1.169,        0.249,        0.253,        1.43 ,        1.395,        1.325,        0.885,        0.237,        0.256
       1.396,        1.324,        1.317,        1.162,        0.266,        0.338,        1.435,        1.411,        1.335,        0.905,        0.253,        0.276
       1.454,        1.39 ,        1.307,        1.191,        0.236,        0.24 ,        1.445,        1.395,        1.338,        0.952,        0.245,        0.258
       1.389,        1.347,        1.268,        1.143,        0.23 ,        0.255,        1.406,        1.33 ,        1.271,        0.83 ,        0.237,        0.264
       1.406,        1.363,        1.285,        1.188,        0.273,        0.264,        1.431,        1.351,        1.287,        0.831,        0.272,        0.277
       1.42 ,        1.36 ,        1.277,        1.118,        0.262,        0.246,        1.411,        1.345,        1.29 ,        0.795,        0.243,        0.268
       1.419,        1.384,        1.351,        1.145,        0.27 ,        0.274,        1.451,        1.379,        1.324,        0.707,        0.268,        0.276

