27.0
       1.469,        1.425,        1.369,        1.244,        0.318,        0.642,        1.508,        1.469,        1.416,        1.18 ,        0.304,        0.285
       1.437,        1.414,        1.416,        1.34 ,        1.073,        0.9  ,        1.505,        1.512,        1.466,        1.149,        0.24 ,        0.27 
       1.472,        1.372,        1.414,        1.32 ,        0.825,        1.07 ,        1.512,        1.511,        1.471,        1.189,        0.262,        0.285
       1.546,        1.458,        1.407,        1.371,        0.969,        0.705,        1.55 ,        1.518,        1.483,        1.226,        0.268,        0.257
       1.49 ,        1.462,        1.4  ,        1.291,        0.414,        1.038,        1.503,        1.478,        1.446,        1.159,        0.252,        0.273
       1.513,        1.467,        1.423,        1.32 ,        0.249,        0.257,        1.568,        1.504,        1.471,        1.158,        0.263,        0.273
       1.508,        1.487,        1.416,        1.345,        0.257,        0.248,        1.544,        1.487,        1.465,        1.164,        0.245,        0.254
       1.52 ,        1.503,        1.478,        1.334,        0.266,        0.275,        1.579,        1.523,        1.485,        1.162,        0.269,        0.28 

