26.9
       1.44 ,        1.404,        1.372,        1.218,        0.3  ,        0.342,        1.476,        1.465,        1.422,        1.116,        0.318,        0.295
       1.422,        1.414,        1.421,        1.302,        0.856,        0.637,        1.487,        1.501,        1.45 ,        1.087,        0.24 ,        0.271
       1.47 ,        1.368,        1.41 ,        1.289,        0.592,        0.918,        1.482,        1.495,        1.437,        1.114,        0.255,        0.271
       1.536,        1.448,        1.409,        1.341,        0.468,        0.374,        1.509,        1.487,        1.467,        1.157,        0.252,        0.261
       1.477,        1.439,        1.38 ,        1.259,        0.257,        0.789,        1.479,        1.448,        1.406,        1.102,        0.24 ,        0.276
       1.494,        1.44 ,        1.395,        1.297,        0.252,        0.259,        1.541,        1.47 ,        1.438,        1.104,        0.264,        0.272
       1.499,        1.47 ,        1.391,        1.292,        0.264,        0.255,        1.512,        1.456,        1.431,        1.103,        0.26 ,        0.275
       1.507,        1.482,        1.462,        1.281,        0.272,        0.289,        1.555,        1.501,        1.448,        1.094,        0.265,        0.283

