27.0
       1.468,        1.431,        1.373,        1.243,        0.315,        0.619,        1.517,        1.481,        1.417,        1.17 ,        0.306,        0.299
       1.432,        1.425,        1.42 ,        1.339,        1.076,        0.888,        1.515,        1.519,        1.473,        1.154,        0.243,        0.263
       1.482,        1.379,        1.427,        1.331,        0.817,        1.077,        1.508,        1.511,        1.474,        1.189,        0.271,        0.282
       1.551,        1.455,        1.415,        1.375,        0.96 ,        0.69 ,        1.544,        1.507,        1.482,        1.227,        0.274,        0.262
       1.503,        1.467,        1.407,        1.291,        0.403,        1.027,        1.515,        1.482,        1.45 ,        1.156,        0.234,        0.28 
       1.519,        1.471,        1.432,        1.331,        0.258,        0.26 ,        1.573,        1.51 ,        1.474,        1.169,        0.274,        0.279
       1.512,        1.491,        1.423,        1.346,        0.275,        0.246,        1.554,        1.492,        1.464,        1.171,        0.245,        0.264
       1.53 ,        1.508,        1.492,        1.335,        0.284,        0.299,        1.587,        1.533,        1.487,        1.165,        0.29 ,        0.301

