27.2
       1.474,        1.416,        1.349,        1.236,        0.396,        0.837,        1.522,        1.473,        1.405,        1.208,        0.299,        0.291
       1.447,        1.411,        1.409,        1.355,        1.163,        0.99 ,        1.524,        1.512,        1.467,        1.188,        0.274,        0.273
       1.483,        1.367,        1.401,        1.336,        0.964,        1.094,        1.518,        1.516,        1.461,        1.228,        0.266,        0.286
       1.55 ,        1.446,        1.408,        1.391,        1.059,        0.829,        1.556,        1.513,        1.474,        1.252,        0.28 ,        0.267
       1.512,        1.458,        1.408,        1.299,        0.635,        1.124,        1.528,        1.486,        1.468,        1.196,        0.254,        0.269
       1.513,        1.467,        1.436,        1.338,        0.258,        0.266,        1.573,        1.515,        1.497,        1.204,        0.264,        0.28 
       1.514,        1.491,        1.416,        1.378,        0.253,        0.239,        1.569,        1.494,        1.489,        1.212,        0.245,        0.268
       1.533,        1.506,        1.481,        1.345,        0.274,        0.29 ,        1.586,        1.535,        1.489,        1.21 ,        0.276,        0.282

