26.0
       0.226,        0.264,        0.273,        0.254,        0.268,        0.276,        0.26 ,        0.27 ,        0.265,        0.285,        0.28 ,        0.284
       0.228,        0.239,        0.239,        0.27 ,        0.24 ,        0.242,        0.238,        0.247,        0.238,        0.236,        0.241,        0.235
       0.248,        0.226,        0.248,        0.266,        0.245,        0.246,        0.24 ,        0.243,        0.251,        0.241,        0.254,        0.23 
       0.234,        0.238,        0.231,        0.257,        0.242,        0.247,        0.241,        0.239,        0.248,        0.241,        0.245,        0.255
       0.234,        0.242,        0.241,        0.229,        0.223,        0.218,        0.23 ,        0.234,        0.238,        0.231,        0.254,        0.252
       0.274,        0.255,        0.282,        0.295,        0.276,        0.26 ,        0.283,        0.277,        0.266,        0.251,        0.279,        0.275
       0.249,        0.265,        0.242,        0.259,        0.254,        0.244,        0.251,        0.226,        0.25 ,        0.239,        0.245,        0.254
       0.238,        0.244,        0.259,        0.239,        0.264,        0.26 ,        0.264,        0.243,        0.253,        0.262,        0.254,        0.251

