25.9
       0.934,        0.97 ,        0.901,        0.509,        0.276,        0.269,        1.01 ,        0.995,        0.898,        0.492,        0.29 ,        0.283
       0.978,        0.975,        0.883,        0.543,        0.246,        0.241,        1.037,        0.999,        0.88 ,        0.508,        0.24 ,        0.251
       0.967,        1.007,        0.887,        0.568,        0.253,        0.256,        1.052,        1.05 ,        0.885,        0.489,        0.25 ,        0.27 
       0.998,        0.962,        0.868,        0.543,        0.248,        0.274,        1.049,        0.994,        0.878,        0.501,        0.247,        0.251
       0.823,        0.803,        0.614,        0.278,        0.224,        0.224,        0.867,        0.779,        0.579,        0.262,        0.241,        0.259
       0.846,        0.817,        0.636,        0.344,        0.269,        0.272,        0.882,        0.791,        0.566,        0.288,        0.286,        0.271
       0.848,        0.809,        0.651,        0.282,        0.263,        0.237,        0.877,        0.755,        0.563,        0.263,        0.244,        0.263
       0.856,        0.824,        0.613,        0.286,        0.272,        0.275,        0.891,        0.782,        0.56 ,        0.279,        0.269,        0.294

