26.9
       1.438,        1.413,        1.37 ,        1.228,        0.301,        0.348,        1.486,        1.469,        1.411,        1.122,        0.327,        0.3  
       1.409,        1.416,        1.421,        1.304,        0.892,        0.663,        1.481,        1.498,        1.449,        1.095,        0.236,        0.267
       1.461,        1.368,        1.411,        1.29 ,        0.611,        0.933,        1.481,        1.504,        1.441,        1.121,        0.254,        0.285
       1.54 ,        1.458,        1.404,        1.338,        0.505,        0.405,        1.513,        1.5  ,        1.458,        1.153,        0.251,        0.255
       1.473,        1.444,        1.386,        1.262,        0.265,        0.815,        1.484,        1.45 ,        1.414,        1.112,        0.235,        0.263
       1.491,        1.445,        1.403,        1.296,        0.255,        0.257,        1.546,        1.466,        1.431,        1.113,        0.27 ,        0.275
       1.492,        1.472,        1.402,        1.294,        0.263,        0.246,        1.506,        1.461,        1.425,        1.103,        0.254,        0.273
       1.508,        1.485,        1.466,        1.287,        0.275,        0.292,        1.564,        1.5  ,        1.446,        1.1  ,        0.269,        0.293

