27.2
       1.473,        1.415,        1.354,        1.243,        0.38 ,        0.821,        1.524,        1.476,        1.415,        1.2  ,        0.304,        0.285
       1.444,        1.413,        1.413,        1.349,        1.161,        0.986,        1.522,        1.509,        1.466,        1.19 ,        0.264,        0.27 
       1.483,        1.367,        1.411,        1.327,        0.959,        1.098,        1.531,        1.52 ,        1.468,        1.222,        0.266,        0.289
       1.553,        1.452,        1.408,        1.379,        1.05 ,        0.815,        1.557,        1.515,        1.48 ,        1.248,        0.276,        0.254
       1.508,        1.465,        1.411,        1.294,        0.606,        1.124,        1.529,        1.495,        1.458,        1.19 ,        0.258,        0.275
       1.51 ,        1.465,        1.437,        1.335,        0.251,        0.257,        1.568,        1.508,        1.497,        1.198,        0.271,        0.276
       1.522,        1.488,        1.424,        1.371,        0.256,        0.245,        1.558,        1.496,        1.482,        1.211,        0.249,        0.264
       1.536,        1.508,        1.472,        1.345,        0.273,        0.288,        1.577,        1.533,        1.492,        1.198,        0.27 ,        0.279

