26.0
       0.284,        0.318,        0.306,        0.277,        0.275,        0.277,        0.32 ,        0.325,        0.313,        0.297,        0.294,        0.289
       0.299,        0.294,        0.271,        0.289,        0.246,        0.245,        0.309,        0.297,        0.277,        0.259,        0.242,        0.243
       0.306,        0.286,        0.281,        0.281,        0.246,        0.243,        0.312,        0.341,        0.283,        0.258,        0.263,        0.25 
       0.298,        0.296,        0.275,        0.277,        0.253,        0.247,        0.314,        0.298,        0.281,        0.264,        0.25 ,        0.26 
       0.252,        0.25 ,        0.25 ,        0.226,        0.23 ,        0.224,        0.237,        0.239,        0.243,        0.248,        0.255,        0.258
       0.288,        0.263,        0.281,        0.302,        0.273,        0.274,        0.291,        0.277,        0.273,        0.26 ,        0.284,        0.276
       0.262,        0.268,        0.251,        0.266,        0.263,        0.243,        0.255,        0.233,        0.259,        0.25 ,        0.255,        0.265
       0.267,        0.263,        0.27 ,        0.26 ,        0.292,        0.283,        0.284,        0.277,        0.262,        0.274,        0.279,        0.295

