25.9
       0.94 ,        0.978,        0.905,        0.509,        0.275,        0.274,        1.02 ,        1.002,        0.905,        0.501,        0.291,        0.294
       0.985,        0.977,        0.889,        0.549,        0.25 ,        0.251,        1.06 ,        1.009,        0.883,        0.509,        0.25 ,        0.252
       0.975,        1.012,        0.889,        0.576,        0.251,        0.254,        1.064,        1.051,        0.885,        0.501,        0.257,        0.265
       1.007,        0.97 ,        0.877,        0.554,        0.247,        0.248,        1.048,        0.991,        0.886,        0.507,        0.254,        0.255
       0.837,        0.811,        0.628,        0.284,        0.227,        0.224,        0.878,        0.791,        0.588,        0.273,        0.254,        0.261
       0.855,        0.825,        0.647,        0.349,        0.278,        0.273,        0.897,        0.807,        0.575,        0.287,        0.283,        0.274
       0.849,        0.822,        0.659,        0.289,        0.275,        0.244,        0.87 ,        0.763,        0.574,        0.267,        0.252,        0.262
       0.867,        0.835,        0.633,        0.289,        0.28 ,        0.264,        0.888,        0.8  ,        0.577,        0.286,        0.262,        0.299

