25.8
       0.828,        0.853,        0.763,        0.407,        0.271,        0.277,        0.898,        0.866,        0.76 ,        0.413,        0.292,        0.288
       0.864,        0.84 ,        0.743,        0.442,        0.251,        0.246,        0.905,        0.867,        0.74 ,        0.408,        0.243,        0.251
       0.856,        0.868,        0.748,        0.463,        0.243,        0.259,        0.925,        0.914,        0.743,        0.4  ,        0.259,        0.259
       0.877,        0.833,        0.732,        0.435,        0.249,        0.246,        0.907,        0.86 ,        0.746,        0.409,        0.249,        0.262
       0.578,        0.537,        0.386,        0.244,        0.235,        0.226,        0.631,        0.511,        0.349,        0.249,        0.252,        0.256
       0.597,        0.565,        0.411,        0.314,        0.265,        0.28 ,        0.669,        0.527,        0.363,        0.27 ,        0.285,        0.275
       0.59 ,        0.549,        0.405,        0.265,        0.252,        0.245,        0.632,        0.477,        0.344,        0.256,        0.249,        0.265
       0.587,        0.549,        0.38 ,        0.256,        0.27 ,        0.267,        0.641,        0.501,        0.36 ,        0.275,        0.267,        0.281

