26.0
       0.269,        0.302,        0.299,        0.276,        0.272,        0.276,        0.31 ,        0.313,        0.298,        0.305,        0.276,        0.289
       0.285,        0.288,        0.264,        0.282,        0.248,        0.241,        0.296,        0.284,        0.266,        0.251,        0.251,        0.247
       0.297,        0.278,        0.278,        0.283,        0.244,        0.244,        0.297,        0.317,        0.274,        0.261,        0.262,        0.247
       0.293,        0.284,        0.261,        0.279,        0.251,        0.246,        0.301,        0.29 ,        0.273,        0.259,        0.251,        0.254
       0.245,        0.25 ,        0.245,        0.23 ,        0.232,        0.217,        0.234,        0.237,        0.245,        0.233,        0.252,        0.258
       0.282,        0.265,        0.277,        0.298,        0.274,        0.266,        0.295,        0.281,        0.271,        0.246,        0.275,        0.269
       0.262,        0.262,        0.25 ,        0.263,        0.255,        0.244,        0.25 ,        0.233,        0.254,        0.27 ,        0.249,        0.265
       0.255,        0.249,        0.265,        0.248,        0.271,        0.263,        0.257,        0.258,        0.257,        0.267,        0.26 ,        0.275

