26.9
       1.436,        1.411,        1.381,        1.216,        0.295,        0.353,        1.49 ,        1.46 ,        1.41 ,        1.117,        0.32 ,        0.292
       1.416,        1.407,        1.417,        1.297,        0.903,        0.674,        1.482,        1.498,        1.441,        1.095,        0.245,        0.268
       1.464,        1.364,        1.401,        1.289,        0.613,        0.931,        1.482,        1.501,        1.439,        1.126,        0.252,        0.272
       1.546,        1.453,        1.406,        1.327,        0.503,        0.446,        1.508,        1.498,        1.456,        1.154,        0.251,        0.253
       1.474,        1.439,        1.382,        1.258,        0.266,        0.822,        1.48 ,        1.446,        1.409,        1.101,        0.234,        0.276
       1.495,        1.44 ,        1.401,        1.297,        0.251,        0.267,        1.536,        1.467,        1.435,        1.117,        0.268,        0.285
       1.494,        1.466,        1.39 ,        1.297,        0.258,        0.25 ,        1.514,        1.463,        1.431,        1.115,        0.256,        0.273
       1.52 ,        1.483,        1.459,        1.294,        0.282,        0.292,        1.558,        1.493,        1.454,        1.105,        0.274,        0.256

