26.0
       1.088,        1.121,        1.046,        0.631,        0.278,        0.277,        1.166,        1.151,        1.042,        0.59 ,        0.302,        0.296
       1.14 ,        1.133,        1.034,        0.661,        0.252,        0.252,        1.206,        1.167,        1.029,        0.605,        0.249,        0.254
       1.133,        1.172,        1.03 ,        0.694,        0.25 ,        0.257,        1.225,        1.209,        1.028,        0.586,        0.258,        0.271
       1.172,        1.137,        1.01 ,        0.667,        0.248,        0.247,        1.21 ,        1.158,        1.024,        0.594,        0.25 ,        0.259
       0.995,        0.994,        0.856,        0.401,        0.239,        0.223,        1.056,        0.971,        0.829,        0.344,        0.25 ,        0.267
       1.023,        1.015,        0.877,        0.462,        0.269,        0.272,        1.063,        0.99 ,        0.832,        0.352,        0.284,        0.278
       1.021,        1.001,        0.885,        0.343,        0.264,        0.254,        1.036,        0.954,        0.844,        0.331,        0.257,        0.265
       1.039,        1.027,        0.882,        0.37 ,        0.276,        0.28 ,        1.071,        0.984,        0.841,        0.316,        0.272,        0.306

