26.9
       1.438,        1.41 ,        1.376,        1.211,        0.29 ,        0.322,        1.481,        1.462,        1.41 ,        1.109,        0.325,        0.297
       1.411,        1.405,        1.411,        1.302,        0.806,        0.604,        1.482,        1.502,        1.44 ,        1.069,        0.242,        0.263
       1.461,        1.367,        1.409,        1.283,        0.587,        0.897,        1.483,        1.486,        1.437,        1.105,        0.247,        0.271
       1.537,        1.444,        1.405,        1.318,        0.433,        0.348,        1.503,        1.479,        1.453,        1.141,        0.251,        0.251
       1.466,        1.435,        1.372,        1.261,        0.257,        0.743,        1.47 ,        1.443,        1.405,        1.091,        0.237,        0.269
       1.495,        1.435,        1.402,        1.288,        0.248,        0.255,        1.539,        1.465,        1.423,        1.101,        0.271,        0.279
       1.49 ,        1.461,        1.391,        1.284,        0.268,        0.249,        1.507,        1.455,        1.428,        1.101,        0.263,        0.268
       1.505,        1.478,        1.454,        1.28 ,        0.273,        0.293,        1.56 ,        1.499,        1.446,        1.088,        0.287,        0.289

