27.3
       1.355,        1.329,        1.317,        1.125,        0.277,        0.29 ,        1.395,        1.381,        1.333,        0.904,        0.313,        0.301
       1.375,        1.359,        1.319,        1.163,        0.251,        0.252,        1.43 ,        1.402,        1.328,        0.873,        0.24 ,        0.253
       1.407,        1.331,        1.308,        1.157,        0.266,        0.317,        1.431,        1.413,        1.322,        0.893,        0.253,        0.271
       1.456,        1.386,        1.307,        1.18 ,        0.244,        0.244,        1.449,        1.397,        1.33 ,        0.944,        0.244,        0.257
       1.393,        1.345,        1.269,        1.132,        0.235,        0.243,        1.4  ,        1.333,        1.268,        0.808,        0.245,        0.27 
       1.398,        1.347,        1.282,        1.174,        0.267,        0.267,        1.43 ,        1.355,        1.291,        0.812,        0.269,        0.278
       1.405,        1.359,        1.279,        1.091,        0.259,        0.252,        1.41 ,        1.344,        1.279,        0.783,        0.253,        0.264
       1.407,        1.386,        1.34 ,        1.125,        0.268,        0.273,        1.447,        1.375,        1.314,        0.686,        0.262,        0.298

