26.9
       1.426,        1.402,        1.377,        1.205,        0.293,        0.315,        1.473,        1.45 ,        1.401,        1.095,        0.317,        0.296
       1.405,        1.404,        1.408,        1.278,        0.685,        0.534,        1.468,        1.489,        1.429,        1.056,        0.24 ,        0.256
       1.459,        1.361,        1.401,        1.268,        0.521,        0.859,        1.474,        1.49 ,        1.431,        1.087,        0.257,        0.278
       1.539,        1.434,        1.397,        1.308,        0.357,        0.299,        1.498,        1.471,        1.445,        1.138,        0.246,        0.259
       1.468,        1.428,        1.363,        1.258,        0.24 ,        0.67 ,        1.468,        1.434,        1.392,        1.089,        0.242,        0.281
       1.483,        1.427,        1.392,        1.28 ,        0.253,        0.255,        1.524,        1.459,        1.42 ,        1.089,        0.273,        0.275
       1.487,        1.463,        1.388,        1.271,        0.265,        0.252,        1.491,        1.447,        1.411,        1.088,        0.255,        0.269
       1.5  ,        1.46 ,        1.451,        1.271,        0.276,        0.283,        1.548,        1.484,        1.433,        1.066,        0.265,        0.285

