27.5
       1.485,        1.408,        1.326,        1.215,        0.58 ,        0.97 ,        1.53 ,        1.472,        1.384,        1.238,        0.293,        0.285
       1.452,        1.4  ,        1.396,        1.332,        1.152,        1.023,        1.52 ,        1.511,        1.452,        1.244,        0.629,        0.335
       1.493,        1.357,        1.392,        1.316,        1.111,        0.997,        1.523,        1.502,        1.456,        1.269,        0.262,        0.288
       1.569,        1.439,        1.387,        1.375,        1.139,        0.973,        1.558,        1.502,        1.477,        1.306,        0.271,        0.249
       1.511,        1.456,        1.397,        1.306,        0.991,        1.122,        1.543,        1.485,        1.472,        1.232,        0.255,        0.28 
       1.514,        1.47 ,        1.429,        1.338,        0.252,        0.258,        1.582,        1.509,        1.503,        1.25 ,        0.268,        0.276
       1.528,        1.482,        1.416,        1.387,        0.26 ,        0.244,        1.573,        1.487,        1.491,        1.261,        0.253,        0.273
       1.552,        1.514,        1.477,        1.342,        0.278,        0.369,        1.589,        1.537,        1.476,        1.246,        0.276,        0.289

