26.8
       1.448,        1.407,        1.373,        1.23 ,        0.293,        0.403,        1.494,        1.474,        1.415,        1.129,        0.316,        0.299
       1.422,        1.424,        1.417,        1.312,        0.968,        0.767,        1.492,        1.501,        1.459,        1.108,        0.237,        0.264
       1.469,        1.371,        1.413,        1.303,        0.674,        0.976,        1.494,        1.509,        1.452,        1.133,        0.246,        0.285
       1.544,        1.455,        1.409,        1.346,        0.641,        0.518,        1.523,        1.498,        1.471,        1.172,        0.25 ,        0.255
       1.48 ,        1.446,        1.4  ,        1.275,        0.285,        0.896,        1.492,        1.459,        1.423,        1.124,        0.236,        0.278
       1.502,        1.455,        1.401,        1.304,        0.251,        0.263,        1.549,        1.479,        1.452,        1.13 ,        0.268,        0.276
       1.497,        1.478,        1.4  ,        1.307,        0.258,        0.241,        1.526,        1.469,        1.445,        1.129,        0.252,        0.273
       1.516,        1.497,        1.471,        1.297,        0.27 ,        0.291,        1.572,        1.507,        1.461,        1.12 ,        0.273,        0.292

