26.0
       0.963,        0.996,        0.933,        0.531,        0.266,        0.271,        1.047,        1.026,        0.932,        0.51 ,        0.291,        0.291
       1.012,        0.999,        0.912,        0.574,        0.248,        0.241,        1.072,        1.034,        0.912,        0.529,        0.253,        0.257
       0.999,        1.04 ,        0.917,        0.594,        0.242,        0.25 ,        1.093,        1.083,        0.906,        0.513,        0.261,        0.257
       1.031,        0.999,        0.903,        0.567,        0.248,        0.249,        1.084,        1.025,        0.907,        0.521,        0.235,        0.25 
       0.864,        0.843,        0.676,        0.298,        0.234,        0.226,        0.91 ,        0.831,        0.666,        0.273,        0.252,        0.263
       0.885,        0.86 ,        0.699,        0.364,        0.263,        0.271,        0.92 ,        0.838,        0.63 ,        0.292,        0.289,        0.276
       0.886,        0.858,        0.721,        0.296,        0.258,        0.245,        0.897,        0.813,        0.632,        0.279,        0.25 ,        0.264
       0.906,        0.878,        0.687,        0.297,        0.274,        0.276,        0.934,        0.842,        0.638,        0.285,        0.275,        0.313

