26.9
       1.454,        1.417,        1.374,        1.232,        0.295,        0.432,        1.496,        1.476,        1.419,        1.14 ,        0.315,        0.293
       1.424,        1.42 ,        1.418,        1.323,        0.993,        0.791,        1.493,        1.506,        1.454,        1.112,        0.244,        0.264
       1.473,        1.37 ,        1.413,        1.306,        0.701,        0.994,        1.49 ,        1.515,        1.461,        1.15 ,        0.262,        0.279
       1.544,        1.459,        1.412,        1.351,        0.697,        0.552,        1.524,        1.506,        1.476,        1.177,        0.254,        0.254
       1.482,        1.457,        1.395,        1.284,        0.3  ,        0.917,        1.492,        1.457,        1.425,        1.131,        0.233,        0.276
       1.505,        1.457,        1.417,        1.308,        0.253,        0.254,        1.554,        1.487,        1.454,        1.132,        0.272,        0.274
       1.505,        1.476,        1.417,        1.321,        0.265,        0.261,        1.525,        1.47 ,        1.445,        1.133,        0.261,        0.263
       1.513,        1.499,        1.47 ,        1.307,        0.276,        0.289,        1.58 ,        1.517,        1.471,        1.123,        0.266,        0.3  

