25.9
       0.864,        0.897,        0.83 ,        0.446,        0.272,        0.272,        0.945,        0.918,        0.827,        0.436,        0.288,        0.286
       0.91 ,        0.895,        0.81 ,        0.488,        0.249,        0.249,        0.962,        0.914,        0.803,        0.446,        0.241,        0.252
       0.899,        0.921,        0.813,        0.506,        0.243,        0.249,        0.972,        0.966,        0.802,        0.434,        0.258,        0.268
       0.927,        0.89 ,        0.802,        0.474,        0.242,        0.243,        0.962,        0.91 ,        0.8  ,        0.442,        0.243,        0.26 
       0.683,        0.655,        0.456,        0.252,        0.231,        0.221,        0.729,        0.624,        0.42 ,        0.25 ,        0.254,        0.265
       0.715,        0.674,        0.437,        0.327,        0.272,        0.273,        0.755,        0.634,        0.419,        0.269,        0.28 ,        0.279
       0.703,        0.66 ,        0.491,        0.28 ,        0.263,        0.252,        0.739,        0.595,        0.405,        0.253,        0.254,        0.264
       0.702,        0.668,        0.462,        0.28 ,        0.27 ,        0.269,        0.749,        0.621,        0.416,        0.272,        0.259,        0.293

