25.9
       1.025,        1.061,        0.99 ,        0.583,        0.276,        0.271,        1.111,        1.088,        0.988,        0.559,        0.298,        0.293
       1.075,        1.069,        0.978,        0.617,        0.246,        0.243,        1.152,        1.105,        0.966,        0.567,        0.25 ,        0.253
       1.068,        1.108,        0.979,        0.649,        0.25 ,        0.254,        1.156,        1.15 ,        0.971,        0.547,        0.253,        0.268
       1.103,        1.07 ,        0.959,        0.619,        0.246,        0.252,        1.149,        1.093,        0.963,        0.562,        0.249,        0.255
       0.937,        0.918,        0.78 ,        0.341,        0.233,        0.23 ,        0.988,        0.903,        0.744,        0.304,        0.256,        0.258
       0.958,        0.942,        0.801,        0.406,        0.269,        0.277,        0.992,        0.918,        0.742,        0.315,        0.282,        0.279
       0.952,        0.936,        0.808,        0.32 ,        0.258,        0.246,        0.976,        0.886,        0.743,        0.296,        0.249,        0.262
       0.963,        0.951,        0.799,        0.327,        0.264,        0.274,        0.999,        0.909,        0.747,        0.298,        0.275,        0.29 

