26.9
       1.407,        1.386,        1.368,        1.191,        0.283,        0.299,        1.459,        1.439,        1.391,        1.062,        0.318,        0.297
       1.39 ,        1.401,        1.385,        1.255,        0.442,        0.4  ,        1.455,        1.47 ,        1.409,        1.032,        0.239,        0.257
       1.448,        1.355,        1.383,        1.244,        0.417,        0.725,        1.467,        1.474,        1.408,        1.054,        0.249,        0.276
       1.512,        1.422,        1.378,        1.28 ,        0.286,        0.27 ,        1.487,        1.462,        1.428,        1.09 ,        0.238,        0.253
       1.456,        1.406,        1.341,        1.232,        0.239,        0.518,        1.448,        1.402,        1.36 ,        1.044,        0.23 ,        0.259
       1.472,        1.411,        1.361,        1.26 ,        0.249,        0.262,        1.506,        1.425,        1.384,        1.058,        0.264,        0.268
       1.472,        1.439,        1.361,        1.241,        0.257,        0.249,        1.468,        1.42 ,        1.38 ,        1.037,        0.249,        0.275
       1.478,        1.445,        1.424,        1.26 ,        0.272,        0.279,        1.535,        1.473,        1.409,        1.017,        0.269,        0.284

