27.3
       1.353,        1.322,        1.312,        1.116,        0.282,        0.281,        1.397,        1.377,        1.324,        0.891,        0.316,        0.302
       1.372,        1.357,        1.302,        1.157,        0.247,        0.246,        1.429,        1.393,        1.321,        0.87 ,        0.241,        0.255
       1.395,        1.326,        1.311,        1.152,        0.258,        0.315,        1.433,        1.414,        1.322,        0.883,        0.251,        0.284
       1.458,        1.383,        1.306,        1.179,        0.242,        0.248,        1.451,        1.389,        1.333,        0.937,        0.241,        0.249
       1.383,        1.342,        1.268,        1.126,        0.236,        0.248,        1.407,        1.333,        1.257,        0.798,        0.239,        0.264
       1.404,        1.347,        1.278,        1.173,        0.275,        0.281,        1.422,        1.346,        1.281,        0.801,        0.277,        0.271
       1.415,        1.363,        1.274,        1.084,        0.261,        0.281,        1.407,        1.337,        1.273,        0.772,        0.25 ,        0.27 
       1.407,        1.38 ,        1.343,        1.115,        0.276,        0.284,        1.446,        1.372,        1.313,        0.68 ,        0.272,        0.303

