26.9
       1.439,        1.405,        1.37 ,        1.22 ,        0.297,        0.348,        1.482,        1.464,        1.406,        1.119,        0.317,        0.289
       1.4  ,        1.413,        1.413,        1.297,        0.886,        0.667,        1.48 ,        1.491,        1.431,        1.075,        0.24 ,        0.267
       1.455,        1.372,        1.395,        1.287,        0.606,        0.925,        1.479,        1.502,        1.436,        1.119,        0.245,        0.274
       1.534,        1.447,        1.411,        1.327,        0.49 ,        0.404,        1.504,        1.488,        1.452,        1.15 ,        0.248,        0.253
       1.474,        1.439,        1.376,        1.258,        0.255,        0.811,        1.476,        1.437,        1.407,        1.1  ,        0.227,        0.271
       1.491,        1.443,        1.395,        1.287,        0.252,        0.262,        1.537,        1.47 ,        1.43 ,        1.111,        0.256,        0.28 
       1.49 ,        1.461,        1.392,        1.287,        0.257,        0.255,        1.508,        1.452,        1.425,        1.103,        0.251,        0.262
       1.505,        1.481,        1.458,        1.284,        0.276,        0.285,        1.562,        1.492,        1.449,        1.094,        0.266,        0.287

