27.1
       1.384,        1.363,        1.344,        1.163,        0.285,        0.298,        1.431,        1.406,        1.363,        0.987,        0.312,        0.287
       1.378,        1.374,        1.351,        1.199,        0.267,        0.266,        1.444,        1.432,        1.366,        0.945,        0.235,        0.256
       1.426,        1.335,        1.344,        1.201,        0.295,        0.464,        1.446,        1.432,        1.367,        0.979,        0.274,        0.274
       1.493,        1.399,        1.343,        1.228,        0.248,        0.253,        1.463,        1.426,        1.377,        1.029,        0.243,        0.256
       1.429,        1.374,        1.301,        1.192,        0.232,        0.319,        1.43 ,        1.361,        1.306,        0.936,        0.237,        0.265
       1.436,        1.377,        1.312,        1.235,        0.259,        0.257,        1.471,        1.386,        1.335,        0.934,        0.267,        0.268
       1.438,        1.397,        1.317,        1.182,        0.268,        0.248,        1.438,        1.371,        1.329,        0.909,        0.256,        0.263
       1.451,        1.41 ,        1.389,        1.198,        0.267,        0.282,        1.493,        1.424,        1.357,        0.834,        0.28 ,        0.284

