27.2
       1.483,        1.415,        1.345,        1.241,        0.424,        0.865,        1.524,        1.476,        1.41 ,        1.224,        0.307,        0.29 
       1.46 ,        1.413,        1.413,        1.352,        1.166,        1.019,        1.521,        1.526,        1.457,        1.204,        0.307,        0.281
       1.488,        1.363,        1.412,        1.34 ,        0.994,        1.092,        1.526,        1.511,        1.466,        1.24 ,        0.265,        0.293
       1.556,        1.45 ,        1.408,        1.39 ,        1.086,        0.869,        1.552,        1.518,        1.48 ,        1.26 ,        0.277,        0.257
       1.511,        1.467,        1.41 ,        1.308,        0.706,        1.147,        1.544,        1.488,        1.47 ,        1.205,        0.254,        0.279
       1.512,        1.469,        1.436,        1.345,        0.256,        0.266,        1.572,        1.515,        1.506,        1.22 ,        0.272,        0.273
       1.517,        1.49 ,        1.427,        1.379,        0.262,        0.248,        1.574,        1.499,        1.491,        1.227,        0.253,        0.277
       1.537,        1.512,        1.483,        1.344,        0.286,        0.302,        1.584,        1.541,        1.494,        1.21 ,        0.279,        0.281

