25.9
       0.922,        0.959,        0.9  ,        0.506,        0.264,        0.281,        1.002,        0.991,        0.898,        0.497,        0.295,        0.287
       0.975,        0.964,        0.88 ,        0.541,        0.244,        0.238,        1.036,        0.992,        0.873,        0.502,        0.241,        0.249
       0.966,        1.002,        0.88 ,        0.563,        0.241,        0.248,        1.049,        1.04 ,        0.874,        0.487,        0.256,        0.268
       0.994,        0.956,        0.861,        0.543,        0.244,        0.245,        1.039,        0.982,        0.872,        0.494,        0.24 ,        0.256
       0.818,        0.784,        0.602,        0.274,        0.234,        0.217,        0.86 ,        0.769,        0.565,        0.26 ,        0.252,        0.255
       0.838,        0.81 ,        0.618,        0.345,        0.268,        0.281,        0.873,        0.775,        0.546,        0.285,        0.278,        0.273
       0.833,        0.799,        0.644,        0.288,        0.259,        0.237,        0.86 ,        0.746,        0.543,        0.272,        0.25 ,        0.26 
       0.846,        0.811,        0.613,        0.285,        0.269,        0.268,        0.882,        0.771,        0.552,        0.276,        0.264,        0.295

