26.0
       1.253,        1.275,        1.179,        0.756,        0.284,        0.289,        1.335,        1.317,        1.171,        0.672,        0.319,        0.306
       1.327,        1.31 ,        1.163,        0.778,        0.261,        0.251,        1.401,        1.362,        1.158,        0.666,        0.252,        0.264
       1.312,        1.327,        1.16 ,        0.803,        0.254,        0.27 ,        1.399,        1.392,        1.15 ,        0.639,        0.265,        0.289
       1.353,        1.315,        1.148,        0.784,        0.255,        0.256,        1.394,        1.332,        1.151,        0.658,        0.26 ,        0.261
       1.169,        1.152,        1.01 ,        0.538,        0.246,        0.231,        1.218,        1.13 ,        0.954,        0.432,        0.264,        0.269
       1.179,        1.177,        1.02 ,        0.592,        0.291,        0.291,        1.224,        1.136,        0.955,        0.436,        0.293,        0.288
       1.195,        1.175,        1.02 ,        0.435,        0.266,        0.25 ,        1.198,        1.125,        0.974,        0.422,        0.264,        0.269
       1.205,        1.204,        1.039,        0.473,        0.288,        0.306,        1.26 ,        1.157,        0.97 ,        0.372,        0.286,        0.322

