27.2
       1.479,        1.418,        1.349,        1.243,        0.428,        0.882,        1.529,        1.481,        1.415,        1.218,        0.308,        0.289
       1.457,        1.416,        1.419,        1.352,        1.169,        1.018,        1.522,        1.514,        1.48 ,        1.213,        0.317,        0.296
       1.487,        1.373,        1.409,        1.339,        1.005,        1.093,        1.534,        1.518,        1.469,        1.238,        0.279,        0.284
       1.561,        1.455,        1.401,        1.388,        1.092,        0.875,        1.56 ,        1.518,        1.492,        1.276,        0.285,        0.256
       1.522,        1.478,        1.414,        1.306,        0.719,        1.151,        1.55 ,        1.491,        1.469,        1.205,        0.266,        0.287
       1.519,        1.479,        1.439,        1.339,        0.255,        0.265,        1.586,        1.52 ,        1.501,        1.218,        0.271,        0.273
       1.523,        1.49 ,        1.425,        1.389,        0.26 ,        0.247,        1.571,        1.493,        1.501,        1.221,        0.253,        0.275
       1.544,        1.514,        1.483,        1.357,        0.276,        0.302,        1.596,        1.527,        1.498,        1.217,        0.275,        0.29 

