25.9
       1.084,        1.111,        1.034,        0.621,        0.275,        0.279,        1.161,        1.145,        1.039,        0.591,        0.304,        0.301
       1.139,        1.137,        1.03 ,        0.654,        0.247,        0.257,        1.199,        1.154,        1.018,        0.614,        0.247,        0.256
       1.129,        1.165,        1.03 ,        0.683,        0.25 ,        0.251,        1.211,        1.195,        1.012,        0.581,        0.263,        0.273
       1.163,        1.129,        1.013,        0.667,        0.252,        0.246,        1.212,        1.154,        1.009,        0.59 ,        0.253,        0.255
       0.989,        0.981,        0.853,        0.384,        0.229,        0.229,        1.039,        0.975,        0.822,        0.334,        0.252,        0.264
       1.012,        1.004,        0.864,        0.456,        0.274,        0.273,        1.044,        0.976,        0.813,        0.347,        0.283,        0.274
       1.016,        0.991,        0.868,        0.345,        0.262,        0.244,        1.029,        0.945,        0.831,        0.319,        0.255,        0.271
       1.022,        1.022,        0.877,        0.356,        0.276,        0.279,        1.061,        0.971,        0.829,        0.309,        0.273,        0.293

