27.4
       1.488,        1.412,        1.332,        1.226,        0.563,        0.974,        1.54 ,        1.479,        1.391,        1.241,        0.3  ,        0.298
       1.462,        1.417,        1.41 ,        1.345,        1.163,        1.034,        1.533,        1.513,        1.466,        1.247,        0.583,        0.334
       1.5  ,        1.371,        1.406,        1.329,        1.114,        1.019,        1.535,        1.514,        1.468,        1.27 ,        0.277,        0.288
       1.567,        1.449,        1.4  ,        1.379,        1.158,        0.977,        1.572,        1.515,        1.482,        1.289,        0.279,        0.266
       1.525,        1.471,        1.412,        1.308,        0.979,        1.14 ,        1.554,        1.495,        1.481,        1.242,        0.265,        0.288
       1.528,        1.466,        1.425,        1.344,        0.26 ,        0.26 ,        1.591,        1.511,        1.513,        1.252,        0.273,        0.282
       1.527,        1.496,        1.426,        1.394,        0.273,        0.254,        1.577,        1.497,        1.495,        1.264,        0.255,        0.283
       1.558,        1.516,        1.486,        1.347,        0.276,        0.36 ,        1.597,        1.543,        1.493,        1.258,        0.283,        0.297

