27.2
       1.47 ,        1.419,        1.35 ,        1.24 ,        0.383,        0.805,        1.516,        1.478,        1.401,        1.2  ,        0.302,        0.284
       1.451,        1.411,        1.41 ,        1.355,        1.148,        0.968,        1.518,        1.512,        1.464,        1.184,        0.256,        0.27 
       1.483,        1.367,        1.411,        1.331,        0.933,        1.089,        1.512,        1.508,        1.475,        1.214,        0.266,        0.273
       1.55 ,        1.452,        1.413,        1.384,        1.037,        0.792,        1.551,        1.514,        1.485,        1.247,        0.276,        0.263
       1.504,        1.471,        1.415,        1.305,        0.565,        1.122,        1.528,        1.488,        1.461,        1.188,        0.258,        0.277
       1.511,        1.47 ,        1.427,        1.334,        0.253,        0.26 ,        1.565,        1.508,        1.499,        1.197,        0.263,        0.279
       1.517,        1.486,        1.417,        1.361,        0.25 ,        0.24 ,        1.549,        1.492,        1.479,        1.202,        0.251,        0.261
       1.533,        1.509,        1.477,        1.343,        0.274,        0.281,        1.584,        1.532,        1.491,        1.202,        0.265,        0.291

