27.1
       1.476,        1.417,        1.365,        1.248,        0.346,        0.755,        1.517,        1.478,        1.418,        1.19 ,        0.302,        0.295
       1.439,        1.415,        1.418,        1.349,        1.131,        0.946,        1.516,        1.514,        1.468,        1.17 ,        0.249,        0.262
       1.488,        1.369,        1.418,        1.335,        0.894,        1.09 ,        1.517,        1.514,        1.473,        1.208,        0.266,        0.281
       1.547,        1.457,        1.415,        1.376,        1.014,        0.762,        1.547,        1.522,        1.497,        1.24 ,        0.279,        0.257
       1.5  ,        1.474,        1.418,        1.298,        0.497,        1.085,        1.52 ,        1.489,        1.459,        1.171,        0.255,        0.276
       1.517,        1.469,        1.431,        1.325,        0.258,        0.257,        1.575,        1.514,        1.49 ,        1.185,        0.27 ,        0.274
       1.51 ,        1.488,        1.429,        1.358,        0.264,        0.279,        1.555,        1.5  ,        1.48 ,        1.19 ,        0.257,        0.266
       1.535,        1.513,        1.48 ,        1.338,        0.266,        0.285,        1.582,        1.536,        1.486,        1.182,        0.269,        0.286

