26.0
       1.281,        1.295,        1.198,        0.82 ,        0.274,        0.288,        1.355,        1.327,        1.207,        0.68 ,        0.314,        0.291
       1.328,        1.317,        1.215,        0.847,        0.249,        0.25 ,        1.386,        1.346,        1.189,        0.685,        0.25 ,        0.254
       1.316,        1.326,        1.202,        0.886,        0.252,        0.259,        1.401,        1.373,        1.179,        0.673,        0.271,        0.279
       1.364,        1.318,        1.186,        0.873,        0.245,        0.256,        1.402,        1.343,        1.18 ,        0.666,        0.246,        0.255
       1.243,        1.214,        1.065,        0.615,        0.239,        0.225,        1.287,        1.188,        1.024,        0.501,        0.251,        0.271
       1.248,        1.236,        1.084,        0.682,        0.274,        0.271,        1.262,        1.188,        1.014,        0.498,        0.29 ,        0.28 
       1.257,        1.22 ,        1.07 ,        0.517,        0.268,        0.256,        1.261,        1.181,        1.036,        0.47 ,        0.258,        0.276
       1.255,        1.256,        1.112,        0.567,        0.282,        0.287,        1.286,        1.198,        1.026,        0.416,        0.284,        0.325

