26.0
       0.927,        0.964,        0.9  ,        0.498,        0.273,        0.276,        1.005,        0.988,        0.893,        0.491,        0.297,        0.297
       0.973,        0.957,        0.886,        0.548,        0.25 ,        0.244,        1.038,        0.989,        0.874,        0.502,        0.243,        0.253
       0.963,        0.999,        0.88 ,        0.56 ,        0.248,        0.254,        1.046,        1.043,        0.878,        0.487,        0.256,        0.27 
       0.989,        0.96 ,        0.866,        0.537,        0.243,        0.253,        1.036,        0.981,        0.863,        0.497,        0.251,        0.254
       0.81 ,        0.786,        0.595,        0.278,        0.235,        0.231,        0.862,        0.764,        0.555,        0.266,        0.254,        0.261
       0.832,        0.802,        0.617,        0.346,        0.271,        0.275,        0.876,        0.777,        0.549,        0.285,        0.288,        0.277
       0.837,        0.798,        0.635,        0.285,        0.258,        0.251,        0.856,        0.734,        0.538,        0.264,        0.258,        0.268
       0.836,        0.809,        0.6  ,        0.288,        0.272,        0.27 ,        0.876,        0.77 ,        0.551,        0.282,        0.268,        0.298

