26.0
       0.23 ,        0.267,        0.276,        0.268,        0.277,        0.282,        0.268,        0.276,        0.279,        0.29 ,        0.281,        0.299
       0.235,        0.239,        0.238,        0.277,        0.251,        0.249,        0.245,        0.247,        0.246,        0.252,        0.251,        0.242
       0.257,        0.234,        0.252,        0.271,        0.254,        0.254,        0.237,        0.242,        0.254,        0.252,        0.273,        0.244
       0.235,        0.242,        0.234,        0.266,        0.247,        0.248,        0.231,        0.241,        0.249,        0.242,        0.245,        0.266
       0.24 ,        0.254,        0.24 ,        0.234,        0.236,        0.226,        0.241,        0.237,        0.26 ,        0.242,        0.264,        0.251
       0.279,        0.266,        0.291,        0.307,        0.284,        0.275,        0.289,        0.28 ,        0.282,        0.261,        0.276,        0.276
       0.258,        0.272,        0.258,        0.272,        0.269,        0.257,        0.254,        0.236,        0.256,        0.25 ,        0.258,        0.295
       0.241,        0.245,        0.263,        0.252,        0.275,        0.271,        0.263,        0.248,        0.239,        0.267,        0.267,        0.257

