27.1
       1.37 ,        1.341,        1.335,        1.141,        0.279,        0.287,        1.421,        1.398,        1.354,        0.957,        0.317,        0.298
       1.382,        1.365,        1.341,        1.189,        0.261,        0.257,        1.435,        1.423,        1.357,        0.944,        0.242,        0.256
       1.414,        1.338,        1.34 ,        1.191,        0.275,        0.406,        1.445,        1.431,        1.351,        0.947,        0.253,        0.277
       1.475,        1.394,        1.327,        1.213,        0.248,        0.248,        1.453,        1.416,        1.363,        0.999,        0.248,        0.257
       1.417,        1.363,        1.29 ,        1.183,        0.229,        0.294,        1.417,        1.349,        1.297,        0.902,        0.254,        0.268
       1.43 ,        1.369,        1.302,        1.213,        0.272,        0.277,        1.452,        1.37 ,        1.316,        0.898,        0.278,        0.275
       1.433,        1.379,        1.303,        1.149,        0.265,        0.245,        1.433,        1.365,        1.315,        0.87 ,        0.247,        0.27 
       1.442,        1.405,        1.365,        1.176,        0.281,        0.288,        1.485,        1.409,        1.348,        0.777,        0.273,        0.299

