26.8
       1.272,        1.272,        1.196,        0.893,        0.268,        0.279,        1.329,        1.298,        1.215,        0.699,        0.299,        0.298
       1.312,        1.301,        1.2  ,        0.928,        0.249,        0.249,        1.363,        1.327,        1.185,        0.697,        0.241,        0.249
       1.308,        1.299,        1.209,        0.947,        0.243,        0.253,        1.375,        1.351,        1.182,        0.673,        0.253,        0.276
       1.349,        1.299,        1.183,        0.951,        0.249,        0.245,        1.381,        1.316,        1.187,        0.684,        0.248,        0.255
       1.26 ,        1.242,        1.103,        0.728,        0.232,        0.219,        1.294,        1.22 ,        1.063,        0.554,        0.24 ,        0.258
       1.265,        1.255,        1.121,        0.792,        0.277,        0.273,        1.294,        1.223,        1.065,        0.552,        0.242,        0.273
       1.267,        1.254,        1.112,        0.612,        0.272,        0.247,        1.27 ,        1.214,        1.078,        0.528,        0.257,        0.258
       1.275,        1.266,        1.149,        0.658,        0.27 ,        0.271,        1.299,        1.231,        1.075,        0.47 ,        0.261,        0.273

