25.9
       1.042,        1.076,        1.006,        0.596,        0.271,        0.275,        1.132,        1.112,        1.008,        0.566,        0.292,        0.293
       1.099,        1.093,        0.999,        0.635,        0.247,        0.254,        1.167,        1.13 ,        0.99 ,        0.577,        0.23 ,        0.252
       1.091,        1.125,        1.001,        0.66 ,        0.246,        0.255,        1.18 ,        1.17 ,        0.99 ,        0.564,        0.259,        0.273
       1.125,        1.097,        0.974,        0.637,        0.247,        0.242,        1.17 ,        1.117,        0.982,        0.572,        0.251,        0.257
       0.955,        0.936,        0.808,        0.353,        0.232,        0.216,        1.004,        0.926,        0.776,        0.313,        0.249,        0.261
       0.976,        0.964,        0.829,        0.423,        0.272,        0.263,        1.013,        0.94 ,        0.777,        0.321,        0.287,        0.271
       0.975,        0.961,        0.834,        0.324,        0.257,        0.249,        0.997,        0.912,        0.781,        0.305,        0.256,        0.268
       0.993,        0.981,        0.841,        0.341,        0.277,        0.277,        1.02 ,        0.938,        0.782,        0.298,        0.265,        0.248

