26.0
       0.254,        0.29 ,        0.288,        0.273,        0.28 ,        0.272,        0.289,        0.297,        0.289,        0.298,        0.288,        0.288
       0.268,        0.268,        0.25 ,        0.288,        0.251,        0.245,        0.273,        0.264,        0.258,        0.255,        0.248,        0.247
       0.281,        0.258,        0.267,        0.277,        0.246,        0.248,        0.285,        0.298,        0.27 ,        0.252,        0.252,        0.24 
       0.266,        0.269,        0.258,        0.27 ,        0.246,        0.249,        0.278,        0.272,        0.262,        0.251,        0.25 ,        0.259
       0.24 ,        0.249,        0.245,        0.227,        0.226,        0.222,        0.237,        0.234,        0.241,        0.236,        0.254,        0.253
       0.273,        0.236,        0.272,        0.299,        0.274,        0.269,        0.29 ,        0.278,        0.267,        0.259,        0.277,        0.265
       0.267,        0.259,        0.251,        0.26 ,        0.256,        0.243,        0.259,        0.232,        0.252,        0.243,        0.257,        0.262
       0.249,        0.247,        0.259,        0.248,        0.269,        0.257,        0.264,        0.255,        0.256,        0.26 ,        0.257,        0.273

