25.9
       1.091,        1.116,        1.036,        0.635,        0.275,        0.28 ,        1.161,        1.15 ,        1.045,        0.588,        0.298,        0.294
       1.147,        1.132,        1.033,        0.668,        0.245,        0.243,        1.207,        1.176,        1.026,        0.604,        0.241,        0.251
       1.135,        1.166,        1.033,        0.695,        0.251,        0.255,        1.216,        1.202,        1.019,        0.591,        0.279,        0.268
       1.172,        1.135,        1.019,        0.668,        0.25 ,        0.244,        1.212,        1.155,        1.023,        0.59 ,        0.246,        0.259
       1.003,        0.991,        0.866,        0.402,        0.239,        0.226,        1.053,        0.975,        0.83 ,        0.34 ,        0.249,        0.263
       1.021,        1.014,        0.878,        0.459,        0.273,        0.274,        1.062,        0.982,        0.829,        0.345,        0.282,        0.272
       1.021,        1.013,        0.881,        0.352,        0.26 ,        0.244,        1.038,        0.958,        0.837,        0.324,        0.256,        0.265
       1.033,        1.029,        0.884,        0.36 ,        0.261,        0.274,        1.074,        0.987,        0.842,        0.303,        0.272,        0.311

