26.0
       1.25 ,        1.255,        1.163,        0.777,        0.271,        0.281,        1.314,        1.302,        1.181,        0.667,        0.306,        0.293
       1.294,        1.292,        1.174,        0.816,        0.243,        0.245,        1.355,        1.319,        1.164,        0.672,        0.235,        0.252
       1.286,        1.296,        1.176,        0.861,        0.244,        0.251,        1.367,        1.344,        1.153,        0.642,        0.251,        0.282
       1.332,        1.285,        1.155,        0.828,        0.243,        0.244,        1.363,        1.301,        1.154,        0.651,        0.252,        0.26 
       1.18 ,        1.166,        1.029,        0.59 ,        0.233,        0.215,        1.221,        1.15 ,        0.984,        0.477,        0.252,        0.258
       1.195,        1.187,        1.038,        0.637,        0.269,        0.268,        1.237,        1.16 ,        0.977,        0.462,        0.27 ,        0.275
       1.221,        1.183,        1.037,        0.476,        0.264,        0.24 ,        1.207,        1.139,        0.993,        0.448,        0.246,        0.263
       1.225,        1.219,        1.076,        0.519,        0.269,        0.278,        1.259,        1.161,        1.001,        0.395,        0.255,        0.298

