26.9
       1.468,        1.426,        1.377,        1.237,        0.314,        0.571,        1.507,        1.473,        1.42 ,        1.167,        0.316,        0.294
       1.432,        1.426,        1.424,        1.333,        1.056,        0.869,        1.507,        1.514,        1.463,        1.146,        0.244,        0.271
       1.486,        1.374,        1.416,        1.319,        0.783,        1.046,        1.503,        1.512,        1.466,        1.174,        0.254,        0.278
       1.559,        1.461,        1.414,        1.358,        0.907,        0.651,        1.54 ,        1.5  ,        1.486,        1.213,        0.244,        0.264
       1.492,        1.464,        1.406,        1.292,        0.367,        0.99 ,        1.505,        1.471,        1.44 ,        1.143,        0.241,        0.272
       1.505,        1.462,        1.432,        1.328,        0.254,        0.261,        1.557,        1.5  ,        1.477,        1.159,        0.271,        0.276
       1.514,        1.485,        1.417,        1.34 ,        0.258,        0.248,        1.547,        1.486,        1.462,        1.159,        0.257,        0.275
       1.526,        1.51 ,        1.475,        1.331,        0.276,        0.289,        1.593,        1.519,        1.48 ,        1.151,        0.283,        0.294

