27.0
       1.466,        1.414,        1.377,        1.243,        0.319,        0.638,        1.506,        1.479,        1.412,        1.176,        0.3  ,        0.282
       1.437,        1.426,        1.411,        1.349,        1.092,        0.895,        1.511,        1.514,        1.459,        1.159,        0.244,        0.265
       1.479,        1.368,        1.419,        1.325,        0.822,        1.069,        1.51 ,        1.515,        1.467,        1.187,        0.263,        0.285
       1.548,        1.452,        1.419,        1.369,        0.964,        0.7  ,        1.538,        1.518,        1.481,        1.222,        0.272,        0.259
       1.499,        1.465,        1.403,        1.299,        0.411,        1.02 ,        1.516,        1.486,        1.442,        1.155,        0.256,        0.283
       1.514,        1.462,        1.426,        1.327,        0.251,        0.254,        1.558,        1.503,        1.471,        1.161,        0.265,        0.266
       1.514,        1.485,        1.423,        1.35 ,        0.252,        0.25 ,        1.552,        1.493,        1.463,        1.165,        0.241,        0.259
       1.521,        1.502,        1.486,        1.329,        0.28 ,        0.288,        1.574,        1.524,        1.488,        1.162,        0.265,        0.259

