26.6
       1.266,        1.266,        1.196,        0.881,        0.274,        0.279,        1.325,        1.304,        1.208,        0.694,        0.305,        0.294
       1.302,        1.292,        1.195,        0.914,        0.249,        0.245,        1.363,        1.324,        1.189,        0.689,        0.244,        0.254
       1.303,        1.298,        1.197,        0.929,        0.251,        0.257,        1.374,        1.355,        1.183,        0.668,        0.26 ,        0.275
       1.342,        1.301,        1.176,        0.937,        0.252,        0.241,        1.366,        1.312,        1.183,        0.684,        0.238,        0.258
       1.251,        1.24 ,        1.093,        0.709,        0.226,        0.224,        1.286,        1.214,        1.054,        0.549,        0.245,        0.263
       1.255,        1.248,        1.107,        0.775,        0.271,        0.278,        1.289,        1.221,        1.054,        0.537,        0.279,        0.277
       1.277,        1.247,        1.098,        0.6  ,        0.259,        0.242,        1.265,        1.212,        1.072,        0.515,        0.253,        0.268
       1.268,        1.261,        1.139,        0.638,        0.279,        0.274,        1.298,        1.223,        1.071,        0.458,        0.267,        0.287

