27.4
       1.477,        1.406,        1.343,        1.227,        0.553,        0.959,        1.522,        1.469,        1.387,        1.229,        0.293,        0.292
       1.454,        1.406,        1.395,        1.331,        1.154,        1.025,        1.525,        1.514,        1.462,        1.242,        0.559,        0.327
       1.491,        1.358,        1.395,        1.321,        1.109,        1.012,        1.526,        1.502,        1.464,        1.264,        0.263,        0.278
       1.565,        1.442,        1.397,        1.385,        1.147,        0.959,        1.565,        1.504,        1.476,        1.286,        0.273,        0.26 
       1.518,        1.459,        1.409,        1.303,        0.96 ,        1.133,        1.542,        1.479,        1.482,        1.239,        0.26 ,        0.286
       1.521,        1.461,        1.427,        1.344,        0.246,        0.257,        1.587,        1.512,        1.503,        1.252,        0.262,        0.268
       1.524,        1.485,        1.414,        1.403,        0.249,        0.239,        1.577,        1.49 ,        1.488,        1.262,        0.24 ,        0.274
       1.538,        1.516,        1.466,        1.333,        0.271,        0.348,        1.59 ,        1.533,        1.495,        1.246,        0.274,        0.283

