27.2
       1.473,        1.414,        1.349,        1.235,        0.444,        0.88 ,        1.522,        1.476,        1.398,        1.217,        0.299,        0.288
       1.45 ,        1.412,        1.403,        1.342,        1.163,        1.01 ,        1.519,        1.506,        1.459,        1.21 ,        0.327,        0.292
       1.482,        1.36 ,        1.403,        1.333,        1.012,        1.071,        1.52 ,        1.506,        1.47 ,        1.24 ,        0.262,        0.281
       1.559,        1.445,        1.4  ,        1.379,        1.106,        0.881,        1.558,        1.505,        1.485,        1.269,        0.268,        0.263
       1.512,        1.471,        1.401,        1.307,        0.758,        1.151,        1.531,        1.481,        1.468,        1.22 ,        0.25 ,        0.266
       1.515,        1.465,        1.424,        1.338,        0.245,        0.255,        1.571,        1.51 ,        1.5  ,        1.217,        0.27 ,        0.271
       1.513,        1.482,        1.42 ,        1.391,        0.258,        0.247,        1.564,        1.484,        1.475,        1.222,        0.249,        0.272
       1.536,        1.503,        1.467,        1.335,        0.269,        0.305,        1.58 ,        1.528,        1.485,        1.211,        0.27 ,        0.278

