25.9
       1.052,        1.085,        1.011,        0.601,        0.271,        0.279,        1.133,        1.123,        1.008,        0.574,        0.291,        0.287
       1.11 ,        1.097,        1.006,        0.635,        0.25 ,        0.25 ,        1.176,        1.127,        0.995,        0.584,        0.244,        0.249
       1.099,        1.138,        1.004,        0.664,        0.252,        0.248,        1.181,        1.178,        0.99 ,        0.559,        0.256,        0.28 
       1.128,        1.097,        0.982,        0.636,        0.249,        0.247,        1.174,        1.117,        0.991,        0.571,        0.242,        0.255
       0.956,        0.957,        0.817,        0.365,        0.232,        0.227,        1.018,        0.929,        0.79 ,        0.311,        0.252,        0.265
       0.979,        0.967,        0.841,        0.432,        0.268,        0.272,        1.016,        0.939,        0.781,        0.329,        0.28 ,        0.281
       0.986,        0.959,        0.846,        0.334,        0.259,        0.246,        0.998,        0.916,        0.789,        0.31 ,        0.26 ,        0.277
         1  ,        0.986,        0.843,        0.353,        0.29 ,        0.296,        1.033,        0.948,        0.789,        0.305,        0.284,        0.321

