26.0
       1.024,        1.055,        0.983,        0.579,        0.272,        0.281,        1.106,        1.086,        0.993,        0.56 ,        0.301,        0.296
       1.078,        1.064,        0.97 ,        0.613,        0.253,        0.245,        1.145,        1.095,        0.971,        0.563,        0.249,        0.253
       1.063,        1.105,        0.976,        0.641,        0.256,        0.26 ,        1.154,        1.143,        0.969,        0.549,        0.264,        0.275
       1.101,        1.065,        0.951,        0.617,        0.247,        0.252,        1.149,        1.088,        0.953,        0.562,        0.252,        0.26 
       0.93 ,        0.923,        0.775,        0.338,        0.238,        0.224,        0.977,        0.913,        0.746,        0.308,        0.252,        0.261
       0.953,        0.941,        0.798,        0.408,        0.273,        0.276,        0.983,        0.912,        0.739,        0.32 ,        0.277,        0.274
       0.955,        0.924,        0.804,        0.312,        0.259,        0.246,        0.971,        0.882,        0.736,        0.304,        0.257,        0.271
       0.964,        0.948,        0.791,        0.329,        0.273,        0.283,        0.992,        0.911,        0.749,        0.294,        0.265,        0.299

