27.0
       1.467,        1.425,        1.365,        1.243,        0.319,        0.649,        1.518,        1.478,        1.415,        1.173,        0.302,        0.288
       1.431,        1.415,        1.415,        1.349,        1.084,        0.903,        1.51 ,        1.505,        1.467,        1.155,        0.241,        0.267
       1.48 ,        1.369,        1.417,        1.322,        0.832,        1.077,        1.503,        1.516,        1.466,        1.191,        0.261,        0.276
       1.543,        1.447,        1.417,        1.371,        0.973,        0.704,        1.542,        1.513,        1.482,        1.223,        0.27 ,        0.265
       1.498,        1.459,        1.402,        1.298,        0.421,        1.034,        1.51 ,        1.48 ,        1.45 ,        1.162,        0.25 ,        0.275
       1.508,        1.472,        1.425,        1.313,        0.252,        0.252,        1.565,        1.502,        1.48 ,        1.16 ,        0.269,        0.273
       1.507,        1.48 ,        1.415,        1.343,        0.245,        0.24 ,        1.546,        1.491,        1.464,        1.167,        0.244,        0.265
       1.53 ,        1.507,        1.478,        1.327,        0.278,        0.297,        1.581,        1.53 ,        1.484,        1.164,        0.274,        0.283

