27.4
       1.332,        1.309,        1.277,        1.075,        0.275,        0.287,        1.377,        1.346,        1.298,        0.774,        0.311,        0.294
       1.357,        1.341,        1.281,        1.098,        0.249,        0.25 ,        1.406,        1.368,        1.275,        0.778,        0.237,        0.261
       1.371,        1.321,        1.268,        1.104,        0.251,        0.272,        1.41 ,        1.39 ,        1.275,        0.77 ,        0.256,        0.279
       1.417,        1.357,        1.259,        1.124,        0.244,        0.246,        1.429,        1.361,        1.277,        0.824,        0.25 ,        0.247
       1.353,        1.317,        1.216,        0.974,        0.232,        0.217,        1.379,        1.306,        1.203,        0.675,        0.244,        0.266
       1.362,        1.329,        1.235,        1.036,        0.263,        0.27 ,        1.378,        1.311,        1.21 ,        0.679,        0.279,        0.282
       1.368,        1.333,        1.224,        0.914,        0.253,        0.246,        1.369,        1.3  ,        1.206,        0.654,        0.242,        0.267
       1.366,        1.35 ,        1.288,        0.956,        0.26 ,        0.267,        1.394,        1.332,        1.251,        0.592,        0.268,        0.268

