27.0
       1.47 ,        1.421,        1.37 ,        1.242,        0.315,        0.635,        1.512,        1.478,        1.417,        1.179,        0.307,        0.287
       1.434,        1.423,        1.431,        1.344,        1.08 ,        0.899,        1.502,        1.508,        1.469,        1.157,        0.242,        0.264
       1.486,        1.377,        1.424,        1.321,        0.822,        1.07 ,        1.51 ,        1.517,        1.463,        1.194,        0.262,        0.28 
       1.557,        1.458,        1.419,        1.372,        0.963,        0.694,        1.544,        1.514,        1.492,        1.225,        0.271,        0.25 
       1.496,        1.466,        1.404,        1.299,        0.416,        1.026,        1.514,        1.477,        1.454,        1.159,        0.259,        0.284
       1.516,        1.467,        1.438,        1.335,        0.26 ,        0.27 ,        1.562,        1.509,        1.489,        1.168,        0.278,        0.277
       1.517,        1.5  ,        1.42 ,        1.346,        0.261,        0.243,        1.558,        1.494,        1.471,        1.172,        0.239,        0.27 
       1.52 ,        1.506,        1.482,        1.333,        0.267,        0.279,        1.58 ,        1.524,        1.485,        1.166,        0.267,        0.259

