26.9
       1.458,        1.425,        1.374,        1.242,        0.31 ,        0.536,        1.508,        1.477,        1.417,        1.156,        0.321,        0.297
       1.435,        1.421,        1.418,        1.331,        1.036,        0.849,        1.507,        1.502,        1.461,        1.132,        0.245,        0.276
       1.48 ,        1.368,        1.42 ,        1.314,        0.777,        1.034,        1.497,        1.51 ,        1.462,        1.166,        0.257,        0.291
       1.545,        1.454,        1.42 ,        1.357,        0.878,        0.629,        1.535,        1.514,        1.483,        1.205,        0.251,        0.263
       1.496,        1.46 ,        1.4  ,        1.289,        0.35 ,        0.981,        1.502,        1.475,        1.442,        1.147,        0.238,        0.273
       1.508,        1.462,        1.42 ,        1.321,        0.248,        0.254,        1.565,        1.502,        1.467,        1.149,        0.269,        0.273
       1.514,        1.483,        1.421,        1.338,        0.263,        0.255,        1.541,        1.484,        1.457,        1.16 ,        0.258,        0.273
       1.526,        1.502,        1.478,        1.324,        0.276,        0.284,        1.581,        1.522,        1.475,        1.141,        0.271,        0.289

