25.9
       0.877,        0.91 ,        0.843,        0.465,        0.273,        0.285,        0.955,        0.934,        0.842,        0.449,        0.298,        0.293
       0.923,        0.907,        0.83 ,        0.497,        0.254,        0.243,        0.981,        0.935,        0.822,        0.462,        0.239,        0.252
       0.914,        0.943,        0.83 ,        0.516,        0.246,        0.251,        0.992,        0.987,        0.824,        0.448,        0.279,        0.264
       0.933,        0.903,        0.818,        0.491,        0.242,        0.247,        0.973,        0.92 ,        0.825,        0.45 ,        0.245,        0.258
       0.714,        0.678,        0.483,        0.256,        0.234,        0.227,        0.76 ,        0.65 ,        0.443,        0.259,        0.258,        0.264
       0.739,        0.703,        0.507,        0.332,        0.279,        0.275,        0.788,        0.669,        0.441,        0.278,        0.279,        0.276
       0.729,        0.691,        0.517,        0.279,        0.263,        0.251,        0.761,        0.629,        0.439,        0.267,        0.256,        0.261
       0.743,        0.702,        0.482,        0.277,        0.275,        0.28 ,        0.782,        0.648,        0.444,        0.278,        0.276,        0.298

