0	0	1975	0	0.0193274	0	0	1975	1975	0	1770	0	70	0	4
1.00003	32769	3118	0	0.046286	0	0	3118	3118	0	2713	0	70	27	5
2.00006	65538	4337	0	0.0544175	0	0	4337	4337	0	3558	0	70	90	6
3.00009	98307	5735	0	0.252847	0	0	5735	5735	0	4649	0	70	189	7
4.00012	131076	5725	0	0.414736	0	0	5725	5725	0	4332	0	70	300	7
5.00015	163845	5552	0	0.478409	0	0	5552	5552	0	3882	0	70	419	7
6.00018	196614	5792	0	0.540852	0	0	5792	5792	0	3908	0	70	539	7
7.00021	229383	5777	0	0.564931	0	0	5777	5777	0	3552	0	70	660	7
8.00024	262152	5691	0	0.574783	0	0	5691	5691	0	3541	0	70	783	7
9.00027	294921	5723	0	0.561665	0	0	5723	5723	0	3646	0	70	905	7
9.6709	360458	5899	0	0.553133	0	0	5899	5899	0	3688	0	70	1154	7
10.6709	425995	6006	0	0.572864	0	0	6006	6006	0	3653	0	70	1428	7
11.6709	491532	6024	0	0.55075	0	0	6024	6024	0	3848	0	70	1715	7
12.6709	557069	6022	0	0.566629	0	0	6022	6022	0	3749	0	70	2006	7
13.671	622606	6042	0	0.57176	0	0	6042	6042	0	3584	0	70	2298	7
14.671	688143	6031	0	0.576732	0	0	6031	6031	0	3280	0	70	2597	7
15.671	753680	6090	0	0.587128	0	0	6090	6090	0	3164	0	70	2899	7
16.671	819217	6120	0	0.56186	0	0	6120	6120	0	2941	0	70	3201	7
17.671	884754	6122	0	0.552253	0	0	6122	6122	0	2776	0	70	3507	7
18.671	950291	6100	0	0.562826	0	0	6100	6100	0	2718	0	70	3815	7
19.6711	1015828	6119	0	0.550663	0	0	6119	6119	0	2745	0	70	4122	7
20.6711	1081365	6145	0	0.547399	0	0	6145	6145	0	2682	0	70	4427	7
21.6711	1146902	6158	0	0.541354	0	0	6158	6158	0	2622	0	70	4733	7
22.6711	1212439	6205	0	0.56663	0	0	6205	6205	0	2687	0	70	5041	7
23.6711	1277976	6164	0	0.534917	0	0	6164	6164	0	2767	0	70	5349	7
24.6711	1343513	6179	0	0.544359	0	0	6179	6179	0	2758	0	70	5657	7
25.6711	1409050	6129	0	0.521046	0	0	6129	6129	0	2729	0	70	5964	7
26.6712	1474587	6170	0	0.511364	0	0	6170	6170	0	2783	0	70	6269	7
27.6712	1540124	6202	0	0.517199	0	0	6202	6202	0	2670	0	70	6579	7
28.6712	1605661	6151	0	0.523161	0	0	6151	6151	0	2533	0	70	6888	7
29.6712	1671198	6190	0	0.519533	0	0	6190	6190	0	2620	0	70	7198	7
30.6712	1736735	6196	0	0.545185	0	0	6196	6196	0	2552	0	70	7508	7
31.6712	1802272	6187	0	0.548315	0	0	6187	6187	0	2644	0	70	7816	7
32.6712	1867809	6213	0	0.538583	0	0	6213	6213	0	2545	0	70	8123	7
33.6713	1933346	6151	0	0.529522	0	0	6151	6151	0	2515	0	70	8434	7
34.6713	1998883	6152	0	0.532579	0	0	6152	6152	0	2509	0	70	8745	7
35.6713	2064420	6136	0	0.585254	0	0	6136	6136	0	2649	0	70	9053	7
36.6713	2129957	6139	0	0.55722	0	0	6139	6139	0	2774	0	70	9362	7
37.6713	2195494	6113	0	0.533557	0	0	6113	6113	0	2686	0	70	9669	7
38.6713	2261031	6166	0	0.519432	0	0	6166	6166	0	2686	0	70	9977	7
39.6714	2326568	6123	0	0.522619	0	0	6123	6123	0	2613	0	70	10284	7
40.6714	2392105	6137	0	0.551411	0	0	6137	6137	0	2620	0	70	10591	7
41.6714	2457642	6190	0	0.564999	0	0	6190	6190	0	2629	0	70	10898	7
42.6714	2523179	6160	0	0.538578	0	0	6160	6160	0	2517	0	70	11207	7
43.6714	2588716	6176	0	0.535579	0	0	6176	6176	0	2516	0	70	11517	7
44.6714	2654253	6210	0	0.50132	0	0	6210	6210	0	2547	0	70	11825	7
45.6714	2719790	6177	0	0.461482	0	0	6177	6177	0	2513	0	70	12132	7
46.6715	2785327	6198	0	0.497012	0	0	6198	6198	0	2521	0	70	12437	7
47.6715	2850864	6188	0	0.528865	0	0	6188	6188	0	2553	0	70	12743	7
48.6715	2916401	6199	0	0.510099	0	0	6199	6199	0	2557	0	70	13050	7
49.6715	2981938	6185	0	0.51256	0	0	6185	6185	0	2469	0	70	13358	7
50.6715	3047475	6205	0	0.560316	0	0	6205	6205	0	2633	0	70	13667	7
51.6715	3113012	6193	0	0.560758	0	0	6193	6193	0	2600	0	70	13977	7
52.6716	3178549	6190	0	0.565011	0	0	6190	6190	0	2572	0	70	14287	7
53.6716	3244086	6226	0	0.543777	0	0	6226	6226	0	2626	0	70	14595	7
54.6716	3309623	6183	0	0.524525	0	0	6183	6183	0	2630	0	70	14902	7
55.6716	3375160	6142	0	0.52934	0	0	6142	6142	0	2561	0	70	15210	7
56.6716	3440697	6161	0	0.53243	0	0	6161	6161	0	2650	0	70	15517	7
57.6716	3506234	6184	0	0.539611	0	0	6184	6184	0	2601	0	70	15824	7
58.6716	3571771	6149	0	0.500782	0	0	6149	6149	0	2430	0	70	16130	7
59.6717	3637308	6145	0	0.502899	0	0	6145	6145	0	2387	0	70	16436	7
60.6717	3702845	6168	0	0.532736	0	0	6168	6168	0	2530	0	70	16741	7
61.6717	3768382	6180	0	0.551973	0	0	6180	6180	0	2485	0	70	17047	7
62.6717	3833919	6192	0	0.566823	0	0	6192	6192	0	2452	0	70	17356	7
63.6717	3899456	6197	0	0.549451	0	0	6197	6197	0	2509	0	70	17666	7
64.6717	3964993	6164	0	0.531041	0	0	6164	6164	0	2583	0	70	17974	7
65.6718	4030530	6128	0	0.537019	0	0	6128	6128	0	2531	0	70	18280	7
66.6718	4096067	6184	0	0.556798	0	0	6184	6184	0	2523	0	70	18586	7
67.6718	4161604	6188	0	0.570189	0	0	6188	6188	0	2570	0	70	18892	7
68.6718	4227141	6180	0	0.557812	0	0	6180	6180	0	2561	0	70	19199	7
69.6718	4292678	6153	0	0.554763	0	0	6153	6153	0	2592	0	70	19506	7
70.6718	4358215	6207	0	0.552658	0	0	6207	6207	0	2492	0	70	19814	7
71.6718	4423752	6164	0	0.535564	0	0	6164	6164	0	2489	0	70	20126	7
