0.000000 0 1 1
0.000000 1 1 1
0.000000 2 1 1
0.000000 3 1 1
0.000000 4 1 1
0.000000 5 1 1
0.000000 6 1 1
0.000000 8 1 1
0.000000 9 1 1
0.000000 10 1 1
0.000000 11 1 1
0.000000 12 1 1
0.000000 13 1 1
0.000000 15 1 1
0.000000 16 1 1
0.000000 17 1 1
0.000000 18 1 1
0.000000 19 1 1
0.000000 21 1 1
0.000000 22 1 1
0.000000 23 1 1
0.000000 24 1 1
0.000000 25 1 1
0.000000 26 1 1
0.000000 27 1 1
0.000000 29 1 1
0.000000 30 1 1
0.000000 31 1 1
0.000000 32 1 1
0.000000 33 1 1
0.000000 34 1 1
0.000000 35 1 1
0.000000 36 1 1
0.000000 37 1 1
0.000000 38 1 1
0.000000 39 1 1
0.000000 40 1 1
0.000000 41 1 1
0.000000 42 1 1
0.000000 43 1 1
0.000000 44 1 1
0.000000 45 1 1
0.000000 46 1 1
0.000000 47 1 1
0.000000 48 1 1
0.000000 49 1 1
0.000000 50 1 1
0.000000 51 1 1
0.000000 52 1 1
0.000000 53 1 1
0.000000 55 1 1
0.000000 56 1 1
0.000000 57 1 1
0.000000 58 1 1
0.000000 59 1 1
0.000000 60 1 1
0.000000 61 1 1
0.000000 62 1 1
0.000000 63 1 1
0.000000 64 1 1
0.000000 65 1 1
0.000000 66 1 1
0.000000 67 1 1
0.000000 68 1 1
0.000000 70 1 1
0.000000 71 1 1
0.000000 72 1 1
0.000000 73 1 1
0.000000 74 1 1
0.000000 75 1 1
0.000000 76 1 1
0.000000 79 1 1
0.000000 80 1 1
0.000000 81 1 1
0.000000 82 1 1
0.000000 83 1 1
0.000000 84 1 1
0.000000 85 1 1
0.000000 87 1 1
0.000000 88 1 1
0.000000 89 1 1
0.000000 90 1 1
0.000000 91 1 1
0.000000 92 1 1
0.000000 93 1 1
0.000000 94 1 1
0.000000 95 1 1
0.000000 96 1 1
0.000000 97 1 1
0.000000 98 1 1
0.000000 99 1 1
0.000000 100 1 1
0.000000 101 1 1
0.000000 102 1 1
0.000000 103 1 1
0.000000 104 1 1
0.000000 105 1 1
0.000000 106 1 1
0.000000 107 1 1
0.000000 108 1 1
0.000000 109 1 1
0.000000 110 1 1
0.000000 111 1 1
0.000000 112 1 1
0.000000 114 1 1
0.000000 115 1 1
0.000000 116 1 1
0.000000 117 1 1
0.000000 118 1 1
0.000000 119 1 1
0.000000 120 1 1
0.000000 121 1 1
0.000000 123 1 1
0.000000 124 1 1
0.000000 125 1 1
0.000000 126 1 1
0.000000 127 1 1
0.000000 128 1 1
0.000000 129 1 1
0.000000 130 1 1
0.000000 131 1 1
0.000000 132 1 1
0.000000 133 1 1
0.000000 134 1 1
0.000000 135 1 1
0.000000 136 1 1
0.000000 137 1 1
0.000000 138 1 1
0.000000 139 1 1
0.000000 140 1 1
0.000000 141 1 1
0.000000 142 1 1
0.000000 143 1 1
0.000000 144 1 1
0.000000 145 1 1
0.000000 146 1 1
0.000000 147 1 1
0.000000 148 1 1
0.000000 149 1 1
0.000000 150 1 1
0.000000 151 1 1
0.000000 153 1 1
0.000000 154 1 1
0.000000 155 1 1
0.000000 156 1 1
0.000000 158 1 1
0.000000 159 1 1
0.000000 160 1 1
0.000000 161 1 1
0.000000 162 1 1
0.000000 163 1 1
0.000000 164 1 1
0.000000 165 1 1
0.000000 167 1 1
0.000000 169 1 1
0.000000 170 1 1
0.000000 171 1 1
0.000000 172 1 1
0.000000 173 1 1
0.000000 174 1 1
0.000000 175 1 1
0.000000 176 1 1
0.000000 177 1 1
0.000000 178 1 1
0.000000 179 1 1
0.000000 180 1 1
0.000000 181 1 1
0.000000 182 1 1
0.000000 183 1 1
0.000000 184 1 1
0.000000 185 1 1
0.000000 186 1 1
0.000000 187 1 1
0.000000 188 1 1
0.000000 189 1 1
0.000000 190 1 1
0.000000 191 1 1
0.000000 192 1 1
0.000000 193 1 1
0.000000 194 1 1
0.000000 195 1 1
0.000000 196 1 1
0.000000 197 1 1
0.000000 198 1 1
0.000000 199 1 1
0.000000 201 1 1
0.000000 202 1 1
0.000000 203 1 1
0.000000 204 1 1
0.000000 205 1 1
0.000000 206 1 1
0.000000 207 1 1
0.000000 208 1 1
0.000000 209 1 1
0.000000 210 1 1
0.000000 211 1 1
0.000000 212 1 1
0.000000 213 1 1
0.000000 215 1 1
0.000000 216 1 1
0.000000 217 1 1
0.000000 218 1 1
0.000000 219 1 1
1.000031 0 2 2
1.000031 1 2 2
1.000031 2 1 1
1.000031 3 2 2
1.000031 4 2 2
1.000031 5 2 2
1.000031 6 2 2
1.000031 8 2 2
1.000031 9 2 2
1.000031 10 1 1
1.000031 11 1 1
1.000031 12 1 1
1.000031 13 2 2
1.000031 15 1 1
1.000031 16 2 2
1.000031 17 1 1
1.000031 18 2 2
1.000031 19 2 2
1.000031 21 1 1
1.000031 22 2 2
1.000031 23 1 1
1.000031 24 2 2
1.000031 25 2 2
1.000031 26 1 1
1.000031 27 1 1
1.000031 29 2 2
1.000031 30 1 1
1.000031 31 1 1
1.000031 32 2 2
1.000031 33 2 2
1.000031 34 2 2
1.000031 35 2 2
1.000031 36 2 2
1.000031 37 1 1
1.000031 38 1 1
1.000031 39 1 1
1.000031 40 2 2
1.000031 41 1 1
1.000031 42 2 2
1.000031 43 1 1
1.000031 44 2 2
1.000031 45 2 2
1.000031 46 1 1
1.000031 47 2 2
1.000031 48 1 1
1.000031 49 2 2
1.000031 50 1 1
1.000031 51 1 1
1.000031 52 2 2
1.000031 53 2 2
1.000031 55 2 2
1.000031 56 2 2
1.000031 57 1 1
1.000031 58 2 2
1.000031 59 2 2
1.000031 60 2 2
1.000031 61 1 1
1.000031 62 2 2
1.000031 63 2 2
1.000031 64 1 1
1.000031 65 1 1
1.000031 66 1 1
1.000031 67 1 1
1.000031 68 2 2
1.000031 70 2 2
1.000031 71 1 1
1.000031 72 2 2
1.000031 73 2 2
1.000031 74 2 2
1.000031 75 1 1
1.000031 76 2 2
1.000031 79 1 1
1.000031 80 2 2
1.000031 81 2 2
1.000031 82 2 2
1.000031 83 1 1
1.000031 84 1 1
1.000031 85 2 2
1.000031 87 1 1
1.000031 88 1 1
1.000031 89 1 1
1.000031 90 2 2
1.000031 91 2 2
1.000031 92 1 1
1.000031 93 2 2
1.000031 94 2 2
1.000031 95 1 1
1.000031 96 2 2
1.000031 97 1 1
1.000031 98 1 1
1.000031 99 1 1
1.000031 100 2 2
1.000031 101 2 2
1.000031 102 1 1
1.000031 103 1 1
1.000031 104 2 2
1.000031 105 1 1
1.000031 106 1 1
1.000031 107 2 2
1.000031 108 1 1
1.000031 109 1 1
1.000031 110 2 2
1.000031 111 2 2
1.000031 112 2 2
1.000031 114 2 2
1.000031 115 2 2
1.000031 116 1 1
1.000031 117 2 2
1.000031 118 2 2
1.000031 119 2 2
1.000031 120 2 2
1.000031 121 1 1
1.000031 123 2 2
1.000031 124 1 1
1.000031 125 2 2
1.000031 126 1 1
1.000031 127 1 1
1.000031 128 1 1
1.000031 129 1 1
1.000031 130 1 1
1.000031 131 2 2
1.000031 132 1 1
1.000031 133 2 2
1.000031 134 1 1
1.000031 135 2 2
1.000031 136 1 1
1.000031 137 1 1
1.000031 138 1 1
1.000031 139 1 1
1.000031 140 1 1
1.000031 141 1 1
1.000031 142 1 1
1.000031 143 2 2
1.000031 144 2 2
1.000031 145 1 1
1.000031 146 2 2
1.000031 147 2 2
1.000031 148 2 2
1.000031 149 1 1
1.000031 150 2 2
1.000031 151 1 1
1.000031 153 1 1
1.000031 154 1 1
1.000031 155 2 2
1.000031 156 1 1
1.000031 158 2 2
1.000031 159 2 2
1.000031 160 1 1
1.000031 161 1 1
1.000031 162 2 2
1.000031 163 2 2
1.000031 164 2 2
1.000031 165 1 1
1.000031 167 2 2
1.000031 169 2 2
1.000031 170 2 2
1.000031 171 2 2
1.000031 172 1 1
1.000031 173 2 2
1.000031 174 1 1
1.000031 175 2 2
1.000031 176 1 1
1.000031 177 2 2
1.000031 178 1 1
1.000031 179 2 2
1.000031 180 2 2
1.000031 181 1 1
1.000031 182 1 1
1.000031 183 2 2
1.000031 184 1 1
1.000031 185 1 1
1.000031 186 1 1
1.000031 187 2 2
1.000031 188 2 2
1.000031 189 2 2
1.000031 190 2 2
1.000031 191 1 1
1.000031 192 1 1
1.000031 193 1 1
1.000031 194 1 1
1.000031 195 2 2
1.000031 196 1 1
1.000031 197 1 1
1.000031 198 1 1
1.000031 199 1 1
1.000031 201 1 1
1.000031 202 2 2
1.000031 203 1 1
1.000031 204 1 1
1.000031 205 2 2
1.000031 206 1 1
1.000031 207 1 1
1.000031 208 1 1
1.000031 209 1 1
1.000031 210 2 2
1.000031 211 1 1
1.000031 212 2 2
1.000031 213 2 2
1.000031 215 1 1
1.000031 216 2 2
1.000031 217 1 1
1.000031 218 2 2
1.000031 219 1 1
2.000061 0 3 3
2.000061 1 2 2
2.000061 2 2 2
2.000061 3 2 2
2.000061 4 3 3
2.000061 5 2 2
2.000061 6 2 2
2.000061 8 3 3
2.000061 9 2 2
2.000061 10 2 2
2.000061 11 2 2
2.000061 12 2 2
2.000061 13 2 2
2.000061 15 2 2
2.000061 16 2 2
2.000061 17 2 2
2.000061 18 2 2
2.000061 19 4 4
2.000061 21 2 2
2.000061 22 2 2
2.000061 23 2 2
2.000061 24 3 3
2.000061 25 2 2
2.000061 26 3 3
2.000061 27 2 2
2.000061 29 3 3
2.000061 30 2 2
2.000061 31 2 2
2.000061 32 2 2
2.000061 33 2 2
2.000061 34 2 2
2.000061 35 2 2
2.000061 36 2 2
2.000061 37 2 2
2.000061 38 2 2
2.000061 39 2 2
2.000061 40 2 2
2.000061 41 2 2
2.000061 42 2 2
2.000061 43 2 2
2.000061 44 2 2
2.000061 45 2 2
2.000061 46 3 3
2.000061 47 2 2
2.000061 48 2 2
2.000061 49 3 3
2.000061 50 2 2
2.000061 51 2 2
2.000061 52 2 2
2.000061 53 2 2
2.000061 55 2 2
2.000061 56 2 2
2.000061 57 2 2
2.000061 58 2 2
2.000061 59 2 2
2.000061 60 2 2
2.000061 61 2 2
2.000061 62 2 2
2.000061 63 2 2
2.000061 64 2 2
2.000061 65 2 2
2.000061 66 2 2
2.000061 67 2 2
2.000061 68 2 2
2.000061 70 2 2
2.000061 71 2 2
2.000061 72 3 3
2.000061 73 2 2
2.000061 74 2 2
2.000061 75 2 2
2.000061 76 2 2
2.000061 79 2 2
2.000061 80 2 2
2.000061 81 2 2
2.000061 82 2 2
2.000061 83 2 2
2.000061 84 2 2
2.000061 85 2 2
2.000061 87 2 2
2.000061 88 2 2
2.000061 89 2 2
2.000061 90 3 3
2.000061 91 2 2
2.000061 92 2 2
2.000061 93 2 2
2.000061 94 2 2
2.000061 95 2 2
2.000061 96 2 2
2.000061 97 2 2
2.000061 98 2 2
2.000061 99 2 2
2.000061 100 2 2
2.000061 101 2 2
2.000061 102 2 2
2.000061 103 2 2
2.000061 104 2 2
2.000061 105 2 2
2.000061 106 2 2
2.000061 107 2 2
2.000061 108 2 2
2.000061 109 2 2
2.000061 110 2 2
2.000061 111 2 2
2.000061 112 3 3
2.000061 114 2 2
2.000061 115 2 2
2.000061 116 2 2
2.000061 117 2 2
2.000061 118 3 3
2.000061 119 2 2
2.000061 120 2 2
2.000061 121 2 2
2.000061 123 2 2
2.000061 124 2 2
2.000061 125 2 2
2.000061 126 2 2
2.000061 127 2 2
2.000061 128 2 2
2.000061 129 2 2
2.000061 130 2 2
2.000061 131 2 2
2.000061 132 2 2
2.000061 133 2 2
2.000061 134 2 2
2.000061 135 2 2
2.000061 136 2 2
2.000061 137 2 2
2.000061 138 2 2
2.000061 139 2 2
2.000061 140 2 2
2.000061 141 2 2
2.000061 142 2 2
2.000061 143 3 3
2.000061 144 3 3
2.000061 145 2 2
2.000061 146 3 3
2.000061 147 2 2
2.000061 148 2 2
2.000061 149 3 3
2.000061 150 2 2
2.000061 151 2 2
2.000061 153 2 2
2.000061 154 2 2
2.000061 155 2 2
2.000061 156 2 2
2.000061 158 2 2
2.000061 159 2 2
2.000061 160 3 3
2.000061 161 2 2
2.000061 162 2 2
2.000061 163 2 2
2.000061 164 2 2
2.000061 165 2 2
2.000061 167 2 2
2.000061 169 2 2
2.000061 170 2 2
2.000061 171 2 2
2.000061 172 2 2
2.000061 173 2 2
2.000061 174 2 2
2.000061 175 2 2
2.000061 176 2 2
2.000061 177 2 2
2.000061 178 2 2
2.000061 179 3 3
2.000061 180 2 2
2.000061 181 2 2
2.000061 182 2 2
2.000061 183 3 3
2.000061 184 2 2
2.000061 185 2 2
2.000061 186 2 2
2.000061 187 2 2
2.000061 188 2 2
2.000061 189 3 3
2.000061 190 2 2
2.000061 191 2 2
2.000061 192 2 2
2.000061 193 2 2
2.000061 194 2 2
2.000061 195 2 2
2.000061 196 2 2
2.000061 197 2 2
2.000061 198 2 2
2.000061 199 3 3
2.000061 201 2 2
2.000061 202 2 2
2.000061 203 2 2
2.000061 204 3 3
2.000061 205 3 3
2.000061 206 2 2
2.000061 207 2 2
2.000061 208 2 2
2.000061 209 2 2
2.000061 210 2 2
2.000061 211 2 2
2.000061 212 2 2
2.000061 213 2 2
2.000061 215 1 1
2.000061 216 2 2
2.000061 217 2 2
2.000061 218 2 2
2.000061 219 2 2
3.000092 0 4 4
3.000092 1 4 4
3.000092 2 4 4
3.000092 3 3 3
3.000092 4 4 4
3.000092 5 4 4
3.000092 6 4 4
3.000092 8 5 5
3.000092 9 4 4
3.000092 10 4 4
3.000092 11 3 3
3.000092 12 4 4
3.000092 13 3 3
3.000092 15 4 4
3.000092 16 4 4
3.000092 17 3 3
3.000092 18 3 3
3.000092 19 4 4
3.000092 21 4 4
3.000092 22 4 4
3.000092 23 4 4
3.000092 24 4 4
3.000092 25 4 4
3.000092 26 4 4
3.000092 27 4 4
3.000092 29 4 4
3.000092 30 4 4
3.000092 31 3 3
3.000092 32 4 4
3.000092 33 4 4
3.000092 34 4 4
3.000092 35 4 4
3.000092 36 4 4
3.000092 37 4 4
3.000092 38 4 4
3.000092 39 4 4
3.000092 40 4 4
3.000092 41 4 4
3.000092 42 4 4
3.000092 43 4 4
3.000092 44 4 4
3.000092 45 4 4
3.000092 46 4 4
3.000092 47 4 4
3.000092 48 4 4
3.000092 49 5 5
3.000092 50 4 4
3.000092 51 4 4
3.000092 52 4 4
3.000092 53 4 4
3.000092 55 4 4
3.000092 56 4 4
3.000092 57 4 4
3.000092 58 3 3
3.000092 59 4 4
3.000092 60 4 4
3.000092 61 4 4
3.000092 62 4 4
3.000092 63 4 4
3.000092 64 4 4
3.000092 65 4 4
3.000092 66 3 3
3.000092 67 4 4
3.000092 68 4 4
3.000092 70 4 4
3.000092 71 4 4
3.000092 72 4 4
3.000092 73 4 4
3.000092 74 4 4
3.000092 75 4 4
3.000092 76 4 4
3.000092 79 3 3
3.000092 80 4 4
3.000092 81 4 4
3.000092 82 4 4
3.000092 83 4 4
3.000092 84 2 2
3.000092 85 4 4
3.000092 87 4 4
3.000092 88 4 4
3.000092 89 3 3
3.000092 90 5 5
3.000092 91 4 4
3.000092 92 4 4
3.000092 93 3 3
3.000092 94 4 4
3.000092 95 4 4
3.000092 96 4 4
3.000092 97 4 4
3.000092 98 4 4
3.000092 99 3 3
3.000092 100 4 4
3.000092 101 4 4
3.000092 102 4 4
3.000092 103 4 4
3.000092 104 4 4
3.000092 105 4 4
3.000092 106 4 4
3.000092 107 4 4
3.000092 108 4 4
3.000092 109 3 3
3.000092 110 4 4
3.000092 111 4 4
3.000092 112 4 4
3.000092 114 4 4
3.000092 115 4 4
3.000092 116 4 4
3.000092 117 4 4
3.000092 118 4 4
3.000092 119 4 4
3.000092 120 4 4
3.000092 121 4 4
3.000092 123 4 4
3.000092 124 3 3
3.000092 125 4 4
3.000092 126 4 4
3.000092 127 4 4
3.000092 128 4 4
3.000092 129 4 4
3.000092 130 4 4
3.000092 131 4 4
3.000092 132 4 4
3.000092 133 4 4
3.000092 134 4 4
3.000092 135 4 4
3.000092 136 4 4
3.000092 137 4 4
3.000092 138 4 4
3.000092 139 4 4
3.000092 140 4 4
3.000092 141 3 3
3.000092 142 4 4
3.000092 143 5 5
3.000092 144 4 4
3.000092 145 4 4
3.000092 146 4 4
3.000092 147 4 4
3.000092 148 4 4
3.000092 149 3 3
3.000092 150 4 4
3.000092 151 3 3
3.000092 153 4 4
3.000092 154 4 4
3.000092 155 4 4
3.000092 156 4 4
3.000092 158 4 4
3.000092 159 4 4
3.000092 160 4 4
3.000092 161 4 4
3.000092 162 4 4
3.000092 163 4 4
3.000092 164 4 4
3.000092 165 4 4
3.000092 167 4 4
3.000092 169 3 3
3.000092 170 4 4
3.000092 171 4 4
3.000092 172 4 4
3.000092 173 4 4
3.000092 174 4 4
3.000092 175 4 4
3.000092 176 4 4
3.000092 177 4 4
3.000092 178 4 4
3.000092 179 4 4
3.000092 180 4 4
3.000092 181 3 3
3.000092 182 4 4
3.000092 183 4 4
3.000092 184 2 2
3.000092 185 4 4
3.000092 186 4 4
3.000092 187 4 4
3.000092 188 4 4
3.000092 189 5 5
3.000092 190 4 4
3.000092 191 4 4
3.000092 192 4 4
3.000092 193 4 4
3.000092 194 3 3
3.000092 195 4 4
3.000092 196 4 4
3.000092 197 4 4
3.000092 198 4 4
3.000092 199 5 5
3.000092 201 4 4
3.000092 202 3 3
3.000092 203 4 4
3.000092 204 5 5
3.000092 205 4 4
3.000092 206 3 3
3.000092 207 3 3
3.000092 208 3 3
3.000092 209 4 4
3.000092 210 4 4
3.000092 211 3 3
3.000092 212 3 3
3.000092 213 4 4
3.000092 215 2 2
3.000092 216 4 4
3.000092 217 4 4
3.000092 218 4 4
3.000092 219 4 4
4.000122 0 7 7
4.000122 1 7 7
4.000122 2 6 6
4.000122 3 6 6
4.000122 4 8 8
4.000122 5 8 8
4.000122 6 5 5
4.000122 8 9 9
4.000122 9 8 8
4.000122 10 6 6
4.000122 11 5 5
4.000122 12 5 5
4.000122 13 6 6
4.000122 15 7 7
4.000122 16 6 6
4.000122 17 4 4
4.000122 18 5 5
4.000122 19 8 8
4.000122 21 5 5
4.000122 22 6 6
4.000122 23 6 6
4.000122 24 8 8
4.000122 25 8 8
4.000122 26 7 7
4.000122 27 5 5
4.000122 29 8 8
4.000122 30 5 5
4.000122 31 5 5
4.000122 32 6 6
4.000122 33 6 6
4.000122 34 7 7
4.000122 35 6 6
4.000122 36 8 8
4.000122 37 5 5
4.000122 38 7 7
4.000122 39 7 7
4.000122 40 6 6
4.000122 41 4 4
4.000122 42 7 7
4.000122 43 5 5
4.000122 44 8 8
4.000122 45 6 6
4.000122 46 6 6
4.000122 47 6 6
4.000122 48 7 7
4.000122 49 9 9
4.000122 50 4 4
4.000122 51 6 6
4.000122 52 7 7
4.000122 53 6 6
4.000122 55 6 6
4.000122 56 8 8
4.000122 57 5 5
4.000122 58 6 6
4.000122 59 5 5
4.000122 60 6 6
4.000122 61 6 6
4.000122 62 7 7
4.000122 63 6 6
4.000122 64 6 6
4.000122 65 7 7
4.000122 66 4 4
4.000122 67 5 5
4.000122 68 8 8
4.000122 70 6 6
4.000122 71 6 6
4.000122 72 8 8
4.000122 73 5 5
4.000122 74 5 5
4.000122 75 5 5
4.000122 76 7 7
4.000122 79 4 4
4.000122 80 8 8
4.000122 81 4 4
4.000122 82 6 6
4.000122 83 7 7
4.000122 84 4 4
4.000122 85 6 6
4.000122 87 5 5
4.000122 88 6 6
4.000122 89 5 5
4.000122 90 7 7
4.000122 91 6 6
4.000122 92 4 4
4.000122 93 5 5
4.000122 94 7 7
4.000122 95 5 5
4.000122 96 7 7
4.000122 97 7 7
4.000122 98 6 6
4.000122 99 4 4
4.000122 100 7 7
4.000122 101 6 6
4.000122 102 8 8
4.000122 103 5 5
4.000122 104 7 7
4.000122 105 5 5
4.000122 106 7 7
4.000122 107 5 5
4.000122 108 6 6
4.000122 109 5 5
4.000122 110 8 8
4.000122 111 6 6
4.000122 112 6 6
4.000122 114 7 7
4.000122 115 7 7
4.000122 116 7 7
4.000122 117 7 7
4.000122 118 7 7
4.000122 119 7 7
4.000122 120 8 8
4.000122 121 5 5
4.000122 123 5 5
4.000122 124 4 4
4.000122 125 6 6
4.000122 126 4 4
4.000122 127 6 6
4.000122 128 6 6
4.000122 129 5 5
4.000122 130 6 6
4.000122 131 7 7
4.000122 132 8 8
4.000122 133 5 5
4.000122 134 7 7
4.000122 135 7 7
4.000122 136 6 6
4.000122 137 6 6
4.000122 138 5 5
4.000122 139 5 5
4.000122 140 6 6
4.000122 141 6 6
4.000122 142 7 7
4.000122 143 7 7
4.000122 144 8 8
4.000122 145 7 7
4.000122 146 6 6
4.000122 147 7 7
4.000122 148 7 7
4.000122 149 6 6
4.000122 150 4 4
4.000122 151 4 4
4.000122 153 6 6
4.000122 154 5 5
4.000122 155 8 8
4.000122 156 5 5
4.000122 158 8 8
4.000122 159 8 8
4.000122 160 6 6
4.000122 161 5 5
4.000122 162 8 8
4.000122 163 7 7
4.000122 164 7 7
4.000122 165 6 6
4.000122 167 7 7
4.000122 169 6 6
4.000122 170 6 6
4.000122 171 6 6
4.000122 172 5 5
4.000122 173 7 7
4.000122 174 4 4
4.000122 175 7 7
4.000122 176 5 5
4.000122 177 8 8
4.000122 178 7 7
4.000122 179 7 7
4.000122 180 6 6
4.000122 181 5 5
4.000122 182 6 6
4.000122 183 7 7
4.000122 184 4 4
4.000122 185 5 5
4.000122 186 6 6
4.000122 187 5 5
4.000122 188 8 8
4.000122 189 7 7
4.000122 190 8 8
4.000122 191 4 4
4.000122 192 6 6
4.000122 193 4 4
4.000122 194 5 5
4.000122 195 7 7
4.000122 196 4 4
4.000122 197 5 5
4.000122 198 6 6
4.000122 199 7 7
4.000122 201 6 6
4.000122 202 6 6
4.000122 203 5 5
4.000122 204 6 6
4.000122 205 8 8
4.000122 206 4 4
4.000122 207 4 4
4.000122 208 4 4
4.000122 209 6 6
4.000122 210 8 8
4.000122 211 5 5
4.000122 212 5 5
4.000122 213 6 6
4.000122 215 2 2
4.000122 216 6 6
4.000122 217 6 6
4.000122 218 7 7
4.000122 219 5 5
5.000153 0 10 10
5.000153 1 8 8
5.000153 2 9 9
5.000153 3 10 10
5.000153 4 11 11
5.000153 5 10 10
5.000153 6 9 9
5.000153 8 12 12
5.000153 9 9 9
5.000153 10 8 8
5.000153 11 7 7
5.000153 12 8 8
5.000153 13 8 8
5.000153 15 9 9
5.000153 16 12 12
5.000153 17 7 7
5.000153 18 7 7
5.000153 19 12 12
5.000153 21 9 9
5.000153 22 8 8
5.000153 23 8 8
5.000153 24 13 13
5.000153 25 10 10
5.000153 26 10 10
5.000153 27 8 8
5.000153 29 12 12
5.000153 30 8 8
5.000153 31 8 8
5.000153 32 8 8
5.000153 33 9 9
5.000153 34 9 9
5.000153 35 8 8
5.000153 36 9 9
5.000153 37 10 10
5.000153 38 9 9
5.000153 39 8 8
5.000153 40 9 9
5.000153 41 8 8
5.000153 42 9 9
5.000153 43 8 8
5.000153 44 13 13
5.000153 45 10 10
5.000153 46 10 10
5.000153 47 9 9
5.000153 48 8 8
5.000153 49 14 14
5.000153 50 8 8
5.000153 51 10 10
5.000153 52 10 10
5.000153 53 9 9
5.000153 55 10 10
5.000153 56 9 9
5.000153 57 8 8
5.000153 58 8 8
5.000153 59 8 8
5.000153 60 9 9
5.000153 61 8 8
5.000153 62 7 7
5.000153 63 9 9
5.000153 64 8 8
5.000153 65 10 10
5.000153 66 8 8
5.000153 67 8 8
5.000153 68 13 13
5.000153 70 9 9
5.000153 71 8 8
5.000153 72 12 12
5.000153 73 9 9
5.000153 74 8 8
5.000153 75 8 8
5.000153 76 9 9
5.000153 79 7 7
5.000153 80 11 11
5.000153 81 8 8
5.000153 82 8 8
5.000153 83 10 10
5.000153 84 8 8
5.000153 85 8 8
5.000153 87 9 9
5.000153 88 9 9
5.000153 89 9 9
5.000153 90 10 10
5.000153 91 8 8
5.000153 92 8 8
5.000153 93 7 7
5.000153 94 9 9
5.000153 95 8 8
5.000153 96 11 11
5.000153 97 9 9
5.000153 98 8 8
5.000153 99 8 8
5.000153 100 9 9
5.000153 101 10 10
5.000153 102 10 10
5.000153 103 8 8
5.000153 104 12 12
5.000153 105 8 8
5.000153 106 9 9
5.000153 107 9 9
5.000153 108 8 8
5.000153 109 8 8
5.000153 110 11 11
5.000153 111 10 10
5.000153 112 11 11
5.000153 114 10 10
5.000153 115 12 12
5.000153 116 10 10
5.000153 117 8 8
5.000153 118 11 11
5.000153 119 10 10
5.000153 120 9 9
5.000153 121 8 8
5.000153 123 9 9
5.000153 124 8 8
5.000153 125 9 9
5.000153 126 8 8
5.000153 127 9 9
5.000153 128 8 8
5.000153 129 9 9
5.000153 130 9 9
5.000153 131 8 8
5.000153 132 10 10
5.000153 133 8 8
5.000153 134 11 11
5.000153 135 9 9
5.000153 136 9 9
5.000153 137 8 8
5.000153 138 8 8
5.000153 139 9 9
5.000153 140 9 9
5.000153 141 9 9
5.000153 142 8 8
5.000153 143 10 10
5.000153 144 12 12
5.000153 145 10 10
5.000153 146 10 10
5.000153 147 9 9
5.000153 148 10 10
5.000153 149 9 9
5.000153 150 8 8
5.000153 151 8 8
5.000153 153 9 9
5.000153 154 8 8
5.000153 155 9 9
5.000153 156 8 8
5.000153 158 9 9
5.000153 159 11 11
5.000153 160 10 10
5.000153 161 8 8
5.000153 162 11 11
5.000153 163 9 9
5.000153 164 11 11
5.000153 165 9 9
5.000153 167 8 8
5.000153 169 8 8
5.000153 170 10 10
5.000153 171 8 8
5.000153 172 9 9
5.000153 173 8 8
5.000153 174 8 8
5.000153 175 12 12
5.000153 176 9 9
5.000153 177 10 10
5.000153 178 8 8
5.000153 179 12 12
5.000153 180 9 9
5.000153 181 9 9
5.000153 182 11 11
5.000153 183 11 11
5.000153 184 8 8
5.000153 185 8 8
5.000153 186 9 9
5.000153 187 9 9
5.000153 188 12 12
5.000153 189 10 10
5.000153 190 15 15
5.000153 191 8 8
5.000153 192 8 8
5.000153 193 8 8
5.000153 194 8 8
5.000153 195 10 10
5.000153 196 8 8
5.000153 197 8 8
5.000153 198 9 9
5.000153 199 12 12
5.000153 201 10 10
5.000153 202 9 9
5.000153 203 8 8
5.000153 204 11 11
5.000153 205 11 11
5.000153 206 8 8
5.000153 207 8 8
5.000153 208 8 8
5.000153 209 9 9
5.000153 210 10 10
5.000153 211 8 8
5.000153 212 6 6
5.000153 213 8 8
5.000153 215 3 3
5.000153 216 8 8
5.000153 217 11 11
5.000153 218 9 9
5.000153 219 8 8
6.000183 0 18 18
6.000183 1 15 15
6.000183 2 13 13
6.000183 3 17 17
6.000183 4 17 17
6.000183 5 17 17
6.000183 6 16 16
6.000183 8 19 19
6.000183 9 17 17
6.000183 10 14 14
6.000183 11 12 12
6.000183 12 15 15
6.000183 13 15 15
6.000183 15 16 16
6.000183 16 18 18
6.000183 17 11 11
6.000183 18 13 13
6.000183 19 19 19
6.000183 21 15 15
6.000183 22 15 15
6.000183 23 13 13
6.000183 24 19 19
6.000183 25 16 16
6.000183 26 18 18
6.000183 27 15 15
6.000183 29 17 17
6.000183 30 13 13
6.000183 31 14 14
6.000183 32 15 15
6.000183 33 13 13
6.000183 34 17 17
6.000183 35 15 15
6.000183 36 17 17
6.000183 37 15 15
6.000183 38 14 14
6.000183 39 16 16
6.000183 40 14 14
6.000183 41 16 16
6.000183 42 16 16
6.000183 43 11 11
6.000183 44 19 19
6.000183 45 16 16
6.000183 46 14 14
6.000183 47 15 15
6.000183 48 16 16
6.000183 49 21 21
6.000183 50 13 13
6.000183 51 16 16
6.000183 52 18 18
6.000183 53 16 16
6.000183 55 17 17
6.000183 56 16 16
6.000183 57 14 14
6.000183 58 14 14
6.000183 59 15 15
6.000183 60 16 16
6.000183 61 15 15
6.000183 62 14 14
6.000183 63 16 16
6.000183 64 15 15
6.000183 65 16 16
6.000183 66 13 13
6.000183 67 12 12
6.000183 68 17 17
6.000183 70 16 16
6.000183 71 15 15
6.000183 72 18 18
6.000183 73 15 15
6.000183 74 13 13
6.000183 75 14 14
6.000183 76 16 16
6.000183 79 14 14
6.000183 80 16 16
6.000183 81 16 16
6.000183 82 16 16
6.000183 83 15 15
6.000183 84 12 12
6.000183 85 16 16
6.000183 87 16 16
6.000183 88 17 17
6.000183 89 13 13
6.000183 90 18 18
6.000183 91 14 14
6.000183 92 14 14
6.000183 93 14 14
6.000183 94 14 14
6.000183 95 14 14
6.000183 96 15 15
6.000183 97 15 15
6.000183 98 13 13
6.000183 99 13 13
6.000183 100 17 17
6.000183 101 17 17
6.000183 102 16 16
6.000183 103 13 13
6.000183 104 19 19
6.000183 105 14 14
6.000183 106 17 17
6.000183 107 13 13
6.000183 108 16 16
6.000183 109 13 13
6.000183 110 17 17
6.000183 111 17 17
6.000183 112 16 16
6.000183 114 16 16
6.000183 115 16 16
6.000183 116 14 14
6.000183 117 16 16
6.000183 118 17 17
6.000183 119 16 16
6.000183 120 16 16
6.000183 121 15 15
6.000183 123 13 13
6.000183 124 14 14
6.000183 125 15 15
6.000183 126 14 14
6.000183 127 15 15
6.000183 128 14 14
6.000183 129 16 16
6.000183 130 15 15
6.000183 131 16 16
6.000183 132 17 17
6.000183 133 15 15
6.000183 134 16 16
6.000183 135 16 16
6.000183 136 14 14
6.000183 137 16 16
6.000183 138 14 14
6.000183 139 13 13
6.000183 140 15 15
6.000183 141 14 14
6.000183 142 14 14
6.000183 143 18 18
6.000183 144 18 18
6.000183 145 15 15
6.000183 146 16 16
6.000183 147 17 17
6.000183 148 18 18
6.000183 149 16 16
6.000183 150 15 15
6.000183 151 12 12
6.000183 153 14 14
6.000183 154 13 13
6.000183 155 17 17
6.000183 156 15 15
6.000183 158 17 17
6.000183 159 17 17
6.000183 160 17 17
6.000183 161 14 14
6.000183 162 16 16
6.000183 163 15 15
6.000183 164 18 18
6.000183 165 17 17
6.000183 167 16 16
6.000183 169 13 13
6.000183 170 16 16
6.000183 171 16 16
6.000183 172 15 15
6.000183 173 16 16
6.000183 174 16 16
6.000183 175 16 16
6.000183 176 15 15
6.000183 177 16 16
6.000183 178 16 16
6.000183 179 17 17
6.000183 180 8 8
6.000183 181 13 13
6.000183 182 13 13
6.000183 183 17 17
6.000183 184 12 12
6.000183 185 14 14
6.000183 186 16 16
6.000183 187 18 18
6.000183 188 18 18
6.000183 189 18 18
6.000183 190 19 19
6.000183 191 13 13
6.000183 192 15 15
6.000183 193 14 14
6.000183 194 13 13
6.000183 195 16 16
6.000183 196 16 16
6.000183 197 15 15
6.000183 198 15 15
6.000183 199 20 20
6.000183 201 17 17
6.000183 202 14 14
6.000183 203 14 14
6.000183 204 16 16
6.000183 205 18 18
6.000183 206 13 13
6.000183 207 12 12
6.000183 208 13 13
6.000183 209 18 18
6.000183 210 16 16
6.000183 211 14 14
6.000183 212 10 10
6.000183 213 16 16
6.000183 215 4 4
6.000183 216 16 16
6.000183 217 18 18
6.000183 218 16 16
6.000183 219 15 15
7.000214 0 27 27
7.000214 1 26 26
7.000214 2 24 24
7.000214 3 25 25
7.000214 4 31 31
7.000214 5 26 26
7.000214 6 26 26
7.000214 8 30 30
7.000214 9 27 27
7.000214 10 22 22
7.000214 11 18 18
7.000214 12 21 21
7.000214 13 25 25
7.000214 15 25 25
7.000214 16 28 28
7.000214 17 18 18
7.000214 18 21 21
7.000214 19 28 28
7.000214 21 21 21
7.000214 22 23 23
7.000214 23 21 21
7.000214 24 30 30
7.000214 25 27 27
7.000214 26 26 26
7.000214 27 23 23
7.000214 29 31 31
7.000214 30 19 19
7.000214 31 20 20
7.000214 32 23 23
7.000214 33 19 19
7.000214 34 28 28
7.000214 35 20 20
7.000214 36 29 29
7.000214 37 19 19
7.000214 38 25 25
7.000214 39 28 28
7.000214 40 24 24
7.000214 41 19 19
7.000214 42 27 27
7.000214 43 18 18
7.000214 44 31 31
7.000214 45 24 24
7.000214 46 23 23
7.000214 47 23 23
7.000214 48 25 25
7.000214 49 36 36
7.000214 50 16 16
7.000214 51 15 15
7.000214 52 29 29
7.000214 53 29 29
7.000214 55 28 28
7.000214 56 29 29
7.000214 57 15 15
7.000214 58 22 22
7.000214 59 21 21
7.000214 60 26 26
7.000214 61 23 23
7.000214 62 2 2
7.000214 63 24 24
7.000214 64 24 24
7.000214 65 25 25
7.000214 66 17 17
7.000214 67 19 19
7.000214 68 31 31
7.000214 70 25 25
7.000214 71 26 26
7.000214 72 28 28
7.000214 73 25 25
7.000214 74 20 20
7.000214 75 24 24
7.000214 76 26 26
7.000214 79 20 20
7.000214 80 30 30
7.000214 81 23 23
7.000214 82 25 25
7.000214 83 26 26
7.000214 84 20 20
7.000214 85 23 23
7.000214 87 23 23
7.000214 88 25 25
7.000214 89 18 18
7.000214 90 29 29
7.000214 91 21 21
7.000214 92 19 19
7.000214 93 19 19
7.000214 94 29 29
7.000214 95 19 19
7.000214 96 27 27
7.000214 97 24 24
7.000214 98 21 21
7.000214 99 19 19
7.000214 100 28 28
7.000214 101 19 19
7.000214 102 28 28
7.000214 103 22 22
7.000214 104 31 31
7.000214 105 20 20
7.000214 106 24 24
7.000214 107 22 22
7.000214 108 25 25
7.000214 109 24 24
7.000214 110 31 31
7.000214 111 22 22
7.000214 112 28 28
7.000214 114 29 29
7.000214 115 26 26
7.000214 116 25 25
7.000214 117 27 27
7.000214 118 29 29
7.000214 119 27 27
7.000214 120 30 30
7.000214 121 22 22
7.000214 123 21 21
7.000214 124 21 21
7.000214 125 27 27
7.000214 126 22 22
7.000214 127 23 23
7.000214 128 25 25
7.000214 129 23 23
7.000214 130 26 26
7.000214 131 29 29
7.000214 132 27 27
7.000214 133 22 22
7.000214 134 27 27
7.000214 135 28 28
7.000214 136 23 23
7.000214 137 24 24
7.000214 138 19 19
7.000214 139 23 23
7.000214 140 24 24
7.000214 141 23 23
7.000214 142 25 25
7.000214 143 25 25
7.000214 144 33 33
7.000214 145 26 26
7.000214 146 27 27
7.000214 147 24 24
7.000214 148 25 25
7.000214 149 24 24
7.000214 150 19 19
7.000214 151 19 19
7.000214 153 24 24
7.000214 154 21 21
7.000214 155 25 25
7.000214 156 21 21
7.000214 158 29 29
7.000214 159 31 31
7.000214 160 26 26
7.000214 161 24 24
7.000214 162 28 28
7.000214 163 26 26
7.000214 164 29 29
7.000214 165 24 24
7.000214 167 25 25
7.000214 169 22 22
7.000214 170 25 25
7.000214 171 24 24
7.000214 172 19 19
7.000214 173 23 23
7.000214 174 20 20
7.000214 175 29 29
7.000214 176 21 21
7.000214 177 29 29
7.000214 178 26 26
7.000214 179 28 28
7.000214 180 2 2
7.000214 181 12 12
7.000214 182 23 23
7.000214 183 31 31
7.000214 184 18 18
7.000214 185 18 18
7.000214 186 24 24
7.000214 187 25 25
7.000214 188 30 30
7.000214 189 26 26
7.000214 190 31 31
7.000214 191 17 17
7.000214 192 24 24
7.000214 193 20 20
7.000214 194 21 21
7.000214 195 24 24
7.000214 196 21 21
7.000214 197 23 23
7.000214 198 25 25
7.000214 199 29 29
7.000214 201 22 22
7.000214 202 24 24
7.000214 203 20 20
7.000214 204 30 30
7.000214 205 31 31
7.000214 206 21 21
7.000214 207 16 16
7.000214 208 19 19
7.000214 209 25 25
7.000214 210 29 29
7.000214 211 20 20
7.000214 213 28 28
7.000214 216 22 22
7.000214 217 25 25
7.000214 218 23 23
7.000214 219 21 21
8.000244 0 2 2
8.000244 1 39 39
8.000244 2 35 35
8.000244 3 42 42
8.000244 4 44 44
8.000244 5 40 40
8.000244 6 41 41
8.000244 8 48 48
8.000244 9 5 5
8.000244 11 31 31
8.000244 12 35 35
8.000244 13 32 32
8.000244 15 37 37
8.000244 16 44 44
8.000244 17 29 29
8.000244 18 33 33
8.000244 19 44 44
8.000244 21 37 37
8.000244 22 35 35
8.000244 23 33 33
8.000244 25 40 40
8.000244 27 34 34
8.000244 29 45 45
8.000244 30 35 35
8.000244 31 32 32
8.000244 34 41 41
8.000244 36 43 43
8.000244 38 38 38
8.000244 39 40 40
8.000244 40 40 40
8.000244 41 35 35
8.000244 43 32 32
8.000244 45 36 36
8.000244 46 42 42
8.000244 47 38 38
8.000244 48 24 24
8.000244 49 55 55
8.000244 50 32 32
8.000244 52 45 45
8.000244 53 41 41
8.000244 55 24 24
8.000244 56 37 37
8.000244 58 32 32
8.000244 59 34 34
8.000244 60 36 36
8.000244 61 33 33
8.000244 63 39 39
8.000244 64 34 34
8.000244 66 30 30
8.000244 67 34 34
8.000244 68 48 48
8.000244 70 42 42
8.000244 71 38 38
8.000244 73 38 38
8.000244 74 33 33
8.000244 75 33 33
8.000244 76 24 24
8.000244 79 32 32
8.000244 81 37 37
8.000244 82 38 38
8.000244 83 38 38
8.000244 84 29 29
8.000244 85 37 37
8.000244 87 39 39
8.000244 89 30 30
8.000244 90 41 41
8.000244 91 34 34
8.000244 92 33 33
8.000244 94 44 44
8.000244 95 31 31
8.000244 96 42 42
8.000244 97 38 38
8.000244 98 30 30
8.000244 99 31 31
8.000244 100 6 6
8.000244 102 45 45
8.000244 104 46 46
8.000244 106 40 40
8.000244 107 18 18
8.000244 108 18 18
8.000244 109 33 33
8.000244 110 48 48
8.000244 112 47 47
8.000244 114 44 44
8.000244 115 24 24
8.000244 116 24 24
8.000244 117 38 38
8.000244 118 47 47
8.000244 120 41 41
8.000244 121 35 35
8.000244 123 35 35
8.000244 125 7 7
8.000244 126 32 32
8.000244 127 34 34
8.000244 128 13 13
8.000244 130 39 39
8.000244 131 39 39
8.000244 132 43 43
8.000244 133 38 38
8.000244 136 32 32
8.000244 138 32 32
8.000244 139 36 36
8.000244 140 40 40
8.000244 141 36 36
8.000244 142 9 9
8.000244 143 44 44
8.000244 145 22 22
8.000244 146 43 43
8.000244 147 38 38
8.000244 148 38 38
8.000244 150 35 35
8.000244 151 29 29
8.000244 153 32 32
8.000244 154 33 33
8.000244 156 37 37
8.000244 158 10 10
8.000244 159 50 50
8.000244 160 38 38
8.000244 161 35 35
8.000244 162 43 43
8.000244 163 38 38
8.000244 164 41 41
8.000244 167 35 35
8.000244 169 31 31
8.000244 170 6 6
8.000244 171 34 34
8.000244 172 34 34
8.000244 173 35 35
8.000244 174 34 34
8.000244 175 46 46
8.000244 176 39 39
8.000244 177 45 45
8.000244 178 33 33
8.000244 179 44 44
8.000244 182 36 36
8.000244 183 47 47
8.000244 184 30 30
8.000244 186 37 37
8.000244 187 37 37
8.000244 188 45 45
8.000244 189 44 44
8.000244 190 54 54
8.000244 192 37 37
8.000244 193 33 33
8.000244 194 31 31
8.000244 195 40 40
8.000244 196 32 32
8.000244 198 39 39
8.000244 201 37 37
8.000244 202 39 39
8.000244 204 46 46
8.000244 205 38 38
8.000244 206 30 30
8.000244 207 32 32
8.000244 208 28 28
8.000244 209 43 43
8.000244 210 47 47
8.000244 211 32 32
8.000244 213 37 37
8.000244 217 44 44
8.000244 219 9 9
9.000275 1 49 49
9.000275 2 57 57
9.000275 3 63 63
9.000275 4 5 5
9.000275 5 69 69
9.000275 6 17 17
9.000275 8 2 2
9.000275 11 34 34
9.000275 13 59 59
9.000275 15 55 55
9.000275 16 69 69
9.000275 17 45 45
9.000275 18 53 53
9.000275 19 68 68
9.000275 21 59 59
9.000275 23 56 56
9.000275 25 67 67
9.000275 30 51 51
9.000275 34 62 62
9.000275 36 69 69
9.000275 38 62 62
9.000275 39 62 62
9.000275 41 57 57
9.000275 43 53 53
9.000275 47 63 63
9.000275 49 1 1
9.000275 50 12 12
9.000275 53 67 67
9.000275 56 67 67
9.000275 63 64 64
9.000275 64 57 57
9.000275 66 48 48
9.000275 67 51 51
9.000275 68 73 73
9.000275 70 60 60
9.000275 71 62 62
9.000275 74 56 56
9.000275 79 53 53
9.000275 81 58 58
9.000275 82 58 58
9.000275 83 60 60
9.000275 84 48 48
9.000275 85 52 52
9.000275 87 62 62
9.000275 90 68 68
9.000275 91 57 57
9.000275 92 55 55
9.000275 94 64 64
9.000275 95 56 56
9.000275 96 66 66
9.000275 98 52 52
9.000275 99 56 56
9.000275 102 68 68
9.000275 104 77 77
9.000275 109 14 14
9.000275 110 48 48
9.000275 112 65 65
9.000275 114 71 71
9.000275 117 66 66
9.000275 118 66 66
9.000275 120 66 66
9.000275 121 58 58
9.000275 126 58 58
9.000275 127 9 9
9.000275 130 64 64
9.000275 131 68 68
9.000275 132 25 25
9.000275 133 62 62
9.000275 138 5 5
9.000275 139 53 53
9.000275 140 57 57
9.000275 141 41 41
9.000275 148 65 65
9.000275 150 55 55
9.000275 151 47 47
9.000275 153 56 56
9.000275 159 71 71
9.000275 160 61 61
9.000275 161 43 43
9.000275 162 2 2
9.000275 163 21 21
9.000275 167 59 59
9.000275 172 53 53
9.000275 173 61 61
9.000275 174 58 58
9.000275 175 78 78
9.000275 176 63 63
9.000275 177 46 46
9.000275 179 71 71
9.000275 184 4 4
9.000275 186 61 61
9.000275 187 22 22
9.000275 188 76 76
9.000275 189 73 73
9.000275 192 59 59
9.000275 193 56 56
9.000275 194 54 54
9.000275 195 63 63
9.000275 196 60 60
9.000275 198 62 62
9.000275 201 65 65
9.000275 202 59 59
9.000275 204 69 69
9.000275 206 47 47
9.000275 207 30 30
9.000275 208 49 49
9.000275 209 71 71
9.000275 210 66 66
9.000275 211 47 47
9.000275 213 60 60
9.000275 217 63 63
10.000305 2 90 90
10.000305 3 106 106
10.000305 5 112 112
10.000305 13 92 92
10.000305 16 109 109
10.000305 17 70 70
10.000305 18 85 85
10.000305 21 87 87
10.000305 23 86 86
10.000305 25 45 45
10.000305 30 86 86
10.000305 34 104 104
10.000305 38 18 18
10.000305 39 102 102
10.000305 43 78 78
10.000305 47 98 98
10.000305 56 116 116
10.000305 64 90 90
10.000305 66 70 70
10.000305 67 83 83
10.000305 68 121 121
10.000305 70 97 97
10.000305 71 43 43
10.000305 74 76 76
10.000305 79 79 79
10.000305 81 86 86
10.000305 82 99 99
10.000305 83 96 96
10.000305 84 25 25
10.000305 87 4 4
10.000305 90 109 109
10.000305 92 86 86
10.000305 94 101 101
10.000305 95 1 1
10.000305 96 103 103
10.000305 98 78 78
10.000305 99 1 1
10.000305 102 9 9
10.000305 104 123 123
10.000305 112 50 50
10.000305 114 119 119
10.000305 117 25 25
10.000305 118 77 77
10.000305 120 113 113
10.000305 121 81 81
10.000305 126 48 48
10.000305 133 94 94
10.000305 139 85 85
10.000305 140 95 95
10.000305 150 83 83
10.000305 151 9 9
10.000305 153 8 8
10.000305 159 117 117
10.000305 160 54 54
10.000305 167 52 52
10.000305 172 81 81
10.000305 174 85 85
10.000305 175 122 122
10.000305 176 95 95
10.000305 179 108 108
10.000305 186 96 96
10.000305 188 121 121
10.000305 189 111 111
10.000305 194 78 78
10.000305 195 102 102
10.000305 198 98 98
10.000305 201 100 100
10.000305 202 10 10
10.000305 204 117 117
10.000305 206 78 78
10.000305 208 3 3
10.000305 209 106 106
10.000305 210 112 112
10.000305 211 73 73
10.000305 213 98 98
11.000336 2 138 138
11.000336 3 162 162
11.000336 5 141 141
11.000336 13 145 145
11.000336 16 181 181
11.000336 17 38 38
11.000336 18 124 124
11.000336 21 145 145
11.000336 23 140 140
11.000336 30 116 116
11.000336 34 57 57
11.000336 39 142 142
11.000336 43 112 112
11.000336 47 151 151
11.000336 56 8 8
11.000336 64 81 81
11.000336 66 16 16
11.000336 67 134 134
11.000336 68 4 4
11.000336 70 164 164
11.000336 74 128 128
11.000336 82 29 29
11.000336 83 2 2
11.000336 90 166 166
11.000336 92 81 81
11.000336 96 156 156
11.000336 98 125 125
11.000336 104 199 199
11.000336 114 183 183
11.000336 120 168 168
11.000336 133 70 70
11.000336 139 138 138
11.000336 140 151 151
11.000336 150 142 142
11.000336 159 182 182
11.000336 172 136 136
11.000336 174 32 32
11.000336 175 188 188
11.000336 179 179 179
11.000336 186 138 138
11.000336 188 32 32
11.000336 189 63 63
11.000336 194 6 6
11.000336 195 159 159
11.000336 198 88 88
11.000336 201 138 138
11.000336 204 183 183
11.000336 206 11 11
11.000336 209 167 167
11.000336 210 180 180
11.000336 211 10 10
11.000336 213 150 150
12.000366 2 223 223
12.000366 3 41 41
12.000366 5 58 58
12.000366 13 239 239
12.000366 16 281 281
12.000366 18 89 89
12.000366 21 241 241
12.000366 23 176 176
12.000366 30 18 18
12.000366 39 188 188
12.000366 43 10 10
12.000366 47 250 250
12.000366 67 202 202
12.000366 70 262 262
12.000366 74 207 207
12.000366 82 1 1
12.000366 90 193 193
12.000366 96 46 46
12.000366 98 208 208
12.000366 104 77 77
12.000366 114 286 286
12.000366 120 71 71
12.000366 139 149 149
12.000366 140 203 203
12.000366 150 223 223
12.000366 159 217 217
12.000366 172 124 124
12.000366 175 238 238
12.000366 179 257 257
12.000366 186 51 51
12.000366 195 253 253
12.000366 201 60 60
12.000366 204 214 214
12.000366 209 171 171
12.000366 210 280 280
12.000366 213 152 152
13.000397 2 331 331
13.000397 5 12 12
13.000397 13 241 241
13.000397 16 374 374
13.000397 18 51 51
13.000397 21 348 348
13.000397 23 74 74
13.000397 39 93 93
13.000397 47 299 299
13.000397 67 151 151
13.000397 70 294 294
13.000397 74 324 324
13.000397 90 162 162
13.000397 98 325 325
13.000397 104 8 8
13.000397 114 430 430
13.000397 120 30 30
13.000397 139 90 90
13.000397 140 181 181
13.000397 150 354 354
13.000397 159 191 191
13.000397 172 67 67
13.000397 175 89 89
13.000397 179 319 319
13.000397 186 6 6
13.000397 195 385 385
13.000397 204 240 240
13.000397 209 43 43
13.000397 210 449 449
13.000397 213 8 8
14.000427 2 376 376
14.000427 13 141 141
14.000427 16 400 400
14.000427 18 23 23
14.000427 21 302 302
14.000427 23 32 32
14.000427 39 14 14
14.000427 47 274 274
14.000427 67 55 55
14.000427 70 349 349
14.000427 74 428 428
14.000427 90 126 126
14.000427 98 493 493
14.000427 114 544 544
14.000427 139 55 55
14.000427 140 85 85
14.000427 150 506 506
14.000427 159 184 184
14.000427 175 17 17
14.000427 179 196 196
14.000427 195 502 502
14.000427 204 232 232
14.000427 210 661 661
15.000458 2 341 341
15.000458 13 98 98
15.000458 16 356 356
15.000458 18 5 5
15.000458 21 180 180
15.000458 47 214 214
15.000458 67 11 11
15.000458 70 326 326
15.000458 74 580 580
15.000458 90 109 109
15.000458 98 585 585
15.000458 114 390 390
15.000458 139 35 35
15.000458 140 17 17
15.000458 150 606 606
15.000458 159 204 204
15.000458 175 3 3
15.000458 179 93 93
15.000458 195 739 739
15.000458 204 186 186
15.000458 210 927 927
16.000488 2 227 227
16.000488 13 66 66
16.000488 16 367 367
16.000488 21 154 154
16.000488 47 175 175
16.000488 70 348 348
16.000488 74 650 650
16.000488 90 56 56
16.000488 98 577 577
16.000488 114 261 261
16.000488 139 21 21
16.000488 140 8 8
16.000488 150 734 734
16.000488 159 152 152
16.000488 179 57 57
16.000488 195 951 951
16.000488 204 107 107
16.000488 210 1061 1061
17.000519 2 165 165
17.000519 13 55 55
17.000519 16 332 332
17.000519 21 203 203
17.000519 47 162 162
17.000519 70 306 306
17.000519 74 674 674
17.000519 90 46 46
17.000519 98 560 560
17.000519 114 200 200
17.000519 150 861 861
17.000519 159 146 146
17.000519 179 25 25
17.000519 195 1076 1076
17.000519 204 24 24
17.000519 210 1187 1187
18.000549 2 151 151
18.000549 13 3 3
18.000549 16 295 295
18.000549 21 223 223
18.000549 47 217 217
18.000549 70 228 228
18.000549 74 679 679
18.000549 90 35 35
18.000549 98 510 510
18.000549 114 147 147
18.000549 150 907 907
18.000549 159 163 163
18.000549 179 20 20
18.000549 195 1225 1225
18.000549 204 17 17
18.000549 210 1242 1242
19.000580 2 161 161
19.000580 16 323 323
19.000580 21 228 228
19.000580 47 242 242
19.000580 70 170 170
19.000580 74 610 610
19.000580 90 22 22
19.000580 98 409 409
19.000580 114 143 143
19.000580 150 1004 1004
19.000580 159 114 114
19.000580 195 1217 1217
19.000580 210 1354 1354
20.000610 2 139 139
20.000610 16 304 304
20.000610 21 258 258
20.000610 47 224 224
20.000610 70 114 114
20.000610 74 586 586
20.000610 90 6 6
20.000610 98 347 347
20.000610 114 116 116
20.000610 150 1080 1080
20.000610 159 106 106
20.000610 195 1173 1173
20.000610 210 1520 1520
21.000641 2 94 94
21.000641 16 311 311
21.000641 21 275 275
21.000641 47 225 225
21.000641 70 26 26
21.000641 74 610 610
21.000641 98 331 331
21.000641 114 26 26
21.000641 150 1181 1181
21.000641 159 105 105
21.000641 195 1174 1174
21.000641 210 1670 1670
22.000671 2 38 38
22.000671 16 371 371
22.000671 21 311 311
22.000671 47 239 239
22.000671 70 5 5
22.000671 74 618 618
22.000671 98 351 351
22.000671 150 1170 1170
22.000671 159 77 77
22.000671 195 1163 1163
22.000671 210 1636 1636
23.000702 2 8 8
23.000702 16 438 438
23.000702 21 244 244
23.000702 47 278 278
23.000702 74 715 715
23.000702 98 346 346
23.000702 150 1142 1142
23.000702 159 45 45
23.000702 195 1245 1245
23.000702 210 1491 1491
24.000732 16 465 465
24.000732 21 254 254
24.000732 47 190 190
24.000732 74 734 734
24.000732 98 383 383
24.000732 150 1147 1147
24.000732 159 3 3
24.000732 195 1233 1233
24.000732 210 1591 1591
25.000763 16 510 510
25.000763 21 267 267
25.000763 47 145 145
25.000763 74 715 715
25.000763 98 454 454
25.000763 150 1098 1098
25.000763 195 1176 1176
25.000763 210 1644 1644
26.000793 16 523 523
26.000793 21 291 291
26.000793 47 55 55
26.000793 74 784 784
26.000793 98 486 486
26.000793 150 1023 1023
26.000793 195 1090 1090
26.000793 210 1769 1769
27.000824 16 554 554
27.000824 21 305 305
27.000824 47 25 25
27.000824 74 841 841
27.000824 98 424 424
27.000824 150 903 903
27.000824 195 980 980
27.000824 210 1970 1970
28.000854 16 613 613
28.000854 21 345 345
28.000854 47 4 4
28.000854 74 856 856
28.000854 98 384 384
28.000854 150 852 852
28.000854 195 830 830
28.000854 210 2141 2141
29.000885 16 672 672
29.000885 21 420 420
29.000885 74 832 832
29.000885 98 310 310
29.000885 150 838 838
29.000885 195 669 669
29.000885 210 2273 2273
30.000916 16 705 705
30.000916 21 432 432
30.000916 74 898 898
30.000916 98 250 250
30.000916 150 794 794
30.000916 195 488 488
30.000916 210 2421 2421
31.000946 16 663 663
31.000946 21 398 398
31.000946 74 980 980
31.000946 98 231 231
31.000946 150 793 793
31.000946 195 429 429
31.000946 210 2503 2503
32.000977 16 632 632
32.000977 21 282 282
32.000977 74 1066 1066
32.000977 98 208 208
32.000977 150 779 779
32.000977 195 472 472
32.000977 210 2538 2538
33.001007 16 627 627
33.001007 21 158 158
33.001007 74 1133 1133
33.001007 98 251 251
33.001007 150 822 822
33.001007 195 473 473
33.001007 210 2548 2548
34.001038 16 540 540
34.001038 21 150 150
34.001038 74 1060 1060
34.001038 98 298 298
34.001038 150 852 852
34.001038 195 565 565
34.001038 210 2489 2489
35.001068 16 533 533
35.001068 21 202 202
35.001068 74 1080 1080
35.001068 98 326 326
35.001068 150 860 860
35.001068 195 667 667
35.001068 210 2373 2373
36.001099 16 452 452
36.001099 21 165 165
36.001099 74 1262 1262
36.001099 98 294 294
36.001099 150 798 798
36.001099 195 628 628
36.001099 210 2391 2391
37.001129 16 468 468
37.001129 21 70 70
37.001129 74 1397 1397
37.001129 98 305 305
37.001129 150 731 731
37.001129 195 652 652
37.001129 210 2408 2408
38.001160 16 462 462
38.001160 21 1 1
38.001160 74 1506 1506
38.001160 98 318 318
38.001160 150 722 722
38.001160 195 719 719
38.001160 210 2326 2326
39.001190 16 390 390
39.001190 74 1457 1457
39.001190 98 242 242
39.001190 150 729 729
39.001190 195 741 741
39.001190 210 2436 2436
40.001221 16 420 420
40.001221 74 1485 1485
40.001221 98 274 274
40.001221 150 692 692
40.001221 195 754 754
40.001221 210 2364 2364
41.001251 16 379 379
41.001251 74 1563 1563
41.001251 98 287 287
41.001251 150 691 691
41.001251 195 827 827
41.001251 210 2303 2303
42.001282 16 314 314
42.001282 74 1585 1585
42.001282 98 331 331
42.001282 150 706 706
42.001282 195 810 810
42.001282 210 2268 2268
43.001312 16 324 324
43.001312 74 1718 1718
43.001312 98 384 384
43.001312 150 630 630
43.001312 195 725 725
43.001312 210 2200 2200
44.001343 16 290 290
44.001343 74 1777 1777
44.001343 98 466 466
44.001343 150 581 581
44.001343 195 734 734
44.001343 210 2163 2163
45.001373 16 254 254
45.001373 74 1752 1752
45.001373 98 523 523
45.001373 150 562 562
45.001373 195 685 685
45.001373 210 2181 2181
46.001404 16 227 227
46.001404 74 1773 1773
46.001404 98 570 570
46.001404 150 607 607
46.001404 195 672 672
46.001404 210 2173 2173
47.001434 16 191 191
47.001434 74 1773 1773
47.001434 98 600 600
47.001434 150 636 636
47.001434 195 694 694
47.001434 210 2118 2118
48.001465 16 101 101
48.001465 74 1759 1759
48.001465 98 624 624
48.001465 150 653 653
48.001465 195 733 733
48.001465 210 2131 2131
49.001495 16 57 57
49.001495 74 1765 1765
49.001495 98 641 641
49.001495 150 647 647
49.001495 195 704 704
49.001495 210 2176 2176
50.001526 16 31 31
50.001526 74 1799 1799
50.001526 98 519 519
50.001526 150 636 636
50.001526 195 804 804
50.001526 210 2200 2200
51.001556 16 24 24
51.001556 74 1848 1848
51.001556 98 371 371
51.001556 150 602 602
51.001556 195 847 847
51.001556 210 2291 2291
52.001587 16 9 9
52.001587 74 1866 1866
52.001587 98 313 313
52.001587 150 580 580
52.001587 195 838 838
52.001587 210 2362 2362
53.001617 74 1852 1852
53.001617 98 210 210
53.001617 150 591 591
53.001617 195 806 806
53.001617 210 2507 2507
54.001648 74 1753 1753
54.001648 98 176 176
54.001648 150 667 667
54.001648 195 766 766
54.001648 210 2596 2596
55.001678 74 1597 1597
55.001678 98 143 143
55.001678 150 736 736
55.001678 195 833 833
55.001678 210 2671 2671
56.001709 74 1602 1602
56.001709 98 104 104
56.001709 150 713 713
56.001709 195 882 882
56.001709 210 2724 2724
57.001740 74 1637 1637
57.001740 98 39 39
57.001740 150 656 656
57.001740 195 817 817
57.001740 210 2854 2854
58.001770 74 1598 1598
58.001770 98 14 14
58.001770 150 656 656
58.001770 195 701 701
58.001770 210 3003 3003
59.001801 74 1478 1478
59.001801 150 728 728
59.001801 195 617 617
59.001801 210 3166 3166
60.001831 74 1423 1423
60.001831 150 759 759
60.001831 195 549 549
60.001831 210 3257 3257
61.001862 74 1359 1359
61.001862 150 877 877
61.001862 195 421 421
61.001862 210 3356 3356
62.001892 74 1319 1319
62.001892 150 895 895
62.001892 195 400 400
62.001892 210 3401 3401
63.001923 74 1305 1305
63.001923 150 885 885
63.001923 195 353 353
63.001923 210 3470 3470
64.001953 74 1284 1284
64.001953 150 861 861
64.001953 195 358 358
64.001953 210 3509 3509
65.001984 74 1272 1272
65.001984 150 826 826
65.001984 195 346 346
65.001984 210 3574 3574
66.002014 74 1132 1132
66.002014 150 885 885
66.002014 195 370 370
66.002014 210 3605 3605
67.002045 74 989 989
67.002045 150 952 952
67.002045 195 422 422
67.002045 210 3607 3607
68.002075 74 897 897
68.002075 150 1008 1008
68.002075 195 369 369
68.002075 210 3744 3744
69.002106 74 771 771
69.002106 150 1091 1091
69.002106 195 340 340
69.002106 210 3822 3822
70.002136 74 724 724
70.002136 150 1087 1087
70.002136 195 338 338
70.002136 210 3788 3788
71.002167 74 670 670
71.002167 150 1152 1152
71.002167 195 345 345
71.002167 210 3832 3832
