0.000000 0 1 1
0.000000 1 1 1
0.000000 2 1 1
0.000000 3 1 1
0.000000 4 1 1
0.000000 5 1 1
0.000000 6 1 1
0.000000 7 1 1
0.000000 8 1 1
0.000000 9 1 1
0.000000 10 1 1
0.000000 11 1 1
0.000000 12 1 1
0.000000 13 1 1
0.000000 14 1 1
0.000000 15 1 1
0.000000 16 1 1
0.000000 17 1 1
0.000000 18 1 1
0.000000 19 1 1
0.000000 20 1 1
0.000000 21 1 1
0.000000 24 1 1
0.000000 25 1 1
0.000000 26 1 1
0.000000 27 1 1
0.000000 28 1 1
0.000000 29 1 1
0.000000 30 1 1
0.000000 31 1 1
0.000000 32 1 1
0.000000 33 1 1
0.000000 34 1 1
0.000000 35 1 1
0.000000 36 1 1
0.000000 37 1 1
0.000000 38 1 1
0.000000 39 1 1
0.000000 40 1 1
0.000000 41 1 1
0.000000 42 1 1
0.000000 43 1 1
0.000000 44 1 1
0.000000 45 1 1
0.000000 46 1 1
0.000000 47 1 1
0.000000 48 1 1
0.000000 49 1 1
0.000000 50 1 1
0.000000 51 1 1
0.000000 53 1 1
0.000000 54 1 1
0.000000 55 1 1
0.000000 56 1 1
0.000000 57 1 1
0.000000 58 1 1
0.000000 59 1 1
0.000000 60 1 1
0.000000 61 1 1
0.000000 62 1 1
0.000000 63 1 1
0.000000 64 1 1
0.000000 65 1 1
0.000000 66 1 1
0.000000 67 1 1
0.000000 68 1 1
0.000000 69 1 1
0.000000 70 1 1
0.000000 71 1 1
0.000000 72 1 1
0.000000 73 1 1
0.000000 75 1 1
0.000000 76 1 1
0.000000 77 1 1
0.000000 79 1 1
0.000000 80 1 1
0.000000 81 1 1
0.000000 83 1 1
0.000000 84 1 1
0.000000 85 1 1
0.000000 86 1 1
0.000000 87 1 1
0.000000 88 1 1
0.000000 89 1 1
0.000000 90 1 1
0.000000 91 1 1
0.000000 92 1 1
0.000000 93 1 1
0.000000 95 1 1
0.000000 96 1 1
0.000000 97 1 1
0.000000 98 1 1
0.000000 99 1 1
0.000000 100 1 1
0.000000 101 1 1
0.000000 102 1 1
0.000000 103 1 1
0.000000 104 1 1
0.000000 105 1 1
0.000000 106 1 1
0.000000 107 1 1
0.000000 108 1 1
0.000000 109 1 1
0.000000 110 1 1
0.000000 111 1 1
0.000000 112 1 1
0.000000 113 1 1
0.000000 114 1 1
0.000000 115 1 1
0.000000 116 1 1
0.000000 117 1 1
0.000000 118 1 1
0.000000 119 1 1
0.000000 120 1 1
0.000000 121 1 1
0.000000 122 1 1
0.000000 123 1 1
0.000000 124 1 1
0.000000 125 1 1
0.000000 126 1 1
0.000000 127 1 1
0.000000 128 1 1
0.000000 129 1 1
0.000000 130 1 1
0.000000 131 1 1
0.000000 132 1 1
0.000000 133 1 1
0.000000 134 1 1
0.000000 135 1 1
0.000000 136 1 1
0.000000 137 1 1
0.000000 138 1 1
0.000000 140 1 1
0.000000 141 1 1
0.000000 142 1 1
0.000000 143 1 1
0.000000 145 1 1
0.000000 146 1 1
0.000000 147 1 1
0.000000 149 1 1
0.000000 150 1 1
0.000000 151 1 1
0.000000 152 1 1
0.000000 153 1 1
0.000000 154 1 1
0.000000 155 1 1
0.000000 156 1 1
0.000000 157 1 1
0.000000 158 1 1
0.000000 159 1 1
0.000000 160 1 1
0.000000 162 1 1
0.000000 163 1 1
0.000000 164 1 1
0.000000 165 1 1
0.000000 166 1 1
0.000000 167 1 1
0.000000 168 1 1
0.000000 169 1 1
0.000000 170 1 1
0.000000 171 1 1
0.000000 172 1 1
0.000000 173 1 1
0.000000 174 1 1
0.000000 175 1 1
0.000000 176 1 1
0.000000 177 1 1
0.000000 178 1 1
0.000000 179 1 1
0.000000 180 1 1
0.000000 182 1 1
0.000000 183 1 1
0.000000 185 1 1
0.000000 186 1 1
0.000000 187 1 1
0.000000 188 1 1
0.000000 189 1 1
0.000000 190 1 1
0.000000 191 1 1
0.000000 192 1 1
0.000000 193 1 1
0.000000 194 1 1
0.000000 195 1 1
0.000000 196 1 1
0.000000 197 1 1
0.000000 198 1 1
0.000000 199 1 1
0.000000 200 1 1
0.000000 201 1 1
0.000000 202 1 1
0.000000 203 1 1
0.000000 205 1 1
0.000000 206 1 1
0.000000 207 1 1
0.000000 208 1 1
0.000000 209 1 1
0.000000 210 1 1
0.000000 212 1 1
0.000000 213 1 1
0.000000 214 1 1
0.000000 215 1 1
0.000000 216 1 1
0.000000 217 1 1
0.000000 218 1 1
0.000000 219 1 1
1.000031 0 2 2
1.000031 1 2 2
1.000031 2 1 1
1.000031 3 1 1
1.000031 4 1 1
1.000031 5 2 2
1.000031 6 2 2
1.000031 7 2 2
1.000031 8 1 1
1.000031 9 1 1
1.000031 10 1 1
1.000031 11 2 2
1.000031 12 1 1
1.000031 13 2 2
1.000031 14 1 1
1.000031 15 2 2
1.000031 16 2 2
1.000031 17 2 2
1.000031 18 2 2
1.000031 19 1 1
1.000031 20 2 2
1.000031 21 2 2
1.000031 24 2 2
1.000031 25 2 2
1.000031 26 2 2
1.000031 27 1 1
1.000031 28 1 1
1.000031 29 1 1
1.000031 30 2 2
1.000031 31 2 2
1.000031 32 2 2
1.000031 33 2 2
1.000031 34 1 1
1.000031 35 1 1
1.000031 36 2 2
1.000031 37 2 2
1.000031 38 2 2
1.000031 39 2 2
1.000031 40 1 1
1.000031 41 1 1
1.000031 42 1 1
1.000031 43 2 2
1.000031 44 2 2
1.000031 45 1 1
1.000031 46 1 1
1.000031 47 2 2
1.000031 48 2 2
1.000031 49 2 2
1.000031 50 1 1
1.000031 51 1 1
1.000031 53 2 2
1.000031 54 2 2
1.000031 55 2 2
1.000031 56 2 2
1.000031 57 1 1
1.000031 58 1 1
1.000031 59 1 1
1.000031 60 1 1
1.000031 61 2 2
1.000031 62 2 2
1.000031 63 2 2
1.000031 64 2 2
1.000031 65 1 1
1.000031 66 1 1
1.000031 67 1 1
1.000031 68 2 2
1.000031 69 2 2
1.000031 70 2 2
1.000031 71 1 1
1.000031 72 1 1
1.000031 73 1 1
1.000031 75 2 2
1.000031 76 1 1
1.000031 77 2 2
1.000031 79 1 1
1.000031 80 1 1
1.000031 81 1 1
1.000031 83 1 1
1.000031 84 1 1
1.000031 85 2 2
1.000031 86 1 1
1.000031 87 1 1
1.000031 88 1 1
1.000031 89 1 1
1.000031 90 1 1
1.000031 91 2 2
1.000031 92 1 1
1.000031 93 1 1
1.000031 95 1 1
1.000031 96 1 1
1.000031 97 2 2
1.000031 98 2 2
1.000031 99 2 2
1.000031 100 1 1
1.000031 101 1 1
1.000031 102 2 2
1.000031 103 2 2
1.000031 104 2 2
1.000031 105 1 1
1.000031 106 1 1
1.000031 107 2 2
1.000031 108 2 2
1.000031 109 1 1
1.000031 110 2 2
1.000031 111 2 2
1.000031 112 2 2
1.000031 113 2 2
1.000031 114 2 2
1.000031 115 1 1
1.000031 116 2 2
1.000031 117 1 1
1.000031 118 2 2
1.000031 119 1 1
1.000031 120 1 1
1.000031 121 2 2
1.000031 122 1 1
1.000031 123 2 2
1.000031 124 1 1
1.000031 125 2 2
1.000031 126 1 1
1.000031 127 1 1
1.000031 128 1 1
1.000031 129 1 1
1.000031 130 2 2
1.000031 131 2 2
1.000031 132 2 2
1.000031 133 1 1
1.000031 134 1 1
1.000031 135 1 1
1.000031 136 2 2
1.000031 137 2 2
1.000031 138 1 1
1.000031 140 1 1
1.000031 141 2 2
1.000031 142 1 1
1.000031 143 2 2
1.000031 145 1 1
1.000031 146 2 2
1.000031 147 1 1
1.000031 149 1 1
1.000031 150 2 2
1.000031 151 2 2
1.000031 152 2 2
1.000031 153 2 2
1.000031 154 1 1
1.000031 155 2 2
1.000031 156 2 2
1.000031 157 2 2
1.000031 158 1 1
1.000031 159 2 2
1.000031 160 2 2
1.000031 162 1 1
1.000031 163 1 1
1.000031 164 1 1
1.000031 165 1 1
1.000031 166 1 1
1.000031 167 1 1
1.000031 168 2 2
1.000031 169 1 1
1.000031 170 2 2
1.000031 171 2 2
1.000031 172 2 2
1.000031 173 1 1
1.000031 174 1 1
1.000031 175 2 2
1.000031 176 1 1
1.000031 177 2 2
1.000031 178 1 1
1.000031 179 2 2
1.000031 180 1 1
1.000031 182 1 1
1.000031 183 2 2
1.000031 185 1 1
1.000031 186 2 2
1.000031 187 2 2
1.000031 188 2 2
1.000031 189 2 2
1.000031 190 2 2
1.000031 191 2 2
1.000031 192 2 2
1.000031 193 1 1
1.000031 194 1 1
1.000031 195 1 1
1.000031 196 2 2
1.000031 197 2 2
1.000031 198 1 1
1.000031 199 2 2
1.000031 200 2 2
1.000031 201 2 2
1.000031 202 1 1
1.000031 203 1 1
1.000031 205 2 2
1.000031 206 2 2
1.000031 207 2 2
1.000031 208 1 1
1.000031 209 1 1
1.000031 210 2 2
1.000031 212 1 1
1.000031 213 2 2
1.000031 214 1 1
1.000031 215 1 1
1.000031 216 2 2
1.000031 217 1 1
1.000031 218 2 2
1.000031 219 1 1
2.000061 0 3 3
2.000061 1 2 2
2.000061 2 2 2
2.000061 3 2 2
2.000061 4 2 2
2.000061 5 2 2
2.000061 6 2 2
2.000061 7 2 2
2.000061 8 2 2
2.000061 9 2 2
2.000061 10 2 2
2.000061 11 3 3
2.000061 12 2 2
2.000061 13 2 2
2.000061 14 2 2
2.000061 15 2 2
2.000061 16 2 2
2.000061 17 2 2
2.000061 18 2 2
2.000061 19 2 2
2.000061 20 2 2
2.000061 21 2 2
2.000061 24 3 3
2.000061 25 2 2
2.000061 26 2 2
2.000061 27 2 2
2.000061 28 2 2
2.000061 29 2 2
2.000061 30 2 2
2.000061 31 2 2
2.000061 32 2 2
2.000061 33 2 2
2.000061 34 2 2
2.000061 35 2 2
2.000061 36 2 2
2.000061 37 2 2
2.000061 38 2 2
2.000061 39 2 2
2.000061 40 2 2
2.000061 41 2 2
2.000061 42 2 2
2.000061 43 2 2
2.000061 44 2 2
2.000061 45 2 2
2.000061 46 2 2
2.000061 47 2 2
2.000061 48 3 3
2.000061 49 2 2
2.000061 50 2 2
2.000061 51 2 2
2.000061 53 2 2
2.000061 54 2 2
2.000061 55 2 2
2.000061 56 2 2
2.000061 57 2 2
2.000061 58 2 2
2.000061 59 2 2
2.000061 60 2 2
2.000061 61 2 2
2.000061 62 2 2
2.000061 63 2 2
2.000061 64 2 2
2.000061 65 2 2
2.000061 66 2 2
2.000061 67 2 2
2.000061 68 2 2
2.000061 69 2 2
2.000061 70 2 2
2.000061 71 3 3
2.000061 72 3 3
2.000061 73 2 2
2.000061 75 2 2
2.000061 76 2 2
2.000061 77 2 2
2.000061 79 2 2
2.000061 80 2 2
2.000061 81 2 2
2.000061 83 2 2
2.000061 84 3 3
2.000061 85 2 2
2.000061 86 2 2
2.000061 87 2 2
2.000061 88 2 2
2.000061 89 2 2
2.000061 90 2 2
2.000061 91 2 2
2.000061 92 2 2
2.000061 93 3 3
2.000061 95 2 2
2.000061 96 2 2
2.000061 97 2 2
2.000061 98 2 2
2.000061 99 3 3
2.000061 100 3 3
2.000061 101 2 2
2.000061 102 2 2
2.000061 103 2 2
2.000061 104 2 2
2.000061 105 2 2
2.000061 106 2 2
2.000061 107 2 2
2.000061 108 2 2
2.000061 109 2 2
2.000061 110 2 2
2.000061 111 2 2
2.000061 112 3 3
2.000061 113 4 4
2.000061 114 2 2
2.000061 115 2 2
2.000061 116 3 3
2.000061 117 2 2
2.000061 118 2 2
2.000061 119 2 2
2.000061 120 2 2
2.000061 121 2 2
2.000061 122 3 3
2.000061 123 2 2
2.000061 124 2 2
2.000061 125 3 3
2.000061 126 2 2
2.000061 127 2 2
2.000061 128 2 2
2.000061 129 2 2
2.000061 130 2 2
2.000061 131 3 3
2.000061 132 2 2
2.000061 133 2 2
2.000061 134 2 2
2.000061 135 2 2
2.000061 136 3 3
2.000061 137 2 2
2.000061 138 1 1
2.000061 140 2 2
2.000061 141 2 2
2.000061 142 2 2
2.000061 143 2 2
2.000061 145 2 2
2.000061 146 2 2
2.000061 147 2 2
2.000061 149 2 2
2.000061 150 2 2
2.000061 151 2 2
2.000061 152 2 2
2.000061 153 2 2
2.000061 154 2 2
2.000061 155 3 3
2.000061 156 3 3
2.000061 157 2 2
2.000061 158 2 2
2.000061 159 2 2
2.000061 160 2 2
2.000061 162 2 2
2.000061 163 3 3
2.000061 164 2 2
2.000061 165 2 2
2.000061 166 2 2
2.000061 167 1 1
2.000061 168 2 2
2.000061 169 3 3
2.000061 170 3 3
2.000061 171 2 2
2.000061 172 2 2
2.000061 173 2 2
2.000061 174 3 3
2.000061 175 2 2
2.000061 176 2 2
2.000061 177 2 2
2.000061 178 2 2
2.000061 179 3 3
2.000061 180 2 2
2.000061 182 2 2
2.000061 183 2 2
2.000061 185 2 2
2.000061 186 2 2
2.000061 187 2 2
2.000061 188 2 2
2.000061 189 2 2
2.000061 190 2 2
2.000061 191 2 2
2.000061 192 2 2
2.000061 193 2 2
2.000061 194 2 2
2.000061 195 2 2
2.000061 196 2 2
2.000061 197 2 2
2.000061 198 2 2
2.000061 199 2 2
2.000061 200 3 3
2.000061 201 2 2
2.000061 202 2 2
2.000061 203 2 2
2.000061 205 2 2
2.000061 206 2 2
2.000061 207 2 2
2.000061 208 2 2
2.000061 209 2 2
2.000061 210 2 2
2.000061 212 2 2
2.000061 213 2 2
2.000061 214 2 2
2.000061 215 2 2
2.000061 216 2 2
2.000061 217 2 2
2.000061 218 2 2
2.000061 219 2 2
3.000092 0 4 4
3.000092 1 4 4
3.000092 2 4 4
3.000092 3 4 4
3.000092 4 4 4
3.000092 5 4 4
3.000092 6 3 3
3.000092 7 4 4
3.000092 8 4 4
3.000092 9 4 4
3.000092 10 4 4
3.000092 11 4 4
3.000092 12 4 4
3.000092 13 4 4
3.000092 14 4 4
3.000092 15 4 4
3.000092 16 4 4
3.000092 17 4 4
3.000092 18 4 4
3.000092 19 4 4
3.000092 20 4 4
3.000092 21 4 4
3.000092 24 4 4
3.000092 25 4 4
3.000092 26 4 4
3.000092 27 3 3
3.000092 28 4 4
3.000092 29 4 4
3.000092 30 4 4
3.000092 31 4 4
3.000092 32 4 4
3.000092 33 4 4
3.000092 34 4 4
3.000092 35 4 4
3.000092 36 4 4
3.000092 37 4 4
3.000092 38 4 4
3.000092 39 4 4
3.000092 40 4 4
3.000092 41 3 3
3.000092 42 4 4
3.000092 43 4 4
3.000092 44 5 5
3.000092 45 4 4
3.000092 46 3 3
3.000092 47 4 4
3.000092 48 4 4
3.000092 49 4 4
3.000092 50 4 4
3.000092 51 4 4
3.000092 53 4 4
3.000092 54 4 4
3.000092 55 4 4
3.000092 56 4 4
3.000092 57 3 3
3.000092 58 3 3
3.000092 59 2 2
3.000092 60 4 4
3.000092 61 4 4
3.000092 62 4 4
3.000092 63 4 4
3.000092 64 4 4
3.000092 65 4 4
3.000092 66 3 3
3.000092 67 3 3
3.000092 68 4 4
3.000092 69 4 4
3.000092 70 4 4
3.000092 71 4 4
3.000092 72 4 4
3.000092 73 4 4
3.000092 75 4 4
3.000092 76 4 4
3.000092 77 4 4
3.000092 79 4 4
3.000092 80 3 3
3.000092 81 4 4
3.000092 83 4 4
3.000092 84 4 4
3.000092 85 4 4
3.000092 86 4 4
3.000092 87 4 4
3.000092 88 4 4
3.000092 89 4 4
3.000092 90 4 4
3.000092 91 4 4
3.000092 92 3 3
3.000092 93 4 4
3.000092 95 4 4
3.000092 96 4 4
3.000092 97 4 4
3.000092 98 4 4
3.000092 99 4 4
3.000092 100 5 5
3.000092 101 4 4
3.000092 102 4 4
3.000092 103 4 4
3.000092 104 4 4
3.000092 105 4 4
3.000092 106 4 4
3.000092 107 4 4
3.000092 108 4 4
3.000092 109 4 4
3.000092 110 4 4
3.000092 111 4 4
3.000092 112 4 4
3.000092 113 4 4
3.000092 114 4 4
3.000092 115 4 4
3.000092 116 5 5
3.000092 117 4 4
3.000092 118 4 4
3.000092 119 3 3
3.000092 120 4 4
3.000092 121 4 4
3.000092 122 4 4
3.000092 123 4 4
3.000092 124 4 4
3.000092 125 4 4
3.000092 126 4 4
3.000092 127 4 4
3.000092 128 2 2
3.000092 129 4 4
3.000092 130 4 4
3.000092 131 4 4
3.000092 132 4 4
3.000092 133 3 3
3.000092 134 3 3
3.000092 135 4 4
3.000092 136 4 4
3.000092 137 4 4
3.000092 138 2 2
3.000092 140 4 4
3.000092 141 4 4
3.000092 142 4 4
3.000092 143 4 4
3.000092 145 4 4
3.000092 146 4 4
3.000092 147 4 4
3.000092 149 4 4
3.000092 150 4 4
3.000092 151 4 4
3.000092 152 4 4
3.000092 153 4 4
3.000092 154 4 4
3.000092 155 4 4
3.000092 156 4 4
3.000092 157 4 4
3.000092 158 4 4
3.000092 159 4 4
3.000092 160 4 4
3.000092 162 4 4
3.000092 163 4 4
3.000092 164 4 4
3.000092 165 4 4
3.000092 166 4 4
3.000092 167 1 1
3.000092 168 4 4
3.000092 169 4 4
3.000092 170 5 5
3.000092 171 4 4
3.000092 172 5 5
3.000092 173 4 4
3.000092 174 4 4
3.000092 175 4 4
3.000092 176 4 4
3.000092 177 4 4
3.000092 178 4 4
3.000092 179 4 4
3.000092 180 4 4
3.000092 182 4 4
3.000092 183 4 4
3.000092 185 4 4
3.000092 186 4 4
3.000092 187 4 4
3.000092 188 4 4
3.000092 189 4 4
3.000092 190 4 4
3.000092 191 4 4
3.000092 192 4 4
3.000092 193 3 3
3.000092 194 4 4
3.000092 195 4 4
3.000092 196 3 3
3.000092 197 4 4
3.000092 198 4 4
3.000092 199 4 4
3.000092 200 5 5
3.000092 201 4 4
3.000092 202 4 4
3.000092 203 4 4
3.000092 205 4 4
3.000092 206 4 4
3.000092 207 4 4
3.000092 208 4 4
3.000092 209 3 3
3.000092 210 4 4
3.000092 212 4 4
3.000092 213 4 4
3.000092 214 4 4
3.000092 215 4 4
3.000092 216 4 4
3.000092 217 3 3
3.000092 218 4 4
3.000092 219 4 4
4.000122 0 6 6
4.000122 1 8 8
4.000122 2 7 7
4.000122 3 4 4
4.000122 4 6 6
4.000122 5 7 7
4.000122 6 4 4
4.000122 7 6 6
4.000122 8 4 4
4.000122 9 8 8
4.000122 10 5 5
4.000122 11 7 7
4.000122 12 7 7
4.000122 13 7 7
4.000122 14 5 5
4.000122 15 8 8
4.000122 16 8 8
4.000122 17 7 7
4.000122 18 6 6
4.000122 19 5 5
4.000122 20 6 6
4.000122 21 8 8
4.000122 24 7 7
4.000122 25 7 7
4.000122 26 7 7
4.000122 27 6 6
4.000122 28 5 5
4.000122 29 5 5
4.000122 30 6 6
4.000122 31 6 6
4.000122 32 5 5
4.000122 33 6 6
4.000122 34 4 4
4.000122 35 5 5
4.000122 36 6 6
4.000122 37 7 7
4.000122 38 7 7
4.000122 39 7 7
4.000122 40 7 7
4.000122 41 4 4
4.000122 42 4 4
4.000122 43 6 6
4.000122 44 9 9
4.000122 45 6 6
4.000122 46 5 5
4.000122 47 5 5
4.000122 48 7 7
4.000122 49 6 6
4.000122 50 5 5
4.000122 51 4 4
4.000122 53 8 8
4.000122 54 8 8
4.000122 55 8 8
4.000122 56 6 6
4.000122 57 5 5
4.000122 58 5 5
4.000122 59 4 4
4.000122 60 5 5
4.000122 61 5 5
4.000122 62 7 7
4.000122 63 5 5
4.000122 64 7 7
4.000122 65 4 4
4.000122 66 5 5
4.000122 67 4 4
4.000122 68 7 7
4.000122 69 5 5
4.000122 70 7 7
4.000122 71 5 5
4.000122 72 6 6
4.000122 73 5 5
4.000122 75 8 8
4.000122 76 7 7
4.000122 77 6 6
4.000122 79 4 4
4.000122 80 6 6
4.000122 81 5 5
4.000122 83 5 5
4.000122 84 8 8
4.000122 85 6 6
4.000122 86 6 6
4.000122 87 4 4
4.000122 88 4 4
4.000122 89 6 6
4.000122 90 6 6
4.000122 91 7 7
4.000122 92 7 7
4.000122 93 6 6
4.000122 95 4 4
4.000122 96 7 7
4.000122 97 5 5
4.000122 98 6 6
4.000122 99 6 6
4.000122 100 6 6
4.000122 101 5 5
4.000122 102 7 7
4.000122 103 8 8
4.000122 104 7 7
4.000122 105 5 5
4.000122 106 4 4
4.000122 107 7 7
4.000122 108 8 8
4.000122 109 5 5
4.000122 110 6 6
4.000122 111 7 7
4.000122 112 6 6
4.000122 113 8 8
4.000122 114 8 8
4.000122 115 5 5
4.000122 116 6 6
4.000122 117 5 5
4.000122 118 7 7
4.000122 119 4 4
4.000122 120 5 5
4.000122 121 5 5
4.000122 122 6 6
4.000122 123 5 5
4.000122 124 4 4
4.000122 125 7 7
4.000122 126 7 7
4.000122 127 5 5
4.000122 128 4 4
4.000122 129 7 7
4.000122 130 7 7
4.000122 131 8 8
4.000122 132 6 6
4.000122 133 5 5
4.000122 134 6 6
4.000122 135 5 5
4.000122 136 6 6
4.000122 137 6 6
4.000122 138 2 2
4.000122 140 5 5
4.000122 141 7 7
4.000122 142 6 6
4.000122 143 7 7
4.000122 145 4 4
4.000122 146 7 7
4.000122 147 6 6
4.000122 149 7 7
4.000122 150 7 7
4.000122 151 6 6
4.000122 152 7 7
4.000122 153 8 8
4.000122 154 5 5
4.000122 155 8 8
4.000122 156 8 8
4.000122 157 5 5
4.000122 158 4 4
4.000122 159 8 8
4.000122 160 8 8
4.000122 162 6 6
4.000122 163 6 6
4.000122 164 5 5
4.000122 165 4 4
4.000122 166 5 5
4.000122 167 2 2
4.000122 168 7 7
4.000122 169 6 6
4.000122 170 7 7
4.000122 171 7 7
4.000122 172 8 8
4.000122 173 5 5
4.000122 174 6 6
4.000122 175 7 7
4.000122 176 5 5
4.000122 177 8 8
4.000122 178 5 5
4.000122 179 8 8
4.000122 180 4 4
4.000122 182 6 6
4.000122 183 8 8
4.000122 185 6 6
4.000122 186 5 5
4.000122 187 8 8
4.000122 188 6 6
4.000122 189 7 7
4.000122 190 8 8
4.000122 191 7 7
4.000122 192 8 8
4.000122 193 4 4
4.000122 194 6 6
4.000122 195 4 4
4.000122 196 6 6
4.000122 197 5 5
4.000122 198 4 4
4.000122 199 8 8
4.000122 200 7 7
4.000122 201 6 6
4.000122 202 6 6
4.000122 203 5 5
4.000122 205 8 8
4.000122 206 7 7
4.000122 207 7 7
4.000122 208 5 5
4.000122 209 4 4
4.000122 210 4 4
4.000122 212 5 5
4.000122 213 8 8
4.000122 214 4 4
4.000122 215 7 7
4.000122 216 6 6
4.000122 217 4 4
4.000122 218 7 7
4.000122 219 6 6
5.000153 0 11 11
5.000153 1 10 10
5.000153 2 8 8
5.000153 3 8 8
5.000153 4 10 10
5.000153 5 11 11
5.000153 6 4 4
5.000153 7 9 9
5.000153 8 8 8
5.000153 9 8 8
5.000153 10 9 9
5.000153 11 11 11
5.000153 12 8 8
5.000153 13 9 9
5.000153 14 9 9
5.000153 15 11 11
5.000153 16 14 14
5.000153 17 10 10
5.000153 18 10 10
5.000153 19 10 10
5.000153 20 8 8
5.000153 21 11 11
5.000153 24 10 10
5.000153 25 13 13
5.000153 26 8 8
5.000153 27 9 9
5.000153 28 8 8
5.000153 29 8 8
5.000153 30 8 8
5.000153 31 8 8
5.000153 32 9 9
5.000153 33 9 9
5.000153 34 8 8
5.000153 35 9 9
5.000153 36 9 9
5.000153 37 9 9
5.000153 38 8 8
5.000153 39 11 11
5.000153 40 8 8
5.000153 41 8 8
5.000153 42 8 8
5.000153 43 9 9
5.000153 44 15 15
5.000153 45 10 10
5.000153 46 8 8
5.000153 47 8 8
5.000153 48 11 11
5.000153 49 10 10
5.000153 50 8 8
5.000153 51 8 8
5.000153 53 10 10
5.000153 54 12 12
5.000153 55 9 9
5.000153 56 9 9
5.000153 57 8 8
5.000153 58 9 9
5.000153 59 8 8
5.000153 60 8 8
5.000153 61 9 9
5.000153 62 8 8
5.000153 63 8 8
5.000153 64 9 9
5.000153 65 8 8
5.000153 66 8 8
5.000153 67 8 8
5.000153 68 12 12
5.000153 69 8 8
5.000153 70 12 12
5.000153 71 10 10
5.000153 72 9 9
5.000153 73 8 8
5.000153 75 10 10
5.000153 76 9 9
5.000153 77 9 9
5.000153 79 8 8
5.000153 80 9 9
5.000153 81 9 9
5.000153 83 9 9
5.000153 84 10 10
5.000153 85 8 8
5.000153 86 8 8
5.000153 87 8 8
5.000153 88 8 8
5.000153 89 8 8
5.000153 90 10 10
5.000153 91 10 10
5.000153 92 9 9
5.000153 93 10 10
5.000153 95 8 8
5.000153 96 9 9
5.000153 97 11 11
5.000153 98 8 8
5.000153 99 11 11
5.000153 100 11 11
5.000153 101 8 8
5.000153 102 10 10
5.000153 103 10 10
5.000153 104 10 10
5.000153 105 8 8
5.000153 106 8 8
5.000153 107 10 10
5.000153 108 9 9
5.000153 109 8 8
5.000153 110 8 8
5.000153 111 10 10
5.000153 112 12 12
5.000153 113 11 11
5.000153 114 11 11
5.000153 115 8 8
5.000153 116 10 10
5.000153 117 9 9
5.000153 118 8 8
5.000153 119 8 8
5.000153 120 8 8
5.000153 121 9 9
5.000153 122 12 12
5.000153 123 9 9
5.000153 124 8 8
5.000153 125 11 11
5.000153 126 8 8
5.000153 127 8 8
5.000153 128 8 8
5.000153 129 8 8
5.000153 130 9 9
5.000153 131 11 11
5.000153 132 8 8
5.000153 133 8 8
5.000153 134 11 11
5.000153 135 9 9
5.000153 136 9 9
5.000153 137 8 8
5.000153 138 3 3
5.000153 140 8 8
5.000153 141 9 9
5.000153 142 11 11
5.000153 143 10 10
5.000153 145 8 8
5.000153 146 10 10
5.000153 147 10 10
5.000153 149 11 11
5.000153 150 8 8
5.000153 151 10 10
5.000153 152 9 9
5.000153 153 10 10
5.000153 154 8 8
5.000153 155 11 11
5.000153 156 11 11
5.000153 157 9 9
5.000153 158 8 8
5.000153 159 9 9
5.000153 160 10 10
5.000153 162 10 10
5.000153 163 10 10
5.000153 164 8 8
5.000153 165 8 8
5.000153 166 9 9
5.000153 167 3 3
5.000153 168 8 8
5.000153 169 10 10
5.000153 170 10 10
5.000153 171 13 13
5.000153 172 10 10
5.000153 173 8 8
5.000153 174 9 9
5.000153 175 9 9
5.000153 176 8 8
5.000153 177 9 9
5.000153 178 9 9
5.000153 179 10 10
5.000153 180 8 8
5.000153 182 8 8
5.000153 183 10 10
5.000153 185 9 9
5.000153 186 8 8
5.000153 187 10 10
5.000153 188 10 10
5.000153 189 8 8
5.000153 190 11 11
5.000153 191 9 9
5.000153 192 8 8
5.000153 193 8 8
5.000153 194 11 11
5.000153 195 8 8
5.000153 196 9 9
5.000153 197 8 8
5.000153 198 9 9
5.000153 199 9 9
5.000153 200 10 10
5.000153 201 9 9
5.000153 202 9 9
5.000153 203 8 8
5.000153 205 9 9
5.000153 206 8 8
5.000153 207 10 10
5.000153 208 10 10
5.000153 209 8 8
5.000153 210 8 8
5.000153 212 9 9
5.000153 213 11 11
5.000153 214 8 8
5.000153 215 9 9
5.000153 216 9 9
5.000153 217 8 8
5.000153 218 9 9
5.000153 219 8 8
6.000183 0 17 17
6.000183 1 16 16
6.000183 2 16 16
6.000183 3 15 15
6.000183 4 16 16
6.000183 5 17 17
6.000183 6 7 7
6.000183 7 14 14
6.000183 8 14 14
6.000183 9 16 16
6.000183 10 14 14
6.000183 11 17 17
6.000183 12 14 14
6.000183 13 17 17
6.000183 14 14 14
6.000183 15 17 17
6.000183 16 20 20
6.000183 17 17 17
6.000183 18 13 13
6.000183 19 15 15
6.000183 20 14 14
6.000183 21 17 17
6.000183 24 18 18
6.000183 25 19 19
6.000183 26 16 16
6.000183 27 13 13
6.000183 28 16 16
6.000183 29 16 16
6.000183 30 14 14
6.000183 31 15 15
6.000183 32 15 15
6.000183 33 16 16
6.000183 34 15 15
6.000183 35 16 16
6.000183 36 16 16
6.000183 37 15 15
6.000183 38 16 16
6.000183 39 15 15
6.000183 40 15 15
6.000183 41 13 13
6.000183 42 14 14
6.000183 43 16 16
6.000183 44 22 22
6.000183 45 18 18
6.000183 46 14 14
6.000183 47 16 16
6.000183 48 18 18
6.000183 49 18 18
6.000183 50 16 16
6.000183 51 15 15
6.000183 53 16 16
6.000183 54 17 17
6.000183 55 17 17
6.000183 56 15 15
6.000183 57 13 13
6.000183 58 14 14
6.000183 59 14 14
6.000183 60 15 15
6.000183 61 16 16
6.000183 62 16 16
6.000183 63 14 14
6.000183 64 16 16
6.000183 65 13 13
6.000183 66 14 14
6.000183 67 12 12
6.000183 68 15 15
6.000183 69 15 15
6.000183 70 18 18
6.000183 71 17 17
6.000183 72 18 18
6.000183 73 15 15
6.000183 75 16 16
6.000183 76 15 15
6.000183 77 16 16
6.000183 79 14 14
6.000183 80 14 14
6.000183 81 16 16
6.000183 83 14 14
6.000183 84 18 18
6.000183 85 13 13
6.000183 86 12 12
6.000183 87 12 12
6.000183 88 15 15
6.000183 89 16 16
6.000183 90 15 15
6.000183 91 17 17
6.000183 92 14 14
6.000183 93 17 17
6.000183 95 14 14
6.000183 96 17 17
6.000183 97 15 15
6.000183 98 15 15
6.000183 99 16 16
6.000183 100 17 17
6.000183 101 15 15
6.000183 102 15 15
6.000183 103 18 18
6.000183 104 16 16
6.000183 105 15 15
6.000183 106 16 16
6.000183 107 16 16
6.000183 108 15 15
6.000183 109 16 16
6.000183 110 15 15
6.000183 111 17 17
6.000183 112 17 17
6.000183 113 19 19
6.000183 114 16 16
6.000183 115 15 15
6.000183 116 19 19
6.000183 117 15 15
6.000183 118 16 16
6.000183 119 12 12
6.000183 120 15 15
6.000183 121 16 16
6.000183 122 17 17
6.000183 123 15 15
6.000183 124 10 10
6.000183 125 16 16
6.000183 126 16 16
6.000183 127 13 13
6.000183 128 11 11
6.000183 129 15 15
6.000183 130 16 16
6.000183 131 18 18
6.000183 132 15 15
6.000183 133 11 11
6.000183 134 14 14
6.000183 135 15 15
6.000183 136 17 17
6.000183 137 15 15
6.000183 138 3 3
6.000183 140 15 15
6.000183 141 14 14
6.000183 142 15 15
6.000183 143 17 17
6.000183 145 15 15
6.000183 146 17 17
6.000183 147 15 15
6.000183 149 17 17
6.000183 150 15 15
6.000183 151 18 18
6.000183 152 17 17
6.000183 153 17 17
6.000183 154 14 14
6.000183 155 17 17
6.000183 156 18 18
6.000183 157 16 16
6.000183 158 14 14
6.000183 159 16 16
6.000183 160 16 16
6.000183 162 17 17
6.000183 163 18 18
6.000183 164 15 15
6.000183 165 15 15
6.000183 166 15 15
6.000183 167 3 3
6.000183 168 16 16
6.000183 169 15 15
6.000183 170 19 19
6.000183 171 18 18
6.000183 172 17 17
6.000183 173 14 14
6.000183 174 17 17
6.000183 175 16 16
6.000183 176 13 13
6.000183 177 16 16
6.000183 178 15 15
6.000183 179 17 17
6.000183 180 15 15
6.000183 182 14 14
6.000183 183 16 16
6.000183 185 13 13
6.000183 186 16 16
6.000183 187 16 16
6.000183 188 14 14
6.000183 189 16 16
6.000183 190 16 16
6.000183 191 16 16
6.000183 192 15 15
6.000183 193 10 10
6.000183 194 18 18
6.000183 195 15 15
6.000183 196 15 15
6.000183 197 14 14
6.000183 198 16 16
6.000183 199 16 16
6.000183 200 18 18
6.000183 201 16 16
6.000183 202 16 16
6.000183 203 15 15
6.000183 205 16 16
6.000183 206 15 15
6.000183 207 16 16
6.000183 208 16 16
6.000183 209 11 11
6.000183 210 15 15
6.000183 212 15 15
6.000183 213 18 18
6.000183 214 13 13
6.000183 215 15 15
6.000183 216 16 16
6.000183 217 15 15
6.000183 218 15 15
6.000183 219 15 15
7.000214 0 26 26
7.000214 1 30 30
7.000214 2 21 21
7.000214 3 20 20
7.000214 4 27 27
7.000214 5 29 29
7.000214 6 6 6
7.000214 7 23 23
7.000214 8 18 18
7.000214 9 28 28
7.000214 10 19 19
7.000214 11 28 28
7.000214 12 23 23
7.000214 13 28 28
7.000214 14 21 21
7.000214 15 31 31
7.000214 16 34 34
7.000214 17 25 25
7.000214 18 22 22
7.000214 19 23 23
7.000214 20 24 24
7.000214 21 31 31
7.000214 24 28 28
7.000214 25 29 29
7.000214 26 23 23
7.000214 27 23 23
7.000214 28 23 23
7.000214 29 20 20
7.000214 30 20 20
7.000214 31 26 26
7.000214 32 22 22
7.000214 33 25 25
7.000214 34 19 19
7.000214 35 22 22
7.000214 36 24 24
7.000214 37 24 24
7.000214 38 24 24
7.000214 39 26 26
7.000214 40 26 26
7.000214 41 19 19
7.000214 42 21 21
7.000214 43 24 24
7.000214 44 35 35
7.000214 45 28 28
7.000214 46 22 22
7.000214 47 22 22
7.000214 48 26 26
7.000214 49 23 23
7.000214 50 24 24
7.000214 51 19 19
7.000214 53 28 28
7.000214 54 28 28
7.000214 55 29 29
7.000214 56 24 24
7.000214 57 20 20
7.000214 58 21 21
7.000214 59 20 20
7.000214 60 24 24
7.000214 61 22 22
7.000214 62 4 4
7.000214 63 23 23
7.000214 64 11 11
7.000214 65 17 17
7.000214 66 20 20
7.000214 67 19 19
7.000214 68 25 25
7.000214 69 22 22
7.000214 70 26 26
7.000214 71 24 24
7.000214 72 26 26
7.000214 73 20 20
7.000214 75 28 28
7.000214 76 27 27
7.000214 77 26 26
7.000214 79 21 21
7.000214 80 24 24
7.000214 81 22 22
7.000214 83 21 21
7.000214 84 25 25
7.000214 85 18 18
7.000214 86 22 22
7.000214 87 16 16
7.000214 88 22 22
7.000214 89 23 23
7.000214 90 24 24
7.000214 91 30 30
7.000214 92 22 22
7.000214 93 23 23
7.000214 95 20 20
7.000214 96 27 27
7.000214 97 22 22
7.000214 98 21 21
7.000214 99 24 24
7.000214 100 26 26
7.000214 101 21 21
7.000214 102 26 26
7.000214 103 28 28
7.000214 104 27 27
7.000214 105 23 23
7.000214 106 21 21
7.000214 107 26 26
7.000214 108 23 23
7.000214 109 22 22
7.000214 110 22 22
7.000214 111 25 25
7.000214 112 16 16
7.000214 113 29 29
7.000214 114 28 28
7.000214 115 19 19
7.000214 116 29 29
7.000214 117 24 24
7.000214 118 24 24
7.000214 119 16 16
7.000214 120 14 14
7.000214 121 26 26
7.000214 122 27 27
7.000214 123 20 20
7.000214 124 17 17
7.000214 125 28 28
7.000214 126 25 25
7.000214 127 21 21
7.000214 128 18 18
7.000214 129 24 24
7.000214 130 27 27
7.000214 131 33 33
7.000214 132 25 25
7.000214 133 20 20
7.000214 134 23 23
7.000214 135 20 20
7.000214 136 25 25
7.000214 137 25 25
7.000214 138 1 1
7.000214 140 22 22
7.000214 141 26 26
7.000214 142 25 25
7.000214 143 28 28
7.000214 145 21 21
7.000214 146 30 30
7.000214 147 23 23
7.000214 149 28 28
7.000214 150 26 26
7.000214 151 25 25
7.000214 152 29 29
7.000214 153 28 28
7.000214 154 21 21
7.000214 155 31 31
7.000214 156 27 27
7.000214 157 24 24
7.000214 158 18 18
7.000214 159 28 28
7.000214 160 30 30
7.000214 162 25 25
7.000214 163 29 29
7.000214 164 22 22
7.000214 165 22 22
7.000214 166 23 23
7.000214 167 3 3
7.000214 168 25 25
7.000214 169 26 26
7.000214 170 30 30
7.000214 171 27 27
7.000214 172 21 21
7.000214 173 23 23
7.000214 174 24 24
7.000214 175 27 27
7.000214 176 19 19
7.000214 177 26 26
7.000214 178 22 22
7.000214 179 32 32
7.000214 180 20 20
7.000214 182 26 26
7.000214 183 29 29
7.000214 185 22 22
7.000214 186 18 18
7.000214 187 26 26
7.000214 188 24 24
7.000214 189 23 23
7.000214 190 31 31
7.000214 191 24 24
7.000214 192 29 29
7.000214 193 17 17
7.000214 194 22 22
7.000214 195 19 19
7.000214 196 25 25
7.000214 197 23 23
7.000214 198 19 19
7.000214 199 30 30
7.000214 200 26 26
7.000214 201 22 22
7.000214 202 22 22
7.000214 203 21 21
7.000214 205 26 26
7.000214 206 26 26
7.000214 207 29 29
7.000214 208 23 23
7.000214 209 16 16
7.000214 210 20 20
7.000214 212 21 21
7.000214 213 27 27
7.000214 214 17 17
7.000214 215 24 24
7.000214 216 23 23
7.000214 217 19 19
7.000214 218 27 27
7.000214 219 25 25
8.000244 0 39 39
8.000244 1 45 45
8.000244 3 35 35
8.000244 4 42 42
8.000244 5 44 44
8.000244 7 37 37
8.000244 9 41 41
8.000244 14 35 35
8.000244 17 40 40
8.000244 18 37 37
8.000244 19 38 38
8.000244 20 38 38
8.000244 26 36 36
8.000244 27 19 19
8.000244 29 32 32
8.000244 30 35 35
8.000244 31 39 39
8.000244 32 38 38
8.000244 34 34 34
8.000244 35 38 38
8.000244 37 39 39
8.000244 38 38 38
8.000244 39 43 43
8.000244 41 30 30
8.000244 42 36 36
8.000244 43 36 36
8.000244 44 54 54
8.000244 45 1 1
8.000244 46 24 24
8.000244 47 34 34
8.000244 48 44 44
8.000244 51 33 33
8.000244 53 9 9
8.000244 54 43 43
8.000244 56 31 31
8.000244 57 34 34
8.000244 58 32 32
8.000244 59 32 32
8.000244 60 38 38
8.000244 61 37 37
8.000244 63 39 39
8.000244 65 27 27
8.000244 66 32 32
8.000244 67 33 33
8.000244 68 41 41
8.000244 69 34 34
8.000244 70 41 41
8.000244 71 7 7
8.000244 73 35 35
8.000244 75 25 25
8.000244 76 7 7
8.000244 77 35 35
8.000244 79 31 31
8.000244 80 35 35
8.000244 81 41 41
8.000244 83 37 37
8.000244 86 31 31
8.000244 89 34 34
8.000244 90 40 40
8.000244 91 46 46
8.000244 92 33 33
8.000244 93 42 42
8.000244 95 34 34
8.000244 96 40 40
8.000244 97 38 38
8.000244 98 33 33
8.000244 99 42 42
8.000244 100 44 44
8.000244 101 33 33
8.000244 103 50 50
8.000244 104 39 39
8.000244 105 35 35
8.000244 106 33 33
8.000244 107 44 44
8.000244 108 39 39
8.000244 109 33 33
8.000244 111 38 38
8.000244 113 45 45
8.000244 114 29 29
8.000244 115 5 5
8.000244 116 46 46
8.000244 118 38 38
8.000244 121 40 40
8.000244 122 45 45
8.000244 123 34 34
8.000244 124 31 31
8.000244 125 46 46
8.000244 126 36 36
8.000244 127 31 31
8.000244 128 20 20
8.000244 129 1 1
8.000244 130 35 35
8.000244 131 48 48
8.000244 132 34 34
8.000244 133 31 31
8.000244 134 20 20
8.000244 135 37 37
8.000244 137 37 37
8.000244 141 38 38
8.000244 142 38 38
8.000244 143 43 43
8.000244 145 32 32
8.000244 146 41 41
8.000244 147 38 38
8.000244 149 42 42
8.000244 150 37 37
8.000244 152 41 41
8.000244 153 43 43
8.000244 154 33 33
8.000244 155 46 46
8.000244 156 44 44
8.000244 157 38 38
8.000244 158 31 31
8.000244 159 41 41
8.000244 162 40 40
8.000244 163 43 43
8.000244 164 37 37
8.000244 165 34 34
8.000244 166 38 38
8.000244 169 39 39
8.000244 170 44 44
8.000244 173 37 37
8.000244 174 38 38
8.000244 175 43 43
8.000244 177 34 34
8.000244 178 9 9
8.000244 179 40 40
8.000244 180 34 34
8.000244 183 41 41
8.000244 185 40 40
8.000244 186 34 34
8.000244 187 42 42
8.000244 188 42 42
8.000244 189 37 37
8.000244 190 39 39
8.000244 192 38 38
8.000244 193 11 11
8.000244 195 35 35
8.000244 196 31 31
8.000244 198 36 36
8.000244 199 43 43
8.000244 200 42 42
8.000244 201 36 36
8.000244 202 34 34
8.000244 203 34 34
8.000244 205 41 41
8.000244 206 41 41
8.000244 207 39 39
8.000244 208 40 40
8.000244 209 28 28
8.000244 210 32 32
8.000244 212 33 33
8.000244 213 42 42
8.000244 214 30 30
8.000244 215 38 38
8.000244 216 37 37
8.000244 217 30 30
8.000244 218 40 40
8.000244 219 36 36
9.000275 0 66 66
9.000275 1 65 65
9.000275 3 38 38
9.000275 4 63 63
9.000275 5 71 71
9.000275 7 56 56
9.000275 14 57 57
9.000275 17 56 56
9.000275 18 17 17
9.000275 19 62 62
9.000275 20 58 58
9.000275 29 62 62
9.000275 30 55 55
9.000275 31 62 62
9.000275 32 57 57
9.000275 38 64 64
9.000275 39 62 62
9.000275 41 51 51
9.000275 42 58 58
9.000275 43 62 62
9.000275 44 86 86
9.000275 47 60 60
9.000275 48 69 69
9.000275 51 55 55
9.000275 54 73 73
9.000275 57 53 53
9.000275 60 58 58
9.000275 61 61 61
9.000275 63 52 52
9.000275 66 51 51
9.000275 69 56 56
9.000275 73 61 61
9.000275 77 59 59
9.000275 79 8 8
9.000275 80 52 52
9.000275 81 60 60
9.000275 89 59 59
9.000275 90 62 62
9.000275 91 5 5
9.000275 92 53 53
9.000275 93 66 66
9.000275 95 55 55
9.000275 96 48 48
9.000275 99 42 42
9.000275 101 58 58
9.000275 103 72 72
9.000275 104 66 66
9.000275 105 12 12
9.000275 106 57 57
9.000275 107 57 57
9.000275 108 63 63
9.000275 109 59 59
9.000275 111 68 68
9.000275 116 78 78
9.000275 118 59 59
9.000275 121 65 65
9.000275 122 2 2
9.000275 123 64 64
9.000275 125 68 68
9.000275 127 51 51
9.000275 131 73 73
9.000275 135 38 38
9.000275 137 56 56
9.000275 146 40 40
9.000275 147 23 23
9.000275 149 66 66
9.000275 150 61 61
9.000275 152 66 66
9.000275 153 69 69
9.000275 154 59 59
9.000275 155 69 69
9.000275 156 71 71
9.000275 158 52 52
9.000275 159 68 68
9.000275 162 44 44
9.000275 163 70 70
9.000275 164 62 62
9.000275 165 23 23
9.000275 166 48 48
9.000275 169 67 67
9.000275 170 77 77
9.000275 173 57 57
9.000275 174 65 65
9.000275 175 16 16
9.000275 177 65 65
9.000275 180 57 57
9.000275 183 62 62
9.000275 185 58 58
9.000275 187 53 53
9.000275 188 64 64
9.000275 189 60 60
9.000275 190 70 70
9.000275 192 64 64
9.000275 198 60 60
9.000275 199 57 57
9.000275 201 59 59
9.000275 205 20 20
9.000275 206 61 61
9.000275 208 65 65
9.000275 209 6 6
9.000275 210 58 58
9.000275 214 47 47
9.000275 215 61 61
9.000275 216 64 64
9.000275 217 53 53
9.000275 218 63 63
9.000275 219 59 59
10.000305 0 52 52
10.000305 1 107 107
10.000305 4 74 74
10.000305 5 114 114
10.000305 7 24 24
10.000305 14 92 92
10.000305 19 101 101
10.000305 20 12 12
10.000305 29 84 84
10.000305 30 88 88
10.000305 31 85 85
10.000305 32 84 84
10.000305 39 104 104
10.000305 41 76 76
10.000305 42 60 60
10.000305 43 98 98
10.000305 44 138 138
10.000305 47 6 6
10.000305 51 1 1
10.000305 54 115 115
10.000305 57 82 82
10.000305 60 94 94
10.000305 69 89 89
10.000305 73 88 88
10.000305 77 93 93
10.000305 81 6 6
10.000305 89 98 98
10.000305 90 1 1
10.000305 92 90 90
10.000305 93 27 27
10.000305 101 90 90
10.000305 104 104 104
10.000305 106 84 84
10.000305 108 91 91
10.000305 111 101 101
10.000305 116 120 120
10.000305 118 98 98
10.000305 121 48 48
10.000305 123 44 44
10.000305 125 112 112
10.000305 127 20 20
10.000305 131 128 128
10.000305 137 91 91
10.000305 149 106 106
10.000305 150 101 101
10.000305 152 111 111
10.000305 153 109 109
10.000305 154 87 87
10.000305 155 119 119
10.000305 156 113 113
10.000305 158 77 77
10.000305 159 104 104
10.000305 163 114 114
10.000305 164 6 6
10.000305 169 16 16
10.000305 170 123 123
10.000305 173 90 90
10.000305 174 100 100
10.000305 177 75 75
10.000305 180 84 84
10.000305 185 91 91
10.000305 188 101 101
10.000305 189 93 93
10.000305 190 38 38
10.000305 192 105 105
10.000305 198 87 87
10.000305 201 13 13
10.000305 206 104 104
10.000305 208 66 66
10.000305 210 82 82
10.000305 214 74 74
10.000305 216 93 93
10.000305 217 84 84
10.000305 218 68 68
11.000336 1 117 117
11.000336 5 184 184
11.000336 14 140 140
11.000336 19 137 137
11.000336 29 133 133
11.000336 30 110 110
11.000336 39 173 173
11.000336 41 91 91
11.000336 43 156 156
11.000336 44 2 2
11.000336 54 112 112
11.000336 57 17 17
11.000336 60 94 94
11.000336 69 133 133
11.000336 73 24 24
11.000336 77 148 148
11.000336 89 81 81
11.000336 92 134 134
11.000336 101 135 135
11.000336 104 161 161
11.000336 106 133 133
11.000336 108 8 8
11.000336 111 63 63
11.000336 116 183 183
11.000336 118 154 154
11.000336 125 182 182
11.000336 131 172 172
11.000336 137 140 140
11.000336 149 169 169
11.000336 150 152 152
11.000336 152 8 8
11.000336 153 68 68
11.000336 154 143 143
11.000336 155 193 193
11.000336 156 181 181
11.000336 158 99 99
11.000336 159 85 85
11.000336 163 176 176
11.000336 170 186 186
11.000336 173 145 145
11.000336 174 55 55
11.000336 180 141 141
11.000336 185 37 37
11.000336 188 16 16
11.000336 189 147 147
11.000336 192 19 19
11.000336 206 159 159
11.000336 210 136 136
11.000336 214 13 13
11.000336 216 148 148
11.000336 217 125 125
12.000366 1 29 29
12.000366 5 236 236
12.000366 14 225 225
12.000366 19 43 43
12.000366 29 231 231
12.000366 39 212 212
12.000366 41 38 38
12.000366 43 226 226
12.000366 54 29 29
12.000366 69 186 186
12.000366 77 238 238
12.000366 92 171 171
12.000366 101 112 112
12.000366 104 260 260
12.000366 106 220 220
12.000366 111 1 1
12.000366 116 298 298
12.000366 118 92 92
12.000366 125 197 197
12.000366 131 120 120
12.000366 137 52 52
12.000366 149 269 269
12.000366 150 66 66
12.000366 154 231 231
12.000366 155 79 79
12.000366 156 218 218
12.000366 158 3 3
12.000366 163 286 286
12.000366 170 309 309
12.000366 173 207 207
12.000366 174 14 14
12.000366 180 232 232
12.000366 189 244 244
12.000366 206 41 41
12.000366 210 218 218
12.000366 216 234 234
12.000366 217 185 185
13.000397 5 169 169
13.000397 14 305 305
13.000397 19 9 9
13.000397 29 320 320
13.000397 39 121 121
13.000397 43 169 169
13.000397 69 61 61
13.000397 77 180 180
13.000397 92 62 62
13.000397 101 39 39
13.000397 104 217 217
13.000397 106 293 293
13.000397 116 341 341
13.000397 125 200 200
13.000397 131 37 37
13.000397 137 7 7
13.000397 149 430 430
13.000397 150 10 10
13.000397 154 361 361
13.000397 156 190 190
13.000397 163 458 458
13.000397 170 456 456
13.000397 173 196 196
13.000397 180 359 359
13.000397 189 374 374
13.000397 210 291 291
13.000397 216 246 246
13.000397 217 70 70
14.000427 5 98 98
14.000427 14 357 357
14.000427 29 414 414
14.000427 39 40 40
14.000427 43 22 22
14.000427 69 8 8
14.000427 77 37 37
14.000427 92 18 18
14.000427 101 31 31
14.000427 104 45 45
14.000427 106 300 300
14.000427 116 318 318
14.000427 125 112 112
14.000427 149 606 606
14.000427 154 522 522
14.000427 156 95 95
14.000427 163 633 633
14.000427 170 461 461
14.000427 173 152 152
14.000427 180 517 517
14.000427 189 608 608
14.000427 210 306 306
14.000427 216 259 259
14.000427 217 7 7
15.000458 5 83 83
15.000458 14 332 332
15.000458 29 435 435
15.000458 69 5 5
15.000458 101 1 1
15.000458 106 273 273
15.000458 116 302 302
15.000458 125 25 25
15.000458 149 581 581
15.000458 154 554 554
15.000458 156 36 36
15.000458 163 788 788
15.000458 170 363 363
15.000458 173 13 13
15.000458 180 785 785
15.000458 189 950 950
15.000458 210 211 211
15.000458 216 299 299
16.000488 5 60 60
16.000488 14 330 330
16.000488 29 419 419
16.000488 106 254 254
16.000488 116 266 266
16.000488 149 595 595
16.000488 154 396 396
16.000488 163 831 831
16.000488 170 268 268
16.000488 180 978 978
16.000488 189 1206 1206
16.000488 210 83 83
16.000488 216 330 330
17.000519 5 47 47
17.000519 14 426 426
17.000519 29 419 419
17.000519 106 255 255
17.000519 116 242 242
17.000519 149 563 563
17.000519 154 260 260
17.000519 163 777 777
17.000519 170 206 206
17.000519 180 1003 1003
17.000519 189 1293 1293
17.000519 210 115 115
17.000519 216 388 388
18.000549 5 23 23
18.000549 14 538 538
18.000549 29 429 429
18.000549 106 208 208
18.000549 116 275 275
18.000549 149 530 530
18.000549 154 186 186
18.000549 163 641 641
18.000549 170 182 182
18.000549 180 1030 1030
18.000549 189 1384 1384
18.000549 210 157 157
18.000549 216 441 441
19.000580 5 11 11
19.000580 14 579 579
19.000580 29 453 453
19.000580 106 117 117
19.000580 116 222 222
19.000580 149 522 522
19.000580 154 152 152
19.000580 163 582 582
19.000580 170 193 193
19.000580 180 1094 1094
19.000580 189 1443 1443
19.000580 210 214 214
19.000580 216 443 443
20.000610 14 699 699
20.000610 29 484 484
20.000610 106 78 78
20.000610 116 187 187
20.000610 149 513 513
20.000610 154 188 188
20.000610 163 542 542
20.000610 170 181 181
20.000610 180 1045 1045
20.000610 189 1396 1396
20.000610 210 271 271
20.000610 216 436 436
21.000641 14 821 821
21.000641 29 520 520
21.000641 106 7 7
21.000641 116 165 165
21.000641 149 497 497
21.000641 154 173 173
21.000641 163 422 422
21.000641 170 132 132
21.000641 180 972 972
21.000641 189 1518 1518
21.000641 210 340 340
21.000641 216 456 456
22.000671 14 866 866
22.000671 29 430 430
22.000671 116 143 143
22.000671 149 492 492
22.000671 154 140 140
22.000671 163 352 352
22.000671 170 135 135
22.000671 180 908 908
22.000671 189 1681 1681
22.000671 210 375 375
22.000671 216 434 434
23.000702 14 1046 1046
23.000702 29 334 334
23.000702 116 114 114
23.000702 149 524 524
23.000702 154 127 127
23.000702 163 175 175
23.000702 170 161 161
23.000702 180 925 925
23.000702 189 1815 1815
23.000702 210 347 347
23.000702 216 450 450
24.000732 14 1132 1132
24.000732 29 289 289
24.000732 116 56 56
24.000732 149 489 489
24.000732 154 67 67
24.000732 163 74 74
24.000732 170 197 197
24.000732 180 976 976
24.000732 189 1980 1980
24.000732 210 305 305
24.000732 216 435 435
25.000763 14 1095 1095
25.000763 29 275 275
25.000763 116 14 14
25.000763 149 451 451
25.000763 154 15 15
25.000763 163 3 3
25.000763 170 251 251
25.000763 180 1096 1096
25.000763 189 2095 2095
25.000763 210 216 216
25.000763 216 435 435
26.000793 14 996 996
26.000793 29 247 247
26.000793 149 456 456
26.000793 170 280 280
26.000793 180 1165 1165
26.000793 189 2190 2190
26.000793 210 214 214
26.000793 216 453 453
27.000824 14 842 842
27.000824 29 249 249
27.000824 149 432 432
27.000824 170 345 345
27.000824 180 1297 1297
27.000824 189 2256 2256
27.000824 210 151 151
27.000824 216 425 425
28.000854 14 727 727
28.000854 29 275 275
28.000854 149 393 393
28.000854 170 324 324
28.000854 180 1524 1524
28.000854 189 2170 2170
28.000854 210 178 178
28.000854 216 416 416
29.000885 14 732 732
29.000885 29 284 284
29.000885 149 436 436
29.000885 170 325 325
29.000885 180 1601 1601
29.000885 189 2229 2229
29.000885 210 63 63
29.000885 216 327 327
30.000916 14 748 748
30.000916 29 289 289
30.000916 149 501 501
30.000916 170 293 293
30.000916 180 1496 1496
30.000916 189 2321 2321
30.000916 210 24 24
30.000916 216 333 333
31.000946 14 681 681
31.000946 29 276 276
31.000946 149 598 598
31.000946 170 240 240
31.000946 180 1506 1506
31.000946 189 2348 2348
31.000946 210 2 2
31.000946 216 317 317
32.000977 14 763 763
32.000977 29 254 254
32.000977 149 607 607
32.000977 170 253 253
32.000977 180 1461 1461
32.000977 189 2385 2385
32.000977 216 274 274
33.001007 14 829 829
33.001007 29 278 278
33.001007 149 470 470
33.001007 170 331 331
33.001007 180 1450 1450
33.001007 189 2441 2441
33.001007 216 195 195
34.001038 14 803 803
34.001038 29 252 252
34.001038 149 406 406
34.001038 170 432 432
34.001038 180 1500 1500
34.001038 189 2451 2451
34.001038 216 147 147
35.001068 14 736 736
35.001068 29 279 279
35.001068 149 361 361
35.001068 170 542 542
35.001068 180 1560 1560
35.001068 189 2385 2385
35.001068 216 110 110
36.001099 14 632 632
36.001099 29 311 311
36.001099 149 307 307
36.001099 170 656 656
36.001099 180 1648 1648
36.001099 189 2354 2354
36.001099 216 95 95
