0.000000 0 1 1
0.000000 1 1 1
0.000000 2 1 1
0.000000 3 1 1
0.000000 4 1 1
0.000000 5 1 1
0.000000 7 1 1
0.000000 8 1 1
0.000000 9 1 1
0.000000 10 1 1
0.000000 11 1 1
0.000000 12 1 1
0.000000 13 1 1
0.000000 14 1 1
0.000000 15 1 1
0.000000 16 1 1
0.000000 17 1 1
0.000000 18 1 1
0.000000 19 1 1
0.000000 20 1 1
0.000000 21 1 1
0.000000 22 1 1
0.000000 23 1 1
0.000000 24 1 1
0.000000 25 1 1
0.000000 26 1 1
0.000000 27 1 1
0.000000 28 1 1
0.000000 30 1 1
0.000000 31 1 1
0.000000 32 1 1
0.000000 33 1 1
0.000000 34 1 1
0.000000 35 1 1
0.000000 36 1 1
0.000000 37 1 1
0.000000 38 1 1
0.000000 39 1 1
0.000000 40 1 1
0.000000 41 1 1
0.000000 42 1 1
0.000000 44 1 1
0.000000 45 1 1
0.000000 46 1 1
0.000000 47 1 1
0.000000 48 1 1
0.000000 49 1 1
0.000000 50 1 1
0.000000 51 1 1
0.000000 52 1 1
0.000000 53 1 1
0.000000 54 1 1
0.000000 55 1 1
0.000000 56 1 1
0.000000 57 1 1
0.000000 58 1 1
0.000000 60 1 1
0.000000 61 1 1
0.000000 62 1 1
0.000000 63 1 1
0.000000 64 1 1
0.000000 65 1 1
0.000000 66 1 1
0.000000 67 1 1
0.000000 68 1 1
0.000000 69 1 1
0.000000 70 1 1
0.000000 71 1 1
0.000000 72 1 1
0.000000 73 1 1
0.000000 74 1 1
0.000000 75 1 1
0.000000 77 1 1
0.000000 78 1 1
0.000000 79 1 1
0.000000 80 1 1
0.000000 81 1 1
0.000000 82 1 1
0.000000 84 1 1
0.000000 85 1 1
0.000000 86 1 1
0.000000 87 1 1
0.000000 88 1 1
0.000000 89 1 1
0.000000 91 1 1
0.000000 92 1 1
0.000000 93 1 1
0.000000 94 1 1
0.000000 95 1 1
0.000000 96 1 1
0.000000 97 1 1
0.000000 98 1 1
0.000000 99 1 1
0.000000 100 1 1
0.000000 101 1 1
0.000000 102 1 1
0.000000 103 1 1
0.000000 104 1 1
0.000000 105 1 1
0.000000 106 1 1
0.000000 107 1 1
0.000000 108 1 1
0.000000 109 1 1
0.000000 110 1 1
0.000000 111 1 1
0.000000 112 1 1
0.000000 113 1 1
0.000000 114 1 1
0.000000 115 1 1
0.000000 116 1 1
0.000000 117 1 1
0.000000 118 1 1
0.000000 119 1 1
0.000000 120 1 1
0.000000 121 1 1
0.000000 122 1 1
0.000000 123 1 1
0.000000 124 1 1
0.000000 125 1 1
0.000000 126 1 1
0.000000 127 1 1
0.000000 128 1 1
0.000000 129 1 1
0.000000 130 1 1
0.000000 131 1 1
0.000000 132 1 1
0.000000 134 1 1
0.000000 135 1 1
0.000000 136 1 1
0.000000 137 1 1
0.000000 138 1 1
0.000000 139 1 1
0.000000 140 1 1
0.000000 141 1 1
0.000000 142 1 1
0.000000 143 1 1
0.000000 144 1 1
0.000000 145 1 1
0.000000 146 1 1
0.000000 147 1 1
0.000000 148 1 1
0.000000 149 1 1
0.000000 150 1 1
0.000000 151 1 1
0.000000 152 1 1
0.000000 153 1 1
0.000000 154 1 1
0.000000 155 1 1
0.000000 156 1 1
0.000000 157 1 1
0.000000 158 1 1
0.000000 159 1 1
0.000000 161 1 1
0.000000 162 1 1
0.000000 163 1 1
0.000000 165 1 1
0.000000 166 1 1
0.000000 167 1 1
0.000000 169 1 1
0.000000 170 1 1
0.000000 171 1 1
0.000000 172 1 1
0.000000 175 1 1
0.000000 176 1 1
0.000000 177 1 1
0.000000 178 1 1
0.000000 180 1 1
0.000000 181 1 1
0.000000 182 1 1
0.000000 184 1 1
0.000000 185 1 1
0.000000 186 1 1
0.000000 187 1 1
0.000000 188 1 1
0.000000 190 1 1
0.000000 191 1 1
0.000000 192 1 1
0.000000 193 1 1
0.000000 194 1 1
0.000000 195 1 1
0.000000 196 1 1
0.000000 197 1 1
0.000000 198 1 1
0.000000 199 1 1
0.000000 200 1 1
0.000000 201 1 1
0.000000 202 1 1
0.000000 203 1 1
0.000000 204 1 1
0.000000 205 1 1
0.000000 206 1 1
0.000000 208 1 1
0.000000 209 1 1
0.000000 210 1 1
0.000000 211 1 1
0.000000 212 1 1
0.000000 213 1 1
0.000000 214 1 1
0.000000 215 1 1
0.000000 216 1 1
0.000000 217 1 1
0.000000 218 1 1
0.000000 219 1 1
1.000031 0 2 2
1.000031 1 1 1
1.000031 2 2 2
1.000031 3 2 2
1.000031 4 2 2
1.000031 5 1 1
1.000031 7 2 2
1.000031 8 1 1
1.000031 9 1 1
1.000031 10 2 2
1.000031 11 2 2
1.000031 12 2 2
1.000031 13 2 2
1.000031 14 2 2
1.000031 15 1 1
1.000031 16 1 1
1.000031 17 1 1
1.000031 18 1 1
1.000031 19 1 1
1.000031 20 2 2
1.000031 21 2 2
1.000031 22 1 1
1.000031 23 1 1
1.000031 24 2 2
1.000031 25 1 1
1.000031 26 2 2
1.000031 27 2 2
1.000031 28 1 1
1.000031 30 1 1
1.000031 31 1 1
1.000031 32 1 1
1.000031 33 2 2
1.000031 34 2 2
1.000031 35 2 2
1.000031 36 2 2
1.000031 37 2 2
1.000031 38 2 2
1.000031 39 2 2
1.000031 40 2 2
1.000031 41 2 2
1.000031 42 2 2
1.000031 44 2 2
1.000031 45 1 1
1.000031 46 2 2
1.000031 47 2 2
1.000031 48 2 2
1.000031 49 1 1
1.000031 50 2 2
1.000031 51 2 2
1.000031 52 1 1
1.000031 53 2 2
1.000031 54 2 2
1.000031 55 1 1
1.000031 56 1 1
1.000031 57 2 2
1.000031 58 2 2
1.000031 60 1 1
1.000031 61 1 1
1.000031 62 2 2
1.000031 63 1 1
1.000031 64 1 1
1.000031 65 2 2
1.000031 66 2 2
1.000031 67 2 2
1.000031 68 1 1
1.000031 69 2 2
1.000031 70 2 2
1.000031 71 1 1
1.000031 72 2 2
1.000031 73 1 1
1.000031 74 2 2
1.000031 75 2 2
1.000031 77 2 2
1.000031 78 2 2
1.000031 79 2 2
1.000031 80 1 1
1.000031 81 2 2
1.000031 82 1 1
1.000031 84 1 1
1.000031 85 2 2
1.000031 86 2 2
1.000031 87 2 2
1.000031 88 2 2
1.000031 89 2 2
1.000031 91 2 2
1.000031 92 1 1
1.000031 93 1 1
1.000031 94 1 1
1.000031 95 1 1
1.000031 96 1 1
1.000031 97 2 2
1.000031 98 2 2
1.000031 99 1 1
1.000031 100 1 1
1.000031 101 1 1
1.000031 102 1 1
1.000031 103 2 2
1.000031 104 1 1
1.000031 105 1 1
1.000031 106 1 1
1.000031 107 2 2
1.000031 108 2 2
1.000031 109 1 1
1.000031 110 1 1
1.000031 111 1 1
1.000031 112 1 1
1.000031 113 2 2
1.000031 114 2 2
1.000031 115 1 1
1.000031 116 1 1
1.000031 117 2 2
1.000031 118 2 2
1.000031 119 1 1
1.000031 120 1 1
1.000031 121 1 1
1.000031 122 2 2
1.000031 123 1 1
1.000031 124 2 2
1.000031 125 1 1
1.000031 126 1 1
1.000031 127 2 2
1.000031 128 1 1
1.000031 129 1 1
1.000031 130 2 2
1.000031 131 1 1
1.000031 132 2 2
1.000031 134 1 1
1.000031 135 1 1
1.000031 136 1 1
1.000031 137 2 2
1.000031 138 1 1
1.000031 139 2 2
1.000031 140 1 1
1.000031 141 1 1
1.000031 142 2 2
1.000031 143 2 2
1.000031 144 1 1
1.000031 145 1 1
1.000031 146 1 1
1.000031 147 2 2
1.000031 148 2 2
1.000031 149 2 2
1.000031 150 2 2
1.000031 151 2 2
1.000031 152 2 2
1.000031 153 2 2
1.000031 154 1 1
1.000031 155 1 1
1.000031 156 2 2
1.000031 157 2 2
1.000031 158 1 1
1.000031 159 2 2
1.000031 161 2 2
1.000031 162 2 2
1.000031 163 2 2
1.000031 165 2 2
1.000031 166 1 1
1.000031 167 2 2
1.000031 169 2 2
1.000031 170 1 1
1.000031 171 1 1
1.000031 172 2 2
1.000031 175 2 2
1.000031 176 1 1
1.000031 177 2 2
1.000031 178 1 1
1.000031 180 1 1
1.000031 181 1 1
1.000031 182 2 2
1.000031 184 2 2
1.000031 185 1 1
1.000031 186 2 2
1.000031 187 2 2
1.000031 188 2 2
1.000031 190 1 1
1.000031 191 1 1
1.000031 192 2 2
1.000031 193 2 2
1.000031 194 1 1
1.000031 195 2 2
1.000031 196 2 2
1.000031 197 1 1
1.000031 198 2 2
1.000031 199 2 2
1.000031 200 2 2
1.000031 201 1 1
1.000031 202 1 1
1.000031 203 2 2
1.000031 204 1 1
1.000031 205 2 2
1.000031 206 2 2
1.000031 208 1 1
1.000031 209 2 2
1.000031 210 2 2
1.000031 211 2 2
1.000031 212 2 2
1.000031 213 1 1
1.000031 214 2 2
1.000031 215 2 2
1.000031 216 2 2
1.000031 217 1 1
1.000031 218 1 1
1.000031 219 1 1
2.000061 0 2 2
2.000061 1 2 2
2.000061 2 2 2
2.000061 3 2 2
2.000061 4 2 2
2.000061 5 1 1
2.000061 7 2 2
2.000061 8 2 2
2.000061 9 3 3
2.000061 10 2 2
2.000061 11 2 2
2.000061 12 2 2
2.000061 13 2 2
2.000061 14 2 2
2.000061 15 2 2
2.000061 16 2 2
2.000061 17 2 2
2.000061 18 2 2
2.000061 19 2 2
2.000061 20 2 2
2.000061 21 3 3
2.000061 22 2 2
2.000061 23 2 2
2.000061 24 2 2
2.000061 25 2 2
2.000061 26 2 2
2.000061 27 2 2
2.000061 28 2 2
2.000061 30 2 2
2.000061 31 2 2
2.000061 32 2 2
2.000061 33 2 2
2.000061 34 2 2
2.000061 35 2 2
2.000061 36 2 2
2.000061 37 2 2
2.000061 38 2 2
2.000061 39 2 2
2.000061 40 2 2
2.000061 41 2 2
2.000061 42 2 2
2.000061 44 2 2
2.000061 45 2 2
2.000061 46 2 2
2.000061 47 3 3
2.000061 48 2 2
2.000061 49 2 2
2.000061 50 2 2
2.000061 51 2 2
2.000061 52 2 2
2.000061 53 2 2
2.000061 54 2 2
2.000061 55 2 2
2.000061 56 2 2
2.000061 57 2 2
2.000061 58 2 2
2.000061 60 2 2
2.000061 61 2 2
2.000061 62 3 3
2.000061 63 2 2
2.000061 64 2 2
2.000061 65 2 2
2.000061 66 2 2
2.000061 67 2 2
2.000061 68 2 2
2.000061 69 2 2
2.000061 70 3 3
2.000061 71 2 2
2.000061 72 2 2
2.000061 73 2 2
2.000061 74 2 2
2.000061 75 2 2
2.000061 77 3 3
2.000061 78 2 2
2.000061 79 2 2
2.000061 80 2 2
2.000061 81 2 2
2.000061 82 2 2
2.000061 84 2 2
2.000061 85 2 2
2.000061 86 2 2
2.000061 87 2 2
2.000061 88 3 3
2.000061 89 3 3
2.000061 91 2 2
2.000061 92 2 2
2.000061 93 2 2
2.000061 94 2 2
2.000061 95 2 2
2.000061 96 2 2
2.000061 97 2 2
2.000061 98 2 2
2.000061 99 2 2
2.000061 100 2 2
2.000061 101 2 2
2.000061 102 2 2
2.000061 103 4 4
2.000061 104 2 2
2.000061 105 2 2
2.000061 106 2 2
2.000061 107 3 3
2.000061 108 2 2
2.000061 109 2 2
2.000061 110 2 2
2.000061 111 2 2
2.000061 112 2 2
2.000061 113 3 3
2.000061 114 2 2
2.000061 115 2 2
2.000061 116 2 2
2.000061 117 2 2
2.000061 118 2 2
2.000061 119 2 2
2.000061 120 2 2
2.000061 121 2 2
2.000061 122 2 2
2.000061 123 2 2
2.000061 124 2 2
2.000061 125 2 2
2.000061 126 2 2
2.000061 127 2 2
2.000061 128 2 2
2.000061 129 2 2
2.000061 130 2 2
2.000061 131 2 2
2.000061 132 2 2
2.000061 134 2 2
2.000061 135 2 2
2.000061 136 2 2
2.000061 137 2 2
2.000061 138 2 2
2.000061 139 2 2
2.000061 140 2 2
2.000061 141 2 2
2.000061 142 2 2
2.000061 143 2 2
2.000061 144 2 2
2.000061 145 2 2
2.000061 146 3 3
2.000061 147 2 2
2.000061 148 2 2
2.000061 149 2 2
2.000061 150 2 2
2.000061 151 2 2
2.000061 152 2 2
2.000061 153 2 2
2.000061 154 2 2
2.000061 155 2 2
2.000061 156 2 2
2.000061 157 2 2
2.000061 158 2 2
2.000061 159 2 2
2.000061 161 2 2
2.000061 162 2 2
2.000061 163 2 2
2.000061 165 2 2
2.000061 166 2 2
2.000061 167 2 2
2.000061 169 2 2
2.000061 170 2 2
2.000061 171 2 2
2.000061 172 2 2
2.000061 175 2 2
2.000061 176 2 2
2.000061 177 2 2
2.000061 178 2 2
2.000061 180 2 2
2.000061 181 2 2
2.000061 182 2 2
2.000061 184 3 3
2.000061 185 2 2
2.000061 186 2 2
2.000061 187 3 3
2.000061 188 2 2
2.000061 190 2 2
2.000061 191 2 2
2.000061 192 3 3
2.000061 193 2 2
2.000061 194 2 2
2.000061 195 2 2
2.000061 196 2 2
2.000061 197 2 2
2.000061 198 2 2
2.000061 199 2 2
2.000061 200 2 2
2.000061 201 2 2
2.000061 202 2 2
2.000061 203 2 2
2.000061 204 2 2
2.000061 205 3 3
2.000061 206 2 2
2.000061 208 2 2
2.000061 209 2 2
2.000061 210 2 2
2.000061 211 2 2
2.000061 212 2 2
2.000061 213 2 2
2.000061 214 2 2
2.000061 215 3 3
2.000061 216 2 2
2.000061 217 2 2
2.000061 218 2 2
2.000061 219 2 2
3.000092 0 4 4
3.000092 1 4 4
3.000092 2 4 4
3.000092 3 4 4
3.000092 4 4 4
3.000092 5 1 1
3.000092 7 4 4
3.000092 8 4 4
3.000092 9 4 4
3.000092 10 4 4
3.000092 11 4 4
3.000092 12 4 4
3.000092 13 4 4
3.000092 14 4 4
3.000092 15 4 4
3.000092 16 4 4
3.000092 17 3 3
3.000092 18 4 4
3.000092 19 4 4
3.000092 20 4 4
3.000092 21 4 4
3.000092 22 3 3
3.000092 23 4 4
3.000092 24 4 4
3.000092 25 4 4
3.000092 26 4 4
3.000092 27 4 4
3.000092 28 4 4
3.000092 30 4 4
3.000092 31 4 4
3.000092 32 4 4
3.000092 33 4 4
3.000092 34 4 4
3.000092 35 4 4
3.000092 36 4 4
3.000092 37 4 4
3.000092 38 4 4
3.000092 39 4 4
3.000092 40 4 4
3.000092 41 4 4
3.000092 42 4 4
3.000092 44 4 4
3.000092 45 4 4
3.000092 46 4 4
3.000092 47 4 4
3.000092 48 3 3
3.000092 49 3 3
3.000092 50 4 4
3.000092 51 4 4
3.000092 52 4 4
3.000092 53 4 4
3.000092 54 4 4
3.000092 55 3 3
3.000092 56 4 4
3.000092 57 4 4
3.000092 58 4 4
3.000092 60 4 4
3.000092 61 4 4
3.000092 62 4 4
3.000092 63 4 4
3.000092 64 4 4
3.000092 65 3 3
3.000092 66 4 4
3.000092 67 4 4
3.000092 68 4 4
3.000092 69 4 4
3.000092 70 4 4
3.000092 71 3 3
3.000092 72 4 4
3.000092 73 4 4
3.000092 74 4 4
3.000092 75 4 4
3.000092 77 5 5
3.000092 78 4 4
3.000092 79 4 4
3.000092 80 4 4
3.000092 81 4 4
3.000092 82 4 4
3.000092 84 4 4
3.000092 85 4 4
3.000092 86 3 3
3.000092 87 4 4
3.000092 88 5 5
3.000092 89 4 4
3.000092 91 4 4
3.000092 92 4 4
3.000092 93 4 4
3.000092 94 4 4
3.000092 95 3 3
3.000092 96 4 4
3.000092 97 4 4
3.000092 98 4 4
3.000092 99 4 4
3.000092 100 4 4
3.000092 101 3 3
3.000092 102 4 4
3.000092 103 5 5
3.000092 104 4 4
3.000092 105 4 4
3.000092 106 4 4
3.000092 107 4 4
3.000092 108 4 4
3.000092 109 4 4
3.000092 110 3 3
3.000092 111 3 3
3.000092 112 4 4
3.000092 113 4 4
3.000092 114 4 4
3.000092 115 4 4
3.000092 116 4 4
3.000092 117 4 4
3.000092 118 4 4
3.000092 119 4 4
3.000092 120 3 3
3.000092 121 4 4
3.000092 122 4 4
3.000092 123 3 3
3.000092 124 4 4
3.000092 125 4 4
3.000092 126 3 3
3.000092 127 4 4
3.000092 128 4 4
3.000092 129 3 3
3.000092 130 4 4
3.000092 131 4 4
3.000092 132 4 4
3.000092 134 4 4
3.000092 135 4 4
3.000092 136 4 4
3.000092 137 4 4
3.000092 138 4 4
3.000092 139 4 4
3.000092 140 4 4
3.000092 141 3 3
3.000092 142 4 4
3.000092 143 4 4
3.000092 144 4 4
3.000092 145 3 3
3.000092 146 5 5
3.000092 147 4 4
3.000092 148 4 4
3.000092 149 4 4
3.000092 150 4 4
3.000092 151 4 4
3.000092 152 4 4
3.000092 153 4 4
3.000092 154 3 3
3.000092 155 4 4
3.000092 156 4 4
3.000092 157 4 4
3.000092 158 4 4
3.000092 159 4 4
3.000092 161 4 4
3.000092 162 4 4
3.000092 163 4 4
3.000092 165 4 4
3.000092 166 3 3
3.000092 167 4 4
3.000092 169 4 4
3.000092 170 2 2
3.000092 171 4 4
3.000092 172 4 4
3.000092 175 4 4
3.000092 176 4 4
3.000092 177 4 4
3.000092 178 4 4
3.000092 180 4 4
3.000092 181 3 3
3.000092 182 4 4
3.000092 184 5 5
3.000092 185 4 4
3.000092 186 4 4
3.000092 187 5 5
3.000092 188 4 4
3.000092 190 3 3
3.000092 191 4 4
3.000092 192 5 5
3.000092 193 4 4
3.000092 194 4 4
3.000092 195 4 4
3.000092 196 4 4
3.000092 197 3 3
3.000092 198 4 4
3.000092 199 4 4
3.000092 200 4 4
3.000092 201 4 4
3.000092 202 3 3
3.000092 203 4 4
3.000092 204 4 4
3.000092 205 4 4
3.000092 206 4 4
3.000092 208 4 4
3.000092 209 4 4
3.000092 210 4 4
3.000092 211 4 4
3.000092 212 4 4
3.000092 213 3 3
3.000092 214 4 4
3.000092 215 4 4
3.000092 216 4 4
3.000092 217 4 4
3.000092 218 4 4
3.000092 219 4 4
4.000122 0 7 7
4.000122 1 5 5
4.000122 2 7 7
4.000122 3 7 7
4.000122 4 6 6
4.000122 5 2 2
4.000122 7 8 8
4.000122 8 4 4
4.000122 9 5 5
4.000122 10 5 5
4.000122 11 5 5
4.000122 12 6 6
4.000122 13 6 6
4.000122 14 7 7
4.000122 15 4 4
4.000122 16 5 5
4.000122 17 4 4
4.000122 18 6 6
4.000122 19 4 4
4.000122 20 8 8
4.000122 21 7 7
4.000122 22 5 5
4.000122 23 5 5
4.000122 24 6 6
4.000122 25 4 4
4.000122 26 6 6
4.000122 27 6 6
4.000122 28 6 6
4.000122 30 5 5
4.000122 31 6 6
4.000122 32 4 4
4.000122 33 8 8
4.000122 34 7 7
4.000122 35 8 8
4.000122 36 6 6
4.000122 37 7 7
4.000122 38 8 8
4.000122 39 8 8
4.000122 40 6 6
4.000122 41 7 7
4.000122 42 5 5
4.000122 44 7 7
4.000122 45 5 5
4.000122 46 6 6
4.000122 47 8 8
4.000122 48 6 6
4.000122 49 4 4
4.000122 50 7 7
4.000122 51 5 5
4.000122 52 5 5
4.000122 53 7 7
4.000122 54 7 7
4.000122 55 5 5
4.000122 56 5 5
4.000122 57 5 5
4.000122 58 7 7
4.000122 60 4 4
4.000122 61 5 5
4.000122 62 7 7
4.000122 63 5 5
4.000122 64 4 4
4.000122 65 6 6
4.000122 66 7 7
4.000122 67 7 7
4.000122 68 6 6
4.000122 69 8 8
4.000122 70 7 7
4.000122 71 5 5
4.000122 72 6 6
4.000122 73 4 4
4.000122 74 5 5
4.000122 75 8 8
4.000122 77 7 7
4.000122 78 7 7
4.000122 79 8 8
4.000122 80 5 5
4.000122 81 5 5
4.000122 82 5 5
4.000122 84 5 5
4.000122 85 8 8
4.000122 86 6 6
4.000122 87 7 7
4.000122 88 6 6
4.000122 89 8 8
4.000122 91 8 8
4.000122 92 4 4
4.000122 93 4 4
4.000122 94 6 6
4.000122 95 6 6
4.000122 96 7 7
4.000122 97 7 7
4.000122 98 6 6
4.000122 99 4 4
4.000122 100 5 5
4.000122 101 6 6
4.000122 102 6 6
4.000122 103 9 9
4.000122 104 5 5
4.000122 105 7 7
4.000122 106 4 4
4.000122 107 7 7
4.000122 108 6 6
4.000122 109 6 6
4.000122 110 6 6
4.000122 111 4 4
4.000122 112 4 4
4.000122 113 6 6
4.000122 114 6 6
4.000122 115 7 7
4.000122 116 6 6
4.000122 117 6 6
4.000122 118 5 5
4.000122 119 7 7
4.000122 120 4 4
4.000122 121 6 6
4.000122 122 7 7
4.000122 123 2 2
4.000122 124 7 7
4.000122 125 5 5
4.000122 126 4 4
4.000122 127 8 8
4.000122 128 6 6
4.000122 129 5 5
4.000122 130 8 8
4.000122 131 6 6
4.000122 132 8 8
4.000122 134 7 7
4.000122 135 8 8
4.000122 136 6 6
4.000122 137 8 8
4.000122 138 5 5
4.000122 139 6 6
4.000122 140 5 5
4.000122 141 5 5
4.000122 142 6 6
4.000122 143 6 6
4.000122 144 6 6
4.000122 145 6 6
4.000122 146 7 7
4.000122 147 6 6
4.000122 148 8 8
4.000122 149 7 7
4.000122 150 7 7
4.000122 151 8 8
4.000122 152 7 7
4.000122 153 8 8
4.000122 154 4 4
4.000122 155 4 4
4.000122 156 7 7
4.000122 157 7 7
4.000122 158 4 4
4.000122 159 7 7
4.000122 161 8 8
4.000122 162 8 8
4.000122 163 8 8
4.000122 165 7 7
4.000122 166 4 4
4.000122 167 6 6
4.000122 169 8 8
4.000122 170 4 4
4.000122 171 6 6
4.000122 172 7 7
4.000122 175 7 7
4.000122 176 4 4
4.000122 177 7 7
4.000122 178 6 6
4.000122 180 5 5
4.000122 181 5 5
4.000122 182 5 5
4.000122 184 7 7
4.000122 185 5 5
4.000122 186 6 6
4.000122 187 9 9
4.000122 188 6 6
4.000122 190 5 5
4.000122 191 5 5
4.000122 192 9 9
4.000122 193 7 7
4.000122 194 7 7
4.000122 195 8 8
4.000122 196 7 7
4.000122 197 4 4
4.000122 198 6 6
4.000122 199 6 6
4.000122 200 7 7
4.000122 201 4 4
4.000122 202 4 4
4.000122 203 5 5
4.000122 204 6 6
4.000122 205 7 7
4.000122 206 6 6
4.000122 208 6 6
4.000122 209 7 7
4.000122 210 7 7
4.000122 211 6 6
4.000122 212 6 6
4.000122 213 4 4
4.000122 214 5 5
4.000122 215 7 7
4.000122 216 6 6
4.000122 217 7 7
4.000122 218 6 6
4.000122 219 5 5
5.000153 0 10 10
5.000153 1 8 8
5.000153 2 8 8
5.000153 3 8 8
5.000153 4 8 8
5.000153 5 2 2
5.000153 7 9 9
5.000153 8 8 8
5.000153 9 9 9
5.000153 10 9 9
5.000153 11 8 8
5.000153 12 10 10
5.000153 13 10 10
5.000153 14 11 11
5.000153 15 8 8
5.000153 16 10 10
5.000153 17 8 8
5.000153 18 8 8
5.000153 19 8 8
5.000153 20 9 9
5.000153 21 11 11
5.000153 22 8 8
5.000153 23 8 8
5.000153 24 8 8
5.000153 25 8 8
5.000153 26 9 9
5.000153 27 9 9
5.000153 28 8 8
5.000153 30 8 8
5.000153 31 8 8
5.000153 32 8 8
5.000153 33 9 9
5.000153 34 10 10
5.000153 35 13 13
5.000153 36 11 11
5.000153 37 10 10
5.000153 38 9 9
5.000153 39 14 14
5.000153 40 8 8
5.000153 41 9 9
5.000153 42 8 8
5.000153 44 9 9
5.000153 45 8 8
5.000153 46 9 9
5.000153 47 9 9
5.000153 48 11 11
5.000153 49 8 8
5.000153 50 10 10
5.000153 51 9 9
5.000153 52 8 8
5.000153 53 11 11
5.000153 54 8 8
5.000153 55 7 7
5.000153 56 8 8
5.000153 57 8 8
5.000153 58 8 8
5.000153 60 8 8
5.000153 61 8 8
5.000153 62 9 9
5.000153 63 8 8
5.000153 64 8 8
5.000153 65 10 10
5.000153 66 9 9
5.000153 67 9 9
5.000153 68 8 8
5.000153 69 8 8
5.000153 70 12 12
5.000153 71 7 7
5.000153 72 8 8
5.000153 73 8 8
5.000153 74 9 9
5.000153 75 9 9
5.000153 77 10 10
5.000153 78 10 10
5.000153 79 10 10
5.000153 80 9 9
5.000153 81 9 9
5.000153 82 10 10
5.000153 84 9 9
5.000153 85 15 15
5.000153 86 9 9
5.000153 87 11 11
5.000153 88 9 9
5.000153 89 11 11
5.000153 91 12 12
5.000153 92 9 9
5.000153 93 8 8
5.000153 94 9 9
5.000153 95 8 8
5.000153 96 10 10
5.000153 97 8 8
5.000153 98 10 10
5.000153 99 8 8
5.000153 100 9 9
5.000153 101 9 9
5.000153 102 10 10
5.000153 103 13 13
5.000153 104 9 9
5.000153 105 11 11
5.000153 106 8 8
5.000153 107 12 12
5.000153 108 8 8
5.000153 109 8 8
5.000153 110 9 9
5.000153 111 7 7
5.000153 112 8 8
5.000153 113 10 10
5.000153 114 8 8
5.000153 115 9 9
5.000153 116 8 8
5.000153 117 11 11
5.000153 118 9 9
5.000153 119 8 8
5.000153 120 8 8
5.000153 121 8 8
5.000153 122 9 9
5.000153 123 4 4
5.000153 124 8 8
5.000153 125 8 8
5.000153 126 7 7
5.000153 127 11 11
5.000153 128 8 8
5.000153 129 8 8
5.000153 130 11 11
5.000153 131 8 8
5.000153 132 9 9
5.000153 134 11 11
5.000153 135 8 8
5.000153 136 10 10
5.000153 137 8 8
5.000153 138 8 8
5.000153 139 9 9
5.000153 140 8 8
5.000153 141 7 7
5.000153 142 9 9
5.000153 143 9 9
5.000153 144 9 9
5.000153 145 9 9
5.000153 146 10 10
5.000153 147 8 8
5.000153 148 12 12
5.000153 149 9 9
5.000153 150 8 8
5.000153 151 8 8
5.000153 152 9 9
5.000153 153 10 10
5.000153 154 7 7
5.000153 155 8 8
5.000153 156 8 8
5.000153 157 9 9
5.000153 158 8 8
5.000153 159 9 9
5.000153 161 12 12
5.000153 162 9 9
5.000153 163 10 10
5.000153 165 8 8
5.000153 166 7 7
5.000153 167 9 9
5.000153 169 9 9
5.000153 170 8 8
5.000153 171 9 9
5.000153 172 8 8
5.000153 175 12 12
5.000153 176 8 8
5.000153 177 10 10
5.000153 178 8 8
5.000153 180 8 8
5.000153 181 8 8
5.000153 182 8 8
5.000153 184 13 13
5.000153 185 8 8
5.000153 186 8 8
5.000153 187 14 14
5.000153 188 9 9
5.000153 190 8 8
5.000153 191 8 8
5.000153 192 12 12
5.000153 193 12 12
5.000153 194 10 10
5.000153 195 9 9
5.000153 196 9 9
5.000153 197 8 8
5.000153 198 8 8
5.000153 199 10 10
5.000153 200 9 9
5.000153 201 8 8
5.000153 202 7 7
5.000153 203 8 8
5.000153 204 8 8
5.000153 205 10 10
5.000153 206 9 9
5.000153 208 9 9
5.000153 209 9 9
5.000153 210 12 12
5.000153 211 10 10
5.000153 212 10 10
5.000153 213 8 8
5.000153 214 8 8
5.000153 215 11 11
5.000153 216 8 8
5.000153 217 10 10
5.000153 218 10 10
5.000153 219 8 8
6.000183 0 16 16
6.000183 1 16 16
6.000183 2 16 16
6.000183 3 16 16
6.000183 4 13 13
6.000183 5 3 3
6.000183 7 16 16
6.000183 8 14 14
6.000183 9 14 14
6.000183 10 15 15
6.000183 11 14 14
6.000183 12 17 17
6.000183 13 16 16
6.000183 14 17 17
6.000183 15 16 16
6.000183 16 16 16
6.000183 17 14 14
6.000183 18 15 15
6.000183 19 12 12
6.000183 20 16 16
6.000183 21 17 17
6.000183 22 13 13
6.000183 23 14 14
6.000183 24 15 15
6.000183 25 15 15
6.000183 26 16 16
6.000183 27 16 16
6.000183 28 15 15
6.000183 30 13 13
6.000183 31 15 15
6.000183 32 11 11
6.000183 33 16 16
6.000183 34 19 19
6.000183 35 19 19
6.000183 36 16 16
6.000183 37 16 16
6.000183 38 16 16
6.000183 39 18 18
6.000183 40 16 16
6.000183 41 16 16
6.000183 42 15 15
6.000183 44 16 16
6.000183 45 16 16
6.000183 46 15 15
6.000183 47 17 17
6.000183 48 16 16
6.000183 49 13 13
6.000183 50 16 16
6.000183 51 13 13
6.000183 52 15 15
6.000183 53 16 16
6.000183 54 16 16
6.000183 55 13 13
6.000183 56 12 12
6.000183 57 15 15
6.000183 58 16 16
6.000183 60 13 13
6.000183 61 15 15
6.000183 62 16 16
6.000183 63 11 11
6.000183 64 16 16
6.000183 65 12 12
6.000183 66 16 16
6.000183 67 16 16
6.000183 68 16 16
6.000183 69 18 18
6.000183 70 19 19
6.000183 71 12 12
6.000183 72 15 15
6.000183 73 14 14
6.000183 74 14 14
6.000183 75 16 16
6.000183 77 18 18
6.000183 78 16 16
6.000183 79 18 18
6.000183 80 15 15
6.000183 81 12 12
6.000183 82 15 15
6.000183 84 16 16
6.000183 85 17 17
6.000183 86 16 16
6.000183 87 19 19
6.000183 88 17 17
6.000183 89 17 17
6.000183 91 17 17
6.000183 92 13 13
6.000183 93 15 15
6.000183 94 13 13
6.000183 95 15 15
6.000183 96 16 16
6.000183 97 15 15
6.000183 98 18 18
6.000183 99 16 16
6.000183 100 14 14
6.000183 101 14 14
6.000183 102 15 15
6.000183 103 21 21
6.000183 104 16 16
6.000183 105 17 17
6.000183 106 12 12
6.000183 107 16 16
6.000183 108 14 14
6.000183 109 15 15
6.000183 110 13 13
6.000183 111 12 12
6.000183 112 14 14
6.000183 113 17 17
6.000183 114 15 15
6.000183 115 13 13
6.000183 116 14 14
6.000183 117 16 16
6.000183 118 16 16
6.000183 119 16 16
6.000183 120 14 14
6.000183 121 15 15
6.000183 122 15 15
6.000183 123 6 6
6.000183 124 16 16
6.000183 125 11 11
6.000183 126 11 11
6.000183 127 16 16
6.000183 128 15 15
6.000183 129 14 14
6.000183 130 16 16
6.000183 131 16 16
6.000183 132 15 15
6.000183 134 17 17
6.000183 135 16 16
6.000183 136 15 15
6.000183 137 15 15
6.000183 138 13 13
6.000183 139 17 17
6.000183 140 14 14
6.000183 141 14 14
6.000183 142 14 14
6.000183 143 16 16
6.000183 144 16 16
6.000183 145 14 14
6.000183 146 19 19
6.000183 147 16 16
6.000183 148 18 18
6.000183 149 15 15
6.000183 150 16 16
6.000183 151 16 16
6.000183 152 15 15
6.000183 153 18 18
6.000183 154 8 8
6.000183 155 12 12
6.000183 156 16 16
6.000183 157 16 16
6.000183 158 14 14
6.000183 159 16 16
6.000183 161 19 19
6.000183 162 18 18
6.000183 163 18 18
6.000183 165 16 16
6.000183 166 12 12
6.000183 167 13 13
6.000183 169 16 16
6.000183 170 13 13
6.000183 171 15 15
6.000183 172 15 15
6.000183 175 17 17
6.000183 176 16 16
6.000183 177 19 19
6.000183 178 16 16
6.000183 180 14 14
6.000183 181 14 14
6.000183 182 15 15
6.000183 184 20 20
6.000183 185 14 14
6.000183 186 13 13
6.000183 187 23 23
6.000183 188 16 16
6.000183 190 13 13
6.000183 191 16 16
6.000183 192 18 18
6.000183 193 15 15
6.000183 194 18 18
6.000183 195 17 17
6.000183 196 16 16
6.000183 197 14 14
6.000183 198 13 13
6.000183 199 16 16
6.000183 200 15 15
6.000183 201 13 13
6.000183 202 13 13
6.000183 203 15 15
6.000183 204 14 14
6.000183 205 17 17
6.000183 206 16 16
6.000183 208 15 15
6.000183 209 16 16
6.000183 210 17 17
6.000183 211 15 15
6.000183 212 14 14
6.000183 213 15 15
6.000183 214 14 14
6.000183 215 17 17
6.000183 216 16 16
6.000183 217 16 16
6.000183 218 16 16
6.000183 219 15 15
7.000214 0 26 26
7.000214 1 26 26
7.000214 2 24 24
7.000214 3 27 27
7.000214 4 23 23
7.000214 5 2 2
7.000214 7 27 27
7.000214 8 19 19
7.000214 9 23 23
7.000214 10 23 23
7.000214 11 19 19
7.000214 12 26 26
7.000214 13 26 26
7.000214 14 28 28
7.000214 15 18 18
7.000214 16 24 24
7.000214 17 21 21
7.000214 18 26 26
7.000214 19 20 20
7.000214 20 26 26
7.000214 21 28 28
7.000214 22 18 18
7.000214 23 4 4
7.000214 24 26 26
7.000214 25 23 23
7.000214 26 24 24
7.000214 27 24 24
7.000214 28 25 25
7.000214 30 19 19
7.000214 31 22 22
7.000214 32 19 19
7.000214 33 31 31
7.000214 34 30 30
7.000214 35 31 31
7.000214 36 25 25
7.000214 37 27 27
7.000214 38 25 25
7.000214 39 30 30
7.000214 40 19 19
7.000214 41 26 26
7.000214 42 25 25
7.000214 44 25 25
7.000214 45 24 24
7.000214 46 23 23
7.000214 47 28 28
7.000214 48 24 24
7.000214 49 17 17
7.000214 50 28 28
7.000214 51 23 23
7.000214 52 21 21
7.000214 53 28 28
7.000214 54 25 25
7.000214 55 18 18
7.000214 56 17 17
7.000214 57 20 20
7.000214 58 25 25
7.000214 60 21 21
7.000214 61 21 21
7.000214 62 28 28
7.000214 63 20 20
7.000214 64 19 19
7.000214 65 23 23
7.000214 66 25 25
7.000214 67 29 29
7.000214 68 25 25
7.000214 69 26 26
7.000214 70 28 28
7.000214 71 18 18
7.000214 72 22 22
7.000214 73 19 19
7.000214 74 23 23
7.000214 75 31 31
7.000214 77 29 29
7.000214 78 28 28
7.000214 79 31 31
7.000214 80 23 23
7.000214 81 21 21
7.000214 82 25 25
7.000214 84 24 24
7.000214 85 32 32
7.000214 86 23 23
7.000214 87 30 30
7.000214 88 25 25
7.000214 89 29 29
7.000214 91 30 30
7.000214 92 18 18
7.000214 93 21 21
7.000214 94 23 23
7.000214 95 26 26
7.000214 96 25 25
7.000214 97 25 25
7.000214 98 29 29
7.000214 99 20 20
7.000214 100 19 19
7.000214 101 24 24
7.000214 102 25 25
7.000214 103 34 34
7.000214 104 24 24
7.000214 105 27 27
7.000214 106 17 17
7.000214 107 30 30
7.000214 108 23 23
7.000214 109 22 22
7.000214 110 23 23
7.000214 111 19 19
7.000214 112 21 21
7.000214 113 23 23
7.000214 114 23 23
7.000214 115 23 23
7.000214 116 23 23
7.000214 117 25 25
7.000214 118 24 24
7.000214 119 27 27
7.000214 120 19 19
7.000214 121 25 25
7.000214 122 22 22
7.000214 123 8 8
7.000214 124 27 27
7.000214 125 16 16
7.000214 126 16 16
7.000214 127 30 30
7.000214 128 24 24
7.000214 129 21 21
7.000214 130 28 28
7.000214 131 26 26
7.000214 132 24 24
7.000214 134 23 23
7.000214 135 26 26
7.000214 136 26 26
7.000214 137 27 27
7.000214 138 23 23
7.000214 139 28 28
7.000214 140 23 23
7.000214 141 17 17
7.000214 142 22 22
7.000214 143 21 21
7.000214 144 23 23
7.000214 145 26 26
7.000214 146 27 27
7.000214 147 20 20
7.000214 148 32 32
7.000214 149 21 21
7.000214 150 26 26
7.000214 151 24 24
7.000214 152 24 24
7.000214 153 26 26
7.000214 154 16 16
7.000214 155 19 19
7.000214 156 25 25
7.000214 157 25 25
7.000214 158 20 20
7.000214 159 26 26
7.000214 161 33 33
7.000214 162 29 29
7.000214 163 29 29
7.000214 165 25 25
7.000214 166 17 17
7.000214 167 21 21
7.000214 169 28 28
7.000214 170 22 22
7.000214 171 26 26
7.000214 172 29 29
7.000214 175 30 30
7.000214 176 16 16
7.000214 177 29 29
7.000214 178 24 24
7.000214 180 22 22
7.000214 181 22 22
7.000214 182 23 23
7.000214 184 29 29
7.000214 185 22 22
7.000214 186 22 22
7.000214 187 34 34
7.000214 188 23 23
7.000214 190 20 20
7.000214 191 22 22
7.000214 192 32 32
7.000214 193 27 27
7.000214 194 32 32
7.000214 195 27 27
7.000214 196 27 27
7.000214 197 19 19
7.000214 198 14 14
7.000214 199 26 26
7.000214 200 25 25
7.000214 201 21 21
7.000214 202 12 12
7.000214 203 20 20
7.000214 204 24 24
7.000214 205 30 30
7.000214 206 25 25
7.000214 208 25 25
7.000214 209 25 25
7.000214 210 29 29
7.000214 211 23 23
7.000214 212 26 26
7.000214 213 18 18
7.000214 214 21 21
7.000214 215 26 26
7.000214 216 22 22
7.000214 217 25 25
7.000214 218 24 24
7.000214 219 22 22
8.000244 1 36 36
8.000244 2 36 36
8.000244 3 13 13
8.000244 4 35 35
8.000244 7 37 37
8.000244 9 37 37
8.000244 10 38 38
8.000244 11 35 35
8.000244 12 43 43
8.000244 13 37 37
8.000244 14 45 45
8.000244 15 32 32
8.000244 16 37 37
8.000244 17 34 34
8.000244 18 35 35
8.000244 19 32 32
8.000244 20 38 38
8.000244 21 46 46
8.000244 22 35 35
8.000244 24 37 37
8.000244 25 34 34
8.000244 26 41 41
8.000244 30 32 32
8.000244 31 36 36
8.000244 32 33 33
8.000244 34 38 38
8.000244 36 40 40
8.000244 37 41 41
8.000244 39 53 53
8.000244 41 38 38
8.000244 42 36 36
8.000244 44 37 37
8.000244 45 34 34
8.000244 46 33 33
8.000244 47 38 38
8.000244 48 40 40
8.000244 50 40 40
8.000244 51 36 36
8.000244 52 36 36
8.000244 53 43 43
8.000244 54 37 37
8.000244 57 34 34
8.000244 58 35 35
8.000244 60 31 31
8.000244 61 35 35
8.000244 62 38 38
8.000244 63 32 32
8.000244 64 34 34
8.000244 65 41 41
8.000244 66 36 36
8.000244 67 46 46
8.000244 68 37 37
8.000244 69 42 42
8.000244 70 49 49
8.000244 72 35 35
8.000244 73 33 33
8.000244 74 38 38
8.000244 75 15 15
8.000244 77 45 45
8.000244 78 40 40
8.000244 80 37 37
8.000244 81 13 13
8.000244 84 38 38
8.000244 87 48 48
8.000244 88 40 40
8.000244 89 44 44
8.000244 91 47 47
8.000244 93 34 34
8.000244 94 33 33
8.000244 96 38 38
8.000244 97 36 36
8.000244 98 40 40
8.000244 99 33 33
8.000244 102 41 41
8.000244 103 10 10
8.000244 104 38 38
8.000244 105 41 41
8.000244 107 48 48
8.000244 108 34 34
8.000244 109 36 36
8.000244 110 41 41
8.000244 111 30 30
8.000244 112 32 32
8.000244 113 39 39
8.000244 114 35 35
8.000244 115 34 34
8.000244 116 34 34
8.000244 117 41 41
8.000244 118 34 34
8.000244 119 38 38
8.000244 120 32 32
8.000244 126 29 29
8.000244 127 47 47
8.000244 128 33 33
8.000244 129 33 33
8.000244 130 39 39
8.000244 131 35 35
8.000244 132 36 36
8.000244 135 36 36
8.000244 136 40 40
8.000244 137 35 35
8.000244 138 35 35
8.000244 140 35 35
8.000244 141 31 31
8.000244 142 33 33
8.000244 143 37 37
8.000244 145 20 20
8.000244 146 43 43
8.000244 147 32 32
8.000244 148 43 43
8.000244 149 35 35
8.000244 150 38 38
8.000244 151 4 4
8.000244 152 37 37
8.000244 154 26 26
8.000244 156 36 36
8.000244 157 1 1
8.000244 158 32 32
8.000244 159 40 40
8.000244 161 49 49
8.000244 163 10 10
8.000244 165 37 37
8.000244 166 27 27
8.000244 167 4 4
8.000244 169 39 39
8.000244 170 32 32
8.000244 171 39 39
8.000244 175 45 45
8.000244 177 44 44
8.000244 178 37 37
8.000244 180 31 31
8.000244 182 37 37
8.000244 184 50 50
8.000244 186 34 34
8.000244 188 35 35
8.000244 190 33 33
8.000244 191 32 32
8.000244 192 48 48
8.000244 193 13 13
8.000244 194 47 47
8.000244 195 40 40
8.000244 196 37 37
8.000244 197 18 18
8.000244 199 41 41
8.000244 200 36 36
8.000244 201 36 36
8.000244 203 35 35
8.000244 204 35 35
8.000244 205 45 45
8.000244 206 38 38
8.000244 208 36 36
8.000244 209 39 39
8.000244 210 21 21
8.000244 211 37 37
8.000244 213 35 35
8.000244 214 33 33
8.000244 215 46 46
8.000244 216 38 38
8.000244 218 39 39
9.000275 1 61 61
9.000275 2 62 62
9.000275 4 58 58
9.000275 7 47 47
9.000275 9 59 59
9.000275 11 57 57
9.000275 12 67 67
9.000275 13 68 68
9.000275 15 58 58
9.000275 17 21 21
9.000275 18 56 56
9.000275 19 55 55
9.000275 20 62 62
9.000275 21 68 68
9.000275 22 51 51
9.000275 24 58 58
9.000275 25 59 59
9.000275 26 69 69
9.000275 30 39 39
9.000275 31 58 58
9.000275 32 49 49
9.000275 36 59 59
9.000275 37 64 64
9.000275 39 80 80
9.000275 41 62 62
9.000275 42 62 62
9.000275 46 63 63
9.000275 47 68 68
9.000275 48 33 33
9.000275 50 68 68
9.000275 51 57 57
9.000275 52 56 56
9.000275 53 66 66
9.000275 57 56 56
9.000275 58 62 62
9.000275 60 47 47
9.000275 61 46 46
9.000275 62 68 68
9.000275 63 50 50
9.000275 64 7 7
9.000275 65 59 59
9.000275 67 69 69
9.000275 68 65 65
9.000275 69 65 65
9.000275 70 76 76
9.000275 72 59 59
9.000275 73 57 57
9.000275 78 66 66
9.000275 84 60 60
9.000275 87 74 74
9.000275 88 65 65
9.000275 91 30 30
9.000275 93 29 29
9.000275 94 56 56
9.000275 96 62 62
9.000275 97 62 62
9.000275 98 68 68
9.000275 99 63 63
9.000275 102 65 65
9.000275 105 9 9
9.000275 107 54 54
9.000275 108 59 59
9.000275 112 54 54
9.000275 113 60 60
9.000275 115 60 60
9.000275 116 58 58
9.000275 117 62 62
9.000275 118 4 4
9.000275 119 64 64
9.000275 126 46 46
9.000275 127 10 10
9.000275 128 57 57
9.000275 129 55 55
9.000275 131 60 60
9.000275 135 64 64
9.000275 137 48 48
9.000275 138 27 27
9.000275 140 57 57
9.000275 141 2 2
9.000275 146 4 4
9.000275 147 55 55
9.000275 149 61 61
9.000275 152 63 63
9.000275 154 41 41
9.000275 158 55 55
9.000275 159 69 69
9.000275 165 61 61
9.000275 170 52 52
9.000275 171 61 61
9.000275 175 66 66
9.000275 177 75 75
9.000275 178 65 65
9.000275 184 83 83
9.000275 186 57 57
9.000275 188 61 61
9.000275 191 59 59
9.000275 194 73 73
9.000275 195 63 63
9.000275 196 64 64
9.000275 201 58 58
9.000275 203 4 4
9.000275 204 55 55
9.000275 208 60 60
9.000275 209 64 64
9.000275 211 53 53
9.000275 213 5 5
9.000275 214 58 58
9.000275 216 61 61
9.000275 218 63 63
10.000305 2 98 98
10.000305 9 64 64
10.000305 11 86 86
10.000305 12 75 75
10.000305 13 108 108
10.000305 18 98 98
10.000305 19 86 86
10.000305 20 102 102
10.000305 21 54 54
10.000305 22 79 79
10.000305 25 21 21
10.000305 26 108 108
10.000305 31 87 87
10.000305 32 81 81
10.000305 36 99 99
10.000305 37 101 101
10.000305 39 129 129
10.000305 41 101 101
10.000305 42 95 95
10.000305 46 99 99
10.000305 47 109 109
10.000305 50 109 109
10.000305 51 91 91
10.000305 53 113 113
10.000305 58 92 92
10.000305 60 45 45
10.000305 63 63 63
10.000305 65 48 48
10.000305 67 110 110
10.000305 68 106 106
10.000305 69 100 100
10.000305 70 4 4
10.000305 72 90 90
10.000305 73 88 88
10.000305 78 108 108
10.000305 84 95 95
10.000305 87 117 117
10.000305 94 83 83
10.000305 96 106 106
10.000305 97 54 54
10.000305 98 12 12
10.000305 99 54 54
10.000305 108 89 89
10.000305 113 96 96
10.000305 115 1 1
10.000305 116 87 87
10.000305 117 99 99
10.000305 119 43 43
10.000305 126 4 4
10.000305 128 67 67
10.000305 129 86 86
10.000305 131 8 8
10.000305 135 101 101
10.000305 140 67 67
10.000305 149 70 70
10.000305 152 104 104
10.000305 154 67 67
10.000305 158 89 89
10.000305 159 61 61
10.000305 165 94 94
10.000305 170 86 86
10.000305 171 10 10
10.000305 175 116 116
10.000305 177 114 114
10.000305 178 99 99
10.000305 184 122 122
10.000305 186 92 92
10.000305 188 93 93
10.000305 191 93 93
10.000305 196 103 103
10.000305 201 84 84
10.000305 208 96 96
10.000305 214 89 89
10.000305 216 4 4
10.000305 218 3 3
11.000336 2 159 159
11.000336 11 117 117
11.000336 13 68 68
11.000336 18 72 72
11.000336 19 124 124
11.000336 20 40 40
11.000336 22 131 131
11.000336 26 167 167
11.000336 31 135 135
11.000336 32 26 26
11.000336 36 155 155
11.000336 39 202 202
11.000336 41 18 18
11.000336 42 147 147
11.000336 46 41 41
11.000336 47 109 109
11.000336 50 166 166
11.000336 51 143 143
11.000336 53 103 103
11.000336 60 1 1
11.000336 67 179 179
11.000336 68 160 160
11.000336 69 167 167
11.000336 72 142 142
11.000336 73 67 67
11.000336 78 166 166
11.000336 84 155 155
11.000336 87 194 194
11.000336 94 143 143
11.000336 108 148 148
11.000336 116 138 138
11.000336 117 165 165
11.000336 129 98 98
11.000336 135 36 36
11.000336 149 29 29
11.000336 152 113 113
11.000336 154 87 87
11.000336 158 137 137
11.000336 165 92 92
11.000336 170 131 131
11.000336 175 59 59
11.000336 177 173 173
11.000336 178 151 151
11.000336 184 168 168
11.000336 186 8 8
11.000336 188 149 149
11.000336 191 142 142
11.000336 196 134 134
11.000336 208 115 115
11.000336 214 143 143
12.000366 2 171 171
12.000366 11 41 41
12.000366 18 8 8
12.000366 19 105 105
12.000366 22 204 204
12.000366 26 270 270
12.000366 31 93 93
12.000366 36 175 175
12.000366 39 12 12
12.000366 42 5 5
12.000366 47 50 50
12.000366 50 210 210
12.000366 51 228 228
12.000366 53 57 57
12.000366 67 288 288
12.000366 68 136 136
12.000366 69 248 248
12.000366 72 238 238
12.000366 73 4 4
12.000366 78 251 251
12.000366 84 249 249
12.000366 87 299 299
12.000366 94 224 224
12.000366 108 210 210
12.000366 116 227 227
12.000366 117 204 204
12.000366 129 46 46
12.000366 135 10 10
12.000366 152 25 25
12.000366 154 32 32
12.000366 158 211 211
12.000366 165 38 38
12.000366 170 206 206
12.000366 177 183 183
12.000366 178 246 246
12.000366 184 149 149
12.000366 188 182 182
12.000366 191 193 193
12.000366 196 68 68
12.000366 208 40 40
12.000366 214 188 188
13.000397 2 78 78
13.000397 11 7 7
13.000397 19 47 47
13.000397 22 326 326
13.000397 26 426 426
13.000397 31 26 26
13.000397 36 161 161
13.000397 50 165 165
13.000397 51 356 356
13.000397 67 407 407
13.000397 68 14 14
13.000397 69 290 290
13.000397 72 336 336
13.000397 78 270 270
13.000397 84 384 384
13.000397 87 480 480
13.000397 94 268 268
13.000397 108 218 218
13.000397 116 230 230
13.000397 117 259 259
13.000397 152 4 4
13.000397 158 38 38
13.000397 170 304 304
13.000397 177 19 19
13.000397 178 157 157
13.000397 184 98 98
13.000397 188 166 166
13.000397 191 264 264
13.000397 196 1 1
13.000397 214 175 175
14.000427 2 44 44
14.000427 22 402 402
14.000427 26 644 644
14.000427 36 132 132
14.000427 50 100 100
14.000427 51 365 365
14.000427 67 412 412
14.000427 69 223 223
14.000427 72 432 432
14.000427 78 276 276
14.000427 84 509 509
14.000427 87 591 591
14.000427 94 195 195
14.000427 108 73 73
14.000427 116 60 60
14.000427 117 310 310
14.000427 170 368 368
14.000427 178 119 119
14.000427 184 34 34
14.000427 188 103 103
14.000427 191 393 393
14.000427 214 170 170
15.000458 22 434 434
15.000458 26 818 818
15.000458 36 173 173
15.000458 50 79 79
15.000458 51 375 375
15.000458 67 468 468
15.000458 69 92 92
15.000458 72 565 565
15.000458 78 335 335
15.000458 84 490 490
15.000458 87 743 743
15.000458 94 121 121
15.000458 108 14 14
15.000458 116 45 45
15.000458 117 274 274
15.000458 170 300 300
15.000458 178 59 59
15.000458 184 17 17
15.000458 188 21 21
15.000458 191 498 498
15.000458 214 58 58
16.000488 22 476 476
16.000488 26 907 907
16.000488 36 187 187
16.000488 50 74 74
16.000488 51 370 370
16.000488 67 495 495
16.000488 69 65 65
16.000488 72 714 714
16.000488 78 447 447
16.000488 84 441 441
16.000488 87 741 741
16.000488 94 49 49
16.000488 116 15 15
16.000488 117 183 183
16.000488 170 251 251
16.000488 191 568 568
16.000488 214 1 1
17.000519 22 580 580
17.000519 26 1044 1044
17.000519 36 142 142
17.000519 50 71 71
17.000519 51 350 350
17.000519 67 529 529
17.000519 69 58 58
17.000519 72 780 780
17.000519 78 502 502
17.000519 84 383 383
17.000519 87 599 599
17.000519 94 11 11
17.000519 117 47 47
17.000519 170 273 273
17.000519 191 608 608
18.000549 22 724 724
18.000549 26 1053 1053
18.000549 36 125 125
18.000549 50 70 70
18.000549 51 403 403
18.000549 67 537 537
18.000549 69 31 31
18.000549 72 656 656
18.000549 78 509 509
18.000549 84 384 384
18.000549 87 595 595
18.000549 117 23 23
18.000549 170 308 308
18.000549 191 568 568
19.000580 22 871 871
19.000580 26 1045 1045
19.000580 36 96 96
19.000580 50 58 58
19.000580 51 463 463
19.000580 67 450 450
19.000580 69 17 17
19.000580 72 543 543
19.000580 78 543 543
19.000580 84 477 477
19.000580 87 577 577
19.000580 117 16 16
19.000580 170 385 385
19.000580 191 436 436
20.000610 22 981 981
20.000610 26 1143 1143
20.000610 36 114 114
20.000610 50 44 44
20.000610 51 517 517
20.000610 67 229 229
20.000610 69 6 6
20.000610 72 468 468
20.000610 78 511 511
20.000610 84 581 581
20.000610 87 549 549
20.000610 117 12 12
20.000610 170 436 436
20.000610 191 387 387
21.000641 22 1070 1070
21.000641 26 1125 1125
21.000641 36 113 113
21.000641 50 34 34
21.000641 51 610 610
21.000641 67 136 136
21.000641 72 364 364
21.000641 78 540 540
21.000641 84 585 585
21.000641 87 614 614
21.000641 170 487 487
21.000641 191 334 334
22.000671 22 1120 1120
22.000671 26 1101 1101
22.000671 36 99 99
22.000671 50 10 10
22.000671 51 694 694
22.000671 67 72 72
22.000671 72 280 280
22.000671 78 561 561
22.000671 84 533 533
22.000671 87 730 730
22.000671 170 526 526
22.000671 191 273 273
23.000702 22 1191 1191
23.000702 26 942 942
23.000702 36 91 91
23.000702 51 748 748
23.000702 67 35 35
23.000702 72 208 208
23.000702 78 482 482
23.000702 84 526 526
23.000702 87 915 915
23.000702 170 562 562
23.000702 191 272 272
24.000732 22 1286 1286
24.000732 26 778 778
24.000732 36 94 94
24.000732 51 767 767
24.000732 67 33 33
24.000732 72 185 185
24.000732 78 343 343
24.000732 84 575 575
24.000732 87 1137 1137
24.000732 170 519 519
24.000732 191 280 280
25.000763 22 1355 1355
25.000763 26 710 710
25.000763 36 103 103
25.000763 51 763 763
25.000763 67 38 38
25.000763 72 166 166
25.000763 78 221 221
25.000763 84 649 649
25.000763 87 1274 1274
25.000763 170 439 439
25.000763 191 272 272
26.000793 22 1447 1447
26.000793 26 565 565
26.000793 36 122 122
26.000793 51 754 754
26.000793 67 31 31
26.000793 72 167 167
26.000793 78 103 103
26.000793 84 701 701
26.000793 87 1404 1404
26.000793 170 469 469
26.000793 191 230 230
27.000824 22 1550 1550
27.000824 26 400 400
27.000824 36 167 167
27.000824 51 739 739
27.000824 67 30 30
27.000824 72 168 168
27.000824 78 56 56
27.000824 84 725 725
27.000824 87 1550 1550
27.000824 170 433 433
27.000824 191 217 217
28.000854 22 1651 1651
28.000854 26 391 391
28.000854 36 193 193
28.000854 51 724 724
28.000854 67 19 19
28.000854 72 83 83
28.000854 78 55 55
28.000854 84 755 755
28.000854 87 1543 1543
28.000854 170 446 446
28.000854 191 190 190
29.000885 22 1732 1732
29.000885 26 375 375
29.000885 36 159 159
29.000885 51 735 735
29.000885 67 13 13
29.000885 72 26 26
29.000885 78 49 49
29.000885 84 759 759
29.000885 87 1531 1531
29.000885 170 464 464
29.000885 191 134 134
30.000916 22 1728 1728
30.000916 26 310 310
30.000916 36 127 127
30.000916 51 803 803
30.000916 72 23 23
30.000916 78 61 61
30.000916 84 763 763
30.000916 87 1600 1600
30.000916 170 475 475
30.000916 191 112 112
31.000946 22 1742 1742
31.000946 26 254 254
31.000946 36 89 89
31.000946 51 844 844
31.000946 72 29 29
31.000946 78 77 77
31.000946 84 760 760
31.000946 87 1628 1628
31.000946 170 453 453
31.000946 191 146 146
32.000977 22 1735 1735
32.000977 26 213 213
32.000977 36 81 81
32.000977 51 814 814
32.000977 72 11 11
32.000977 78 14 14
32.000977 84 789 789
32.000977 87 1726 1726
32.000977 170 487 487
32.000977 191 139 139
33.001007 22 1788 1788
33.001007 26 166 166
33.001007 36 62 62
33.001007 51 729 729
33.001007 84 791 791
33.001007 87 1806 1806
33.001007 170 520 520
33.001007 191 152 152
34.001038 22 1841 1841
34.001038 26 103 103
34.001038 36 42 42
34.001038 51 619 619
34.001038 84 808 808
34.001038 87 1881 1881
34.001038 170 620 620
34.001038 191 110 110
35.001068 22 1884 1884
35.001068 26 106 106
35.001068 36 22 22
35.001068 51 527 527
35.001068 84 809 809
35.001068 87 1860 1860
35.001068 170 686 686
35.001068 191 127 127
36.001099 22 1862 1862
36.001099 26 100 100
36.001099 36 10 10
36.001099 51 538 538
36.001099 84 854 854
36.001099 87 1740 1740
36.001099 170 815 815
36.001099 191 104 104
37.001129 22 1882 1882
37.001129 26 80 80
37.001129 51 562 562
37.001129 84 889 889
37.001129 87 1651 1651
37.001129 170 897 897
37.001129 191 79 79
38.001160 22 1872 1872
38.001160 26 61 61
38.001160 51 669 669
38.001160 84 890 890
38.001160 87 1584 1584
38.001160 170 905 905
38.001160 191 74 74
39.001190 22 1828 1828
39.001190 26 35 35
39.001190 51 646 646
39.001190 84 893 893
39.001190 87 1599 1599
39.001190 170 932 932
39.001190 191 89 89
40.001221 22 1907 1907
40.001221 26 21 21
40.001221 51 705 705
40.001221 84 991 991
40.001221 87 1435 1435
40.001221 170 854 854
40.001221 191 110 110
41.001251 22 1773 1773
41.001251 26 8 8
41.001251 51 779 779
41.001251 84 1002 1002
41.001251 87 1432 1432
41.001251 170 893 893
41.001251 191 161 161
42.001282 22 1616 1616
42.001282 51 749 749
42.001282 84 965 965
42.001282 87 1512 1512
42.001282 170 937 937
42.001282 191 189 189
43.001312 22 1579 1579
43.001312 51 729 729
43.001312 84 953 953
43.001312 87 1592 1592
43.001312 170 887 887
43.001312 191 248 248
44.001343 22 1580 1580
44.001343 51 706 706
44.001343 84 889 889
44.001343 87 1655 1655
44.001343 170 907 907
44.001343 191 248 248
45.001373 22 1655 1655
45.001373 51 647 647
45.001373 84 795 795
45.001373 87 1688 1688
45.001373 170 931 931
45.001373 191 236 236
46.001404 22 1669 1669
46.001404 51 559 559
46.001404 84 740 740
46.001404 87 1838 1838
46.001404 170 961 961
46.001404 191 262 262
47.001434 22 1710 1710
47.001434 51 531 531
47.001434 84 687 687
47.001434 87 1878 1878
47.001434 170 931 931
47.001434 191 249 249
48.001465 22 1870 1870
48.001465 51 410 410
48.001465 84 656 656
48.001465 87 1885 1885
48.001465 170 887 887
48.001465 191 236 236
49.001495 22 1955 1955
49.001495 51 369 369
49.001495 84 675 675
49.001495 87 1914 1914
49.001495 170 854 854
49.001495 191 209 209
50.001526 22 1985 1985
50.001526 51 367 367
50.001526 84 745 745
50.001526 87 1912 1912
50.001526 170 811 811
50.001526 191 141 141
51.001556 22 2034 2034
51.001556 51 363 363
51.001556 84 833 833
51.001556 87 1934 1934
51.001556 170 761 761
51.001556 191 72 72
52.001587 22 2091 2091
52.001587 51 280 280
52.001587 84 858 858
52.001587 87 2026 2026
52.001587 170 721 721
52.001587 191 51 51
53.001617 22 2158 2158
53.001617 51 141 141
53.001617 84 815 815
53.001617 87 2116 2116
53.001617 170 707 707
53.001617 191 55 55
54.001648 22 2075 2075
54.001648 51 64 64
54.001648 84 801 801
54.001648 87 2200 2200
54.001648 170 774 774
54.001648 191 57 57
55.001678 22 2015 2015
55.001678 51 58 58
55.001678 84 881 881
55.001678 87 2138 2138
55.001678 170 901 901
55.001678 191 38 38
56.001709 22 1998 1998
56.001709 51 51 51
56.001709 84 949 949
56.001709 87 2018 2018
56.001709 170 958 958
56.001709 191 1 1
57.001740 22 2024 2024
57.001740 51 18 18
57.001740 84 1022 1022
57.001740 87 1980 1980
57.001740 170 946 946
58.001770 22 2097 2097
58.001770 84 1026 1026
58.001770 87 1997 1997
58.001770 170 934 934
59.001801 22 2007 2007
59.001801 84 1069 1069
59.001801 87 1934 1934
59.001801 170 964 964
60.001831 22 1992 1992
60.001831 84 1091 1091
60.001831 87 1978 1978
60.001831 170 925 925
61.001862 22 1958 1958
61.001862 84 1068 1068
61.001862 87 2036 2036
61.001862 170 904 904
62.001892 22 1899 1899
62.001892 84 1114 1114
62.001892 87 1990 1990
62.001892 170 934 934
63.001923 22 1842 1842
63.001923 84 1144 1144
63.001923 87 2059 2059
63.001923 170 978 978
64.001953 22 1811 1811
64.001953 84 1187 1187
64.001953 87 2059 2059
64.001953 170 960 960
65.001984 22 1748 1748
65.001984 84 1244 1244
65.001984 87 2089 2089
65.001984 170 905 905
66.002014 22 1725 1725
66.002014 84 1204 1204
66.002014 87 2221 2221
66.002014 170 811 811
67.002045 22 1852 1852
67.002045 84 1254 1254
67.002045 87 2139 2139
67.002045 170 734 734
68.002075 22 1810 1810
68.002075 84 1208 1208
68.002075 87 2262 2262
68.002075 170 726 726
69.002106 22 1877 1877
69.002106 84 1168 1168
69.002106 87 2289 2289
69.002106 170 668 668
70.002136 22 2040 2040
70.002136 84 1183 1183
70.002136 87 2142 2142
70.002136 170 633 633
71.002167 22 2073 2073
71.002167 84 1182 1182
71.002167 87 2186 2186
71.002167 170 573 573
