0.000000 0 1 1
0.000000 1 1 1
0.000000 2 1 1
0.000000 3 1 1
0.000000 4 1 1
0.000000 5 1 1
0.000000 6 1 1
0.000000 7 1 1
0.000000 8 1 1
0.000000 9 1 1
0.000000 10 1 1
0.000000 11 1 1
0.000000 12 1 1
0.000000 13 1 1
0.000000 14 1 1
0.000000 15 1 1
0.000000 16 1 1
0.000000 17 1 1
0.000000 18 1 1
0.000000 20 1 1
0.000000 21 1 1
0.000000 22 1 1
0.000000 23 1 1
0.000000 24 1 1
0.000000 25 1 1
0.000000 26 1 1
0.000000 27 1 1
0.000000 28 1 1
0.000000 29 1 1
0.000000 30 1 1
0.000000 31 1 1
0.000000 32 1 1
0.000000 33 1 1
0.000000 34 1 1
0.000000 36 1 1
0.000000 37 1 1
0.000000 38 1 1
0.000000 39 1 1
0.000000 40 1 1
0.000000 41 1 1
0.000000 42 1 1
0.000000 43 1 1
0.000000 44 1 1
0.000000 45 1 1
0.000000 46 1 1
0.000000 47 1 1
0.000000 48 1 1
0.000000 50 1 1
0.000000 51 1 1
0.000000 52 1 1
0.000000 53 1 1
0.000000 54 1 1
0.000000 55 1 1
0.000000 56 1 1
0.000000 57 1 1
0.000000 58 1 1
0.000000 59 1 1
0.000000 60 1 1
0.000000 61 1 1
0.000000 62 1 1
0.000000 63 1 1
0.000000 64 1 1
0.000000 65 1 1
0.000000 66 1 1
0.000000 67 1 1
0.000000 68 1 1
0.000000 69 1 1
0.000000 70 1 1
0.000000 71 1 1
0.000000 72 1 1
0.000000 73 1 1
0.000000 74 1 1
0.000000 75 1 1
0.000000 76 1 1
0.000000 78 1 1
0.000000 80 1 1
0.000000 81 1 1
0.000000 82 1 1
0.000000 83 1 1
0.000000 84 1 1
0.000000 85 1 1
0.000000 86 1 1
0.000000 88 1 1
0.000000 89 1 1
0.000000 90 1 1
0.000000 91 1 1
0.000000 92 1 1
0.000000 93 1 1
0.000000 94 1 1
0.000000 95 1 1
0.000000 96 1 1
0.000000 97 1 1
0.000000 98 1 1
0.000000 99 1 1
0.000000 100 1 1
0.000000 101 1 1
0.000000 102 1 1
0.000000 103 1 1
0.000000 104 1 1
0.000000 105 1 1
0.000000 106 1 1
0.000000 107 1 1
0.000000 108 1 1
0.000000 109 1 1
0.000000 110 1 1
0.000000 112 1 1
0.000000 113 1 1
0.000000 114 1 1
0.000000 115 1 1
0.000000 116 1 1
0.000000 117 1 1
0.000000 118 1 1
0.000000 119 1 1
0.000000 120 1 1
0.000000 121 1 1
0.000000 122 1 1
0.000000 123 1 1
0.000000 124 1 1
0.000000 125 1 1
0.000000 126 1 1
0.000000 128 1 1
0.000000 129 1 1
0.000000 130 1 1
0.000000 131 1 1
0.000000 132 1 1
0.000000 133 1 1
0.000000 134 1 1
0.000000 135 1 1
0.000000 136 1 1
0.000000 137 1 1
0.000000 138 1 1
0.000000 139 1 1
0.000000 140 1 1
0.000000 141 1 1
0.000000 142 1 1
0.000000 143 1 1
0.000000 144 1 1
0.000000 145 1 1
0.000000 146 1 1
0.000000 147 1 1
0.000000 148 1 1
0.000000 149 1 1
0.000000 150 1 1
0.000000 151 1 1
0.000000 152 1 1
0.000000 153 1 1
0.000000 155 1 1
0.000000 156 1 1
0.000000 157 1 1
0.000000 158 1 1
0.000000 159 1 1
0.000000 160 1 1
0.000000 161 1 1
0.000000 162 1 1
0.000000 164 1 1
0.000000 165 1 1
0.000000 166 1 1
0.000000 167 1 1
0.000000 168 1 1
0.000000 169 1 1
0.000000 170 1 1
0.000000 171 1 1
0.000000 172 1 1
0.000000 173 1 1
0.000000 174 1 1
0.000000 175 1 1
0.000000 176 1 1
0.000000 177 1 1
0.000000 178 1 1
0.000000 179 1 1
0.000000 180 1 1
0.000000 181 1 1
0.000000 182 1 1
0.000000 183 1 1
0.000000 184 1 1
0.000000 185 1 1
0.000000 186 1 1
0.000000 187 1 1
0.000000 188 1 1
0.000000 189 1 1
0.000000 190 1 1
0.000000 191 1 1
0.000000 192 1 1
0.000000 193 1 1
0.000000 194 1 1
0.000000 195 1 1
0.000000 196 1 1
0.000000 197 1 1
0.000000 198 1 1
0.000000 199 1 1
0.000000 200 1 1
0.000000 201 1 1
0.000000 202 1 1
0.000000 203 1 1
0.000000 204 1 1
0.000000 205 1 1
0.000000 207 1 1
0.000000 208 1 1
0.000000 209 1 1
0.000000 210 1 1
0.000000 211 1 1
0.000000 212 1 1
0.000000 213 1 1
0.000000 214 1 1
0.000000 215 1 1
0.000000 216 1 1
0.000000 217 1 1
0.000000 218 1 1
0.000000 219 1 1
1.000031 0 2 2
1.000031 1 1 1
1.000031 2 1 1
1.000031 3 2 2
1.000031 4 1 1
1.000031 5 1 1
1.000031 6 1 1
1.000031 7 1 1
1.000031 8 2 2
1.000031 9 2 2
1.000031 10 1 1
1.000031 11 1 1
1.000031 12 1 1
1.000031 13 1 1
1.000031 14 2 2
1.000031 15 1 1
1.000031 16 2 2
1.000031 17 1 1
1.000031 18 2 2
1.000031 20 2 2
1.000031 21 2 2
1.000031 22 1 1
1.000031 23 1 1
1.000031 24 2 2
1.000031 25 2 2
1.000031 26 2 2
1.000031 27 2 2
1.000031 28 1 1
1.000031 29 1 1
1.000031 30 1 1
1.000031 31 2 2
1.000031 32 2 2
1.000031 33 1 1
1.000031 34 2 2
1.000031 36 2 2
1.000031 37 2 2
1.000031 38 1 1
1.000031 39 1 1
1.000031 40 2 2
1.000031 41 1 1
1.000031 42 1 1
1.000031 43 2 2
1.000031 44 2 2
1.000031 45 1 1
1.000031 46 2 2
1.000031 47 2 2
1.000031 48 1 1
1.000031 50 2 2
1.000031 51 1 1
1.000031 52 2 2
1.000031 53 1 1
1.000031 54 1 1
1.000031 55 2 2
1.000031 56 2 2
1.000031 57 1 1
1.000031 58 1 1
1.000031 59 1 1
1.000031 60 2 2
1.000031 61 2 2
1.000031 62 2 2
1.000031 63 1 1
1.000031 64 1 1
1.000031 65 1 1
1.000031 66 1 1
1.000031 67 2 2
1.000031 68 2 2
1.000031 69 1 1
1.000031 70 2 2
1.000031 71 1 1
1.000031 72 1 1
1.000031 73 2 2
1.000031 74 1 1
1.000031 75 1 1
1.000031 76 1 1
1.000031 78 1 1
1.000031 80 2 2
1.000031 81 1 1
1.000031 82 1 1
1.000031 83 2 2
1.000031 84 2 2
1.000031 85 2 2
1.000031 86 2 2
1.000031 88 1 1
1.000031 89 2 2
1.000031 90 1 1
1.000031 91 2 2
1.000031 92 1 1
1.000031 93 2 2
1.000031 94 1 1
1.000031 95 1 1
1.000031 96 2 2
1.000031 97 2 2
1.000031 98 1 1
1.000031 99 2 2
1.000031 100 1 1
1.000031 101 2 2
1.000031 102 2 2
1.000031 103 2 2
1.000031 104 1 1
1.000031 105 2 2
1.000031 106 2 2
1.000031 107 1 1
1.000031 108 2 2
1.000031 109 2 2
1.000031 110 1 1
1.000031 112 1 1
1.000031 113 1 1
1.000031 114 2 2
1.000031 115 1 1
1.000031 116 2 2
1.000031 117 2 2
1.000031 118 1 1
1.000031 119 1 1
1.000031 120 1 1
1.000031 121 1 1
1.000031 122 2 2
1.000031 123 2 2
1.000031 124 2 2
1.000031 125 2 2
1.000031 126 2 2
1.000031 128 1 1
1.000031 129 2 2
1.000031 130 1 1
1.000031 131 2 2
1.000031 132 2 2
1.000031 133 1 1
1.000031 134 2 2
1.000031 135 2 2
1.000031 136 1 1
1.000031 137 1 1
1.000031 138 1 1
1.000031 139 2 2
1.000031 140 2 2
1.000031 141 2 2
1.000031 142 2 2
1.000031 143 1 1
1.000031 144 2 2
1.000031 145 2 2
1.000031 146 1 1
1.000031 147 2 2
1.000031 148 2 2
1.000031 149 2 2
1.000031 150 2 2
1.000031 151 1 1
1.000031 152 2 2
1.000031 153 2 2
1.000031 155 1 1
1.000031 156 1 1
1.000031 157 1 1
1.000031 158 2 2
1.000031 159 1 1
1.000031 160 1 1
1.000031 161 2 2
1.000031 162 2 2
1.000031 164 1 1
1.000031 165 1 1
1.000031 166 2 2
1.000031 167 2 2
1.000031 168 2 2
1.000031 169 2 2
1.000031 170 1 1
1.000031 171 2 2
1.000031 172 2 2
1.000031 173 2 2
1.000031 174 2 2
1.000031 175 2 2
1.000031 176 2 2
1.000031 177 1 1
1.000031 178 1 1
1.000031 179 1 1
1.000031 180 1 1
1.000031 181 2 2
1.000031 182 1 1
1.000031 183 1 1
1.000031 184 2 2
1.000031 185 1 1
1.000031 186 2 2
1.000031 187 1 1
1.000031 188 2 2
1.000031 189 1 1
1.000031 190 2 2
1.000031 191 1 1
1.000031 192 2 2
1.000031 193 1 1
1.000031 194 2 2
1.000031 195 2 2
1.000031 196 1 1
1.000031 197 2 2
1.000031 198 2 2
1.000031 199 1 1
1.000031 200 1 1
1.000031 201 1 1
1.000031 202 2 2
1.000031 203 2 2
1.000031 204 2 2
1.000031 205 1 1
1.000031 207 1 1
1.000031 208 2 2
1.000031 209 1 1
1.000031 210 1 1
1.000031 211 1 1
1.000031 212 1 1
1.000031 213 2 2
1.000031 214 2 2
1.000031 215 2 2
1.000031 216 1 1
1.000031 217 2 2
1.000031 218 2 2
1.000031 219 1 1
2.000061 0 2 2
2.000061 1 2 2
2.000061 2 2 2
2.000061 3 2 2
2.000061 4 2 2
2.000061 5 2 2
2.000061 6 2 2
2.000061 7 2 2
2.000061 8 2 2
2.000061 9 3 3
2.000061 10 2 2
2.000061 11 2 2
2.000061 12 2 2
2.000061 13 2 2
2.000061 14 2 2
2.000061 15 2 2
2.000061 16 3 3
2.000061 17 2 2
2.000061 18 2 2
2.000061 20 2 2
2.000061 21 2 2
2.000061 22 2 2
2.000061 23 2 2
2.000061 24 2 2
2.000061 25 3 3
2.000061 26 2 2
2.000061 27 3 3
2.000061 28 2 2
2.000061 29 2 2
2.000061 30 2 2
2.000061 31 3 3
2.000061 32 2 2
2.000061 33 2 2
2.000061 34 2 2
2.000061 36 2 2
2.000061 37 2 2
2.000061 38 3 3
2.000061 39 2 2
2.000061 40 3 3
2.000061 41 2 2
2.000061 42 2 2
2.000061 43 3 3
2.000061 44 3 3
2.000061 45 2 2
2.000061 46 2 2
2.000061 47 2 2
2.000061 48 2 2
2.000061 50 2 2
2.000061 51 2 2
2.000061 52 2 2
2.000061 53 2 2
2.000061 54 2 2
2.000061 55 4 4
2.000061 56 2 2
2.000061 57 2 2
2.000061 58 2 2
2.000061 59 2 2
2.000061 60 3 3
2.000061 61 2 2
2.000061 62 3 3
2.000061 63 2 2
2.000061 64 2 2
2.000061 65 2 2
2.000061 66 2 2
2.000061 67 2 2
2.000061 68 2 2
2.000061 69 2 2
2.000061 70 3 3
2.000061 71 2 2
2.000061 72 2 2
2.000061 73 2 2
2.000061 74 2 2
2.000061 75 2 2
2.000061 76 2 2
2.000061 78 2 2
2.000061 80 2 2
2.000061 81 2 2
2.000061 82 2 2
2.000061 83 2 2
2.000061 84 2 2
2.000061 85 2 2
2.000061 86 2 2
2.000061 88 2 2
2.000061 89 2 2
2.000061 90 3 3
2.000061 91 3 3
2.000061 92 2 2
2.000061 93 2 2
2.000061 94 2 2
2.000061 95 2 2
2.000061 96 2 2
2.000061 97 2 2
2.000061 98 2 2
2.000061 99 2 2
2.000061 100 2 2
2.000061 101 2 2
2.000061 102 2 2
2.000061 103 2 2
2.000061 104 2 2
2.000061 105 2 2
2.000061 106 2 2
2.000061 107 2 2
2.000061 108 2 2
2.000061 109 3 3
2.000061 110 2 2
2.000061 112 2 2
2.000061 113 2 2
2.000061 114 2 2
2.000061 115 3 3
2.000061 116 2 2
2.000061 117 3 3
2.000061 118 2 2
2.000061 119 2 2
2.000061 120 2 2
2.000061 121 2 2
2.000061 122 3 3
2.000061 123 2 2
2.000061 124 2 2
2.000061 125 2 2
2.000061 126 2 2
2.000061 128 2 2
2.000061 129 2 2
2.000061 130 2 2
2.000061 131 3 3
2.000061 132 2 2
2.000061 133 2 2
2.000061 134 2 2
2.000061 135 2 2
2.000061 136 2 2
2.000061 137 2 2
2.000061 138 1 1
2.000061 139 2 2
2.000061 140 2 2
2.000061 141 2 2
2.000061 142 2 2
2.000061 143 2 2
2.000061 144 2 2
2.000061 145 2 2
2.000061 146 2 2
2.000061 147 2 2
2.000061 148 2 2
2.000061 149 2 2
2.000061 150 2 2
2.000061 151 1 1
2.000061 152 2 2
2.000061 153 2 2
2.000061 155 2 2
2.000061 156 2 2
2.000061 157 2 2
2.000061 158 2 2
2.000061 159 2 2
2.000061 160 2 2
2.000061 161 3 3
2.000061 162 2 2
2.000061 164 2 2
2.000061 165 2 2
2.000061 166 3 3
2.000061 167 2 2
2.000061 168 3 3
2.000061 169 2 2
2.000061 170 2 2
2.000061 171 2 2
2.000061 172 3 3
2.000061 173 2 2
2.000061 174 2 2
2.000061 175 2 2
2.000061 176 2 2
2.000061 177 2 2
2.000061 178 2 2
2.000061 179 2 2
2.000061 180 2 2
2.000061 181 3 3
2.000061 182 2 2
2.000061 183 3 3
2.000061 184 2 2
2.000061 185 2 2
2.000061 186 2 2
2.000061 187 2 2
2.000061 188 2 2
2.000061 189 2 2
2.000061 190 2 2
2.000061 191 3 3
2.000061 192 2 2
2.000061 193 2 2
2.000061 194 2 2
2.000061 195 3 3
2.000061 196 2 2
2.000061 197 2 2
2.000061 198 2 2
2.000061 199 2 2
2.000061 200 2 2
2.000061 201 2 2
2.000061 202 2 2
2.000061 203 2 2
2.000061 204 2 2
2.000061 205 2 2
2.000061 207 2 2
2.000061 208 2 2
2.000061 209 2 2
2.000061 210 2 2
2.000061 211 2 2
2.000061 212 2 2
2.000061 213 2 2
2.000061 214 2 2
2.000061 215 2 2
2.000061 216 2 2
2.000061 217 2 2
2.000061 218 3 3
2.000061 219 2 2
3.000092 0 4 4
3.000092 1 4 4
3.000092 2 4 4
3.000092 3 4 4
3.000092 4 4 4
3.000092 5 4 4
3.000092 6 3 3
3.000092 7 4 4
3.000092 8 4 4
3.000092 9 4 4
3.000092 10 4 4
3.000092 11 3 3
3.000092 12 4 4
3.000092 13 4 4
3.000092 14 4 4
3.000092 15 4 4
3.000092 16 3 3
3.000092 17 4 4
3.000092 18 4 4
3.000092 20 4 4
3.000092 21 4 4
3.000092 22 4 4
3.000092 23 4 4
3.000092 24 4 4
3.000092 25 5 5
3.000092 26 4 4
3.000092 27 4 4
3.000092 28 4 4
3.000092 29 4 4
3.000092 30 3 3
3.000092 31 5 5
3.000092 32 4 4
3.000092 33 4 4
3.000092 34 4 4
3.000092 36 3 3
3.000092 37 4 4
3.000092 38 3 3
3.000092 39 4 4
3.000092 40 4 4
3.000092 41 4 4
3.000092 42 4 4
3.000092 43 4 4
3.000092 44 5 5
3.000092 45 4 4
3.000092 46 4 4
3.000092 47 4 4
3.000092 48 3 3
3.000092 50 4 4
3.000092 51 4 4
3.000092 52 4 4
3.000092 53 3 3
3.000092 54 4 4
3.000092 55 4 4
3.000092 56 4 4
3.000092 57 4 4
3.000092 58 4 4
3.000092 59 3 3
3.000092 60 4 4
3.000092 61 4 4
3.000092 62 4 4
3.000092 63 4 4
3.000092 64 4 4
3.000092 65 4 4
3.000092 66 4 4
3.000092 67 3 3
3.000092 68 4 4
3.000092 69 4 4
3.000092 70 4 4
3.000092 71 3 3
3.000092 72 4 4
3.000092 73 4 4
3.000092 74 4 4
3.000092 75 4 4
3.000092 76 4 4
3.000092 78 4 4
3.000092 80 4 4
3.000092 81 4 4
3.000092 82 4 4
3.000092 83 4 4
3.000092 84 4 4
3.000092 85 4 4
3.000092 86 4 4
3.000092 88 4 4
3.000092 89 4 4
3.000092 90 4 4
3.000092 91 5 5
3.000092 92 4 4
3.000092 93 4 4
3.000092 94 4 4
3.000092 95 4 4
3.000092 96 4 4
3.000092 97 4 4
3.000092 98 4 4
3.000092 99 4 4
3.000092 100 4 4
3.000092 101 4 4
3.000092 102 4 4
3.000092 103 4 4
3.000092 104 3 3
3.000092 105 4 4
3.000092 106 4 4
3.000092 107 3 3
3.000092 108 4 4
3.000092 109 4 4
3.000092 110 3 3
3.000092 112 4 4
3.000092 113 3 3
3.000092 114 4 4
3.000092 115 4 4
3.000092 116 4 4
3.000092 117 4 4
3.000092 118 4 4
3.000092 119 4 4
3.000092 120 4 4
3.000092 121 3 3
3.000092 122 4 4
3.000092 123 4 4
3.000092 124 4 4
3.000092 125 4 4
3.000092 126 4 4
3.000092 128 4 4
3.000092 129 3 3
3.000092 130 4 4
3.000092 131 4 4
3.000092 132 4 4
3.000092 133 4 4
3.000092 134 4 4
3.000092 135 4 4
3.000092 136 3 3
3.000092 137 4 4
3.000092 138 2 2
3.000092 139 4 4
3.000092 140 4 4
3.000092 141 4 4
3.000092 142 4 4
3.000092 143 4 4
3.000092 144 4 4
3.000092 145 4 4
3.000092 146 4 4
3.000092 147 4 4
3.000092 148 4 4
3.000092 149 4 4
3.000092 150 4 4
3.000092 151 1 1
3.000092 152 4 4
3.000092 153 4 4
3.000092 155 4 4
3.000092 156 4 4
3.000092 157 4 4
3.000092 158 4 4
3.000092 159 4 4
3.000092 160 2 2
3.000092 161 5 5
3.000092 162 4 4
3.000092 164 4 4
3.000092 165 4 4
3.000092 166 4 4
3.000092 167 4 4
3.000092 168 4 4
3.000092 169 4 4
3.000092 170 4 4
3.000092 171 3 3
3.000092 172 4 4
3.000092 173 4 4
3.000092 174 4 4
3.000092 175 4 4
3.000092 176 4 4
3.000092 177 4 4
3.000092 178 2 2
3.000092 179 4 4
3.000092 180 4 4
3.000092 181 4 4
3.000092 182 4 4
3.000092 183 4 4
3.000092 184 4 4
3.000092 185 3 3
3.000092 186 4 4
3.000092 187 4 4
3.000092 188 4 4
3.000092 189 4 4
3.000092 190 4 4
3.000092 191 4 4
3.000092 192 4 4
3.000092 193 4 4
3.000092 194 4 4
3.000092 195 4 4
3.000092 196 4 4
3.000092 197 4 4
3.000092 198 4 4
3.000092 199 4 4
3.000092 200 4 4
3.000092 201 4 4
3.000092 202 4 4
3.000092 203 4 4
3.000092 204 4 4
3.000092 205 3 3
3.000092 207 4 4
3.000092 208 4 4
3.000092 209 3 3
3.000092 210 4 4
3.000092 211 4 4
3.000092 212 3 3
3.000092 213 4 4
3.000092 214 3 3
3.000092 215 4 4
3.000092 216 3 3
3.000092 217 4 4
3.000092 218 5 5
3.000092 219 4 4
4.000122 0 5 5
4.000122 1 7 7
4.000122 2 4 4
4.000122 3 8 8
4.000122 4 7 7
4.000122 5 5 5
4.000122 6 6 6
4.000122 7 5 5
4.000122 8 6 6
4.000122 9 7 7
4.000122 10 8 8
4.000122 11 5 5
4.000122 12 6 6
4.000122 13 7 7
4.000122 14 8 8
4.000122 15 5 5
4.000122 16 4 4
4.000122 17 4 4
4.000122 18 6 6
4.000122 20 8 8
4.000122 21 6 6
4.000122 22 5 5
4.000122 23 7 7
4.000122 24 6 6
4.000122 25 7 7
4.000122 26 8 8
4.000122 27 7 7
4.000122 28 4 4
4.000122 29 7 7
4.000122 30 4 4
4.000122 31 8 8
4.000122 32 8 8
4.000122 33 6 6
4.000122 34 5 5
4.000122 36 6 6
4.000122 37 7 7
4.000122 38 4 4
4.000122 39 6 6
4.000122 40 8 8
4.000122 41 4 4
4.000122 42 5 5
4.000122 43 8 8
4.000122 44 8 8
4.000122 45 5 5
4.000122 46 8 8
4.000122 47 8 8
4.000122 48 4 4
4.000122 50 7 7
4.000122 51 5 5
4.000122 52 6 6
4.000122 53 5 5
4.000122 54 7 7
4.000122 55 8 8
4.000122 56 7 7
4.000122 57 4 4
4.000122 58 5 5
4.000122 59 5 5
4.000122 60 7 7
4.000122 61 8 8
4.000122 62 6 6
4.000122 63 5 5
4.000122 64 6 6
4.000122 65 6 6
4.000122 66 4 4
4.000122 67 6 6
4.000122 68 8 8
4.000122 69 7 7
4.000122 70 8 8
4.000122 71 5 5
4.000122 72 5 5
4.000122 73 6 6
4.000122 74 4 4
4.000122 75 5 5
4.000122 76 7 7
4.000122 78 4 4
4.000122 80 6 6
4.000122 81 5 5
4.000122 82 4 4
4.000122 83 5 5
4.000122 84 6 6
4.000122 85 7 7
4.000122 86 5 5
4.000122 88 5 5
4.000122 89 7 7
4.000122 90 6 6
4.000122 91 8 8
4.000122 92 6 6
4.000122 93 7 7
4.000122 94 6 6
4.000122 95 5 5
4.000122 96 6 6
4.000122 97 5 5
4.000122 98 6 6
4.000122 99 8 8
4.000122 100 6 6
4.000122 101 8 8
4.000122 102 7 7
4.000122 103 8 8
4.000122 104 4 4
4.000122 105 6 6
4.000122 106 7 7
4.000122 107 4 4
4.000122 108 7 7
4.000122 109 7 7
4.000122 110 4 4
4.000122 112 6 6
4.000122 113 4 4
4.000122 114 7 7
4.000122 115 6 6
4.000122 116 6 6
4.000122 117 7 7
4.000122 118 5 5
4.000122 119 6 6
4.000122 120 5 5
4.000122 121 4 4
4.000122 122 8 8
4.000122 123 7 7
4.000122 124 4 4
4.000122 125 8 8
4.000122 126 6 6
4.000122 128 6 6
4.000122 129 6 6
4.000122 130 5 5
4.000122 131 8 8
4.000122 132 6 6
4.000122 133 5 5
4.000122 134 7 7
4.000122 135 7 7
4.000122 136 4 4
4.000122 137 4 4
4.000122 138 2 2
4.000122 139 7 7
4.000122 140 5 5
4.000122 141 6 6
4.000122 142 6 6
4.000122 143 6 6
4.000122 144 6 6
4.000122 145 7 7
4.000122 146 6 6
4.000122 147 7 7
4.000122 148 5 5
4.000122 149 7 7
4.000122 150 8 8
4.000122 151 1 1
4.000122 152 6 6
4.000122 153 7 7
4.000122 155 5 5
4.000122 156 5 5
4.000122 157 5 5
4.000122 158 6 6
4.000122 159 6 6
4.000122 160 2 2
4.000122 161 9 9
4.000122 162 7 7
4.000122 164 6 6
4.000122 165 6 6
4.000122 166 7 7
4.000122 167 8 8
4.000122 168 6 6
4.000122 169 6 6
4.000122 170 6 6
4.000122 171 5 5
4.000122 172 7 7
4.000122 173 6 6
4.000122 174 8 8
4.000122 175 7 7
4.000122 176 6 6
4.000122 177 5 5
4.000122 178 4 4
4.000122 179 6 6
4.000122 180 5 5
4.000122 181 8 8
4.000122 182 6 6
4.000122 183 6 6
4.000122 184 6 6
4.000122 185 4 4
4.000122 186 7 7
4.000122 187 5 5
4.000122 188 6 6
4.000122 189 6 6
4.000122 190 8 8
4.000122 191 7 7
4.000122 192 7 7
4.000122 193 5 5
4.000122 194 7 7
4.000122 195 8 8
4.000122 196 4 4
4.000122 197 6 6
4.000122 198 8 8
4.000122 199 6 6
4.000122 200 5 5
4.000122 201 7 7
4.000122 202 8 8
4.000122 203 8 8
4.000122 204 6 6
4.000122 205 4 4
4.000122 207 4 4
4.000122 208 8 8
4.000122 209 4 4
4.000122 210 7 7
4.000122 211 7 7
4.000122 212 3 3
4.000122 213 8 8
4.000122 214 5 5
4.000122 215 7 7
4.000122 216 6 6
4.000122 217 6 6
4.000122 218 8 8
4.000122 219 7 7
5.000153 0 10 10
5.000153 1 10 10
5.000153 2 8 8
5.000153 3 12 12
5.000153 4 9 9
5.000153 5 8 8
5.000153 6 9 9
5.000153 7 10 10
5.000153 8 10 10
5.000153 9 9 9
5.000153 10 8 8
5.000153 11 8 8
5.000153 12 8 8
5.000153 13 10 10
5.000153 14 9 9
5.000153 15 9 9
5.000153 16 6 6
5.000153 17 8 8
5.000153 18 9 9
5.000153 20 10 10
5.000153 21 9 9
5.000153 22 10 10
5.000153 23 8 8
5.000153 24 10 10
5.000153 25 11 11
5.000153 26 9 9
5.000153 27 12 12
5.000153 28 8 8
5.000153 29 9 9
5.000153 30 6 6
5.000153 31 10 10
5.000153 32 9 9
5.000153 33 9 9
5.000153 34 8 8
5.000153 36 8 8
5.000153 37 9 9
5.000153 38 7 7
5.000153 39 8 8
5.000153 40 11 11
5.000153 41 8 8
5.000153 42 8 8
5.000153 43 11 11
5.000153 44 12 12
5.000153 45 8 8
5.000153 46 10 10
5.000153 47 9 9
5.000153 48 8 8
5.000153 50 9 9
5.000153 51 7 7
5.000153 52 9 9
5.000153 53 8 8
5.000153 54 9 9
5.000153 55 12 12
5.000153 56 12 12
5.000153 57 8 8
5.000153 58 9 9
5.000153 59 8 8
5.000153 60 10 10
5.000153 61 8 8
5.000153 62 9 9
5.000153 63 8 8
5.000153 64 9 9
5.000153 65 8 8
5.000153 66 8 8
5.000153 67 11 11
5.000153 68 12 12
5.000153 69 8 8
5.000153 70 13 13
5.000153 71 8 8
5.000153 72 8 8
5.000153 73 8 8
5.000153 74 8 8
5.000153 75 11 11
5.000153 76 8 8
5.000153 78 8 8
5.000153 80 10 10
5.000153 81 8 8
5.000153 82 8 8
5.000153 83 8 8
5.000153 84 10 10
5.000153 85 11 11
5.000153 86 9 9
5.000153 88 10 10
5.000153 89 9 9
5.000153 90 10 10
5.000153 91 12 12
5.000153 92 9 9
5.000153 93 10 10
5.000153 94 9 9
5.000153 95 8 8
5.000153 96 9 9
5.000153 97 8 8
5.000153 98 9 9
5.000153 99 9 9
5.000153 100 9 9
5.000153 101 8 8
5.000153 102 8 8
5.000153 103 9 9
5.000153 104 8 8
5.000153 105 9 9
5.000153 106 10 10
5.000153 107 8 8
5.000153 108 8 8
5.000153 109 11 11
5.000153 110 8 8
5.000153 112 8 8
5.000153 113 7 7
5.000153 114 11 11
5.000153 115 9 9
5.000153 116 8 8
5.000153 117 11 11
5.000153 118 10 10
5.000153 119 9 9
5.000153 120 8 8
5.000153 121 8 8
5.000153 122 13 13
5.000153 123 11 11
5.000153 124 8 8
5.000153 125 10 10
5.000153 126 10 10
5.000153 128 9 9
5.000153 129 8 8
5.000153 130 8 8
5.000153 131 12 12
5.000153 132 9 9
5.000153 133 9 9
5.000153 134 8 8
5.000153 135 12 12
5.000153 136 8 8
5.000153 137 8 8
5.000153 138 3 3
5.000153 139 9 9
5.000153 140 9 9
5.000153 141 8 8
5.000153 142 10 10
5.000153 143 8 8
5.000153 144 9 9
5.000153 145 12 12
5.000153 146 9 9
5.000153 147 8 8
5.000153 148 9 9
5.000153 149 11 11
5.000153 150 12 12
5.000153 151 2 2
5.000153 152 10 10
5.000153 153 11 11
5.000153 155 8 8
5.000153 156 9 9
5.000153 157 8 8
5.000153 158 10 10
5.000153 159 8 8
5.000153 160 3 3
5.000153 161 14 14
5.000153 162 8 8
5.000153 164 9 9
5.000153 165 8 8
5.000153 166 11 11
5.000153 167 10 10
5.000153 168 11 11
5.000153 169 8 8
5.000153 170 8 8
5.000153 171 8 8
5.000153 172 11 11
5.000153 173 9 9
5.000153 174 11 11
5.000153 175 10 10
5.000153 176 9 9
5.000153 177 8 8
5.000153 178 8 8
5.000153 179 9 9
5.000153 180 8 8
5.000153 181 12 12
5.000153 182 8 8
5.000153 183 11 11
5.000153 184 12 12
5.000153 185 7 7
5.000153 186 9 9
5.000153 187 9 9
5.000153 188 10 10
5.000153 189 8 8
5.000153 190 10 10
5.000153 191 10 10
5.000153 192 10 10
5.000153 193 9 9
5.000153 194 8 8
5.000153 195 10 10
5.000153 196 9 9
5.000153 197 9 9
5.000153 198 11 11
5.000153 199 8 8
5.000153 200 8 8
5.000153 201 7 7
5.000153 202 15 15
5.000153 203 12 12
5.000153 204 8 8
5.000153 205 8 8
5.000153 207 8 8
5.000153 208 12 12
5.000153 209 8 8
5.000153 210 11 11
5.000153 211 9 9
5.000153 212 5 5
5.000153 213 11 11
5.000153 214 7 7
5.000153 215 11 11
5.000153 216 8 8
5.000153 217 9 9
5.000153 218 12 12
5.000153 219 8 8
6.000183 0 18 18
6.000183 1 17 17
6.000183 2 14 14
6.000183 3 18 18
6.000183 4 17 17
6.000183 5 15 15
6.000183 6 14 14
6.000183 7 16 16
6.000183 8 14 14
6.000183 9 17 17
6.000183 10 16 16
6.000183 11 13 13
6.000183 12 14 14
6.000183 13 15 15
6.000183 14 17 17
6.000183 15 15 15
6.000183 16 9 9
6.000183 17 16 16
6.000183 18 16 16
6.000183 20 17 17
6.000183 21 16 16
6.000183 22 17 17
6.000183 23 14 14
6.000183 24 16 16
6.000183 25 17 17
6.000183 26 16 16
6.000183 27 19 19
6.000183 28 15 15
6.000183 29 14 14
6.000183 30 11 11
6.000183 31 19 19
6.000183 32 16 16
6.000183 33 16 16
6.000183 34 10 10
6.000183 36 11 11
6.000183 37 16 16
6.000183 38 9 9
6.000183 39 16 16
6.000183 40 19 19
6.000183 41 14 14
6.000183 42 16 16
6.000183 43 18 18
6.000183 44 18 18
6.000183 45 14 14
6.000183 46 17 17
6.000183 47 17 17
6.000183 48 15 15
6.000183 50 16 16
6.000183 51 11 11
6.000183 52 14 14
6.000183 53 12 12
6.000183 54 16 16
6.000183 55 20 20
6.000183 56 19 19
6.000183 57 12 12
6.000183 58 16 16
6.000183 59 13 13
6.000183 60 17 17
6.000183 61 16 16
6.000183 62 17 17
6.000183 63 15 15
6.000183 64 13 13
6.000183 65 15 15
6.000183 66 13 13
6.000183 67 14 14
6.000183 68 18 18
6.000183 69 16 16
6.000183 70 21 21
6.000183 71 14 14
6.000183 72 15 15
6.000183 73 16 16
6.000183 74 13 13
6.000183 75 16 16
6.000183 76 15 15
6.000183 78 12 12
6.000183 80 16 16
6.000183 81 14 14
6.000183 82 14 14
6.000183 83 16 16
6.000183 84 16 16
6.000183 85 17 17
6.000183 86 14 14
6.000183 88 14 14
6.000183 89 16 16
6.000183 90 16 16
6.000183 91 19 19
6.000183 92 14 14
6.000183 93 15 15
6.000183 94 15 15
6.000183 95 16 16
6.000183 96 17 17
6.000183 97 11 11
6.000183 98 14 14
6.000183 99 17 17
6.000183 100 16 16
6.000183 101 15 15
6.000183 102 16 16
6.000183 103 16 16
6.000183 104 11 11
6.000183 105 15 15
6.000183 106 17 17
6.000183 107 12 12
6.000183 108 16 16
6.000183 109 17 17
6.000183 110 11 11
6.000183 112 14 14
6.000183 113 12 12
6.000183 114 17 17
6.000183 115 16 16
6.000183 116 15 15
6.000183 117 18 18
6.000183 118 15 15
6.000183 119 14 14
6.000183 120 16 16
6.000183 121 12 12
6.000183 122 19 19
6.000183 123 17 17
6.000183 124 16 16
6.000183 125 16 16
6.000183 126 15 15
6.000183 128 16 16
6.000183 129 15 15
6.000183 130 11 11
6.000183 131 18 18
6.000183 132 17 17
6.000183 133 14 14
6.000183 134 16 16
6.000183 135 17 17
6.000183 136 12 12
6.000183 137 15 15
6.000183 138 4 4
6.000183 139 16 16
6.000183 140 15 15
6.000183 141 13 13
6.000183 142 15 15
6.000183 143 17 17
6.000183 144 16 16
6.000183 145 17 17
6.000183 146 14 14
6.000183 147 16 16
6.000183 148 16 16
6.000183 149 17 17
6.000183 150 16 16
6.000183 151 3 3
6.000183 152 16 16
6.000183 153 17 17
6.000183 155 15 15
6.000183 156 16 16
6.000183 157 14 14
6.000183 158 16 16
6.000183 159 16 16
6.000183 160 5 5
6.000183 161 21 21
6.000183 162 16 16
6.000183 164 15 15
6.000183 165 14 14
6.000183 166 18 18
6.000183 167 17 17
6.000183 168 15 15
6.000183 169 10 10
6.000183 170 14 14
6.000183 171 13 13
6.000183 172 17 17
6.000183 173 16 16
6.000183 174 17 17
6.000183 175 17 17
6.000183 176 15 15
6.000183 177 14 14
6.000183 178 9 9
6.000183 179 13 13
6.000183 180 15 15
6.000183 181 20 20
6.000183 182 15 15
6.000183 183 18 18
6.000183 184 18 18
6.000183 185 13 13
6.000183 186 15 15
6.000183 187 14 14
6.000183 188 16 16
6.000183 189 17 17
6.000183 190 17 17
6.000183 191 17 17
6.000183 192 18 18
6.000183 193 14 14
6.000183 194 15 15
6.000183 195 17 17
6.000183 196 15 15
6.000183 197 14 14
6.000183 198 17 17
6.000183 199 15 15
6.000183 200 13 13
6.000183 201 10 10
6.000183 202 20 20
6.000183 203 19 19
6.000183 204 16 16
6.000183 205 15 15
6.000183 207 14 14
6.000183 208 17 17
6.000183 209 12 12
6.000183 210 15 15
6.000183 211 16 16
6.000183 212 8 8
6.000183 213 17 17
6.000183 214 8 8
6.000183 215 17 17
6.000183 216 13 13
6.000183 217 16 16
6.000183 218 19 19
6.000183 219 14 14
7.000214 0 23 23
7.000214 1 25 25
7.000214 2 21 21
7.000214 3 31 31
7.000214 4 28 28
7.000214 5 18 18
7.000214 6 23 23
7.000214 7 24 24
7.000214 8 25 25
7.000214 9 30 30
7.000214 10 24 24
7.000214 11 20 20
7.000214 12 23 23
7.000214 13 26 26
7.000214 14 27 27
7.000214 15 24 24
7.000214 16 11 11
7.000214 17 19 19
7.000214 18 23 23
7.000214 20 28 28
7.000214 21 25 25
7.000214 22 24 24
7.000214 23 20 20
7.000214 24 26 26
7.000214 25 29 29
7.000214 26 30 30
7.000214 27 30 30
7.000214 28 20 20
7.000214 29 25 25
7.000214 30 12 12
7.000214 31 29 29
7.000214 32 30 30
7.000214 33 27 27
7.000214 34 12 12
7.000214 36 3 3
7.000214 37 25 25
7.000214 38 10 10
7.000214 39 20 20
7.000214 40 31 31
7.000214 41 20 20
7.000214 42 26 26
7.000214 43 33 33
7.000214 44 33 33
7.000214 45 20 20
7.000214 46 31 31
7.000214 47 29 29
7.000214 48 17 17
7.000214 50 26 26
7.000214 51 10 10
7.000214 52 23 23
7.000214 53 20 20
7.000214 54 26 26
7.000214 55 26 26
7.000214 56 30 30
7.000214 57 19 19
7.000214 58 23 23
7.000214 59 19 19
7.000214 60 30 30
7.000214 61 30 30
7.000214 62 24 24
7.000214 63 24 24
7.000214 64 21 21
7.000214 65 22 22
7.000214 66 20 20
7.000214 67 24 24
7.000214 68 31 31
7.000214 69 26 26
7.000214 70 30 30
7.000214 71 21 21
7.000214 72 23 23
7.000214 73 24 24
7.000214 74 14 14
7.000214 75 23 23
7.000214 76 26 26
7.000214 78 17 17
7.000214 80 26 26
7.000214 81 20 20
7.000214 82 19 19
7.000214 83 25 25
7.000214 84 25 25
7.000214 85 26 26
7.000214 86 22 22
7.000214 88 23 23
7.000214 89 26 26
7.000214 90 22 22
7.000214 91 34 34
7.000214 92 23 23
7.000214 93 26 26
7.000214 94 21 21
7.000214 95 20 20
7.000214 96 25 25
7.000214 97 21 21
7.000214 98 27 27
7.000214 99 26 26
7.000214 100 23 23
7.000214 101 27 27
7.000214 102 26 26
7.000214 103 27 27
7.000214 104 17 17
7.000214 105 27 27
7.000214 106 26 26
7.000214 107 20 20
7.000214 108 24 24
7.000214 109 30 30
7.000214 110 19 19
7.000214 112 21 21
7.000214 113 19 19
7.000214 114 28 28
7.000214 115 26 26
7.000214 116 22 22
7.000214 117 18 18
7.000214 118 22 22
7.000214 119 22 22
7.000214 120 20 20
7.000214 121 20 20
7.000214 122 31 31
7.000214 123 31 31
7.000214 124 23 23
7.000214 125 29 29
7.000214 126 24 24
7.000214 128 26 26
7.000214 129 26 26
7.000214 130 18 18
7.000214 131 31 31
7.000214 132 23 23
7.000214 133 24 24
7.000214 134 25 25
7.000214 135 29 29
7.000214 136 17 17
7.000214 137 22 22
7.000214 138 1 1
7.000214 139 24 24
7.000214 140 22 22
7.000214 141 24 24
7.000214 142 24 24
7.000214 143 26 26
7.000214 144 26 26
7.000214 145 26 26
7.000214 146 23 23
7.000214 147 26 26
7.000214 148 24 24
7.000214 149 24 24
7.000214 150 29 29
7.000214 152 26 26
7.000214 153 30 30
7.000214 155 24 24
7.000214 156 21 21
7.000214 157 21 21
7.000214 158 24 24
7.000214 159 24 24
7.000214 160 6 6
7.000214 161 37 37
7.000214 162 26 26
7.000214 164 24 24
7.000214 165 22 22
7.000214 166 28 28
7.000214 167 24 24
7.000214 168 26 26
7.000214 169 3 3
7.000214 170 25 25
7.000214 171 23 23
7.000214 172 28 28
7.000214 173 24 24
7.000214 174 30 30
7.000214 175 26 26
7.000214 176 21 21
7.000214 177 24 24
7.000214 178 16 16
7.000214 179 24 24
7.000214 180 23 23
7.000214 181 33 33
7.000214 182 23 23
7.000214 183 28 28
7.000214 184 26 26
7.000214 185 18 18
7.000214 186 26 26
7.000214 187 23 23
7.000214 188 24 24
7.000214 189 23 23
7.000214 190 27 27
7.000214 191 29 29
7.000214 192 25 25
7.000214 193 22 22
7.000214 194 28 28
7.000214 195 26 26
7.000214 196 22 22
7.000214 197 24 24
7.000214 198 29 29
7.000214 199 26 26
7.000214 200 21 21
7.000214 201 6 6
7.000214 202 32 32
7.000214 203 33 33
7.000214 204 23 23
7.000214 205 22 22
7.000214 207 21 21
7.000214 208 29 29
7.000214 209 23 23
7.000214 210 26 26
7.000214 211 25 25
7.000214 212 9 9
7.000214 213 31 31
7.000214 214 4 4
7.000214 215 28 28
7.000214 216 22 22
7.000214 217 25 25
7.000214 218 33 33
7.000214 219 26 26
8.000244 0 41 41
8.000244 3 45 45
8.000244 4 42 42
8.000244 6 37 37
8.000244 7 40 40
8.000244 8 31 31
8.000244 9 45 45
8.000244 12 31 31
8.000244 13 37 37
8.000244 15 35 35
8.000244 17 35 35
8.000244 18 40 40
8.000244 21 2 2
8.000244 23 36 36
8.000244 24 38 38
8.000244 25 43 43
8.000244 26 40 40
8.000244 27 48 48
8.000244 28 34 34
8.000244 31 47 47
8.000244 32 43 43
8.000244 33 39 39
8.000244 39 36 36
8.000244 40 50 50
8.000244 41 33 33
8.000244 42 38 38
8.000244 44 50 50
8.000244 45 16 16
8.000244 46 44 44
8.000244 47 39 39
8.000244 50 40 40
8.000244 52 34 34
8.000244 54 36 36
8.000244 57 7 7
8.000244 59 33 33
8.000244 60 41 41
8.000244 61 29 29
8.000244 62 42 42
8.000244 64 37 37
8.000244 65 33 33
8.000244 66 32 32
8.000244 68 51 51
8.000244 71 35 35
8.000244 72 36 36
8.000244 73 35 35
8.000244 75 44 44
8.000244 76 38 38
8.000244 78 29 29
8.000244 80 39 39
8.000244 81 34 34
8.000244 82 6 6
8.000244 83 36 36
8.000244 84 33 33
8.000244 88 32 32
8.000244 89 38 38
8.000244 90 38 38
8.000244 91 51 51
8.000244 92 35 35
8.000244 93 40 40
8.000244 95 34 34
8.000244 96 17 17
8.000244 98 36 36
8.000244 99 5 5
8.000244 100 36 36
8.000244 101 39 39
8.000244 102 38 38
8.000244 104 26 26
8.000244 105 2 2
8.000244 106 39 39
8.000244 107 29 29
8.000244 108 38 38
8.000244 109 32 32
8.000244 110 29 29
8.000244 114 42 42
8.000244 115 40 40
8.000244 116 36 36
8.000244 118 36 36
8.000244 119 34 34
8.000244 121 35 35
8.000244 122 48 48
8.000244 123 44 44
8.000244 124 36 36
8.000244 125 36 36
8.000244 126 41 41
8.000244 128 39 39
8.000244 129 34 34
8.000244 130 30 30
8.000244 131 48 48
8.000244 134 35 35
8.000244 135 47 47
8.000244 136 30 30
8.000244 137 38 38
8.000244 139 21 21
8.000244 140 30 30
8.000244 141 36 36
8.000244 142 37 37
8.000244 144 38 38
8.000244 145 44 44
8.000244 146 38 38
8.000244 147 35 35
8.000244 148 38 38
8.000244 149 46 46
8.000244 150 47 47
8.000244 152 43 43
8.000244 153 42 42
8.000244 155 37 37
8.000244 156 34 34
8.000244 157 35 35
8.000244 158 40 40
8.000244 159 38 38
8.000244 161 50 50
8.000244 162 38 38
8.000244 164 36 36
8.000244 165 33 33
8.000244 166 42 42
8.000244 167 27 27
8.000244 168 41 41
8.000244 170 35 35
8.000244 171 32 32
8.000244 172 45 45
8.000244 173 38 38
8.000244 174 45 45
8.000244 175 38 38
8.000244 176 37 37
8.000244 177 32 32
8.000244 178 27 27
8.000244 179 39 39
8.000244 180 34 34
8.000244 181 47 47
8.000244 183 42 42
8.000244 185 28 28
8.000244 186 40 40
8.000244 187 35 35
8.000244 188 36 36
8.000244 190 43 43
8.000244 191 41 41
8.000244 192 40 40
8.000244 193 36 36
8.000244 194 34 34
8.000244 195 41 41
8.000244 196 35 35
8.000244 197 7 7
8.000244 198 46 46
8.000244 199 37 37
8.000244 200 35 35
8.000244 202 54 54
8.000244 205 30 30
8.000244 207 34 34
8.000244 208 40 40
8.000244 209 32 32
8.000244 210 42 42
8.000244 213 2 2
8.000244 215 43 43
8.000244 216 33 33
8.000244 217 39 39
8.000244 218 50 50
8.000244 219 32 32
9.000275 0 67 67
9.000275 3 75 75
9.000275 4 73 73
9.000275 6 55 55
9.000275 7 66 66
9.000275 12 54 54
9.000275 13 66 66
9.000275 18 71 71
9.000275 23 60 60
9.000275 24 62 62
9.000275 26 63 63
9.000275 27 78 78
9.000275 28 58 58
9.000275 31 78 78
9.000275 32 69 69
9.000275 40 73 73
9.000275 41 58 58
9.000275 42 62 62
9.000275 44 80 80
9.000275 47 59 59
9.000275 50 67 67
9.000275 52 61 61
9.000275 59 47 47
9.000275 60 66 66
9.000275 62 65 65
9.000275 68 75 75
9.000275 71 54 54
9.000275 73 62 62
9.000275 75 70 70
9.000275 76 56 56
9.000275 78 49 49
9.000275 80 63 63
9.000275 81 16 16
9.000275 89 64 64
9.000275 90 58 58
9.000275 92 55 55
9.000275 93 20 20
9.000275 95 58 58
9.000275 100 59 59
9.000275 101 62 62
9.000275 102 64 64
9.000275 106 70 70
9.000275 107 52 52
9.000275 110 31 31
9.000275 114 66 66
9.000275 115 47 47
9.000275 116 54 54
9.000275 121 53 53
9.000275 122 80 80
9.000275 124 59 59
9.000275 126 10 10
9.000275 128 66 66
9.000275 130 6 6
9.000275 131 12 12
9.000275 134 59 59
9.000275 135 69 69
9.000275 137 8 8
9.000275 141 58 58
9.000275 142 62 62
9.000275 144 33 33
9.000275 145 63 63
9.000275 146 62 62
9.000275 147 65 65
9.000275 148 3 3
9.000275 149 67 67
9.000275 150 77 77
9.000275 152 64 64
9.000275 153 57 57
9.000275 155 61 61
9.000275 156 56 56
9.000275 157 56 56
9.000275 159 64 64
9.000275 164 36 36
9.000275 165 55 55
9.000275 166 70 70
9.000275 168 62 62
9.000275 170 5 5
9.000275 172 65 65
9.000275 173 63 63
9.000275 174 69 69
9.000275 175 64 64
9.000275 176 58 58
9.000275 177 62 62
9.000275 178 39 39
9.000275 179 54 54
9.000275 180 59 59
9.000275 185 42 42
9.000275 186 46 46
9.000275 187 27 27
9.000275 188 61 61
9.000275 190 65 65
9.000275 192 71 71
9.000275 193 49 49
9.000275 195 69 69
9.000275 196 49 49
9.000275 198 76 76
9.000275 199 64 64
9.000275 200 60 60
9.000275 202 78 78
9.000275 207 55 55
9.000275 208 69 69
9.000275 209 52 52
9.000275 215 64 64
9.000275 217 1 1
9.000275 218 80 80
10.000305 0 101 101
10.000305 3 123 123
10.000305 4 32 32
10.000305 6 89 89
10.000305 7 6 6
10.000305 12 6 6
10.000305 13 100 100
10.000305 23 93 93
10.000305 24 99 99
10.000305 26 2 2
10.000305 27 74 74
10.000305 31 126 126
10.000305 32 30 30
10.000305 40 128 128
10.000305 41 92 92
10.000305 42 96 96
10.000305 44 129 129
10.000305 50 105 105
10.000305 52 96 96
10.000305 59 44 44
10.000305 60 1 1
10.000305 62 96 96
10.000305 68 106 106
10.000305 71 37 37
10.000305 73 91 91
10.000305 80 100 100
10.000305 89 83 83
10.000305 90 68 68
10.000305 92 93 93
10.000305 95 93 93
10.000305 100 17 17
10.000305 101 105 105
10.000305 106 98 98
10.000305 107 79 79
10.000305 116 89 89
10.000305 121 83 83
10.000305 122 124 124
10.000305 124 90 90
10.000305 128 96 96
10.000305 134 90 90
10.000305 141 95 95
10.000305 145 4 4
10.000305 146 97 97
10.000305 147 108 108
10.000305 149 105 105
10.000305 150 5 5
10.000305 152 104 104
10.000305 155 96 96
10.000305 156 15 15
10.000305 157 93 93
10.000305 159 5 5
10.000305 165 88 88
10.000305 166 71 71
10.000305 168 106 106
10.000305 172 107 107
10.000305 173 103 103
10.000305 174 116 116
10.000305 175 105 105
10.000305 176 2 2
10.000305 177 97 97
10.000305 179 95 95
10.000305 180 65 65
10.000305 185 74 74
10.000305 188 102 102
10.000305 190 4 4
10.000305 192 110 110
10.000305 195 105 105
10.000305 198 118 118
10.000305 199 42 42
10.000305 200 94 94
10.000305 202 39 39
10.000305 207 85 85
10.000305 208 115 115
10.000305 209 7 7
10.000305 215 108 108
10.000305 218 134 134
11.000336 0 151 151
11.000336 3 192 192
11.000336 6 149 149
11.000336 13 132 132
11.000336 23 125 125
11.000336 24 154 154
11.000336 31 193 193
11.000336 40 201 201
11.000336 41 133 133
11.000336 42 42 42
11.000336 44 15 15
11.000336 50 168 168
11.000336 52 146 146
11.000336 62 49 49
11.000336 73 11 11
11.000336 80 150 150
11.000336 92 140 140
11.000336 95 7 7
11.000336 101 161 161
11.000336 106 8 8
11.000336 107 122 122
11.000336 116 44 44
11.000336 121 1 1
11.000336 122 202 202
11.000336 124 16 16
11.000336 141 125 125
11.000336 146 157 157
11.000336 147 157 157
11.000336 149 175 175
11.000336 152 10 10
11.000336 155 155 155
11.000336 157 96 96
11.000336 165 139 139
11.000336 168 96 96
11.000336 172 148 148
11.000336 173 164 164
11.000336 174 181 181
11.000336 175 151 151
11.000336 177 145 145
11.000336 179 161 161
11.000336 185 115 115
11.000336 188 162 162
11.000336 192 172 172
11.000336 195 157 157
11.000336 198 182 182
11.000336 200 138 138
11.000336 207 86 86
11.000336 208 58 58
11.000336 215 68 68
11.000336 218 7 7
12.000366 0 76 76
12.000366 3 311 311
12.000366 6 233 233
12.000366 13 33 33
12.000366 23 56 56
12.000366 24 61 61
12.000366 31 237 237
12.000366 40 314 314
12.000366 41 216 216
12.000366 52 247 247
12.000366 80 243 243
12.000366 92 79 79
12.000366 101 257 257
12.000366 107 109 109
12.000366 122 327 327
12.000366 141 83 83
12.000366 146 195 195
12.000366 147 218 218
12.000366 149 280 280
12.000366 155 250 250
12.000366 157 29 29
12.000366 165 209 209
12.000366 168 31 31
12.000366 172 30 30
12.000366 173 262 262
12.000366 174 96 96
12.000366 175 95 95
12.000366 177 146 146
12.000366 179 236 236
12.000366 185 112 112
12.000366 188 209 209
12.000366 192 279 279
12.000366 195 242 242
12.000366 198 73 73
12.000366 200 121 121
12.000366 207 7 7
13.000397 0 7 7
13.000397 3 484 484
13.000397 6 273 273
13.000397 23 3 3
13.000397 24 6 6
13.000397 31 136 136
13.000397 40 410 410
13.000397 41 156 156
13.000397 52 387 387
13.000397 80 294 294
13.000397 101 237 237
13.000397 107 51 51
13.000397 122 479 479
13.000397 141 45 45
13.000397 146 150 150
13.000397 147 176 176
13.000397 149 345 345
13.000397 155 364 364
13.000397 165 220 220
13.000397 173 372 372
13.000397 175 27 27
13.000397 177 58 58
13.000397 179 361 361
13.000397 185 88 88
13.000397 188 146 146
13.000397 192 437 437
13.000397 195 223 223
13.000397 200 60 60
14.000427 3 598 598
14.000427 6 185 185
14.000427 31 48 48
14.000427 40 401 401
14.000427 41 76 76
14.000427 52 592 592
14.000427 80 249 249
14.000427 101 173 173
14.000427 107 7 7
14.000427 122 620 620
14.000427 146 21 21
14.000427 147 111 111
14.000427 149 419 419
14.000427 155 402 402
14.000427 165 198 198
14.000427 173 549 549
14.000427 177 19 19
14.000427 179 496 496
14.000427 185 64 64
14.000427 188 15 15
14.000427 192 571 571
14.000427 195 195 195
15.000458 3 689 689
15.000458 6 188 188
15.000458 40 419 419
15.000458 41 47 47
15.000458 52 740 740
15.000458 80 164 164
15.000458 101 163 163
15.000458 122 659 659
15.000458 147 88 88
15.000458 149 421 421
15.000458 155 396 396
15.000458 165 195 195
15.000458 173 622 622
15.000458 179 483 483
15.000458 192 620 620
15.000458 195 111 111
16.000488 3 656 656
16.000488 6 121 121
16.000488 40 347 347
16.000488 41 15 15
16.000488 52 861 861
16.000488 80 74 74
16.000488 101 147 147
16.000488 122 704 704
16.000488 147 78 78
16.000488 149 453 453
16.000488 155 393 393
16.000488 165 222 222
16.000488 173 758 758
16.000488 179 422 422
16.000488 192 661 661
16.000488 195 75 75
17.000519 3 639 639
17.000519 6 60 60
17.000519 40 292 292
17.000519 52 982 982
17.000519 80 83 83
17.000519 101 116 116
17.000519 122 774 774
17.000519 147 84 84
17.000519 149 542 542
17.000519 155 401 401
17.000519 165 245 245
17.000519 173 806 806
17.000519 179 360 360
17.000519 192 615 615
17.000519 195 44 44
18.000549 3 678 678
18.000549 6 31 31
18.000549 40 273 273
18.000549 52 929 929
18.000549 80 105 105
18.000549 101 71 71
18.000549 122 892 892
18.000549 147 78 78
18.000549 149 650 650
18.000549 155 403 403
18.000549 165 226 226
18.000549 173 793 793
18.000549 179 367 367
18.000549 192 547 547
18.000549 195 3 3
19.000580 3 661 661
19.000580 6 35 35
19.000580 40 234 234
19.000580 52 804 804
19.000580 80 96 96
19.000580 101 27 27
19.000580 122 1007 1007
19.000580 147 64 64
19.000580 149 704 704
19.000580 155 479 479
19.000580 165 221 221
19.000580 173 767 767
19.000580 179 344 344
19.000580 192 547 547
20.000610 3 664 664
20.000610 6 19 19
20.000610 40 177 177
20.000610 52 806 806
20.000610 80 93 93
20.000610 101 15 15
20.000610 122 1192 1192
20.000610 147 40 40
20.000610 149 808 808
20.000610 155 562 562
20.000610 165 188 188
20.000610 173 700 700
20.000610 179 241 241
20.000610 192 556 556
21.000641 3 655 655
21.000641 40 135 135
21.000641 52 832 832
21.000641 80 69 69
21.000641 122 1356 1356
21.000641 147 15 15
21.000641 149 829 829
21.000641 155 655 655
21.000641 165 156 156
21.000641 173 659 659
21.000641 179 125 125
21.000641 192 517 517
22.000671 3 703 703
22.000671 40 73 73
22.000671 52 871 871
22.000671 80 36 36
22.000671 122 1317 1317
22.000671 149 820 820
22.000671 155 767 767
22.000671 165 128 128
22.000671 173 556 556
22.000671 179 141 141
22.000671 192 604 604
23.000702 3 741 741
23.000702 40 80 80
23.000702 52 790 790
23.000702 80 17 17
23.000702 122 1327 1327
23.000702 149 823 823
23.000702 155 875 875
23.000702 165 67 67
23.000702 173 378 378
23.000702 179 182 182
23.000702 192 697 697
24.000732 3 686 686
24.000732 40 46 46
24.000732 52 755 755
24.000732 80 6 6
24.000732 122 1452 1452
24.000732 149 817 817
24.000732 155 989 989
24.000732 165 31 31
24.000732 173 240 240
24.000732 179 200 200
24.000732 192 785 785
24.832748 3 674 674
24.832748 40 17 17
24.832748 52 712 712
24.832748 122 1523 1523
24.832748 149 790 790
24.832748 155 1060 1060
24.832748 165 32 32
24.832748 173 206 206
24.832748 179 231 231
24.832748 192 908 908
25.832764 3 691 691
25.832764 52 674 674
25.832764 122 1557 1557
25.832764 149 793 793
25.832764 155 1127 1127
25.832764 165 34 34
25.832764 173 187 187
25.832764 179 198 198
25.832764 192 950 950
26.832779 3 683 683
26.832779 52 593 593
26.832779 122 1662 1662
26.832779 149 767 767
26.832779 155 1133 1133
26.832779 165 28 28
26.832779 173 190 190
26.832779 179 158 158
26.832779 192 1023 1023
27.832794 3 614 614
27.832794 52 637 637
27.832794 122 1756 1756
27.832794 149 734 734
27.832794 155 1015 1015
27.832794 165 31 31
27.832794 173 249 249
27.832794 179 120 120
27.832794 192 1104 1104
28.832809 3 628 628
28.832809 52 739 739
28.832809 122 1750 1750
28.832809 149 790 790
28.832809 155 864 864
28.832809 165 34 34
28.832809 173 196 196
28.832809 179 135 135
28.832809 192 1130 1130
29.832825 3 628 628
29.832825 52 860 860
29.832825 122 1743 1743
29.832825 149 861 861
29.832825 155 699 699
29.832825 165 29 29
29.832825 173 170 170
29.832825 179 166 166
29.832825 192 1137 1137
30.832840 3 553 553
30.832840 52 1036 1036
30.832840 122 1768 1768
30.832840 149 980 980
30.832840 155 531 531
30.832840 165 17 17
30.832840 173 147 147
30.832840 179 163 163
30.832840 192 1095 1095
31.832855 3 502 502
31.832855 52 1122 1122
31.832855 122 1803 1803
31.832855 149 1098 1098
31.832855 155 530 530
31.832855 165 8 8
31.832855 173 122 122
31.832855 179 167 167
31.832855 192 934 934
32.832870 3 369 369
32.832870 52 1278 1278
32.832870 122 1912 1912
32.832870 149 1173 1173
32.832870 155 498 498
32.832870 173 53 53
32.832870 179 153 153
32.832870 192 870 870
33.832886 3 325 325
33.832886 52 1412 1412
33.832886 122 1927 1927
33.832886 149 1228 1228
33.832886 155 400 400
33.832886 173 1 1
33.832886 179 110 110
33.832886 192 912 912
34.832901 3 322 322
34.832901 52 1497 1497
34.832901 122 1982 1982
34.832901 149 1231 1231
34.832901 155 319 319
34.832901 179 79 79
34.832901 192 860 860
35.832916 3 248 248
35.832916 52 1671 1671
35.832916 122 2029 2029
35.832916 149 1239 1239
35.832916 155 287 287
35.832916 179 26 26
35.832916 192 821 821
36.832932 3 202 202
36.832932 52 1791 1791
36.832932 122 1985 1985
36.832932 149 1238 1238
36.832932 155 186 186
36.832932 179 48 48
36.832932 192 845 845
37.832947 3 159 159
37.832947 52 1805 1805
37.832947 122 2001 2001
37.832947 149 1233 1233
37.832947 155 135 135
37.832947 179 38 38
37.832947 192 882 882
38.832962 3 175 175
38.832962 52 1781 1781
38.832962 122 2049 2049
38.832962 149 1179 1179
38.832962 155 111 111
38.832962 179 39 39
38.832962 192 963 963
39.832977 3 171 171
39.832977 52 1756 1756
39.832977 122 2162 2162
39.832977 149 1150 1150
39.832977 155 79 79
39.832977 179 28 28
39.832977 192 975 975
40.832993 3 153 153
40.832993 52 1651 1651
40.832993 122 2300 2300
40.832993 149 1162 1162
40.832993 155 73 73
40.832993 179 18 18
40.832993 192 958 958
41.833008 3 143 143
41.833008 52 1612 1612
41.833008 122 2366 2366
41.833008 149 1103 1103
41.833008 155 20 20
41.833008 179 8 8
41.833008 192 1034 1034
42.833023 3 147 147
42.833023 52 1477 1477
42.833023 122 2440 2440
42.833023 149 1081 1081
42.833023 192 1153 1153
43.833038 3 131 131
43.833038 52 1265 1265
43.833038 122 2522 2522
43.833038 149 1032 1032
43.833038 192 1299 1299
44.833054 3 51 51
44.833054 52 1127 1127
44.833054 122 2677 2677
44.833054 149 988 988
44.833054 192 1456 1456
45.833069 3 42 42
45.833069 52 946 946
45.833069 122 2741 2741
45.833069 149 946 946
45.833069 192 1618 1618
46.833084 3 26 26
46.833084 52 776 776
46.833084 122 2899 2899
46.833084 149 895 895
46.833084 192 1670 1670
47.833099 3 15 15
47.833099 52 676 676
47.833099 122 3005 3005
47.833099 149 838 838
47.833099 192 1774 1774
48.833115 52 615 615
48.833115 122 3010 3010
48.833115 149 821 821
48.833115 192 1835 1835
49.833130 52 544 544
49.833130 122 3158 3158
49.833130 149 809 809
49.833130 192 1748 1748
50.833145 52 438 438
50.833145 122 3321 3321
50.833145 149 782 782
50.833145 192 1785 1785
51.833160 52 350 350
51.833160 122 3389 3389
51.833160 149 773 773
51.833160 192 1790 1790
52.833176 52 318 318
52.833176 122 3338 3338
52.833176 149 838 838
52.833176 192 1788 1788
53.833191 52 348 348
53.833191 122 3216 3216
53.833191 149 846 846
53.833191 192 1869 1869
54.833206 52 361 361
54.833206 122 3094 3094
54.833206 149 905 905
54.833206 192 1901 1901
55.833221 52 412 412
55.833221 122 3004 3004
55.833221 149 1007 1007
55.833221 192 1897 1897
56.833237 52 522 522
56.833237 122 2861 2861
56.833237 149 1117 1117
56.833237 192 1826 1826
57.833252 52 607 607
57.833252 122 2802 2802
57.833252 149 1158 1158
57.833252 192 1757 1757
58.833267 52 681 681
58.833267 122 2783 2783
58.833267 149 1177 1177
58.833267 192 1680 1680
59.833282 52 835 835
59.833282 122 2751 2751
59.833282 149 1174 1174
59.833282 192 1565 1565
60.833298 52 954 954
60.833298 122 2683 2683
60.833298 149 1197 1197
60.833298 192 1454 1454
61.833313 52 1010 1010
61.833313 122 2663 2663
61.833313 149 1254 1254
61.833313 192 1426 1426
62.833328 52 1106 1106
62.833328 122 2546 2546
62.833328 149 1263 1263
62.833328 192 1389 1389
63.833344 52 1132 1132
63.833344 122 2514 2514
63.833344 149 1307 1307
63.833344 192 1338 1338
64.833359 52 1262 1262
64.833359 122 2454 2454
64.833359 149 1277 1277
64.833359 192 1322 1322
65.833374 52 1383 1383
65.833374 122 2402 2402
65.833374 149 1253 1253
65.833374 192 1256 1256
66.833389 52 1454 1454
66.833389 122 2376 2376
66.833389 149 1278 1278
66.833389 192 1209 1209
67.833405 52 1518 1518
67.833405 122 2337 2337
67.833405 149 1262 1262
67.833405 192 1215 1215
68.833420 52 1558 1558
68.833420 122 2211 2211
68.833420 149 1205 1205
68.833420 192 1323 1323
69.833435 52 1618 1618
69.833435 122 2135 2135
69.833435 149 1207 1207
69.833435 192 1373 1373
70.833450 52 1698 1698
70.833450 122 2025 2025
70.833450 149 1244 1244
70.833450 192 1287 1287
71.833466 52 1800 1800
71.833466 122 2009 2009
71.833466 149 1363 1363
71.833466 192 1161 1161
