0.000000 0 1 1
0.000000 1 1 1
0.000000 2 1 1
0.000000 3 1 1
0.000000 4 1 1
0.000000 5 1 1
0.000000 6 1 1
0.000000 7 1 1
0.000000 9 1 1
0.000000 10 1 1
0.000000 12 1 1
0.000000 13 1 1
0.000000 14 1 1
0.000000 15 1 1
0.000000 16 1 1
0.000000 17 1 1
0.000000 18 1 1
0.000000 19 1 1
0.000000 20 1 1
0.000000 21 1 1
0.000000 22 1 1
0.000000 23 1 1
0.000000 24 1 1
0.000000 25 1 1
0.000000 27 1 1
0.000000 28 1 1
0.000000 29 1 1
0.000000 30 1 1
0.000000 31 1 1
0.000000 32 1 1
0.000000 33 1 1
0.000000 34 1 1
0.000000 36 1 1
0.000000 37 1 1
0.000000 38 1 1
0.000000 39 1 1
0.000000 40 1 1
0.000000 41 1 1
0.000000 42 1 1
0.000000 43 1 1
0.000000 44 1 1
0.000000 45 1 1
0.000000 46 1 1
0.000000 47 1 1
0.000000 48 1 1
0.000000 49 1 1
0.000000 50 1 1
0.000000 51 1 1
0.000000 52 1 1
0.000000 53 1 1
0.000000 54 1 1
0.000000 55 1 1
0.000000 56 1 1
0.000000 57 1 1
0.000000 58 1 1
0.000000 60 1 1
0.000000 61 1 1
0.000000 62 1 1
0.000000 63 1 1
0.000000 64 1 1
0.000000 65 1 1
0.000000 66 1 1
0.000000 67 1 1
0.000000 68 1 1
0.000000 69 1 1
0.000000 70 1 1
0.000000 71 1 1
0.000000 72 1 1
0.000000 73 1 1
0.000000 74 1 1
0.000000 75 1 1
0.000000 76 1 1
0.000000 77 1 1
0.000000 78 1 1
0.000000 79 1 1
0.000000 80 1 1
0.000000 81 1 1
0.000000 82 1 1
0.000000 83 1 1
0.000000 84 1 1
0.000000 86 1 1
0.000000 87 1 1
0.000000 88 1 1
0.000000 89 1 1
0.000000 90 1 1
0.000000 91 1 1
0.000000 93 1 1
0.000000 95 1 1
0.000000 96 1 1
0.000000 97 1 1
0.000000 98 1 1
0.000000 99 1 1
0.000000 100 1 1
0.000000 102 1 1
0.000000 103 1 1
0.000000 104 1 1
0.000000 105 1 1
0.000000 106 1 1
0.000000 107 1 1
0.000000 108 1 1
0.000000 109 1 1
0.000000 110 1 1
0.000000 111 1 1
0.000000 112 1 1
0.000000 113 1 1
0.000000 114 1 1
0.000000 115 1 1
0.000000 116 1 1
0.000000 117 1 1
0.000000 118 1 1
0.000000 119 1 1
0.000000 120 1 1
0.000000 121 1 1
0.000000 122 1 1
0.000000 123 1 1
0.000000 124 1 1
0.000000 125 1 1
0.000000 126 1 1
0.000000 127 1 1
0.000000 128 1 1
0.000000 129 1 1
0.000000 130 1 1
0.000000 131 1 1
0.000000 132 1 1
0.000000 133 1 1
0.000000 134 1 1
0.000000 135 1 1
0.000000 136 1 1
0.000000 137 1 1
0.000000 138 1 1
0.000000 139 1 1
0.000000 140 1 1
0.000000 141 1 1
0.000000 142 1 1
0.000000 143 1 1
0.000000 144 1 1
0.000000 145 1 1
0.000000 146 1 1
0.000000 148 1 1
0.000000 149 1 1
0.000000 150 1 1
0.000000 151 1 1
0.000000 152 1 1
0.000000 153 1 1
0.000000 155 1 1
0.000000 156 1 1
0.000000 157 1 1
0.000000 158 1 1
0.000000 159 1 1
0.000000 160 1 1
0.000000 161 1 1
0.000000 162 1 1
0.000000 163 1 1
0.000000 164 1 1
0.000000 165 1 1
0.000000 166 1 1
0.000000 167 1 1
0.000000 168 1 1
0.000000 169 1 1
0.000000 170 1 1
0.000000 171 1 1
0.000000 172 1 1
0.000000 173 1 1
0.000000 174 1 1
0.000000 175 1 1
0.000000 176 1 1
0.000000 177 1 1
0.000000 178 1 1
0.000000 179 1 1
0.000000 180 1 1
0.000000 181 1 1
0.000000 182 1 1
0.000000 183 1 1
0.000000 184 1 1
0.000000 185 1 1
0.000000 186 1 1
0.000000 188 1 1
0.000000 189 1 1
0.000000 190 1 1
0.000000 191 1 1
0.000000 192 1 1
0.000000 193 1 1
0.000000 194 1 1
0.000000 195 1 1
0.000000 196 1 1
0.000000 197 1 1
0.000000 198 1 1
0.000000 199 1 1
0.000000 200 1 1
0.000000 201 1 1
0.000000 203 1 1
0.000000 204 1 1
0.000000 205 1 1
0.000000 206 1 1
0.000000 207 1 1
0.000000 208 1 1
0.000000 209 1 1
0.000000 210 1 1
0.000000 211 1 1
0.000000 212 1 1
0.000000 214 1 1
0.000000 215 1 1
0.000000 216 1 1
0.000000 217 1 1
0.000000 218 1 1
0.000000 219 1 1
1.000031 0 2 2
1.000031 1 2 2
1.000031 2 1 1
1.000031 3 2 2
1.000031 4 1 1
1.000031 5 2 2
1.000031 6 1 1
1.000031 7 2 2
1.000031 9 1 1
1.000031 10 1 1
1.000031 12 2 2
1.000031 13 2 2
1.000031 14 1 1
1.000031 15 2 2
1.000031 16 2 2
1.000031 17 2 2
1.000031 18 1 1
1.000031 19 1 1
1.000031 20 1 1
1.000031 21 2 2
1.000031 22 2 2
1.000031 23 2 2
1.000031 24 1 1
1.000031 25 2 2
1.000031 27 2 2
1.000031 28 2 2
1.000031 29 1 1
1.000031 30 2 2
1.000031 31 1 1
1.000031 32 1 1
1.000031 33 1 1
1.000031 34 2 2
1.000031 36 1 1
1.000031 37 1 1
1.000031 38 2 2
1.000031 39 2 2
1.000031 40 2 2
1.000031 41 1 1
1.000031 42 1 1
1.000031 43 1 1
1.000031 44 1 1
1.000031 45 2 2
1.000031 46 1 1
1.000031 47 2 2
1.000031 48 1 1
1.000031 49 1 1
1.000031 50 1 1
1.000031 51 2 2
1.000031 52 1 1
1.000031 53 1 1
1.000031 54 2 2
1.000031 55 1 1
1.000031 56 1 1
1.000031 57 1 1
1.000031 58 1 1
1.000031 60 2 2
1.000031 61 1 1
1.000031 62 2 2
1.000031 63 2 2
1.000031 64 1 1
1.000031 65 2 2
1.000031 66 2 2
1.000031 67 2 2
1.000031 68 2 2
1.000031 69 1 1
1.000031 70 1 1
1.000031 71 1 1
1.000031 72 2 2
1.000031 73 2 2
1.000031 74 2 2
1.000031 75 1 1
1.000031 76 2 2
1.000031 77 1 1
1.000031 78 2 2
1.000031 79 1 1
1.000031 80 1 1
1.000031 81 1 1
1.000031 82 2 2
1.000031 83 1 1
1.000031 84 2 2
1.000031 86 1 1
1.000031 87 2 2
1.000031 88 2 2
1.000031 89 2 2
1.000031 90 1 1
1.000031 91 1 1
1.000031 93 2 2
1.000031 95 1 1
1.000031 96 2 2
1.000031 97 2 2
1.000031 98 2 2
1.000031 99 2 2
1.000031 100 1 1
1.000031 102 1 1
1.000031 103 2 2
1.000031 104 2 2
1.000031 105 2 2
1.000031 106 2 2
1.000031 107 2 2
1.000031 108 2 2
1.000031 109 1 1
1.000031 110 1 1
1.000031 111 2 2
1.000031 112 1 1
1.000031 113 2 2
1.000031 114 2 2
1.000031 115 1 1
1.000031 116 1 1
1.000031 117 2 2
1.000031 118 1 1
1.000031 119 1 1
1.000031 120 1 1
1.000031 121 2 2
1.000031 122 2 2
1.000031 123 1 1
1.000031 124 2 2
1.000031 125 1 1
1.000031 126 2 2
1.000031 127 2 2
1.000031 128 2 2
1.000031 129 2 2
1.000031 130 1 1
1.000031 131 2 2
1.000031 132 2 2
1.000031 133 2 2
1.000031 134 1 1
1.000031 135 2 2
1.000031 136 1 1
1.000031 137 2 2
1.000031 138 1 1
1.000031 139 2 2
1.000031 140 1 1
1.000031 141 2 2
1.000031 142 2 2
1.000031 143 2 2
1.000031 144 1 1
1.000031 145 1 1
1.000031 146 2 2
1.000031 148 2 2
1.000031 149 2 2
1.000031 150 2 2
1.000031 151 1 1
1.000031 152 2 2
1.000031 153 2 2
1.000031 155 2 2
1.000031 156 2 2
1.000031 157 2 2
1.000031 158 2 2
1.000031 159 2 2
1.000031 160 2 2
1.000031 161 2 2
1.000031 162 1 1
1.000031 163 2 2
1.000031 164 1 1
1.000031 165 1 1
1.000031 166 1 1
1.000031 167 2 2
1.000031 168 1 1
1.000031 169 2 2
1.000031 170 1 1
1.000031 171 2 2
1.000031 172 1 1
1.000031 173 2 2
1.000031 174 1 1
1.000031 175 2 2
1.000031 176 2 2
1.000031 177 2 2
1.000031 178 1 1
1.000031 179 1 1
1.000031 180 1 1
1.000031 181 2 2
1.000031 182 1 1
1.000031 183 1 1
1.000031 184 2 2
1.000031 185 1 1
1.000031 186 2 2
1.000031 188 1 1
1.000031 189 1 1
1.000031 190 2 2
1.000031 191 1 1
1.000031 192 1 1
1.000031 193 1 1
1.000031 194 2 2
1.000031 195 2 2
1.000031 196 1 1
1.000031 197 2 2
1.000031 198 1 1
1.000031 199 2 2
1.000031 200 2 2
1.000031 201 1 1
1.000031 203 2 2
1.000031 204 2 2
1.000031 205 1 1
1.000031 206 2 2
1.000031 207 2 2
1.000031 208 2 2
1.000031 209 1 1
1.000031 210 2 2
1.000031 211 1 1
1.000031 212 2 2
1.000031 214 2 2
1.000031 215 2 2
1.000031 216 2 2
1.000031 217 1 1
1.000031 218 1 1
1.000031 219 1 1
2.000061 0 2 2
2.000061 1 2 2
2.000061 2 2 2
2.000061 3 2 2
2.000061 4 2 2
2.000061 5 2 2
2.000061 6 2 2
2.000061 7 2 2
2.000061 9 2 2
2.000061 10 2 2
2.000061 12 2 2
2.000061 13 2 2
2.000061 14 2 2
2.000061 15 3 3
2.000061 16 2 2
2.000061 17 2 2
2.000061 18 2 2
2.000061 19 2 2
2.000061 20 2 2
2.000061 21 3 3
2.000061 22 2 2
2.000061 23 2 2
2.000061 24 2 2
2.000061 25 3 3
2.000061 27 2 2
2.000061 28 3 3
2.000061 29 2 2
2.000061 30 2 2
2.000061 31 2 2
2.000061 32 2 2
2.000061 33 2 2
2.000061 34 2 2
2.000061 36 2 2
2.000061 37 2 2
2.000061 38 2 2
2.000061 39 2 2
2.000061 40 3 3
2.000061 41 2 2
2.000061 42 2 2
2.000061 43 2 2
2.000061 44 2 2
2.000061 45 2 2
2.000061 46 2 2
2.000061 47 3 3
2.000061 48 2 2
2.000061 49 2 2
2.000061 50 2 2
2.000061 51 2 2
2.000061 52 2 2
2.000061 53 2 2
2.000061 54 2 2
2.000061 55 2 2
2.000061 56 2 2
2.000061 57 2 2
2.000061 58 2 2
2.000061 60 2 2
2.000061 61 2 2
2.000061 62 2 2
2.000061 63 2 2
2.000061 64 2 2
2.000061 65 2 2
2.000061 66 3 3
2.000061 67 2 2
2.000061 68 2 2
2.000061 69 2 2
2.000061 70 3 3
2.000061 71 2 2
2.000061 72 3 3
2.000061 73 2 2
2.000061 74 2 2
2.000061 75 2 2
2.000061 76 3 3
2.000061 77 2 2
2.000061 78 3 3
2.000061 79 2 2
2.000061 80 2 2
2.000061 81 2 2
2.000061 82 2 2
2.000061 83 2 2
2.000061 84 4 4
2.000061 86 2 2
2.000061 87 2 2
2.000061 88 2 2
2.000061 89 2 2
2.000061 90 2 2
2.000061 91 2 2
2.000061 93 2 2
2.000061 95 2 2
2.000061 96 2 2
2.000061 97 2 2
2.000061 98 3 3
2.000061 99 1 1
2.000061 100 2 2
2.000061 102 2 2
2.000061 103 2 2
2.000061 104 2 2
2.000061 105 2 2
2.000061 106 2 2
2.000061 107 2 2
2.000061 108 2 2
2.000061 109 2 2
2.000061 110 2 2
2.000061 111 2 2
2.000061 112 2 2
2.000061 113 3 3
2.000061 114 2 2
2.000061 115 2 2
2.000061 116 2 2
2.000061 117 2 2
2.000061 118 2 2
2.000061 119 3 3
2.000061 120 2 2
2.000061 121 2 2
2.000061 122 2 2
2.000061 123 2 2
2.000061 124 3 3
2.000061 125 2 2
2.000061 126 2 2
2.000061 127 2 2
2.000061 128 2 2
2.000061 129 3 3
2.000061 130 2 2
2.000061 131 2 2
2.000061 132 2 2
2.000061 133 2 2
2.000061 134 1 1
2.000061 135 3 3
2.000061 136 2 2
2.000061 137 2 2
2.000061 138 2 2
2.000061 139 2 2
2.000061 140 2 2
2.000061 141 2 2
2.000061 142 2 2
2.000061 143 2 2
2.000061 144 2 2
2.000061 145 2 2
2.000061 146 3 3
2.000061 148 2 2
2.000061 149 2 2
2.000061 150 2 2
2.000061 151 2 2
2.000061 152 2 2
2.000061 153 2 2
2.000061 155 2 2
2.000061 156 2 2
2.000061 157 3 3
2.000061 158 2 2
2.000061 159 2 2
2.000061 160 2 2
2.000061 161 2 2
2.000061 162 2 2
2.000061 163 2 2
2.000061 164 2 2
2.000061 165 2 2
2.000061 166 2 2
2.000061 167 3 3
2.000061 168 2 2
2.000061 169 3 3
2.000061 170 2 2
2.000061 171 2 2
2.000061 172 2 2
2.000061 173 2 2
2.000061 174 2 2
2.000061 175 2 2
2.000061 176 1 1
2.000061 177 2 2
2.000061 178 2 2
2.000061 179 2 2
2.000061 180 2 2
2.000061 181 2 2
2.000061 182 2 2
2.000061 183 2 2
2.000061 184 2 2
2.000061 185 2 2
2.000061 186 2 2
2.000061 188 2 2
2.000061 189 2 2
2.000061 190 3 3
2.000061 191 2 2
2.000061 192 2 2
2.000061 193 2 2
2.000061 194 2 2
2.000061 195 2 2
2.000061 196 2 2
2.000061 197 2 2
2.000061 198 2 2
2.000061 199 2 2
2.000061 200 2 2
2.000061 201 2 2
2.000061 203 2 2
2.000061 204 2 2
2.000061 205 2 2
2.000061 206 2 2
2.000061 207 3 3
2.000061 208 2 2
2.000061 209 2 2
2.000061 210 2 2
2.000061 211 2 2
2.000061 212 2 2
2.000061 214 3 3
2.000061 215 2 2
2.000061 216 2 2
2.000061 217 2 2
2.000061 218 2 2
2.000061 219 2 2
3.000092 0 4 4
3.000092 1 4 4
3.000092 2 4 4
3.000092 3 4 4
3.000092 4 4 4
3.000092 5 4 4
3.000092 6 4 4
3.000092 7 4 4
3.000092 9 4 4
3.000092 10 4 4
3.000092 12 4 4
3.000092 13 4 4
3.000092 14 4 4
3.000092 15 5 5
3.000092 16 4 4
3.000092 17 4 4
3.000092 18 4 4
3.000092 19 4 4
3.000092 20 4 4
3.000092 21 4 4
3.000092 22 4 4
3.000092 23 4 4
3.000092 24 3 3
3.000092 25 4 4
3.000092 27 4 4
3.000092 28 5 5
3.000092 29 4 4
3.000092 30 4 4
3.000092 31 3 3
3.000092 32 4 4
3.000092 33 3 3
3.000092 34 4 4
3.000092 36 4 4
3.000092 37 4 4
3.000092 38 4 4
3.000092 39 4 4
3.000092 40 4 4
3.000092 41 3 3
3.000092 42 3 3
3.000092 43 4 4
3.000092 44 4 4
3.000092 45 4 4
3.000092 46 4 4
3.000092 47 4 4
3.000092 48 3 3
3.000092 49 4 4
3.000092 50 4 4
3.000092 51 4 4
3.000092 52 4 4
3.000092 53 4 4
3.000092 54 4 4
3.000092 55 4 4
3.000092 56 4 4
3.000092 57 4 4
3.000092 58 4 4
3.000092 60 4 4
3.000092 61 4 4
3.000092 62 4 4
3.000092 63 4 4
3.000092 64 4 4
3.000092 65 4 4
3.000092 66 5 5
3.000092 67 4 4
3.000092 68 4 4
3.000092 69 3 3
3.000092 70 4 4
3.000092 71 4 4
3.000092 72 5 5
3.000092 73 3 3
3.000092 74 4 4
3.000092 75 4 4
3.000092 76 5 5
3.000092 77 4 4
3.000092 78 4 4
3.000092 79 4 4
3.000092 80 4 4
3.000092 81 3 3
3.000092 82 4 4
3.000092 83 2 2
3.000092 84 4 4
3.000092 86 4 4
3.000092 87 4 4
3.000092 88 4 4
3.000092 89 4 4
3.000092 90 3 3
3.000092 91 4 4
3.000092 93 4 4
3.000092 95 4 4
3.000092 96 4 4
3.000092 97 4 4
3.000092 98 4 4
3.000092 99 2 2
3.000092 100 4 4
3.000092 102 4 4
3.000092 103 4 4
3.000092 104 4 4
3.000092 105 4 4
3.000092 106 4 4
3.000092 107 4 4
3.000092 108 4 4
3.000092 109 4 4
3.000092 110 4 4
3.000092 111 4 4
3.000092 112 4 4
3.000092 113 4 4
3.000092 114 4 4
3.000092 115 4 4
3.000092 116 4 4
3.000092 117 4 4
3.000092 118 4 4
3.000092 119 4 4
3.000092 120 3 3
3.000092 121 4 4
3.000092 122 4 4
3.000092 123 4 4
3.000092 124 4 4
3.000092 125 4 4
3.000092 126 4 4
3.000092 127 4 4
3.000092 128 3 3
3.000092 129 5 5
3.000092 130 4 4
3.000092 131 4 4
3.000092 132 4 4
3.000092 133 4 4
3.000092 134 2 2
3.000092 135 4 4
3.000092 136 4 4
3.000092 137 4 4
3.000092 138 4 4
3.000092 139 4 4
3.000092 140 4 4
3.000092 141 4 4
3.000092 142 4 4
3.000092 143 4 4
3.000092 144 4 4
3.000092 145 4 4
3.000092 146 4 4
3.000092 148 4 4
3.000092 149 4 4
3.000092 150 4 4
3.000092 151 3 3
3.000092 152 4 4
3.000092 153 4 4
3.000092 155 4 4
3.000092 156 4 4
3.000092 157 4 4
3.000092 158 3 3
3.000092 159 4 4
3.000092 160 4 4
3.000092 161 4 4
3.000092 162 3 3
3.000092 163 4 4
3.000092 164 4 4
3.000092 165 4 4
3.000092 166 3 3
3.000092 167 4 4
3.000092 168 4 4
3.000092 169 4 4
3.000092 170 4 4
3.000092 171 4 4
3.000092 172 4 4
3.000092 173 4 4
3.000092 174 4 4
3.000092 175 4 4
3.000092 176 2 2
3.000092 177 4 4
3.000092 178 4 4
3.000092 179 4 4
3.000092 180 3 3
3.000092 181 4 4
3.000092 182 4 4
3.000092 183 4 4
3.000092 184 4 4
3.000092 185 4 4
3.000092 186 4 4
3.000092 188 4 4
3.000092 189 4 4
3.000092 190 4 4
3.000092 191 4 4
3.000092 192 4 4
3.000092 193 4 4
3.000092 194 4 4
3.000092 195 4 4
3.000092 196 4 4
3.000092 197 4 4
3.000092 198 4 4
3.000092 199 4 4
3.000092 200 4 4
3.000092 201 4 4
3.000092 203 4 4
3.000092 204 4 4
3.000092 205 3 3
3.000092 206 4 4
3.000092 207 4 4
3.000092 208 4 4
3.000092 209 3 3
3.000092 210 4 4
3.000092 211 3 3
3.000092 212 4 4
3.000092 214 4 4
3.000092 215 4 4
3.000092 216 4 4
3.000092 217 4 4
3.000092 218 4 4
3.000092 219 4 4
4.000122 0 7 7
4.000122 1 5 5
4.000122 2 5 5
4.000122 3 7 7
4.000122 4 6 6
4.000122 5 5 5
4.000122 6 5 5
4.000122 7 8 8
4.000122 9 4 4
4.000122 10 7 7
4.000122 12 7 7
4.000122 13 6 6
4.000122 14 5 5
4.000122 15 7 7
4.000122 16 6 6
4.000122 17 6 6
4.000122 18 4 4
4.000122 19 4 4
4.000122 20 6 6
4.000122 21 8 8
4.000122 22 6 6
4.000122 23 6 6
4.000122 24 5 5
4.000122 25 7 7
4.000122 27 8 8
4.000122 28 8 8
4.000122 29 6 6
4.000122 30 7 7
4.000122 31 4 4
4.000122 32 7 7
4.000122 33 4 4
4.000122 34 6 6
4.000122 36 5 5
4.000122 37 4 4
4.000122 38 8 8
4.000122 39 6 6
4.000122 40 7 7
4.000122 41 4 4
4.000122 42 5 5
4.000122 43 4 4
4.000122 44 4 4
4.000122 45 5 5
4.000122 46 5 5
4.000122 47 7 7
4.000122 48 6 6
4.000122 49 5 5
4.000122 50 8 8
4.000122 51 7 7
4.000122 52 5 5
4.000122 53 4 4
4.000122 54 7 7
4.000122 55 7 7
4.000122 56 6 6
4.000122 57 6 6
4.000122 58 7 7
4.000122 60 5 5
4.000122 61 5 5
4.000122 62 7 7
4.000122 63 8 8
4.000122 64 6 6
4.000122 65 8 8
4.000122 66 7 7
4.000122 67 5 5
4.000122 68 6 6
4.000122 69 5 5
4.000122 70 6 6
4.000122 71 5 5
4.000122 72 6 6
4.000122 73 6 6
4.000122 74 6 6
4.000122 75 4 4
4.000122 76 8 8
4.000122 77 4 4
4.000122 78 6 6
4.000122 79 6 6
4.000122 80 4 4
4.000122 81 4 4
4.000122 82 7 7
4.000122 83 4 4
4.000122 84 7 7
4.000122 86 6 6
4.000122 87 5 5
4.000122 88 5 5
4.000122 89 6 6
4.000122 90 5 5
4.000122 91 4 4
4.000122 93 5 5
4.000122 95 7 7
4.000122 96 6 6
4.000122 97 5 5
4.000122 98 7 7
4.000122 99 3 3
4.000122 100 5 5
4.000122 102 4 4
4.000122 103 6 6
4.000122 104 4 4
4.000122 105 8 8
4.000122 106 8 8
4.000122 107 7 7
4.000122 108 6 6
4.000122 109 5 5
4.000122 110 4 4
4.000122 111 7 7
4.000122 112 5 5
4.000122 113 7 7
4.000122 114 6 6
4.000122 115 5 5
4.000122 116 5 5
4.000122 117 4 4
4.000122 118 5 5
4.000122 119 7 7
4.000122 120 5 5
4.000122 121 5 5
4.000122 122 6 6
4.000122 123 5 5
4.000122 124 7 7
4.000122 125 7 7
4.000122 126 8 8
4.000122 127 8 8
4.000122 128 6 6
4.000122 129 9 9
4.000122 130 7 7
4.000122 131 5 5
4.000122 132 8 8
4.000122 133 6 6
4.000122 134 2 2
4.000122 135 8 8
4.000122 136 5 5
4.000122 137 7 7
4.000122 138 4 4
4.000122 139 6 6
4.000122 140 6 6
4.000122 141 6 6
4.000122 142 8 8
4.000122 143 6 6
4.000122 144 5 5
4.000122 145 6 6
4.000122 146 5 5
4.000122 148 8 8
4.000122 149 5 5
4.000122 150 5 5
4.000122 151 5 5
4.000122 152 7 7
4.000122 153 8 8
4.000122 155 7 7
4.000122 156 8 8
4.000122 157 6 6
4.000122 158 6 6
4.000122 159 6 6
4.000122 160 7 7
4.000122 161 7 7
4.000122 162 4 4
4.000122 163 8 8
4.000122 164 4 4
4.000122 165 5 5
4.000122 166 5 5
4.000122 167 7 7
4.000122 168 6 6
4.000122 169 5 5
4.000122 170 4 4
4.000122 171 7 7
4.000122 172 6 6
4.000122 173 7 7
4.000122 174 6 6
4.000122 175 4 4
4.000122 176 3 3
4.000122 177 7 7
4.000122 178 7 7
4.000122 179 5 5
4.000122 180 4 4
4.000122 181 7 7
4.000122 182 4 4
4.000122 183 4 4
4.000122 184 7 7
4.000122 185 5 5
4.000122 186 8 8
4.000122 188 7 7
4.000122 189 7 7
4.000122 190 7 7
4.000122 191 6 6
4.000122 192 5 5
4.000122 193 4 4
4.000122 194 7 7
4.000122 195 6 6
4.000122 196 6 6
4.000122 197 6 6
4.000122 198 7 7
4.000122 199 6 6
4.000122 200 7 7
4.000122 201 5 5
4.000122 203 7 7
4.000122 204 7 7
4.000122 205 5 5
4.000122 206 6 6
4.000122 207 6 6
4.000122 208 6 6
4.000122 209 5 5
4.000122 210 6 6
4.000122 211 6 6
4.000122 212 5 5
4.000122 214 8 8
4.000122 215 7 7
4.000122 216 5 5
4.000122 217 5 5
4.000122 218 6 6
4.000122 219 6 6
5.000153 0 11 11
5.000153 1 9 9
5.000153 2 8 8
5.000153 3 8 8
5.000153 4 8 8
5.000153 5 9 9
5.000153 6 8 8
5.000153 7 11 11
5.000153 9 8 8
5.000153 10 9 9
5.000153 12 9 9
5.000153 13 9 9
5.000153 14 9 9
5.000153 15 12 12
5.000153 16 8 8
5.000153 17 9 9
5.000153 18 8 8
5.000153 19 8 8
5.000153 20 11 11
5.000153 21 11 11
5.000153 22 11 11
5.000153 23 8 8
5.000153 24 8 8
5.000153 25 11 11
5.000153 27 11 11
5.000153 28 14 14
5.000153 29 9 9
5.000153 30 8 8
5.000153 31 8 8
5.000153 32 9 9
5.000153 33 8 8
5.000153 34 9 9
5.000153 36 9 9
5.000153 37 8 8
5.000153 38 12 12
5.000153 39 10 10
5.000153 40 10 10
5.000153 41 8 8
5.000153 42 8 8
5.000153 43 8 8
5.000153 44 8 8
5.000153 45 10 10
5.000153 46 8 8
5.000153 47 11 11
5.000153 48 9 9
5.000153 49 9 9
5.000153 50 9 9
5.000153 51 9 9
5.000153 52 8 8
5.000153 53 8 8
5.000153 54 10 10
5.000153 55 12 12
5.000153 56 9 9
5.000153 57 8 8
5.000153 58 9 9
5.000153 60 10 10
5.000153 61 8 8
5.000153 62 9 9
5.000153 63 12 12
5.000153 64 8 8
5.000153 65 9 9
5.000153 66 10 10
5.000153 67 8 8
5.000153 68 8 8
5.000153 69 9 9
5.000153 70 11 11
5.000153 71 8 8
5.000153 72 12 12
5.000153 73 10 10
5.000153 74 10 10
5.000153 75 8 8
5.000153 76 10 10
5.000153 77 8 8
5.000153 78 9 9
5.000153 79 8 8
5.000153 80 8 8
5.000153 81 8 8
5.000153 82 9 9
5.000153 83 8 8
5.000153 84 13 13
5.000153 86 8 8
5.000153 87 8 8
5.000153 88 9 9
5.000153 89 8 8
5.000153 90 8 8
5.000153 91 8 8
5.000153 93 9 9
5.000153 95 9 9
5.000153 96 8 8
5.000153 97 8 8
5.000153 98 12 12
5.000153 99 4 4
5.000153 100 10 10
5.000153 102 8 8
5.000153 103 8 8
5.000153 104 8 8
5.000153 105 10 10
5.000153 106 12 12
5.000153 107 12 12
5.000153 108 8 8
5.000153 109 9 9
5.000153 110 8 8
5.000153 111 10 10
5.000153 112 9 9
5.000153 113 10 10
5.000153 114 10 10
5.000153 115 7 7
5.000153 116 8 8
5.000153 117 9 9
5.000153 118 9 9
5.000153 119 9 9
5.000153 120 8 8
5.000153 121 8 8
5.000153 122 10 10
5.000153 123 8 8
5.000153 124 9 9
5.000153 125 8 8
5.000153 126 12 12
5.000153 127 9 9
5.000153 128 8 8
5.000153 129 12 12
5.000153 130 8 8
5.000153 131 8 8
5.000153 132 9 9
5.000153 133 9 9
5.000153 134 3 3
5.000153 135 12 12
5.000153 136 8 8
5.000153 137 9 9
5.000153 138 8 8
5.000153 139 10 10
5.000153 140 8 8
5.000153 141 11 11
5.000153 142 8 8
5.000153 143 8 8
5.000153 144 9 9
5.000153 145 10 10
5.000153 146 10 10
5.000153 148 9 9
5.000153 149 8 8
5.000153 150 8 8
5.000153 151 8 8
5.000153 152 8 8
5.000153 153 10 10
5.000153 155 9 9
5.000153 156 11 11
5.000153 157 11 11
5.000153 158 8 8
5.000153 159 9 9
5.000153 160 9 9
5.000153 161 8 8
5.000153 162 8 8
5.000153 163 9 9
5.000153 164 8 8
5.000153 165 8 8
5.000153 166 8 8
5.000153 167 12 12
5.000153 168 8 8
5.000153 169 10 10
5.000153 170 8 8
5.000153 171 9 9
5.000153 172 8 8
5.000153 173 10 10
5.000153 174 11 11
5.000153 175 8 8
5.000153 176 5 5
5.000153 177 12 12
5.000153 178 9 9
5.000153 179 8 8
5.000153 180 8 8
5.000153 181 8 8
5.000153 182 8 8
5.000153 183 8 8
5.000153 184 10 10
5.000153 185 8 8
5.000153 186 14 14
5.000153 188 13 13
5.000153 189 10 10
5.000153 190 11 11
5.000153 191 10 10
5.000153 192 8 8
5.000153 193 8 8
5.000153 194 10 10
5.000153 195 8 8
5.000153 196 9 9
5.000153 197 10 10
5.000153 198 8 8
5.000153 199 11 11
5.000153 200 9 9
5.000153 201 9 9
5.000153 203 8 8
5.000153 204 9 9
5.000153 205 8 8
5.000153 206 11 11
5.000153 207 12 12
5.000153 208 9 9
5.000153 209 7 7
5.000153 210 8 8
5.000153 211 7 7
5.000153 212 9 9
5.000153 214 13 13
5.000153 215 8 8
5.000153 216 8 8
5.000153 217 8 8
5.000153 218 9 9
5.000153 219 9 9
6.000183 0 18 18
6.000183 1 14 14
6.000183 2 14 14
6.000183 3 16 16
6.000183 4 15 15
6.000183 5 12 12
6.000183 6 14 14
6.000183 7 18 18
6.000183 9 9 9
6.000183 10 16 16
6.000183 12 16 16
6.000183 13 16 16
6.000183 14 16 16
6.000183 15 18 18
6.000183 16 15 15
6.000183 17 16 16
6.000183 18 14 14
6.000183 19 9 9
6.000183 20 17 17
6.000183 21 16 16
6.000183 22 13 13
6.000183 23 16 16
6.000183 24 13 13
6.000183 25 18 18
6.000183 27 16 16
6.000183 28 21 21
6.000183 29 15 15
6.000183 30 16 16
6.000183 31 13 13
6.000183 32 15 15
6.000183 33 11 11
6.000183 34 16 16
6.000183 36 14 14
6.000183 37 10 10
6.000183 38 17 17
6.000183 39 14 14
6.000183 40 17 17
6.000183 41 10 10
6.000183 42 12 12
6.000183 43 15 15
6.000183 44 16 16
6.000183 45 15 15
6.000183 46 14 14
6.000183 47 19 19
6.000183 48 14 14
6.000183 49 13 13
6.000183 50 15 15
6.000183 51 16 16
6.000183 52 16 16
6.000183 53 13 13
6.000183 54 16 16
6.000183 55 19 19
6.000183 56 15 15
6.000183 57 15 15
6.000183 58 16 16
6.000183 60 15 15
6.000183 61 13 13
6.000183 62 16 16
6.000183 63 17 17
6.000183 64 14 14
6.000183 65 17 17
6.000183 66 16 16
6.000183 67 16 16
6.000183 68 12 12
6.000183 69 11 11
6.000183 70 19 19
6.000183 71 14 14
6.000183 72 19 19
6.000183 73 16 16
6.000183 74 18 18
6.000183 75 11 11
6.000183 76 18 18
6.000183 77 16 16
6.000183 78 17 17
6.000183 79 16 16
6.000183 80 13 13
6.000183 81 15 15
6.000183 82 17 17
6.000183 83 12 12
6.000183 84 17 17
6.000183 86 14 14
6.000183 87 13 13
6.000183 88 15 15
6.000183 89 15 15
6.000183 90 14 14
6.000183 91 16 16
6.000183 93 15 15
6.000183 95 15 15
6.000183 96 15 15
6.000183 97 15 15
6.000183 98 19 19
6.000183 100 16 16
6.000183 102 14 14
6.000183 103 15 15
6.000183 104 14 14
6.000183 105 16 16
6.000183 106 17 17
6.000183 107 19 19
6.000183 108 15 15
6.000183 109 16 16
6.000183 110 15 15
6.000183 111 16 16
6.000183 112 15 15
6.000183 113 18 18
6.000183 114 18 18
6.000183 115 11 11
6.000183 116 13 13
6.000183 117 16 16
6.000183 118 16 16
6.000183 119 15 15
6.000183 120 12 12
6.000183 121 16 16
6.000183 122 16 16
6.000183 123 13 13
6.000183 124 17 17
6.000183 125 15 15
6.000183 126 18 18
6.000183 127 16 16
6.000183 128 13 13
6.000183 129 18 18
6.000183 130 15 15
6.000183 131 15 15
6.000183 132 16 16
6.000183 133 14 14
6.000183 134 4 4
6.000183 135 21 21
6.000183 136 15 15
6.000183 137 14 14
6.000183 138 14 14
6.000183 139 15 15
6.000183 140 16 16
6.000183 141 17 17
6.000183 142 16 16
6.000183 143 15 15
6.000183 144 15 15
6.000183 145 14 14
6.000183 146 17 17
6.000183 148 17 17
6.000183 149 16 16
6.000183 150 16 16
6.000183 151 14 14
6.000183 152 16 16
6.000183 153 16 16
6.000183 155 14 14
6.000183 156 16 16
6.000183 157 16 16
6.000183 158 14 14
6.000183 159 16 16
6.000183 160 16 16
6.000183 161 16 16
6.000183 162 12 12
6.000183 163 17 17
6.000183 164 15 15
6.000183 165 14 14
6.000183 166 12 12
6.000183 167 18 18
6.000183 168 15 15
6.000183 169 17 17
6.000183 170 10 10
6.000183 171 16 16
6.000183 172 14 14
6.000183 173 16 16
6.000183 174 16 16
6.000183 175 14 14
6.000183 176 7 7
6.000183 177 17 17
6.000183 178 16 16
6.000183 179 13 13
6.000183 180 14 14
6.000183 181 16 16
6.000183 182 13 13
6.000183 183 12 12
6.000183 184 17 17
6.000183 185 15 15
6.000183 186 18 18
6.000183 188 19 19
6.000183 189 17 17
6.000183 190 19 19
6.000183 191 16 16
6.000183 192 15 15
6.000183 193 14 14
6.000183 194 17 17
6.000183 195 14 14
6.000183 196 14 14
6.000183 197 16 16
6.000183 198 16 16
6.000183 199 17 17
6.000183 200 17 17
6.000183 201 14 14
6.000183 203 16 16
6.000183 204 16 16
6.000183 205 13 13
6.000183 206 16 16
6.000183 207 17 17
6.000183 208 14 14
6.000183 209 13 13
6.000183 210 16 16
6.000183 211 13 13
6.000183 212 15 15
6.000183 214 19 19
6.000183 215 15 15
6.000183 216 16 16
6.000183 217 14 14
6.000183 218 17 17
6.000183 219 14 14
7.000214 0 30 30
7.000214 1 24 24
7.000214 2 20 20
7.000214 3 25 25
7.000214 4 22 22
7.000214 6 23 23
7.000214 7 32 32
7.000214 9 17 17
7.000214 10 27 27
7.000214 12 27 27
7.000214 13 25 25
7.000214 14 24 24
7.000214 15 28 28
7.000214 16 24 24
7.000214 17 24 24
7.000214 18 20 20
7.000214 19 16 16
7.000214 20 24 24
7.000214 21 30 30
7.000214 22 24 24
7.000214 23 25 25
7.000214 24 19 19
7.000214 25 29 29
7.000214 27 30 30
7.000214 28 34 34
7.000214 29 24 24
7.000214 30 26 26
7.000214 31 19 19
7.000214 32 16 16
7.000214 33 17 17
7.000214 34 21 21
7.000214 36 21 21
7.000214 37 17 17
7.000214 38 31 31
7.000214 39 25 25
7.000214 40 29 29
7.000214 41 16 16
7.000214 42 22 22
7.000214 43 19 19
7.000214 44 20 20
7.000214 45 22 22
7.000214 46 22 22
7.000214 47 29 29
7.000214 48 20 20
7.000214 49 22 22
7.000214 50 26 26
7.000214 51 28 28
7.000214 52 21 21
7.000214 53 18 18
7.000214 54 25 25
7.000214 55 28 28
7.000214 56 20 20
7.000214 57 22 22
7.000214 58 24 24
7.000214 60 23 23
7.000214 61 23 23
7.000214 62 28 28
7.000214 63 30 30
7.000214 64 22 22
7.000214 65 15 15
7.000214 66 28 28
7.000214 67 20 20
7.000214 68 17 17
7.000214 69 21 21
7.000214 70 27 27
7.000214 71 21 21
7.000214 72 26 26
7.000214 73 25 25
7.000214 74 21 21
7.000214 75 19 19
7.000214 76 29 29
7.000214 77 25 25
7.000214 78 25 25
7.000214 79 25 25
7.000214 80 18 18
7.000214 81 20 20
7.000214 82 28 28
7.000214 83 19 19
7.000214 84 32 32
7.000214 86 23 23
7.000214 87 23 23
7.000214 88 25 25
7.000214 89 24 24
7.000214 90 19 19
7.000214 91 21 21
7.000214 93 25 25
7.000214 95 24 24
7.000214 96 20 20
7.000214 97 24 24
7.000214 98 28 28
7.000214 100 26 26
7.000214 102 19 19
7.000214 103 23 23
7.000214 104 19 19
7.000214 105 30 30
7.000214 106 32 32
7.000214 107 29 29
7.000214 108 24 24
7.000214 109 20 20
7.000214 110 18 18
7.000214 111 28 28
7.000214 112 23 23
7.000214 113 25 25
7.000214 114 26 26
7.000214 116 21 21
7.000214 117 22 22
7.000214 118 23 23
7.000214 119 28 28
7.000214 120 20 20
7.000214 121 23 23
7.000214 122 26 26
7.000214 123 20 20
7.000214 124 24 24
7.000214 125 26 26
7.000214 126 29 29
7.000214 127 29 29
7.000214 128 25 25
7.000214 129 30 30
7.000214 130 21 21
7.000214 131 23 23
7.000214 132 30 30
7.000214 133 25 25
7.000214 134 5 5
7.000214 135 34 34
7.000214 136 26 26
7.000214 137 26 26
7.000214 138 18 18
7.000214 139 23 23
7.000214 140 21 21
7.000214 141 26 26
7.000214 142 25 25
7.000214 143 21 21
7.000214 144 20 20
7.000214 145 24 24
7.000214 146 23 23
7.000214 148 28 28
7.000214 149 24 24
7.000214 150 23 23
7.000214 151 21 21
7.000214 152 25 25
7.000214 153 19 19
7.000214 155 23 23
7.000214 156 28 28
7.000214 157 25 25
7.000214 158 22 22
7.000214 159 26 26
7.000214 160 25 25
7.000214 161 30 30
7.000214 162 16 16
7.000214 163 27 27
7.000214 164 18 18
7.000214 165 20 20
7.000214 166 21 21
7.000214 167 26 26
7.000214 168 24 24
7.000214 169 23 23
7.000214 170 16 16
7.000214 171 28 28
7.000214 172 23 23
7.000214 173 27 27
7.000214 174 28 28
7.000214 175 21 21
7.000214 176 2 2
7.000214 177 29 29
7.000214 178 28 28
7.000214 179 21 21
7.000214 180 19 19
7.000214 181 25 25
7.000214 182 19 19
7.000214 183 19 19
7.000214 184 24 24
7.000214 185 18 18
7.000214 186 30 30
7.000214 188 33 33
7.000214 189 30 30
7.000214 190 28 28
7.000214 191 27 27
7.000214 192 21 21
7.000214 193 20 20
7.000214 194 26 26
7.000214 195 26 26
7.000214 196 23 23
7.000214 197 3 3
7.000214 198 26 26
7.000214 199 24 24
7.000214 200 23 23
7.000214 201 26 26
7.000214 203 28 28
7.000214 204 28 28
7.000214 205 23 23
7.000214 206 19 19
7.000214 207 23 23
7.000214 208 14 14
7.000214 209 21 21
7.000214 210 24 24
7.000214 211 21 21
7.000214 212 22 22
7.000214 214 30 30
7.000214 215 22 22
7.000214 216 25 25
7.000214 217 19 19
7.000214 218 24 24
7.000214 219 23 23
8.000244 0 46 46
8.000244 2 6 6
8.000244 3 39 39
8.000244 4 34 34
8.000244 6 35 35
8.000244 7 48 48
8.000244 9 29 29
8.000244 10 38 38
8.000244 12 37 37
8.000244 13 38 38
8.000244 15 46 46
8.000244 16 37 37
8.000244 17 45 45
8.000244 18 32 32
8.000244 19 29 29
8.000244 20 40 40
8.000244 21 46 46
8.000244 23 37 37
8.000244 27 42 42
8.000244 28 55 55
8.000244 29 35 35
8.000244 30 40 40
8.000244 31 1 1
8.000244 36 37 37
8.000244 37 32 32
8.000244 38 46 46
8.000244 39 40 40
8.000244 40 43 43
8.000244 41 28 28
8.000244 42 36 36
8.000244 43 32 32
8.000244 45 38 38
8.000244 46 35 35
8.000244 47 44 44
8.000244 48 33 33
8.000244 49 35 35
8.000244 50 39 39
8.000244 51 39 39
8.000244 52 37 37
8.000244 56 36 36
8.000244 58 38 38
8.000244 60 37 37
8.000244 61 23 23
8.000244 62 39 39
8.000244 63 48 48
8.000244 64 35 35
8.000244 66 44 44
8.000244 68 30 30
8.000244 69 32 32
8.000244 70 45 45
8.000244 71 33 33
8.000244 72 13 13
8.000244 73 38 38
8.000244 74 38 38
8.000244 75 31 31
8.000244 76 34 34
8.000244 77 37 37
8.000244 78 40 40
8.000244 80 31 31
8.000244 81 34 34
8.000244 82 38 38
8.000244 83 30 30
8.000244 84 52 52
8.000244 86 35 35
8.000244 87 34 34
8.000244 88 39 39
8.000244 89 38 38
8.000244 90 32 32
8.000244 91 36 36
8.000244 95 36 36
8.000244 98 48 48
8.000244 102 33 33
8.000244 103 27 27
8.000244 104 34 34
8.000244 105 42 42
8.000244 106 45 45
8.000244 107 44 44
8.000244 108 37 37
8.000244 109 36 36
8.000244 110 13 13
8.000244 111 41 41
8.000244 112 37 37
8.000244 114 39 39
8.000244 116 34 34
8.000244 117 35 35
8.000244 118 40 40
8.000244 120 28 28
8.000244 121 33 33
8.000244 122 41 41
8.000244 123 31 31
8.000244 124 38 38
8.000244 125 35 35
8.000244 126 42 42
8.000244 127 39 39
8.000244 128 35 35
8.000244 130 2 2
8.000244 131 37 37
8.000244 133 35 35
8.000244 135 50 50
8.000244 136 1 1
8.000244 139 40 40
8.000244 140 33 33
8.000244 141 41 41
8.000244 142 37 37
8.000244 145 40 40
8.000244 146 39 39
8.000244 149 40 40
8.000244 150 34 34
8.000244 151 30 30
8.000244 152 23 23
8.000244 155 36 36
8.000244 156 28 28
8.000244 157 43 43
8.000244 158 33 33
8.000244 159 40 40
8.000244 160 41 41
8.000244 161 35 35
8.000244 162 31 31
8.000244 163 39 39
8.000244 164 31 31
8.000244 166 28 28
8.000244 167 5 5
8.000244 168 34 34
8.000244 169 38 38
8.000244 171 45 45
8.000244 172 35 35
8.000244 174 43 43
8.000244 175 35 35
8.000244 177 46 46
8.000244 178 40 40
8.000244 179 34 34
8.000244 180 32 32
8.000244 181 33 33
8.000244 182 31 31
8.000244 183 33 33
8.000244 184 39 39
8.000244 185 32 32
8.000244 186 47 47
8.000244 188 49 49
8.000244 189 45 45
8.000244 191 3 3
8.000244 192 34 34
8.000244 194 43 43
8.000244 195 39 39
8.000244 196 36 36
8.000244 198 39 39
8.000244 199 42 42
8.000244 200 39 39
8.000244 201 23 23
8.000244 203 42 42
8.000244 204 28 28
8.000244 205 31 31
8.000244 207 39 39
8.000244 209 30 30
8.000244 210 38 38
8.000244 211 36 36
8.000244 214 2 2
8.000244 215 34 34
8.000244 216 34 34
8.000244 217 33 33
8.000244 219 36 36
9.000275 0 74 74
9.000275 3 64 64
9.000275 4 35 35
9.000275 6 59 59
9.000275 7 83 83
9.000275 9 8 8
9.000275 10 65 65
9.000275 12 59 59
9.000275 13 65 65
9.000275 15 47 47
9.000275 16 56 56
9.000275 17 64 64
9.000275 18 56 56
9.000275 19 45 45
9.000275 20 68 68
9.000275 23 58 58
9.000275 27 68 68
9.000275 28 36 36
9.000275 36 55 55
9.000275 37 46 46
9.000275 38 74 74
9.000275 39 53 53
9.000275 40 9 9
9.000275 41 43 43
9.000275 42 51 51
9.000275 45 58 58
9.000275 46 57 57
9.000275 47 73 73
9.000275 49 55 55
9.000275 50 19 19
9.000275 52 12 12
9.000275 56 57 57
9.000275 58 64 64
9.000275 60 56 56
9.000275 64 56 56
9.000275 68 49 49
9.000275 69 46 46
9.000275 71 48 48
9.000275 73 43 43
9.000275 75 49 49
9.000275 77 60 60
9.000275 78 64 64
9.000275 81 63 63
9.000275 83 44 44
9.000275 87 56 56
9.000275 88 63 63
9.000275 89 59 59
9.000275 90 27 27
9.000275 91 19 19
9.000275 95 61 61
9.000275 102 57 57
9.000275 105 4 4
9.000275 106 75 75
9.000275 107 69 69
9.000275 108 57 57
9.000275 109 60 60
9.000275 111 71 71
9.000275 114 68 68
9.000275 116 51 51
9.000275 118 64 64
9.000275 120 51 51
9.000275 121 6 6
9.000275 122 64 64
9.000275 124 63 63
9.000275 126 74 74
9.000275 128 57 57
9.000275 131 50 50
9.000275 133 58 58
9.000275 135 72 72
9.000275 139 61 61
9.000275 140 58 58
9.000275 141 70 70
9.000275 149 64 64
9.000275 150 56 56
9.000275 151 56 56
9.000275 157 68 68
9.000275 159 64 64
9.000275 161 63 63
9.000275 162 48 48
9.000275 163 64 64
9.000275 164 46 46
9.000275 166 52 52
9.000275 169 59 59
9.000275 171 66 66
9.000275 172 55 55
9.000275 174 59 59
9.000275 175 50 50
9.000275 177 73 73
9.000275 178 66 66
9.000275 179 53 53
9.000275 183 52 52
9.000275 184 65 65
9.000275 185 50 50
9.000275 186 71 71
9.000275 188 83 83
9.000275 189 64 64
9.000275 192 10 10
9.000275 194 34 34
9.000275 196 59 59
9.000275 200 54 54
9.000275 203 66 66
9.000275 207 66 66
9.000275 209 51 51
9.000275 210 56 56
9.000275 211 55 55
9.000275 215 61 61
9.000275 216 61 61
9.000275 217 47 47
10.000305 0 38 38
10.000305 3 102 102
10.000305 6 92 92
10.000305 7 130 130
10.000305 10 110 110
10.000305 12 49 49
10.000305 13 102 102
10.000305 17 55 55
10.000305 18 72 72
10.000305 20 95 95
10.000305 23 96 96
10.000305 27 116 116
10.000305 37 53 53
10.000305 38 45 45
10.000305 41 65 65
10.000305 42 86 86
10.000305 45 91 91
10.000305 46 90 90
10.000305 58 101 101
10.000305 60 96 96
10.000305 64 84 84
10.000305 68 77 77
10.000305 69 76 76
10.000305 75 54 54
10.000305 77 90 90
10.000305 78 50 50
10.000305 81 96 96
10.000305 83 75 75
10.000305 87 88 88
10.000305 88 104 104
10.000305 89 98 98
10.000305 95 20 20
10.000305 102 5 5
10.000305 106 125 125
10.000305 107 118 118
10.000305 108 88 88
10.000305 109 81 81
10.000305 111 112 112
10.000305 114 3 3
10.000305 116 82 82
10.000305 118 97 97
10.000305 120 3 3
10.000305 122 103 103
10.000305 126 115 115
10.000305 128 94 94
10.000305 133 89 89
10.000305 139 23 23
10.000305 140 87 87
10.000305 141 10 10
10.000305 149 102 102
10.000305 150 89 89
10.000305 151 84 84
10.000305 157 98 98
10.000305 159 96 96
10.000305 161 111 111
10.000305 163 109 109
10.000305 164 80 80
10.000305 166 83 83
10.000305 169 92 92
10.000305 172 85 85
10.000305 177 125 125
10.000305 178 104 104
10.000305 179 49 49
10.000305 183 8 8
10.000305 184 101 101
10.000305 185 10 10
10.000305 186 119 119
10.000305 188 67 67
10.000305 196 40 40
10.000305 203 109 109
10.000305 209 71 71
10.000305 211 87 87
10.000305 215 92 92
10.000305 216 97 97
10.000305 217 80 80
11.000336 3 157 157
11.000336 6 147 147
11.000336 7 200 200
11.000336 10 51 51
11.000336 13 126 126
11.000336 17 9 9
11.000336 20 3 3
11.000336 23 159 159
11.000336 27 179 179
11.000336 41 108 108
11.000336 42 146 146
11.000336 45 149 149
11.000336 46 140 140
11.000336 58 154 154
11.000336 60 5 5
11.000336 64 138 138
11.000336 68 125 125
11.000336 77 150 150
11.000336 81 10 10
11.000336 83 31 31
11.000336 87 132 132
11.000336 88 117 117
11.000336 89 58 58
11.000336 106 195 195
11.000336 107 181 181
11.000336 108 21 21
11.000336 111 20 20
11.000336 116 121 121
11.000336 118 151 151
11.000336 122 51 51
11.000336 126 123 123
11.000336 128 131 131
11.000336 133 32 32
11.000336 140 144 144
11.000336 149 159 159
11.000336 151 133 133
11.000336 157 11 11
11.000336 159 167 167
11.000336 161 156 156
11.000336 163 168 168
11.000336 164 126 126
11.000336 166 127 127
11.000336 169 145 145
11.000336 177 107 107
11.000336 178 164 164
11.000336 184 161 161
11.000336 186 86 86
11.000336 203 135 135
11.000336 211 136 136
11.000336 215 112 112
11.000336 216 151 151
11.000336 217 48 48
12.000366 3 118 118
12.000366 6 238 238
12.000366 7 305 305
12.000366 13 74 74
12.000366 23 237 237
12.000366 27 273 273
12.000366 41 174 174
12.000366 42 135 135
12.000366 45 221 221
12.000366 46 232 232
12.000366 58 248 248
12.000366 64 171 171
12.000366 68 195 195
12.000366 77 221 221
12.000366 87 159 159
12.000366 88 64 64
12.000366 106 314 314
12.000366 107 34 34
12.000366 116 4 4
12.000366 118 135 135
12.000366 126 37 37
12.000366 128 23 23
12.000366 140 150 150
12.000366 149 90 90
12.000366 151 212 212
12.000366 159 243 243
12.000366 161 205 205
12.000366 163 86 86
12.000366 164 191 191
12.000366 166 82 82
12.000366 169 216 216
12.000366 177 10 10
12.000366 178 181 181
12.000366 184 219 219
12.000366 203 99 99
12.000366 211 123 123
12.000366 215 7 7
12.000366 216 230 230
12.000366 217 16 16
13.000397 3 23 23
13.000397 6 291 291
13.000397 7 315 315
13.000397 13 12 12
13.000397 23 214 214
13.000397 27 453 453
13.000397 41 270 270
13.000397 42 106 106
13.000397 45 195 195
13.000397 46 370 370
13.000397 58 367 367
13.000397 64 87 87
13.000397 68 269 269
13.000397 77 182 182
13.000397 87 70 70
13.000397 88 33 33
13.000397 106 487 487
13.000397 118 72 72
13.000397 126 6 6
13.000397 128 5 5
13.000397 140 50 50
13.000397 149 17 17
13.000397 151 278 278
13.000397 159 336 336
13.000397 161 188 188
13.000397 164 322 322
13.000397 166 43 43
13.000397 169 208 208
13.000397 178 139 139
13.000397 184 215 215
13.000397 203 43 43
13.000397 211 5 5
13.000397 216 349 349
14.000427 6 186 186
14.000427 7 149 149
14.000427 23 126 126
14.000427 27 615 615
14.000427 41 411 411
14.000427 42 66 66
14.000427 45 232 232
14.000427 46 554 554
14.000427 58 504 504
14.000427 64 28 28
14.000427 68 262 262
14.000427 77 128 128
14.000427 106 731 731
14.000427 140 39 39
14.000427 151 273 273
14.000427 159 328 328
14.000427 161 154 154
14.000427 164 498 498
14.000427 166 35 35
14.000427 169 176 176
14.000427 178 80 80
14.000427 184 74 74
14.000427 203 37 37
14.000427 216 307 307
15.000458 6 100 100
15.000458 7 27 27
15.000458 23 102 102
15.000458 27 687 687
15.000458 41 516 516
15.000458 42 40 40
15.000458 45 260 260
15.000458 46 649 649
15.000458 58 524 524
15.000458 64 6 6
15.000458 68 264 264
15.000458 77 116 116
15.000458 106 1025 1025
15.000458 140 34 34
15.000458 151 235 235
15.000458 159 176 176
15.000458 161 124 124
15.000458 164 580 580
15.000458 166 12 12
15.000458 169 108 108
15.000458 178 34 34
15.000458 184 39 39
15.000458 203 10 10
15.000458 216 286 286
16.000488 6 52 52
16.000488 23 117 117
16.000488 27 798 798
16.000488 41 517 517
16.000488 42 7 7
16.000488 45 272 272
16.000488 46 606 606
16.000488 58 527 527
16.000488 68 275 275
16.000488 77 74 74
16.000488 106 1223 1223
16.000488 140 21 21
16.000488 151 242 242
16.000488 159 93 93
16.000488 161 141 141
16.000488 164 749 749
16.000488 166 18 18
16.000488 169 14 14
16.000488 178 20 20
16.000488 184 46 46
16.000488 216 220 220
17.000519 6 1 1
17.000519 23 102 102
17.000519 27 890 890
17.000519 41 518 518
17.000519 45 247 247
17.000519 46 574 574
17.000519 58 499 499
17.000519 68 291 291
17.000519 77 9 9
17.000519 106 1305 1305
17.000519 140 17 17
17.000519 151 282 282
17.000519 159 69 69
17.000519 161 112 112
17.000519 164 835 835
17.000519 166 15 15
17.000519 184 21 21
17.000519 216 199 199
18.000549 23 78 78
18.000549 27 949 949
18.000549 41 585 585
18.000549 45 192 192
18.000549 46 535 535
18.000549 58 468 468
18.000549 68 248 248
18.000549 106 1361 1361
18.000549 140 24 24
18.000549 151 309 309
18.000549 159 31 31
18.000549 161 128 128
18.000549 164 872 872
18.000549 166 10 10
18.000549 216 167 167
19.000580 23 77 77
19.000580 27 1090 1090
19.000580 41 647 647
19.000580 45 160 160
19.000580 46 508 508
19.000580 58 375 375
19.000580 68 165 165
19.000580 106 1380 1380
19.000580 140 17 17
19.000580 151 356 356
19.000580 159 42 42
19.000580 161 105 105
19.000580 164 869 869
19.000580 216 210 210
20.000610 23 69 69
20.000610 27 1202 1202
20.000610 41 719 719
20.000610 45 127 127
20.000610 46 441 441
20.000610 58 314 314
20.000610 68 104 104
20.000610 106 1442 1442
20.000610 151 425 425
20.000610 159 35 35
20.000610 161 82 82
20.000610 164 804 804
20.000610 216 232 232
21.000641 23 46 46
21.000641 27 1347 1347
21.000641 41 718 718
21.000641 45 37 37
21.000641 46 414 414
21.000641 58 232 232
21.000641 68 42 42
21.000641 106 1588 1588
21.000641 151 396 396
21.000641 159 28 28
21.000641 161 111 111
21.000641 164 775 775
21.000641 216 253 253
22.000671 27 1421 1421
22.000671 41 726 726
22.000671 45 21 21
22.000671 46 387 387
22.000671 58 212 212
22.000671 68 33 33
22.000671 106 1657 1657
22.000671 151 385 385
22.000671 159 13 13
22.000671 161 138 138
22.000671 164 739 739
22.000671 216 285 285
23.000702 27 1399 1399
23.000702 41 790 790
23.000702 45 33 33
23.000702 46 405 405
23.000702 58 225 225
23.000702 68 32 32
23.000702 106 1661 1661
23.000702 151 353 353
23.000702 161 148 148
23.000702 164 713 713
23.000702 216 238 238
24.000732 27 1334 1334
24.000732 41 830 830
24.000732 45 59 59
24.000732 46 364 364
24.000732 58 209 209
24.000732 68 30 30
24.000732 106 1823 1823
24.000732 151 337 337
24.000732 161 145 145
24.000732 164 648 648
24.000732 216 194 194
25.000763 27 1295 1295
25.000763 41 897 897
25.000763 45 67 67
25.000763 46 307 307
25.000763 58 211 211
25.000763 68 44 44
25.000763 106 1936 1936
25.000763 151 368 368
25.000763 161 112 112
25.000763 164 575 575
25.000763 216 191 191
26.000793 27 1165 1165
26.000793 41 1033 1033
26.000793 45 77 77
26.000793 46 225 225
26.000793 58 200 200
26.000793 68 40 40
26.000793 106 1879 1879
26.000793 151 450 450
26.000793 161 83 83
26.000793 164 557 557
26.000793 216 231 231
27.000824 27 1087 1087
27.000824 41 1196 1196
27.000824 45 48 48
27.000824 46 207 207
27.000824 58 187 187
27.000824 68 38 38
27.000824 106 1828 1828
27.000824 151 553 553
27.000824 161 84 84
27.000824 164 455 455
27.000824 216 304 304
28.000854 27 1167 1167
28.000854 41 1277 1277
28.000854 45 15 15
28.000854 46 165 165
28.000854 58 182 182
28.000854 106 1804 1804
28.000854 151 670 670
28.000854 161 41 41
28.000854 164 318 318
28.000854 216 381 381
29.000885 27 1148 1148
29.000885 41 1245 1245
29.000885 46 127 127
29.000885 58 147 147
29.000885 106 1758 1758
29.000885 151 766 766
29.000885 164 266 266
29.000885 216 517 517
30.000916 27 1176 1176
30.000916 41 1187 1187
30.000916 46 90 90
30.000916 58 145 145
30.000916 106 1772 1772
30.000916 151 791 791
30.000916 164 232 232
30.000916 216 599 599
31.000946 27 1161 1161
31.000946 41 1203 1203
31.000946 46 105 105
31.000946 58 149 149
31.000946 106 1769 1769
31.000946 151 753 753
31.000946 164 193 193
31.000946 216 640 640
32.000977 27 1167 1167
32.000977 41 1180 1180
32.000977 46 100 100
32.000977 58 173 173
32.000977 106 1735 1735
32.000977 151 776 776
32.000977 164 163 163
32.000977 216 680 680
33.001007 27 1192 1192
33.001007 41 1175 1175
33.001007 46 90 90
33.001007 58 196 196
33.001007 106 1731 1731
33.001007 151 831 831
33.001007 164 120 120
33.001007 216 697 697
34.001038 27 1130 1130
34.001038 41 1301 1301
34.001038 46 92 92
34.001038 58 228 228
34.001038 106 1656 1656
34.001038 151 850 850
34.001038 164 46 46
34.001038 216 671 671
35.001068 27 1122 1122
35.001068 41 1425 1425
35.001068 46 84 84
35.001068 58 265 265
35.001068 106 1611 1611
35.001068 151 919 919
35.001068 164 25 25
35.001068 216 594 594
36.001099 27 1084 1084
36.001099 41 1619 1619
36.001099 46 75 75
36.001099 58 111 111
36.001099 106 1573 1573
36.001099 151 918 918
36.001099 216 596 596
37.001129 27 1058 1058
37.001129 41 1666 1666
37.001129 46 63 63
37.001129 58 86 86
37.001129 106 1557 1557
37.001129 151 912 912
37.001129 216 616 616
38.001160 27 1038 1038
38.001160 41 1661 1661
38.001160 46 28 28
38.001160 58 86 86
38.001160 106 1531 1531
38.001160 151 970 970
38.001160 216 715 715
39.001190 27 1059 1059
39.001190 41 1681 1681
39.001190 46 3 3
39.001190 58 24 24
39.001190 106 1459 1459
39.001190 151 994 994
39.001190 216 783 783
40.001221 27 1091 1091
40.001221 41 1542 1542
40.001221 106 1488 1488
40.001221 151 917 917
40.001221 216 908 908
