0.000000 0 1 1
0.000000 1 1 1
0.000000 2 1 1
0.000000 3 1 1
0.000000 4 1 1
0.000000 5 1 1
0.000000 6 1 1
0.000000 7 1 1
0.000000 8 1 1
0.000000 9 1 1
0.000000 10 1 1
0.000000 11 1 1
0.000000 13 1 1
0.000000 14 1 1
0.000000 15 1 1
0.000000 16 1 1
0.000000 17 1 1
0.000000 18 1 1
0.000000 19 1 1
0.000000 20 1 1
0.000000 21 1 1
0.000000 22 1 1
0.000000 23 1 1
0.000000 24 1 1
0.000000 25 1 1
0.000000 26 1 1
0.000000 27 1 1
0.000000 28 1 1
0.000000 29 1 1
0.000000 30 1 1
0.000000 31 1 1
0.000000 32 1 1
0.000000 33 1 1
0.000000 35 1 1
0.000000 36 1 1
0.000000 37 1 1
0.000000 38 1 1
0.000000 39 1 1
0.000000 40 1 1
0.000000 41 1 1
0.000000 42 1 1
0.000000 43 1 1
0.000000 44 1 1
0.000000 45 1 1
0.000000 46 1 1
0.000000 47 1 1
0.000000 48 1 1
0.000000 50 1 1
0.000000 52 1 1
0.000000 53 1 1
0.000000 54 1 1
0.000000 55 1 1
0.000000 56 1 1
0.000000 57 1 1
0.000000 59 1 1
0.000000 60 1 1
0.000000 61 1 1
0.000000 64 1 1
0.000000 65 1 1
0.000000 66 1 1
0.000000 67 1 1
0.000000 68 1 1
0.000000 69 1 1
0.000000 70 1 1
0.000000 71 1 1
0.000000 72 1 1
0.000000 73 1 1
0.000000 74 1 1
0.000000 76 1 1
0.000000 77 1 1
0.000000 78 1 1
0.000000 79 1 1
0.000000 80 1 1
0.000000 81 1 1
0.000000 82 1 1
0.000000 83 1 1
0.000000 84 1 1
0.000000 85 1 1
0.000000 86 1 1
0.000000 87 1 1
0.000000 88 1 1
0.000000 89 1 1
0.000000 90 1 1
0.000000 91 1 1
0.000000 92 1 1
0.000000 93 1 1
0.000000 94 1 1
0.000000 95 1 1
0.000000 96 1 1
0.000000 97 1 1
0.000000 98 1 1
0.000000 99 1 1
0.000000 100 1 1
0.000000 101 1 1
0.000000 102 1 1
0.000000 103 1 1
0.000000 104 1 1
0.000000 105 1 1
0.000000 106 1 1
0.000000 107 1 1
0.000000 108 1 1
0.000000 109 1 1
0.000000 110 1 1
0.000000 111 1 1
0.000000 112 1 1
0.000000 113 1 1
0.000000 114 1 1
0.000000 115 1 1
0.000000 117 1 1
0.000000 118 1 1
0.000000 119 1 1
0.000000 120 1 1
0.000000 121 1 1
0.000000 122 1 1
0.000000 123 1 1
0.000000 124 1 1
0.000000 125 1 1
0.000000 126 1 1
0.000000 127 1 1
0.000000 128 1 1
0.000000 129 1 1
0.000000 130 1 1
0.000000 131 1 1
0.000000 132 1 1
0.000000 133 1 1
0.000000 134 1 1
0.000000 135 1 1
0.000000 136 1 1
0.000000 137 1 1
0.000000 138 1 1
0.000000 139 1 1
0.000000 140 1 1
0.000000 141 1 1
0.000000 142 1 1
0.000000 145 1 1
0.000000 146 1 1
0.000000 147 1 1
0.000000 148 1 1
0.000000 149 1 1
0.000000 150 1 1
0.000000 151 1 1
0.000000 152 1 1
0.000000 155 1 1
0.000000 156 1 1
0.000000 157 1 1
0.000000 158 1 1
0.000000 159 1 1
0.000000 160 1 1
0.000000 161 1 1
0.000000 162 1 1
0.000000 163 1 1
0.000000 164 1 1
0.000000 165 1 1
0.000000 166 1 1
0.000000 167 1 1
0.000000 168 1 1
0.000000 169 1 1
0.000000 170 1 1
0.000000 171 1 1
0.000000 172 1 1
0.000000 173 1 1
0.000000 174 1 1
0.000000 175 1 1
0.000000 176 1 1
0.000000 177 1 1
0.000000 178 1 1
0.000000 180 1 1
0.000000 181 1 1
0.000000 183 1 1
0.000000 184 1 1
0.000000 185 1 1
0.000000 187 1 1
0.000000 188 1 1
0.000000 189 1 1
0.000000 190 1 1
0.000000 191 1 1
0.000000 192 1 1
0.000000 193 1 1
0.000000 194 1 1
0.000000 196 1 1
0.000000 197 1 1
0.000000 199 1 1
0.000000 201 1 1
0.000000 202 1 1
0.000000 203 1 1
0.000000 204 1 1
0.000000 205 1 1
0.000000 206 1 1
0.000000 207 1 1
0.000000 208 1 1
0.000000 209 1 1
0.000000 210 1 1
0.000000 211 1 1
0.000000 212 1 1
0.000000 213 1 1
0.000000 214 1 1
0.000000 215 1 1
0.000000 216 1 1
0.000000 217 1 1
0.000000 218 1 1
0.000000 219 1 1
1.000031 0 1 1
1.000031 1 2 2
1.000031 2 1 1
1.000031 3 1 1
1.000031 4 1 1
1.000031 5 1 1
1.000031 6 1 1
1.000031 7 1 1
1.000031 8 1 1
1.000031 9 1 1
1.000031 10 1 1
1.000031 11 2 2
1.000031 13 2 2
1.000031 14 2 2
1.000031 15 1 1
1.000031 16 2 2
1.000031 17 1 1
1.000031 18 2 2
1.000031 19 2 2
1.000031 20 2 2
1.000031 21 2 2
1.000031 22 2 2
1.000031 23 2 2
1.000031 24 1 1
1.000031 25 1 1
1.000031 26 1 1
1.000031 27 2 2
1.000031 28 1 1
1.000031 29 1 1
1.000031 30 1 1
1.000031 31 1 1
1.000031 32 1 1
1.000031 33 1 1
1.000031 35 1 1
1.000031 36 1 1
1.000031 37 1 1
1.000031 38 2 2
1.000031 39 1 1
1.000031 40 1 1
1.000031 41 1 1
1.000031 42 2 2
1.000031 43 2 2
1.000031 44 1 1
1.000031 45 1 1
1.000031 46 1 1
1.000031 47 1 1
1.000031 48 2 2
1.000031 50 1 1
1.000031 52 2 2
1.000031 53 2 2
1.000031 54 1 1
1.000031 55 1 1
1.000031 56 2 2
1.000031 57 2 2
1.000031 59 1 1
1.000031 60 1 1
1.000031 61 1 1
1.000031 64 1 1
1.000031 65 2 2
1.000031 66 2 2
1.000031 67 2 2
1.000031 68 1 1
1.000031 69 2 2
1.000031 70 2 2
1.000031 71 2 2
1.000031 72 2 2
1.000031 73 2 2
1.000031 74 1 1
1.000031 76 2 2
1.000031 77 2 2
1.000031 78 2 2
1.000031 79 2 2
1.000031 80 2 2
1.000031 81 1 1
1.000031 82 2 2
1.000031 83 2 2
1.000031 84 1 1
1.000031 85 1 1
1.000031 86 1 1
1.000031 87 1 1
1.000031 88 1 1
1.000031 89 2 2
1.000031 90 1 1
1.000031 91 2 2
1.000031 92 2 2
1.000031 93 2 2
1.000031 94 2 2
1.000031 95 2 2
1.000031 96 2 2
1.000031 97 2 2
1.000031 98 1 1
1.000031 99 2 2
1.000031 100 1 1
1.000031 101 1 1
1.000031 102 2 2
1.000031 103 2 2
1.000031 104 1 1
1.000031 105 2 2
1.000031 106 2 2
1.000031 107 2 2
1.000031 108 2 2
1.000031 109 2 2
1.000031 110 1 1
1.000031 111 1 1
1.000031 112 1 1
1.000031 113 1 1
1.000031 114 2 2
1.000031 115 1 1
1.000031 117 1 1
1.000031 118 1 1
1.000031 119 1 1
1.000031 120 1 1
1.000031 121 2 2
1.000031 122 2 2
1.000031 123 2 2
1.000031 124 2 2
1.000031 125 1 1
1.000031 126 2 2
1.000031 127 1 1
1.000031 128 1 1
1.000031 129 2 2
1.000031 130 1 1
1.000031 131 2 2
1.000031 132 1 1
1.000031 133 2 2
1.000031 134 2 2
1.000031 135 1 1
1.000031 136 1 1
1.000031 137 1 1
1.000031 138 2 2
1.000031 139 2 2
1.000031 140 2 2
1.000031 141 1 1
1.000031 142 2 2
1.000031 145 2 2
1.000031 146 1 1
1.000031 147 2 2
1.000031 148 1 1
1.000031 149 2 2
1.000031 150 1 1
1.000031 151 2 2
1.000031 152 1 1
1.000031 155 1 1
1.000031 156 2 2
1.000031 157 1 1
1.000031 158 1 1
1.000031 159 2 2
1.000031 160 2 2
1.000031 161 2 2
1.000031 162 2 2
1.000031 163 2 2
1.000031 164 1 1
1.000031 165 2 2
1.000031 166 1 1
1.000031 167 1 1
1.000031 168 2 2
1.000031 169 2 2
1.000031 170 2 2
1.000031 171 2 2
1.000031 172 1 1
1.000031 173 2 2
1.000031 174 1 1
1.000031 175 1 1
1.000031 176 1 1
1.000031 177 2 2
1.000031 178 1 1
1.000031 180 2 2
1.000031 181 1 1
1.000031 183 1 1
1.000031 184 1 1
1.000031 185 2 2
1.000031 187 2 2
1.000031 188 2 2
1.000031 189 1 1
1.000031 190 2 2
1.000031 191 1 1
1.000031 192 2 2
1.000031 193 1 1
1.000031 194 1 1
1.000031 196 2 2
1.000031 197 1 1
1.000031 199 1 1
1.000031 201 2 2
1.000031 202 2 2
1.000031 203 2 2
1.000031 204 1 1
1.000031 205 2 2
1.000031 206 1 1
1.000031 207 1 1
1.000031 208 2 2
1.000031 209 2 2
1.000031 210 2 2
1.000031 211 1 1
1.000031 212 2 2
1.000031 213 1 1
1.000031 214 2 2
1.000031 215 1 1
1.000031 216 2 2
1.000031 217 2 2
1.000031 218 2 2
1.000031 219 2 2
2.000061 0 2 2
2.000061 1 2 2
2.000061 2 2 2
2.000061 3 2 2
2.000061 4 2 2
2.000061 5 2 2
2.000061 6 2 2
2.000061 7 2 2
2.000061 8 2 2
2.000061 9 2 2
2.000061 10 2 2
2.000061 11 2 2
2.000061 13 2 2
2.000061 14 2 2
2.000061 15 2 2
2.000061 16 2 2
2.000061 17 2 2
2.000061 18 2 2
2.000061 19 2 2
2.000061 20 2 2
2.000061 21 2 2
2.000061 22 3 3
2.000061 23 3 3
2.000061 24 3 3
2.000061 25 2 2
2.000061 26 2 2
2.000061 27 2 2
2.000061 28 2 2
2.000061 29 1 1
2.000061 30 2 2
2.000061 31 2 2
2.000061 32 2 2
2.000061 33 2 2
2.000061 35 2 2
2.000061 36 2 2
2.000061 37 2 2
2.000061 38 2 2
2.000061 39 2 2
2.000061 40 2 2
2.000061 41 2 2
2.000061 42 3 3
2.000061 43 2 2
2.000061 44 2 2
2.000061 45 2 2
2.000061 46 2 2
2.000061 47 2 2
2.000061 48 2 2
2.000061 50 2 2
2.000061 52 2 2
2.000061 53 2 2
2.000061 54 2 2
2.000061 55 3 3
2.000061 56 2 2
2.000061 57 2 2
2.000061 59 2 2
2.000061 60 2 2
2.000061 61 2 2
2.000061 64 2 2
2.000061 65 2 2
2.000061 66 2 2
2.000061 67 2 2
2.000061 68 2 2
2.000061 69 2 2
2.000061 70 2 2
2.000061 71 2 2
2.000061 72 2 2
2.000061 73 3 3
2.000061 74 2 2
2.000061 76 2 2
2.000061 77 2 2
2.000061 78 2 2
2.000061 79 2 2
2.000061 80 3 3
2.000061 81 2 2
2.000061 82 2 2
2.000061 83 2 2
2.000061 84 2 2
2.000061 85 2 2
2.000061 86 2 2
2.000061 87 2 2
2.000061 88 3 3
2.000061 89 2 2
2.000061 90 2 2
2.000061 91 2 2
2.000061 92 2 2
2.000061 93 3 3
2.000061 94 3 3
2.000061 95 2 2
2.000061 96 2 2
2.000061 97 3 3
2.000061 98 2 2
2.000061 99 2 2
2.000061 100 2 2
2.000061 101 2 2
2.000061 102 2 2
2.000061 103 2 2
2.000061 104 2 2
2.000061 105 2 2
2.000061 106 2 2
2.000061 107 2 2
2.000061 108 2 2
2.000061 109 2 2
2.000061 110 2 2
2.000061 111 2 2
2.000061 112 2 2
2.000061 113 2 2
2.000061 114 2 2
2.000061 115 2 2
2.000061 117 2 2
2.000061 118 2 2
2.000061 119 2 2
2.000061 120 2 2
2.000061 121 2 2
2.000061 122 2 2
2.000061 123 2 2
2.000061 124 2 2
2.000061 125 2 2
2.000061 126 3 3
2.000061 127 2 2
2.000061 128 2 2
2.000061 129 2 2
2.000061 130 2 2
2.000061 131 3 3
2.000061 132 2 2
2.000061 133 2 2
2.000061 134 2 2
2.000061 135 2 2
2.000061 136 2 2
2.000061 137 2 2
2.000061 138 2 2
2.000061 139 2 2
2.000061 140 3 3
2.000061 141 2 2
2.000061 142 2 2
2.000061 145 3 3
2.000061 146 2 2
2.000061 147 3 3
2.000061 148 2 2
2.000061 149 2 2
2.000061 150 2 2
2.000061 151 2 2
2.000061 152 2 2
2.000061 155 2 2
2.000061 156 2 2
2.000061 157 2 2
2.000061 158 2 2
2.000061 159 2 2
2.000061 160 2 2
2.000061 161 2 2
2.000061 162 2 2
2.000061 163 2 2
2.000061 164 2 2
2.000061 165 2 2
2.000061 166 2 2
2.000061 167 2 2
2.000061 168 3 3
2.000061 169 2 2
2.000061 170 3 3
2.000061 171 2 2
2.000061 172 2 2
2.000061 173 2 2
2.000061 174 2 2
2.000061 175 2 2
2.000061 176 2 2
2.000061 177 2 2
2.000061 178 2 2
2.000061 180 3 3
2.000061 181 2 2
2.000061 183 2 2
2.000061 184 2 2
2.000061 185 2 2
2.000061 187 2 2
2.000061 188 2 2
2.000061 189 2 2
2.000061 190 2 2
2.000061 191 2 2
2.000061 192 2 2
2.000061 193 2 2
2.000061 194 2 2
2.000061 196 2 2
2.000061 197 2 2
2.000061 199 2 2
2.000061 201 2 2
2.000061 202 2 2
2.000061 203 2 2
2.000061 204 2 2
2.000061 205 2 2
2.000061 206 2 2
2.000061 207 2 2
2.000061 208 2 2
2.000061 209 2 2
2.000061 210 2 2
2.000061 211 2 2
2.000061 212 2 2
2.000061 213 2 2
2.000061 214 2 2
2.000061 215 2 2
2.000061 216 2 2
2.000061 217 2 2
2.000061 218 2 2
2.000061 219 3 3
3.000092 0 4 4
3.000092 1 4 4
3.000092 2 4 4
3.000092 3 4 4
3.000092 4 4 4
3.000092 5 4 4
3.000092 6 4 4
3.000092 7 4 4
3.000092 8 4 4
3.000092 9 4 4
3.000092 10 4 4
3.000092 11 2 2
3.000092 13 4 4
3.000092 14 4 4
3.000092 15 4 4
3.000092 16 4 4
3.000092 17 4 4
3.000092 18 4 4
3.000092 19 4 4
3.000092 20 4 4
3.000092 21 4 4
3.000092 22 4 4
3.000092 23 4 4
3.000092 24 4 4
3.000092 25 4 4
3.000092 26 3 3
3.000092 27 4 4
3.000092 28 3 3
3.000092 29 2 2
3.000092 30 4 4
3.000092 31 4 4
3.000092 32 3 3
3.000092 33 4 4
3.000092 35 3 3
3.000092 36 4 4
3.000092 37 3 3
3.000092 38 4 4
3.000092 39 3 3
3.000092 40 4 4
3.000092 41 4 4
3.000092 42 5 5
3.000092 43 4 4
3.000092 44 4 4
3.000092 45 4 4
3.000092 46 4 4
3.000092 47 4 4
3.000092 48 2 2
3.000092 50 4 4
3.000092 52 4 4
3.000092 53 4 4
3.000092 54 3 3
3.000092 55 4 4
3.000092 56 4 4
3.000092 57 4 4
3.000092 59 4 4
3.000092 60 4 4
3.000092 61 4 4
3.000092 64 4 4
3.000092 65 4 4
3.000092 66 4 4
3.000092 67 4 4
3.000092 68 4 4
3.000092 69 4 4
3.000092 70 4 4
3.000092 71 4 4
3.000092 72 5 5
3.000092 73 4 4
3.000092 74 3 3
3.000092 76 4 4
3.000092 77 4 4
3.000092 78 4 4
3.000092 79 4 4
3.000092 80 5 5
3.000092 81 4 4
3.000092 82 3 3
3.000092 83 4 4
3.000092 84 4 4
3.000092 85 4 4
3.000092 86 4 4
3.000092 87 4 4
3.000092 88 4 4
3.000092 89 4 4
3.000092 90 4 4
3.000092 91 4 4
3.000092 92 4 4
3.000092 93 4 4
3.000092 94 5 5
3.000092 95 4 4
3.000092 96 4 4
3.000092 97 5 5
3.000092 98 3 3
3.000092 99 4 4
3.000092 100 4 4
3.000092 101 3 3
3.000092 102 4 4
3.000092 103 4 4
3.000092 104 4 4
3.000092 105 4 4
3.000092 106 4 4
3.000092 107 4 4
3.000092 108 4 4
3.000092 109 4 4
3.000092 110 4 4
3.000092 111 4 4
3.000092 112 4 4
3.000092 113 2 2
3.000092 114 4 4
3.000092 115 3 3
3.000092 117 4 4
3.000092 118 4 4
3.000092 119 4 4
3.000092 120 4 4
3.000092 121 5 5
3.000092 122 4 4
3.000092 123 4 4
3.000092 124 4 4
3.000092 125 3 3
3.000092 126 4 4
3.000092 127 4 4
3.000092 128 3 3
3.000092 129 4 4
3.000092 130 4 4
3.000092 131 4 4
3.000092 132 3 3
3.000092 133 4 4
3.000092 134 4 4
3.000092 135 4 4
3.000092 136 3 3
3.000092 137 4 4
3.000092 138 4 4
3.000092 139 4 4
3.000092 140 4 4
3.000092 141 3 3
3.000092 142 4 4
3.000092 145 4 4
3.000092 146 4 4
3.000092 147 5 5
3.000092 148 4 4
3.000092 149 4 4
3.000092 150 3 3
3.000092 151 4 4
3.000092 152 4 4
3.000092 155 4 4
3.000092 156 4 4
3.000092 157 4 4
3.000092 158 4 4
3.000092 159 4 4
3.000092 160 4 4
3.000092 161 4 4
3.000092 162 4 4
3.000092 163 4 4
3.000092 164 3 3
3.000092 165 4 4
3.000092 166 4 4
3.000092 167 4 4
3.000092 168 5 5
3.000092 169 4 4
3.000092 170 4 4
3.000092 171 4 4
3.000092 172 3 3
3.000092 173 4 4
3.000092 174 3 3
3.000092 175 3 3
3.000092 176 4 4
3.000092 177 4 4
3.000092 178 4 4
3.000092 180 4 4
3.000092 181 4 4
3.000092 183 4 4
3.000092 184 3 3
3.000092 185 4 4
3.000092 187 4 4
3.000092 188 4 4
3.000092 189 4 4
3.000092 190 4 4
3.000092 191 4 4
3.000092 192 3 3
3.000092 193 3 3
3.000092 194 4 4
3.000092 196 4 4
3.000092 197 3 3
3.000092 199 4 4
3.000092 201 4 4
3.000092 202 4 4
3.000092 203 4 4
3.000092 204 4 4
3.000092 205 4 4
3.000092 206 3 3
3.000092 207 4 4
3.000092 208 4 4
3.000092 209 4 4
3.000092 210 4 4
3.000092 211 4 4
3.000092 212 4 4
3.000092 213 4 4
3.000092 214 4 4
3.000092 215 4 4
3.000092 216 4 4
3.000092 217 4 4
3.000092 218 4 4
3.000092 219 5 5
4.000122 0 5 5
4.000122 1 6 6
4.000122 2 4 4
4.000122 3 6 6
4.000122 4 4 4
4.000122 5 6 6
4.000122 6 6 6
4.000122 7 5 5
4.000122 8 6 6
4.000122 9 6 6
4.000122 10 6 6
4.000122 11 2 2
4.000122 13 6 6
4.000122 14 6 6
4.000122 15 5 5
4.000122 16 8 8
4.000122 17 6 6
4.000122 18 6 6
4.000122 19 7 7
4.000122 20 7 7
4.000122 21 8 8
4.000122 22 7 7
4.000122 23 7 7
4.000122 24 6 6
4.000122 25 4 4
4.000122 26 5 5
4.000122 27 7 7
4.000122 28 6 6
4.000122 29 2 2
4.000122 30 4 4
4.000122 31 7 7
4.000122 32 5 5
4.000122 33 5 5
4.000122 35 4 4
4.000122 36 7 7
4.000122 37 5 5
4.000122 38 6 6
4.000122 39 5 5
4.000122 40 6 6
4.000122 41 6 6
4.000122 42 7 7
4.000122 43 7 7
4.000122 44 6 6
4.000122 45 5 5
4.000122 46 5 5
4.000122 47 5 5
4.000122 48 3 3
4.000122 50 5 5
4.000122 52 6 6
4.000122 53 8 8
4.000122 54 4 4
4.000122 55 6 6
4.000122 56 7 7
4.000122 57 6 6
4.000122 59 5 5
4.000122 60 7 7
4.000122 61 5 5
4.000122 64 6 6
4.000122 65 7 7
4.000122 66 5 5
4.000122 67 6 6
4.000122 68 5 5
4.000122 69 8 8
4.000122 70 8 8
4.000122 71 6 6
4.000122 72 8 8
4.000122 73 7 7
4.000122 74 7 7
4.000122 76 7 7
4.000122 77 6 6
4.000122 78 5 5
4.000122 79 6 6
4.000122 80 7 7
4.000122 81 4 4
4.000122 82 6 6
4.000122 83 6 6
4.000122 84 7 7
4.000122 85 6 6
4.000122 86 8 8
4.000122 87 6 6
4.000122 88 5 5
4.000122 89 7 7
4.000122 90 5 5
4.000122 91 7 7
4.000122 92 8 8
4.000122 93 8 8
4.000122 94 7 7
4.000122 95 6 6
4.000122 96 8 8
4.000122 97 9 9
4.000122 98 6 6
4.000122 99 5 5
4.000122 100 6 6
4.000122 101 5 5
4.000122 102 6 6
4.000122 103 7 7
4.000122 104 6 6
4.000122 105 8 8
4.000122 106 5 5
4.000122 107 7 7
4.000122 108 8 8
4.000122 109 6 6
4.000122 110 6 6
4.000122 111 7 7
4.000122 112 7 7
4.000122 113 4 4
4.000122 114 5 5
4.000122 115 4 4
4.000122 117 5 5
4.000122 118 7 7
4.000122 119 4 4
4.000122 120 5 5
4.000122 121 7 7
4.000122 122 5 5
4.000122 123 6 6
4.000122 124 8 8
4.000122 125 3 3
4.000122 126 7 7
4.000122 127 6 6
4.000122 128 4 4
4.000122 129 5 5
4.000122 130 7 7
4.000122 131 8 8
4.000122 132 5 5
4.000122 133 8 8
4.000122 134 7 7
4.000122 135 5 5
4.000122 136 6 6
4.000122 137 5 5
4.000122 138 8 8
4.000122 139 6 6
4.000122 140 7 7
4.000122 141 6 6
4.000122 142 6 6
4.000122 145 5 5
4.000122 146 4 4
4.000122 147 9 9
4.000122 148 6 6
4.000122 149 7 7
4.000122 150 5 5
4.000122 151 6 6
4.000122 152 6 6
4.000122 155 7 7
4.000122 156 7 7
4.000122 157 5 5
4.000122 158 6 6
4.000122 159 6 6
4.000122 160 8 8
4.000122 161 7 7
4.000122 162 5 5
4.000122 163 6 6
4.000122 164 4 4
4.000122 165 7 7
4.000122 166 4 4
4.000122 167 6 6
4.000122 168 9 9
4.000122 169 6 6
4.000122 170 6 6
4.000122 171 6 6
4.000122 172 6 6
4.000122 173 7 7
4.000122 174 6 6
4.000122 175 4 4
4.000122 176 4 4
4.000122 177 8 8
4.000122 178 7 7
4.000122 180 8 8
4.000122 181 5 5
4.000122 183 6 6
4.000122 184 4 4
4.000122 185 8 8
4.000122 187 8 8
4.000122 188 7 7
4.000122 189 6 6
4.000122 190 7 7
4.000122 191 6 6
4.000122 192 6 6
4.000122 193 4 4
4.000122 194 7 7
4.000122 196 8 8
4.000122 197 5 5
4.000122 199 5 5
4.000122 201 8 8
4.000122 202 7 7
4.000122 203 6 6
4.000122 204 6 6
4.000122 205 7 7
4.000122 206 4 4
4.000122 207 5 5
4.000122 208 7 7
4.000122 209 8 8
4.000122 210 8 8
4.000122 211 5 5
4.000122 212 8 8
4.000122 213 6 6
4.000122 214 5 5
4.000122 215 5 5
4.000122 216 6 6
4.000122 217 7 7
4.000122 218 7 7
4.000122 219 8 8
5.000153 0 8 8
5.000153 1 12 12
5.000153 2 8 8
5.000153 3 8 8
5.000153 4 8 8
5.000153 5 9 9
5.000153 6 10 10
5.000153 7 9 9
5.000153 8 8 8
5.000153 9 9 9
5.000153 10 10 10
5.000153 11 4 4
5.000153 13 11 11
5.000153 14 9 9
5.000153 15 9 9
5.000153 16 9 9
5.000153 17 9 9
5.000153 18 10 10
5.000153 19 11 11
5.000153 20 11 11
5.000153 21 12 12
5.000153 22 10 10
5.000153 23 10 10
5.000153 24 10 10
5.000153 25 8 8
5.000153 26 8 8
5.000153 27 9 9
5.000153 28 7 7
5.000153 29 3 3
5.000153 30 8 8
5.000153 31 10 10
5.000153 32 7 7
5.000153 33 8 8
5.000153 35 8 8
5.000153 36 10 10
5.000153 37 8 8
5.000153 38 8 8
5.000153 39 10 10
5.000153 40 8 8
5.000153 41 11 11
5.000153 42 10 10
5.000153 43 10 10
5.000153 44 10 10
5.000153 45 8 8
5.000153 46 8 8
5.000153 47 8 8
5.000153 48 3 3
5.000153 50 8 8
5.000153 52 8 8
5.000153 53 10 10
5.000153 54 8 8
5.000153 55 11 11
5.000153 56 13 13
5.000153 57 11 11
5.000153 59 8 8
5.000153 60 10 10
5.000153 61 9 9
5.000153 64 8 8
5.000153 65 8 8
5.000153 66 9 9
5.000153 67 11 11
5.000153 68 9 9
5.000153 69 11 11
5.000153 70 11 11
5.000153 71 8 8
5.000153 72 12 12
5.000153 73 12 12
5.000153 74 8 8
5.000153 76 8 8
5.000153 77 9 9
5.000153 78 8 8
5.000153 79 9 9
5.000153 80 11 11
5.000153 81 8 8
5.000153 82 9 9
5.000153 83 11 11
5.000153 84 10 10
5.000153 85 8 8
5.000153 86 12 12
5.000153 87 8 8
5.000153 88 10 10
5.000153 89 8 8
5.000153 90 9 9
5.000153 91 9 9
5.000153 92 10 10
5.000153 93 11 11
5.000153 94 11 11
5.000153 95 9 9
5.000153 96 13 13
5.000153 97 9 9
5.000153 98 8 8
5.000153 99 8 8
5.000153 100 9 9
5.000153 101 8 8
5.000153 102 8 8
5.000153 103 11 11
5.000153 104 8 8
5.000153 105 9 9
5.000153 106 8 8
5.000153 107 10 10
5.000153 108 10 10
5.000153 109 11 11
5.000153 110 10 10
5.000153 111 8 8
5.000153 112 9 9
5.000153 113 7 7
5.000153 114 8 8
5.000153 115 8 8
5.000153 117 8 8
5.000153 118 9 9
5.000153 119 8 8
5.000153 120 8 8
5.000153 121 11 11
5.000153 122 8 8
5.000153 123 8 8
5.000153 124 13 13
5.000153 125 4 4
5.000153 126 9 9
5.000153 127 8 8
5.000153 128 8 8
5.000153 129 8 8
5.000153 130 9 9
5.000153 131 11 11
5.000153 132 8 8
5.000153 133 9 9
5.000153 134 10 10
5.000153 135 8 8
5.000153 136 9 9
5.000153 137 9 9
5.000153 138 9 9
5.000153 139 9 9
5.000153 140 9 9
5.000153 141 8 8
5.000153 142 8 8
5.000153 145 9 9
5.000153 146 8 8
5.000153 147 14 14
5.000153 148 8 8
5.000153 149 8 8
5.000153 150 8 8
5.000153 151 9 9
5.000153 152 9 9
5.000153 155 8 8
5.000153 156 9 9
5.000153 157 9 9
5.000153 158 8 8
5.000153 159 8 8
5.000153 160 11 11
5.000153 161 10 10
5.000153 162 9 9
5.000153 163 9 9
5.000153 164 8 8
5.000153 165 8 8
5.000153 166 8 8
5.000153 167 9 9
5.000153 168 12 12
5.000153 169 10 10
5.000153 170 9 9
5.000153 171 8 8
5.000153 172 10 10
5.000153 173 11 11
5.000153 174 9 9
5.000153 175 8 8
5.000153 176 8 8
5.000153 177 8 8
5.000153 178 8 8
5.000153 180 14 14
5.000153 181 8 8
5.000153 183 9 9
5.000153 184 8 8
5.000153 185 9 9
5.000153 187 11 11
5.000153 188 10 10
5.000153 189 11 11
5.000153 190 12 12
5.000153 191 8 8
5.000153 192 8 8
5.000153 193 8 8
5.000153 194 8 8
5.000153 196 9 9
5.000153 197 7 7
5.000153 199 8 8
5.000153 201 11 11
5.000153 202 9 9
5.000153 203 11 11
5.000153 204 9 9
5.000153 205 8 8
5.000153 206 8 8
5.000153 207 7 7
5.000153 208 11 11
5.000153 209 8 8
5.000153 210 13 13
5.000153 211 9 9
5.000153 212 9 9
5.000153 213 9 9
5.000153 214 8 8
5.000153 215 9 9
5.000153 216 8 8
5.000153 217 9 9
5.000153 218 9 9
5.000153 219 11 11
6.000183 0 15 15
6.000183 1 16 16
6.000183 2 14 14
6.000183 3 15 15
6.000183 4 13 13
6.000183 5 15 15
6.000183 6 17 17
6.000183 7 14 14
6.000183 8 14 14
6.000183 9 14 14
6.000183 10 15 15
6.000183 11 7 7
6.000183 13 16 16
6.000183 14 14 14
6.000183 15 14 14
6.000183 16 17 17
6.000183 17 15 15
6.000183 18 16 16
6.000183 19 18 18
6.000183 20 17 17
6.000183 21 18 18
6.000183 22 18 18
6.000183 23 19 19
6.000183 24 18 18
6.000183 25 15 15
6.000183 26 13 13
6.000183 27 16 16
6.000183 28 13 13
6.000183 29 4 4
6.000183 30 14 14
6.000183 31 16 16
6.000183 32 13 13
6.000183 33 14 14
6.000183 35 12 12
6.000183 36 18 18
6.000183 37 14 14
6.000183 38 14 14
6.000183 39 14 14
6.000183 40 13 13
6.000183 41 18 18
6.000183 42 16 16
6.000183 43 16 16
6.000183 44 18 18
6.000183 45 15 15
6.000183 46 15 15
6.000183 47 15 15
6.000183 48 6 6
6.000183 50 15 15
6.000183 52 15 15
6.000183 53 17 17
6.000183 54 13 13
6.000183 55 15 15
6.000183 56 20 20
6.000183 57 18 18
6.000183 59 16 16
6.000183 60 16 16
6.000183 61 15 15
6.000183 64 15 15
6.000183 65 15 15
6.000183 66 14 14
6.000183 67 19 19
6.000183 68 12 12
6.000183 69 18 18
6.000183 70 17 17
6.000183 71 16 16
6.000183 72 19 19
6.000183 73 19 19
6.000183 74 14 14
6.000183 76 15 15
6.000183 77 16 16
6.000183 78 15 15
6.000183 79 16 16
6.000183 80 17 17
6.000183 81 11 11
6.000183 82 14 14
6.000183 83 17 17
6.000183 84 16 16
6.000183 85 13 13
6.000183 86 18 18
6.000183 87 14 14
6.000183 88 15 15
6.000183 89 16 16
6.000183 90 17 17
6.000183 91 18 18
6.000183 92 15 15
6.000183 93 18 18
6.000183 94 19 19
6.000183 95 14 14
6.000183 96 18 18
6.000183 97 18 18
6.000183 98 10 10
6.000183 99 14 14
6.000183 100 14 14
6.000183 101 12 12
6.000183 102 15 15
6.000183 103 18 18
6.000183 104 16 16
6.000183 105 16 16
6.000183 106 15 15
6.000183 107 16 16
6.000183 108 17 17
6.000183 109 16 16
6.000183 110 15 15
6.000183 111 16 16
6.000183 112 16 16
6.000183 113 12 12
6.000183 114 16 16
6.000183 115 12 12
6.000183 117 14 14
6.000183 118 17 17
6.000183 119 15 15
6.000183 120 15 15
6.000183 121 18 18
6.000183 122 16 16
6.000183 123 16 16
6.000183 124 17 17
6.000183 125 5 5
6.000183 126 17 17
6.000183 127 12 12
6.000183 128 8 8
6.000183 129 15 15
6.000183 130 15 15
6.000183 131 17 17
6.000183 132 13 13
6.000183 133 16 16
6.000183 134 16 16
6.000183 135 13 13
6.000183 136 14 14
6.000183 137 16 16
6.000183 138 16 16
6.000183 139 16 16
6.000183 140 16 16
6.000183 141 15 15
6.000183 142 15 15
6.000183 145 16 16
6.000183 146 12 12
6.000183 147 21 21
6.000183 148 14 14
6.000183 149 16 16
6.000183 150 14 14
6.000183 151 15 15
6.000183 152 16 16
6.000183 155 16 16
6.000183 156 16 16
6.000183 157 15 15
6.000183 158 15 15
6.000183 159 16 16
6.000183 160 16 16
6.000183 161 16 16
6.000183 162 15 15
6.000183 163 16 16
6.000183 164 13 13
6.000183 165 16 16
6.000183 166 13 13
6.000183 167 16 16
6.000183 168 19 19
6.000183 169 19 19
6.000183 170 15 15
6.000183 171 15 15
6.000183 172 14 14
6.000183 173 15 15
6.000183 174 13 13
6.000183 175 11 11
6.000183 176 15 15
6.000183 177 16 16
6.000183 178 16 16
6.000183 180 22 22
6.000183 181 16 16
6.000183 183 16 16
6.000183 184 10 10
6.000183 185 16 16
6.000183 187 17 17
6.000183 188 16 16
6.000183 189 18 18
6.000183 190 18 18
6.000183 191 12 12
6.000183 192 15 15
6.000183 193 10 10
6.000183 194 15 15
6.000183 196 16 16
6.000183 197 11 11
6.000183 199 15 15
6.000183 201 18 18
6.000183 202 16 16
6.000183 203 18 18
6.000183 204 13 13
6.000183 205 16 16
6.000183 206 15 15
6.000183 207 11 11
6.000183 208 16 16
6.000183 209 16 16
6.000183 210 17 17
6.000183 211 15 15
6.000183 212 17 17
6.000183 213 16 16
6.000183 214 16 16
6.000183 215 16 16
6.000183 216 14 14
6.000183 217 16 16
6.000183 218 15 15
6.000183 219 18 18
7.000214 0 23 23
7.000214 1 25 25
7.000214 2 20 20
7.000214 3 24 24
7.000214 4 18 18
7.000214 5 24 24
7.000214 6 28 28
7.000214 7 22 22
7.000214 8 22 22
7.000214 9 26 26
7.000214 10 24 24
7.000214 11 5 5
7.000214 13 25 25
7.000214 14 25 25
7.000214 15 17 17
7.000214 16 30 30
7.000214 17 22 22
7.000214 18 25 25
7.000214 19 32 32
7.000214 20 30 30
7.000214 21 29 29
7.000214 22 29 29
7.000214 23 29 29
7.000214 24 25 25
7.000214 25 16 16
7.000214 26 21 21
7.000214 27 25 25
7.000214 28 23 23
7.000214 29 3 3
7.000214 30 18 18
7.000214 31 26 26
7.000214 32 20 20
7.000214 33 22 22
7.000214 35 18 18
7.000214 36 30 30
7.000214 37 22 22
7.000214 38 24 24
7.000214 39 24 24
7.000214 40 24 24
7.000214 41 26 26
7.000214 42 26 26
7.000214 43 26 26
7.000214 44 26 26
7.000214 45 24 24
7.000214 46 19 19
7.000214 47 23 23
7.000214 48 5 5
7.000214 50 23 23
7.000214 52 24 24
7.000214 53 28 28
7.000214 54 18 18
7.000214 55 28 28
7.000214 56 32 32
7.000214 57 27 27
7.000214 59 26 26
7.000214 60 25 25
7.000214 61 23 23
7.000214 64 23 23
7.000214 65 23 23
7.000214 66 21 21
7.000214 67 27 27
7.000214 68 20 20
7.000214 69 34 34
7.000214 70 28 28
7.000214 71 26 26
7.000214 72 29 29
7.000214 73 29 29
7.000214 74 23 23
7.000214 76 26 26
7.000214 77 21 21
7.000214 78 22 22
7.000214 79 26 26
7.000214 80 28 28
7.000214 81 18 18
7.000214 82 21 21
7.000214 83 26 26
7.000214 84 27 27
7.000214 85 23 23
7.000214 86 30 30
7.000214 87 21 21
7.000214 88 23 23
7.000214 89 24 24
7.000214 90 25 25
7.000214 91 29 29
7.000214 92 11 11
7.000214 93 31 31
7.000214 94 26 26
7.000214 95 22 22
7.000214 96 30 30
7.000214 97 31 31
7.000214 98 14 14
7.000214 99 22 22
7.000214 100 25 25
7.000214 101 24 24
7.000214 102 22 22
7.000214 103 31 31
7.000214 104 25 25
7.000214 105 27 27
7.000214 106 22 22
7.000214 107 27 27
7.000214 108 32 32
7.000214 109 26 26
7.000214 110 26 26
7.000214 111 27 27
7.000214 112 24 24
7.000214 113 15 15
7.000214 114 22 22
7.000214 115 19 19
7.000214 117 19 19
7.000214 118 27 27
7.000214 119 20 20
7.000214 120 21 21
7.000214 121 30 30
7.000214 122 23 23
7.000214 123 26 26
7.000214 124 33 33
7.000214 125 3 3
7.000214 126 28 28
7.000214 127 20 20
7.000214 128 16 16
7.000214 129 26 26
7.000214 130 22 22
7.000214 131 31 31
7.000214 132 18 18
7.000214 133 19 19
7.000214 134 27 27
7.000214 135 23 23
7.000214 136 25 25
7.000214 137 23 23
7.000214 138 28 28
7.000214 139 22 22
7.000214 140 20 20
7.000214 141 25 25
7.000214 142 23 23
7.000214 145 24 24
7.000214 146 20 20
7.000214 147 34 34
7.000214 148 23 23
7.000214 149 26 26
7.000214 150 19 19
7.000214 151 25 25
7.000214 152 23 23
7.000214 155 26 26
7.000214 156 17 17
7.000214 157 22 22
7.000214 158 23 23
7.000214 159 26 26
7.000214 160 25 25
7.000214 161 30 30
7.000214 162 23 23
7.000214 163 23 23
7.000214 164 19 19
7.000214 165 26 26
7.000214 166 17 17
7.000214 167 25 25
7.000214 168 28 28
7.000214 169 25 25
7.000214 170 25 25
7.000214 171 22 22
7.000214 172 26 26
7.000214 173 27 27
7.000214 174 21 21
7.000214 175 17 17
7.000214 176 21 21
7.000214 177 25 25
7.000214 178 23 23
7.000214 180 33 33
7.000214 181 23 23
7.000214 183 24 24
7.000214 184 16 16
7.000214 185 21 21
7.000214 187 29 29
7.000214 188 26 26
7.000214 189 27 27
7.000214 190 30 30
7.000214 191 19 19
7.000214 192 21 21
7.000214 193 17 17
7.000214 194 28 28
7.000214 196 30 30
7.000214 197 17 17
7.000214 199 23 23
7.000214 201 27 27
7.000214 202 24 24
7.000214 203 27 27
7.000214 204 9 9
7.000214 205 28 28
7.000214 206 21 21
7.000214 207 13 13
7.000214 208 27 27
7.000214 209 29 29
7.000214 210 32 32
7.000214 211 21 21
7.000214 212 29 29
7.000214 213 22 22
7.000214 214 20 20
7.000214 215 23 23
7.000214 216 23 23
7.000214 217 27 27
7.000214 218 29 29
7.000214 219 28 28
8.000244 2 31 31
8.000244 3 3 3
8.000244 4 30 30
8.000244 6 39 39
8.000244 7 34 34
8.000244 8 35 35
8.000244 9 43 43
8.000244 10 40 40
8.000244 13 38 38
8.000244 14 30 30
8.000244 15 33 33
8.000244 16 44 44
8.000244 17 20 20
8.000244 18 38 38
8.000244 19 49 49
8.000244 20 44 44
8.000244 22 45 45
8.000244 23 40 40
8.000244 24 41 41
8.000244 25 32 32
8.000244 27 40 40
8.000244 28 34 34
8.000244 30 32 32
8.000244 31 37 37
8.000244 32 32 32
8.000244 33 33 33
8.000244 35 7 7
8.000244 36 41 41
8.000244 37 33 33
8.000244 38 37 37
8.000244 39 38 38
8.000244 40 36 36
8.000244 44 37 37
8.000244 45 35 35
8.000244 46 35 35
8.000244 47 34 34
8.000244 50 37 37
8.000244 52 1 1
8.000244 53 43 43
8.000244 55 47 47
8.000244 56 3 3
8.000244 59 37 37
8.000244 61 41 41
8.000244 64 32 32
8.000244 65 37 37
8.000244 67 43 43
8.000244 68 9 9
8.000244 69 46 46
8.000244 70 43 43
8.000244 71 37 37
8.000244 72 45 45
8.000244 73 49 49
8.000244 76 36 36
8.000244 77 35 35
8.000244 78 7 7
8.000244 79 39 39
8.000244 80 46 46
8.000244 81 29 29
8.000244 82 34 34
8.000244 83 20 20
8.000244 84 42 42
8.000244 85 33 33
8.000244 86 44 44
8.000244 87 33 33
8.000244 88 38 38
8.000244 90 36 36
8.000244 91 5 5
8.000244 93 42 42
8.000244 94 46 46
8.000244 95 35 35
8.000244 96 46 46
8.000244 97 45 45
8.000244 99 36 36
8.000244 100 34 34
8.000244 101 31 31
8.000244 103 45 45
8.000244 104 36 36
8.000244 105 38 38
8.000244 106 36 36
8.000244 107 42 42
8.000244 108 44 44
8.000244 109 35 35
8.000244 111 38 38
8.000244 112 39 39
8.000244 113 27 27
8.000244 114 34 34
8.000244 115 31 31
8.000244 117 34 34
8.000244 118 37 37
8.000244 119 33 33
8.000244 121 50 50
8.000244 122 39 39
8.000244 123 34 34
8.000244 124 43 43
8.000244 127 36 36
8.000244 128 2 2
8.000244 130 38 38
8.000244 131 43 43
8.000244 132 30 30
8.000244 135 33 33
8.000244 136 36 36
8.000244 137 38 38
8.000244 138 45 45
8.000244 139 36 36
8.000244 141 36 36
8.000244 142 35 35
8.000244 145 38 38
8.000244 146 32 32
8.000244 147 54 54
8.000244 148 32 32
8.000244 149 41 41
8.000244 150 32 32
8.000244 151 23 23
8.000244 157 35 35
8.000244 158 34 34
8.000244 159 36 36
8.000244 161 43 43
8.000244 162 5 5
8.000244 163 36 36
8.000244 164 11 11
8.000244 165 33 33
8.000244 166 32 32
8.000244 167 38 38
8.000244 168 46 46
8.000244 169 26 26
8.000244 170 38 38
8.000244 172 40 40
8.000244 173 45 45
8.000244 174 35 35
8.000244 176 33 33
8.000244 177 36 36
8.000244 178 37 37
8.000244 180 53 53
8.000244 181 35 35
8.000244 183 34 34
8.000244 184 28 28
8.000244 189 39 39
8.000244 190 47 47
8.000244 191 30 30
8.000244 192 31 31
8.000244 193 28 28
8.000244 194 38 38
8.000244 196 40 40
8.000244 197 28 28
8.000244 199 38 38
8.000244 201 41 41
8.000244 202 38 38
8.000244 208 48 48
8.000244 209 38 38
8.000244 210 52 52
8.000244 211 35 35
8.000244 212 46 46
8.000244 213 35 35
8.000244 214 10 10
8.000244 215 38 38
8.000244 216 35 35
8.000244 217 39 39
8.000244 218 45 45
8.000244 219 46 46
9.000275 9 65 65
9.000275 10 64 64
9.000275 13 68 68
9.000275 15 55 55
9.000275 16 38 38
9.000275 19 80 80
9.000275 22 70 70
9.000275 23 2 2
9.000275 24 64 64
9.000275 25 35 35
9.000275 27 59 59
9.000275 28 58 58
9.000275 31 65 65
9.000275 32 50 50
9.000275 33 60 60
9.000275 37 52 52
9.000275 39 54 54
9.000275 44 65 65
9.000275 45 60 60
9.000275 46 51 51
9.000275 47 5 5
9.000275 59 8 8
9.000275 61 15 15
9.000275 64 60 60
9.000275 67 64 64
9.000275 69 77 77
9.000275 70 71 71
9.000275 72 75 75
9.000275 73 78 78
9.000275 76 58 58
9.000275 77 63 63
9.000275 79 62 62
9.000275 80 3 3
9.000275 81 49 49
9.000275 82 53 53
9.000275 84 23 23
9.000275 85 60 60
9.000275 86 76 76
9.000275 88 54 54
9.000275 93 74 74
9.000275 95 57 57
9.000275 97 70 70
9.000275 99 58 58
9.000275 101 50 50
9.000275 103 70 70
9.000275 104 60 60
9.000275 106 58 58
9.000275 107 66 66
9.000275 108 56 56
9.000275 111 69 69
9.000275 112 66 66
9.000275 114 61 61
9.000275 115 47 47
9.000275 117 55 55
9.000275 118 67 67
9.000275 119 59 59
9.000275 121 81 81
9.000275 122 63 63
9.000275 123 61 61
9.000275 130 35 35
9.000275 132 50 50
9.000275 135 55 55
9.000275 136 59 59
9.000275 137 35 35
9.000275 138 69 69
9.000275 142 61 61
9.000275 145 61 61
9.000275 146 43 43
9.000275 147 84 84
9.000275 148 21 21
9.000275 150 51 51
9.000275 157 62 62
9.000275 158 48 48
9.000275 159 63 63
9.000275 161 69 69
9.000275 168 52 52
9.000275 170 61 61
9.000275 172 27 27
9.000275 173 72 72
9.000275 174 52 52
9.000275 176 56 56
9.000275 177 61 61
9.000275 178 58 58
9.000275 181 36 36
9.000275 183 64 64
9.000275 184 43 43
9.000275 189 66 66
9.000275 190 75 75
9.000275 191 52 52
9.000275 192 55 55
9.000275 193 45 45
9.000275 196 66 66
9.000275 197 45 45
9.000275 199 58 58
9.000275 201 66 66
9.000275 202 62 62
9.000275 208 68 68
9.000275 209 64 64
9.000275 210 85 85
9.000275 211 59 59
9.000275 212 68 68
9.000275 213 59 59
9.000275 215 64 64
9.000275 217 65 65
9.000275 219 75 75
10.000305 13 106 106
10.000305 15 82 82
10.000305 19 127 127
10.000305 22 118 118
10.000305 24 10 10
10.000305 27 101 101
10.000305 28 89 89
10.000305 31 105 105
10.000305 32 81 81
10.000305 33 89 89
10.000305 37 6 6
10.000305 45 94 94
10.000305 64 87 87
10.000305 69 123 123
10.000305 70 113 113
10.000305 72 53 53
10.000305 73 117 117
10.000305 76 96 96
10.000305 77 87 87
10.000305 79 107 107
10.000305 81 77 77
10.000305 82 80 80
10.000305 85 85 85
10.000305 86 121 121
10.000305 88 13 13
10.000305 93 117 117
10.000305 95 91 91
10.000305 97 33 33
10.000305 99 4 4
10.000305 101 33 33
10.000305 103 13 13
10.000305 104 4 4
10.000305 106 37 37
10.000305 107 111 111
10.000305 111 51 51
10.000305 112 2 2
10.000305 114 97 97
10.000305 115 42 42
10.000305 117 79 79
10.000305 118 101 101
10.000305 119 87 87
10.000305 121 41 41
10.000305 123 79 79
10.000305 132 71 71
10.000305 135 30 30
10.000305 136 81 81
10.000305 138 18 18
10.000305 142 92 92
10.000305 145 95 95
10.000305 146 37 37
10.000305 147 137 137
10.000305 157 95 95
10.000305 159 98 98
10.000305 161 114 114
10.000305 170 97 97
10.000305 173 112 112
10.000305 174 48 48
10.000305 176 83 83
10.000305 178 92 92
10.000305 183 102 102
10.000305 184 71 71
10.000305 189 101 101
10.000305 190 115 115
10.000305 191 26 26
10.000305 192 80 80
10.000305 193 2 2
10.000305 196 13 13
10.000305 197 65 65
10.000305 199 99 99
10.000305 201 92 92
10.000305 202 98 98
10.000305 208 110 110
10.000305 209 108 108
10.000305 210 130 130
10.000305 215 103 103
10.000305 217 103 103
10.000305 219 71 71
11.000336 13 154 154
11.000336 15 133 133
11.000336 19 208 208
11.000336 22 184 184
11.000336 27 160 160
11.000336 28 136 136
11.000336 31 158 158
11.000336 32 47 47
11.000336 33 111 111
11.000336 45 69 69
11.000336 64 109 109
11.000336 69 199 199
11.000336 70 175 175
11.000336 73 195 195
11.000336 76 88 88
11.000336 77 144 144
11.000336 79 169 169
11.000336 82 135 135
11.000336 85 111 111
11.000336 86 186 186
11.000336 93 144 144
11.000336 95 61 61
11.000336 107 119 119
11.000336 117 74 74
11.000336 118 123 123
11.000336 119 82 82
11.000336 142 140 140
11.000336 147 223 223
11.000336 157 129 129
11.000336 159 11 11
11.000336 161 1 1
11.000336 170 151 151
11.000336 173 185 185
11.000336 176 129 129
11.000336 178 119 119
11.000336 183 65 65
11.000336 184 74 74
11.000336 189 147 147
11.000336 190 17 17
11.000336 192 128 128
11.000336 197 115 115
11.000336 199 9 9
11.000336 201 12 12
11.000336 202 161 161
11.000336 208 189 189
11.000336 209 166 166
11.000336 210 211 211
11.000336 215 81 81
12.000366 13 70 70
12.000366 15 216 216
12.000366 19 316 316
12.000366 22 269 269
12.000366 27 253 253
12.000366 28 217 217
12.000366 31 83 83
12.000366 32 3 3
12.000366 33 10 10
12.000366 45 1 1
12.000366 69 294 294
12.000366 70 149 149
12.000366 73 144 144
12.000366 77 224 224
12.000366 79 254 254
12.000366 82 211 211
12.000366 85 7 7
12.000366 86 305 305
12.000366 93 131 131
12.000366 95 7 7
12.000366 107 1 1
12.000366 117 45 45
12.000366 118 63 63
12.000366 142 170 170
12.000366 147 253 253
12.000366 157 136 136
12.000366 170 210 210
12.000366 173 256 256
12.000366 176 194 194
12.000366 178 48 48
12.000366 189 83 83
12.000366 192 218 218
12.000366 197 166 166
12.000366 202 255 255
12.000366 208 236 236
12.000366 209 266 266
12.000366 210 193 193
12.000366 215 38 38
13.000397 15 290 290
13.000397 19 511 511
13.000397 22 246 246
13.000397 27 383 383
13.000397 28 345 345
13.000397 31 29 29
13.000397 69 364 364
13.000397 70 66 66
13.000397 73 93 93
13.000397 77 147 147
13.000397 79 309 309
13.000397 82 338 338
13.000397 86 454 454
13.000397 93 96 96
13.000397 118 13 13
13.000397 142 100 100
13.000397 147 163 163
13.000397 157 63 63
13.000397 170 205 205
13.000397 173 172 172
13.000397 176 155 155
13.000397 189 8 8
13.000397 192 322 322
13.000397 197 86 86
13.000397 202 408 408
13.000397 208 137 137
13.000397 209 429 429
13.000397 210 38 38
13.000397 215 12 12
14.000427 15 364 364
14.000427 19 611 611
14.000427 22 196 196
14.000427 27 335 335
14.000427 28 489 489
14.000427 31 14 14
14.000427 69 378 378
14.000427 70 45 45
14.000427 73 96 96
14.000427 77 66 66
14.000427 79 353 353
14.000427 82 479 479
14.000427 86 484 484
14.000427 142 16 16
14.000427 147 50 50
14.000427 170 182 182
14.000427 173 150 150
14.000427 176 184 184
14.000427 192 387 387
14.000427 197 9 9
14.000427 202 550 550
14.000427 208 17 17
14.000427 209 552 552
15.000458 15 388 388
15.000458 19 702 702
15.000458 22 189 189
15.000458 27 262 262
15.000458 28 639 639
15.000458 69 380 380
15.000458 70 47 47
15.000458 73 101 101
15.000458 77 20 20
15.000458 79 245 245
15.000458 82 517 517
15.000458 86 495 495
15.000458 142 12 12
15.000458 147 3 3
15.000458 170 166 166
15.000458 173 53 53
15.000458 176 247 247
15.000458 192 406 406
15.000458 202 606 606
15.000458 209 525 525
16.000488 15 363 363
16.000488 19 678 678
16.000488 22 170 170
16.000488 27 261 261
16.000488 28 780 780
16.000488 69 441 441
16.000488 70 52 52
16.000488 73 105 105
16.000488 77 17 17
16.000488 79 199 199
16.000488 82 597 597
16.000488 86 450 450
16.000488 170 169 169
16.000488 176 267 267
16.000488 192 345 345
16.000488 202 557 557
16.000488 209 537 537
17.000519 15 400 400
17.000519 19 650 650
17.000519 22 179 179
17.000519 27 204 204
17.000519 28 909 909
17.000519 69 425 425
17.000519 70 27 27
17.000519 73 98 98
17.000519 77 4 4
17.000519 79 222 222
17.000519 82 791 791
17.000519 86 334 334
17.000519 170 203 203
17.000519 176 308 308
17.000519 192 192 192
17.000519 202 551 551
17.000519 209 493 493
18.000549 15 307 307
18.000549 19 572 572
18.000549 22 170 170
18.000549 27 170 170
18.000549 28 1019 1019
18.000549 69 451 451
18.000549 73 88 88
18.000549 79 296 296
18.000549 82 897 897
18.000549 86 282 282
18.000549 170 197 197
18.000549 176 359 359
18.000549 192 121 121
18.000549 202 528 528
18.000549 209 573 573
19.000580 15 208 208
19.000580 19 532 532
19.000580 22 80 80
19.000580 27 186 186
19.000580 28 1085 1085
19.000580 69 457 457
19.000580 73 99 99
19.000580 79 300 300
19.000580 82 1013 1013
19.000580 86 286 286
19.000580 170 152 152
19.000580 176 411 411
19.000580 192 107 107
19.000580 202 523 523
19.000580 209 592 592
20.000610 15 184 184
20.000610 19 515 515
20.000610 22 49 49
20.000610 27 113 113
20.000610 28 1212 1212
20.000610 69 482 482
20.000610 73 77 77
20.000610 79 234 234
20.000610 82 1215 1215
20.000610 86 279 279
20.000610 170 73 73
20.000610 176 448 448
20.000610 192 102 102
20.000610 202 391 391
20.000610 209 634 634
21.000641 15 109 109
21.000641 19 593 593
21.000641 22 57 57
21.000641 27 78 78
21.000641 28 1313 1313
21.000641 69 433 433
21.000641 73 53 53
21.000641 79 216 216
21.000641 82 1387 1387
21.000641 86 217 217
21.000641 170 6 6
21.000641 176 445 445
21.000641 192 112 112
21.000641 202 324 324
21.000641 209 675 675
22.000671 15 121 121
22.000671 19 647 647
22.000671 22 60 60
22.000671 27 68 68
22.000671 28 1292 1292
22.000671 69 373 373
22.000671 73 49 49
22.000671 79 252 252
22.000671 82 1610 1610
22.000671 86 160 160
22.000671 176 456 456
22.000671 192 108 108
22.000671 202 233 233
22.000671 209 610 610
23.000702 15 113 113
23.000702 19 697 697
23.000702 22 65 65
23.000702 27 55 55
23.000702 28 1335 1335
23.000702 69 302 302
23.000702 73 43 43
23.000702 79 312 312
23.000702 82 1707 1707
23.000702 86 67 67
23.000702 176 451 451
23.000702 192 108 108
23.000702 202 204 204
23.000702 209 555 555
24.000732 15 97 97
24.000732 19 779 779
24.000732 22 18 18
24.000732 27 35 35
24.000732 28 1405 1405
24.000732 69 270 270
24.000732 73 30 30
24.000732 79 281 281
24.000732 82 1789 1789
24.000732 86 8 8
24.000732 176 407 407
24.000732 192 60 60
24.000732 202 215 215
24.000732 209 593 593
25.000763 15 60 60
25.000763 19 874 874
25.000763 27 3 3
25.000763 28 1378 1378
25.000763 69 231 231
25.000763 73 16 16
25.000763 79 292 292
25.000763 82 1795 1795
25.000763 176 413 413
25.000763 192 49 49
25.000763 202 215 215
25.000763 209 692 692
26.000793 15 18 18
26.000793 19 884 884
26.000793 28 1379 1379
26.000793 69 200 200
26.000793 73 3 3
26.000793 79 283 283
26.000793 82 1831 1831
26.000793 176 425 425
26.000793 192 42 42
26.000793 202 198 198
26.000793 209 704 704
27.000824 19 818 818
27.000824 28 1467 1467
27.000824 69 195 195
27.000824 79 327 327
27.000824 82 1892 1892
27.000824 176 414 414
27.000824 192 31 31
27.000824 202 181 181
27.000824 209 714 714
28.000854 19 776 776
28.000854 28 1530 1530
28.000854 69 181 181
28.000854 79 290 290
28.000854 82 2002 2002
28.000854 176 408 408
28.000854 192 5 5
28.000854 202 175 175
28.000854 209 628 628
29.000885 19 805 805
29.000885 28 1535 1535
29.000885 69 207 207
29.000885 79 284 284
29.000885 82 1954 1954
29.000885 176 407 407
29.000885 202 169 169
29.000885 209 611 611
30.000916 19 905 905
30.000916 28 1572 1572
30.000916 69 212 212
30.000916 79 229 229
30.000916 82 1976 1976
30.000916 176 414 414
30.000916 202 192 192
30.000916 209 534 534
31.000946 19 1013 1013
31.000946 28 1483 1483
31.000946 69 213 213
31.000946 79 225 225
31.000946 82 2004 2004
31.000946 176 402 402
31.000946 202 220 220
31.000946 209 458 458
32.000977 19 1205 1205
32.000977 28 1414 1414
32.000977 69 221 221
32.000977 79 124 124
32.000977 82 1959 1959
32.000977 176 363 363
32.000977 202 275 275
32.000977 209 394 394
33.001007 19 1395 1395
33.001007 28 1398 1398
33.001007 69 218 218
33.001007 79 24 24
33.001007 82 1909 1909
33.001007 176 369 369
33.001007 202 293 293
33.001007 209 357 357
34.001038 19 1541 1541
34.001038 28 1490 1490
34.001038 69 142 142
34.001038 82 1862 1862
34.001038 176 337 337
34.001038 202 320 320
34.001038 209 329 329
35.001068 19 1668 1668
35.001068 28 1434 1434
35.001068 69 76 76
35.001068 82 1772 1772
35.001068 176 259 259
35.001068 202 405 405
35.001068 209 349 349
36.001099 19 1699 1699
36.001099 28 1417 1417
36.001099 69 23 23
36.001099 82 1753 1753
36.001099 176 219 219
36.001099 202 539 539
36.001099 209 336 336
37.001129 19 1636 1636
37.001129 28 1431 1431
37.001129 82 1680 1680
37.001129 176 200 200
37.001129 202 700 700
37.001129 209 362 362
38.001160 19 1468 1468
38.001160 28 1512 1512
38.001160 82 1627 1627
38.001160 176 216 216
38.001160 202 842 842
38.001160 209 337 337
39.001190 19 1333 1333
39.001190 28 1488 1488
39.001190 82 1604 1604
39.001190 176 208 208
39.001190 202 1015 1015
39.001190 209 343 343
40.001221 19 1212 1212
40.001221 28 1578 1578
40.001221 82 1629 1629
40.001221 176 168 168
40.001221 202 1008 1008
40.001221 209 376 376
41.001251 19 1073 1073
41.001251 28 1674 1674
41.001251 82 1633 1633
41.001251 176 127 127
41.001251 202 1061 1061
41.001251 209 384 384
42.001282 19 1044 1044
42.001282 28 1718 1718
42.001282 82 1659 1659
42.001282 176 75 75
42.001282 202 1063 1063
42.001282 209 457 457
43.001312 19 1035 1035
43.001312 28 1711 1711
43.001312 82 1676 1676
43.001312 176 48 48
43.001312 202 987 987
43.001312 209 516 516
44.001343 19 1098 1098
44.001343 28 1697 1697
44.001343 82 1691 1691
44.001343 176 56 56
44.001343 202 955 955
44.001343 209 483 483
45.001373 19 1118 1118
45.001373 28 1662 1662
45.001373 82 1786 1786
45.001373 176 57 57
45.001373 202 1005 1005
45.001373 209 411 411
46.001404 19 1038 1038
46.001404 28 1682 1682
46.001404 82 1753 1753
46.001404 176 65 65
46.001404 202 1013 1013
46.001404 209 400 400
47.001434 19 921 921
47.001434 28 1781 1781
47.001434 82 1743 1743
47.001434 176 81 81
47.001434 202 997 997
47.001434 209 440 440
48.001465 19 836 836
48.001465 28 1829 1829
48.001465 82 1733 1733
48.001465 176 107 107
48.001465 202 1068 1068
48.001465 209 437 437
49.001495 19 819 819
49.001495 28 1899 1899
49.001495 82 1710 1710
49.001495 176 92 92
49.001495 202 994 994
49.001495 209 439 439
50.001526 19 794 794
50.001526 28 1897 1897
50.001526 82 1772 1772
50.001526 176 68 68
50.001526 202 1015 1015
50.001526 209 455 455
51.001556 19 736 736
51.001556 28 1883 1883
51.001556 82 1775 1775
51.001556 176 60 60
51.001556 202 1099 1099
51.001556 209 446 446
52.001587 19 687 687
52.001587 28 1888 1888
52.001587 82 1731 1731
52.001587 176 46 46
52.001587 202 1221 1221
52.001587 209 424 424
53.001617 19 663 663
53.001617 28 1865 1865
53.001617 82 1684 1684
53.001617 176 60 60
53.001617 202 1308 1308
53.001617 209 428 428
54.001648 19 563 563
54.001648 28 1828 1828
54.001648 82 1720 1720
54.001648 176 73 73
54.001648 202 1335 1335
54.001648 209 445 445
55.001678 19 567 567
55.001678 28 1821 1821
55.001678 82 1757 1757
55.001678 176 60 60
55.001678 202 1341 1341
55.001678 209 474 474
56.001709 19 626 626
56.001709 28 1824 1824
56.001709 82 1728 1728
56.001709 176 50 50
56.001709 202 1265 1265
56.001709 209 524 524
57.001740 19 657 657
57.001740 28 1843 1843
57.001740 82 1692 1692
57.001740 176 35 35
57.001740 202 1166 1166
57.001740 209 593 593
58.001770 19 657 657
58.001770 28 1857 1857
58.001770 82 1635 1635
58.001770 176 25 25
58.001770 202 1185 1185
58.001770 209 629 629
59.001801 19 556 556
59.001801 28 1960 1960
59.001801 82 1653 1653
59.001801 176 13 13
59.001801 202 1219 1219
59.001801 209 635 635
60.001831 19 531 531
60.001831 28 2006 2006
60.001831 82 1677 1677
60.001831 202 1198 1198
60.001831 209 579 579
61.001862 19 553 553
61.001862 28 2047 2047
61.001862 82 1693 1693
61.001862 202 1166 1166
61.001862 209 535 535
62.001892 19 516 516
62.001892 28 2103 2103
62.001892 82 1628 1628
62.001892 202 1186 1186
62.001892 209 562 562
63.001923 19 388 388
63.001923 28 2180 2180
63.001923 82 1620 1620
63.001923 202 1185 1185
63.001923 209 634 634
64.001953 19 354 354
64.001953 28 2253 2253
64.001953 82 1623 1623
64.001953 202 1043 1043
64.001953 209 725 725
65.001984 19 391 391
65.001984 28 2272 2272
65.001984 82 1602 1602
65.001984 202 930 930
65.001984 209 770 770
66.002014 19 438 438
66.002014 28 2291 2291
66.002014 82 1647 1647
66.002014 202 931 931
66.002014 209 775 775
67.002045 19 391 391
67.002045 28 2249 2249
67.002045 82 1764 1764
67.002045 202 924 924
67.002045 209 669 669
68.002075 19 326 326
68.002075 28 2281 2281
68.002075 82 1845 1845
68.002075 202 972 972
68.002075 209 595 595
69.002106 19 296 296
69.002106 28 2327 2327
69.002106 82 1907 1907
69.002106 202 913 913
69.002106 209 563 563
70.002136 19 290 290
70.002136 28 2383 2383
70.002136 82 1999 1999
70.002136 202 778 778
70.002136 209 556 556
71.002167 19 252 252
71.002167 28 2493 2493
71.002167 82 2064 2064
71.002167 202 739 739
71.002167 209 473 473
