0.000000 1 1 1
0.000000 2 1 1
0.000000 3 1 1
0.000000 4 1 1
0.000000 5 1 1
0.000000 6 1 1
0.000000 7 1 1
0.000000 8 1 1
0.000000 9 1 1
0.000000 10 1 1
0.000000 11 1 1
0.000000 12 1 1
0.000000 13 1 1
0.000000 14 1 1
0.000000 15 1 1
0.000000 16 1 1
0.000000 17 1 1
0.000000 18 1 1
0.000000 19 1 1
0.000000 20 1 1
0.000000 21 1 1
0.000000 22 1 1
0.000000 23 1 1
0.000000 24 1 1
0.000000 25 1 1
0.000000 26 1 1
0.000000 27 1 1
0.000000 28 1 1
0.000000 29 1 1
0.000000 30 1 1
0.000000 31 1 1
0.000000 32 1 1
0.000000 33 1 1
0.000000 34 1 1
0.000000 35 1 1
0.000000 36 1 1
0.000000 37 1 1
0.000000 38 1 1
0.000000 39 1 1
0.000000 40 1 1
0.000000 41 1 1
0.000000 42 1 1
0.000000 43 1 1
0.000000 44 1 1
0.000000 45 1 1
0.000000 46 1 1
0.000000 47 1 1
0.000000 48 1 1
0.000000 49 1 1
0.000000 50 1 1
0.000000 51 1 1
0.000000 52 1 1
0.000000 53 1 1
0.000000 54 1 1
0.000000 55 1 1
0.000000 56 1 1
0.000000 57 1 1
0.000000 58 1 1
0.000000 59 1 1
0.000000 60 1 1
0.000000 61 1 1
0.000000 62 1 1
0.000000 63 1 1
0.000000 64 1 1
0.000000 65 1 1
0.000000 66 1 1
0.000000 67 1 1
0.000000 68 1 1
0.000000 69 1 1
0.000000 70 1 1
0.000000 71 1 1
0.000000 72 1 1
0.000000 73 1 1
0.000000 74 1 1
0.000000 75 1 1
0.000000 76 1 1
0.000000 77 1 1
0.000000 78 1 1
0.000000 79 1 1
0.000000 80 1 1
0.000000 81 1 1
0.000000 82 1 1
0.000000 83 1 1
0.000000 84 1 1
0.000000 85 1 1
0.000000 86 1 1
0.000000 87 1 1
0.000000 88 1 1
0.000000 89 1 1
0.000000 90 1 1
0.000000 91 1 1
0.000000 92 1 1
0.000000 93 1 1
0.000000 94 1 1
0.000000 95 1 1
0.000000 96 1 1
0.000000 97 1 1
0.000000 98 1 1
0.000000 99 1 1
0.000000 100 1 1
0.000000 101 1 1
0.000000 102 1 1
0.000000 103 1 1
0.000000 104 1 1
0.000000 105 1 1
0.000000 106 1 1
0.000000 107 1 1
0.000000 108 1 1
0.000000 109 1 1
0.000000 110 1 1
0.000000 111 1 1
0.000000 112 1 1
0.000000 113 1 1
0.000000 114 1 1
0.000000 115 1 1
0.000000 116 1 1
0.000000 117 1 1
0.000000 118 1 1
0.000000 119 1 1
0.000000 120 1 1
0.000000 121 1 1
0.000000 122 1 1
0.000000 123 1 1
0.000000 124 1 1
0.000000 125 1 1
0.000000 126 1 1
0.000000 127 1 1
0.000000 128 1 1
0.000000 129 1 1
0.000000 130 1 1
0.000000 131 1 1
0.000000 132 1 1
0.000000 133 1 1
0.000000 134 1 1
0.000000 135 1 1
0.000000 136 1 1
0.000000 137 1 1
0.000000 138 1 1
0.000000 139 1 1
0.000000 140 1 1
0.000000 141 1 1
0.000000 142 1 1
0.000000 143 1 1
0.000000 144 1 1
0.000000 145 1 1
0.000000 146 1 1
0.000000 147 1 1
0.000000 148 1 1
0.000000 149 1 1
0.000000 150 1 1
0.000000 151 1 1
0.000000 152 1 1
0.000000 153 1 1
0.000000 154 1 1
0.000000 155 1 1
0.000000 156 1 1
0.000000 157 1 1
0.000000 158 1 1
0.000000 159 1 1
0.000000 160 1 1
0.000000 161 1 1
0.000000 162 1 1
0.000000 163 1 1
0.000000 164 1 1
0.000000 165 1 1
0.000000 166 1 1
0.000000 167 1 1
0.000000 168 1 1
0.000000 169 1 1
0.000000 170 1 1
0.000000 171 1 1
0.000000 172 1 1
0.000000 173 1 1
0.000000 174 1 1
0.000000 175 1 1
0.000000 176 1 1
0.000000 177 1 1
0.000000 178 1 1
0.000000 179 1 1
0.000000 180 1 1
0.000000 181 1 1
0.000000 182 1 1
0.000000 183 1 1
0.000000 184 1 1
0.000000 185 1 1
0.000000 186 1 1
0.000000 187 1 1
0.000000 188 1 1
0.000000 189 1 1
0.000000 190 1 1
0.000000 191 1 1
0.000000 192 1 1
0.000000 193 1 1
0.000000 194 1 1
0.000000 195 1 1
0.000000 196 1 1
0.000000 197 1 1
0.000000 198 1 1
0.000000 199 1 1
0.000000 200 1 1
0.000000 201 1 1
0.000000 202 1 1
0.000000 203 1 1
0.000000 204 1 1
0.000000 205 1 1
0.000000 206 1 1
0.000000 207 1 1
0.000000 208 1 1
0.000000 209 1 1
0.000000 210 1 1
0.000000 211 1 1
0.000000 212 1 1
0.000000 213 1 1
0.000000 214 1 1
0.000000 215 1 1
0.000000 216 1 1
0.000000 217 1 1
0.000000 218 1 1
0.000000 219 1 1
1.000031 1 1 1
1.000031 2 2 2
1.000031 3 1 1
1.000031 4 1 1
1.000031 5 2 2
1.000031 6 2 2
1.000031 7 2 2
1.000031 8 1 1
1.000031 10 2 2
1.000031 11 2 2
1.000031 12 1 1
1.000031 13 1 1
1.000031 14 1 1
1.000031 15 2 2
1.000031 17 2 2
1.000031 18 1 1
1.000031 19 1 1
1.000031 20 2 2
1.000031 21 1 1
1.000031 22 1 1
1.000031 23 2 2
1.000031 24 2 2
1.000031 26 1 1
1.000031 27 2 2
1.000031 28 2 2
1.000031 29 2 2
1.000031 30 1 1
1.000031 31 1 1
1.000031 32 2 2
1.000031 33 1 1
1.000031 34 1 1
1.000031 35 2 2
1.000031 36 1 1
1.000031 37 1 1
1.000031 38 2 2
1.000031 39 2 2
1.000031 40 1 1
1.000031 41 2 2
1.000031 42 2 2
1.000031 43 1 1
1.000031 44 2 2
1.000031 45 1 1
1.000031 46 1 1
1.000031 47 1 1
1.000031 48 1 1
1.000031 50 1 1
1.000031 51 1 1
1.000031 52 2 2
1.000031 53 2 2
1.000031 55 2 2
1.000031 56 1 1
1.000031 57 1 1
1.000031 58 2 2
1.000031 59 1 1
1.000031 60 2 2
1.000031 61 1 1
1.000031 62 2 2
1.000031 63 2 2
1.000031 64 2 2
1.000031 65 1 1
1.000031 66 2 2
1.000031 67 1 1
1.000031 68 1 1
1.000031 69 2 2
1.000031 70 2 2
1.000031 71 2 2
1.000031 72 2 2
1.000031 73 1 1
1.000031 74 2 2
1.000031 75 2 2
1.000031 76 1 1
1.000031 77 2 2
1.000031 78 1 1
1.000031 79 1 1
1.000031 80 1 1
1.000031 81 1 1
1.000031 82 2 2
1.000031 83 2 2
1.000031 84 1 1
1.000031 85 2 2
1.000031 86 1 1
1.000031 87 1 1
1.000031 88 2 2
1.000031 89 2 2
1.000031 90 1 1
1.000031 91 2 2
1.000031 92 1 1
1.000031 93 1 1
1.000031 94 1 1
1.000031 95 2 2
1.000031 96 2 2
1.000031 97 1 1
1.000031 98 2 2
1.000031 99 2 2
1.000031 100 2 2
1.000031 101 2 2
1.000031 102 1 1
1.000031 103 2 2
1.000031 104 2 2
1.000031 105 2 2
1.000031 106 2 2
1.000031 107 1 1
1.000031 108 1 1
1.000031 109 2 2
1.000031 110 2 2
1.000031 111 1 1
1.000031 112 1 1
1.000031 113 1 1
1.000031 114 2 2
1.000031 115 2 2
1.000031 116 2 2
1.000031 117 2 2
1.000031 118 1 1
1.000031 119 1 1
1.000031 120 2 2
1.000031 122 1 1
1.000031 123 1 1
1.000031 124 1 1
1.000031 125 2 2
1.000031 127 2 2
1.000031 128 2 2
1.000031 130 2 2
1.000031 131 2 2
1.000031 132 2 2
1.000031 133 2 2
1.000031 134 1 1
1.000031 135 2 2
1.000031 136 1 1
1.000031 138 2 2
1.000031 139 1 1
1.000031 140 2 2
1.000031 142 1 1
1.000031 143 1 1
1.000031 144 1 1
1.000031 145 1 1
1.000031 147 2 2
1.000031 148 2 2
1.000031 149 2 2
1.000031 150 1 1
1.000031 151 2 2
1.000031 152 2 2
1.000031 153 1 1
1.000031 154 2 2
1.000031 155 2 2
1.000031 156 1 1
1.000031 157 1 1
1.000031 158 2 2
1.000031 159 2 2
1.000031 160 2 2
1.000031 161 1 1
1.000031 162 1 1
1.000031 163 1 1
1.000031 164 2 2
1.000031 165 1 1
1.000031 166 2 2
1.000031 168 2 2
1.000031 169 1 1
1.000031 170 1 1
1.000031 171 2 2
1.000031 172 1 1
1.000031 173 1 1
1.000031 174 2 2
1.000031 175 1 1
1.000031 176 1 1
1.000031 177 1 1
1.000031 178 2 2
1.000031 179 2 2
1.000031 180 2 2
1.000031 181 1 1
1.000031 182 1 1
1.000031 184 1 1
1.000031 185 2 2
1.000031 186 1 1
1.000031 187 1 1
1.000031 188 1 1
1.000031 190 1 1
1.000031 191 2 2
1.000031 192 2 2
1.000031 193 1 1
1.000031 194 1 1
1.000031 195 1 1
1.000031 196 2 2
1.000031 197 2 2
1.000031 198 2 2
1.000031 199 2 2
1.000031 200 1 1
1.000031 201 2 2
1.000031 202 1 1
1.000031 203 2 2
1.000031 204 2 2
1.000031 205 1 1
1.000031 206 2 2
1.000031 207 2 2
1.000031 208 1 1
1.000031 209 2 2
1.000031 210 2 2
1.000031 211 1 1
1.000031 212 1 1
1.000031 213 1 1
1.000031 214 1 1
1.000031 215 2 2
1.000031 216 1 1
1.000031 217 1 1
1.000031 218 2 2
1.000031 219 1 1
2.000061 1 2 2
2.000061 2 2 2
2.000061 3 2 2
2.000061 4 2 2
2.000061 5 2 2
2.000061 6 2 2
2.000061 7 2 2
2.000061 8 2 2
2.000061 10 2 2
2.000061 11 2 2
2.000061 12 1 1
2.000061 13 2 2
2.000061 14 2 2
2.000061 15 2 2
2.000061 17 2 2
2.000061 18 2 2
2.000061 19 2 2
2.000061 20 2 2
2.000061 21 2 2
2.000061 22 2 2
2.000061 23 2 2
2.000061 24 2 2
2.000061 26 2 2
2.000061 27 2 2
2.000061 28 2 2
2.000061 29 2 2
2.000061 30 2 2
2.000061 31 2 2
2.000061 32 3 3
2.000061 33 2 2
2.000061 34 2 2
2.000061 35 2 2
2.000061 36 2 2
2.000061 37 2 2
2.000061 38 2 2
2.000061 39 3 3
2.000061 40 2 2
2.000061 41 2 2
2.000061 42 2 2
2.000061 43 2 2
2.000061 44 3 3
2.000061 45 2 2
2.000061 46 2 2
2.000061 47 2 2
2.000061 48 1 1
2.000061 50 2 2
2.000061 51 2 2
2.000061 52 2 2
2.000061 53 3 3
2.000061 55 2 2
2.000061 56 2 2
2.000061 57 2 2
2.000061 58 2 2
2.000061 59 2 2
2.000061 60 2 2
2.000061 61 2 2
2.000061 62 2 2
2.000061 63 3 3
2.000061 64 3 3
2.000061 65 2 2
2.000061 66 2 2
2.000061 67 2 2
2.000061 68 3 3
2.000061 69 2 2
2.000061 70 2 2
2.000061 71 2 2
2.000061 72 2 2
2.000061 73 2 2
2.000061 74 2 2
2.000061 75 2 2
2.000061 76 2 2
2.000061 77 3 3
2.000061 78 2 2
2.000061 79 2 2
2.000061 80 3 3
2.000061 81 2 2
2.000061 82 2 2
2.000061 83 2 2
2.000061 84 1 1
2.000061 85 3 3
2.000061 86 2 2
2.000061 87 2 2
2.000061 88 2 2
2.000061 89 2 2
2.000061 90 2 2
2.000061 91 2 2
2.000061 92 2 2
2.000061 93 1 1
2.000061 94 2 2
2.000061 95 3 3
2.000061 96 2 2
2.000061 97 2 2
2.000061 98 2 2
2.000061 99 3 3
2.000061 100 2 2
2.000061 101 3 3
2.000061 102 2 2
2.000061 103 2 2
2.000061 104 2 2
2.000061 105 2 2
2.000061 106 3 3
2.000061 107 2 2
2.000061 108 2 2
2.000061 109 2 2
2.000061 110 2 2
2.000061 111 2 2
2.000061 112 2 2
2.000061 113 2 2
2.000061 114 2 2
2.000061 115 2 2
2.000061 116 2 2
2.000061 117 2 2
2.000061 118 2 2
2.000061 119 2 2
2.000061 120 3 3
2.000061 122 2 2
2.000061 123 2 2
2.000061 124 2 2
2.000061 125 2 2
2.000061 127 2 2
2.000061 128 1 1
2.000061 130 2 2
2.000061 131 2 2
2.000061 132 2 2
2.000061 133 3 3
2.000061 134 2 2
2.000061 135 2 2
2.000061 136 2 2
2.000061 138 2 2
2.000061 139 2 2
2.000061 140 2 2
2.000061 142 2 2
2.000061 143 2 2
2.000061 144 2 2
2.000061 145 2 2
2.000061 147 3 3
2.000061 148 2 2
2.000061 149 2 2
2.000061 150 2 2
2.000061 151 2 2
2.000061 152 2 2
2.000061 153 2 2
2.000061 154 2 2
2.000061 155 3 3
2.000061 156 2 2
2.000061 157 2 2
2.000061 158 3 3
2.000061 159 2 2
2.000061 160 3 3
2.000061 161 2 2
2.000061 162 1 1
2.000061 163 2 2
2.000061 164 2 2
2.000061 165 2 2
2.000061 166 2 2
2.000061 168 2 2
2.000061 169 2 2
2.000061 170 2 2
2.000061 171 2 2
2.000061 172 3 3
2.000061 173 2 2
2.000061 174 2 2
2.000061 175 2 2
2.000061 176 2 2
2.000061 177 2 2
2.000061 178 2 2
2.000061 179 2 2
2.000061 180 2 2
2.000061 181 2 2
2.000061 182 2 2
2.000061 184 2 2
2.000061 185 2 2
2.000061 186 2 2
2.000061 187 2 2
2.000061 188 2 2
2.000061 190 2 2
2.000061 191 2 2
2.000061 192 3 3
2.000061 193 2 2
2.000061 194 2 2
2.000061 195 2 2
2.000061 196 2 2
2.000061 197 2 2
2.000061 198 2 2
2.000061 199 2 2
2.000061 200 3 3
2.000061 201 2 2
2.000061 202 2 2
2.000061 203 2 2
2.000061 204 2 2
2.000061 205 2 2
2.000061 206 2 2
2.000061 207 2 2
2.000061 208 2 2
2.000061 209 2 2
2.000061 210 2 2
2.000061 211 2 2
2.000061 212 2 2
2.000061 213 2 2
2.000061 214 2 2
2.000061 215 2 2
2.000061 216 2 2
2.000061 217 2 2
2.000061 218 2 2
2.000061 219 2 2
3.000092 1 3 3
3.000092 2 4 4
3.000092 3 4 4
3.000092 4 4 4
3.000092 5 3 3
3.000092 6 4 4
3.000092 7 4 4
3.000092 8 4 4
3.000092 10 4 4
3.000092 11 4 4
3.000092 12 2 2
3.000092 13 4 4
3.000092 14 4 4
3.000092 15 4 4
3.000092 17 4 4
3.000092 18 4 4
3.000092 19 4 4
3.000092 20 4 4
3.000092 21 4 4
3.000092 22 4 4
3.000092 23 4 4
3.000092 24 4 4
3.000092 26 4 4
3.000092 27 4 4
3.000092 28 4 4
3.000092 29 4 4
3.000092 30 4 4
3.000092 31 4 4
3.000092 32 5 5
3.000092 33 4 4
3.000092 34 4 4
3.000092 35 4 4
3.000092 36 4 4
3.000092 37 4 4
3.000092 38 4 4
3.000092 39 4 4
3.000092 40 4 4
3.000092 41 4 4
3.000092 42 4 4
3.000092 43 4 4
3.000092 44 5 5
3.000092 45 4 4
3.000092 46 4 4
3.000092 47 4 4
3.000092 48 2 2
3.000092 50 4 4
3.000092 51 3 3
3.000092 52 4 4
3.000092 53 5 5
3.000092 55 4 4
3.000092 56 4 4
3.000092 57 3 3
3.000092 58 3 3
3.000092 59 4 4
3.000092 60 5 5
3.000092 61 4 4
3.000092 62 4 4
3.000092 63 4 4
3.000092 64 4 4
3.000092 65 4 4
3.000092 66 4 4
3.000092 67 4 4
3.000092 68 5 5
3.000092 69 4 4
3.000092 70 4 4
3.000092 71 4 4
3.000092 72 4 4
3.000092 73 4 4
3.000092 74 4 4
3.000092 75 4 4
3.000092 76 4 4
3.000092 77 4 4
3.000092 78 4 4
3.000092 79 3 3
3.000092 80 5 5
3.000092 81 4 4
3.000092 82 4 4
3.000092 83 4 4
3.000092 84 2 2
3.000092 85 4 4
3.000092 86 3 3
3.000092 87 2 2
3.000092 88 4 4
3.000092 89 4 4
3.000092 90 4 4
3.000092 91 4 4
3.000092 92 4 4
3.000092 93 1 1
3.000092 94 4 4
3.000092 95 4 4
3.000092 96 4 4
3.000092 97 4 4
3.000092 98 4 4
3.000092 99 5 5
3.000092 100 4 4
3.000092 101 4 4
3.000092 102 4 4
3.000092 103 4 4
3.000092 104 4 4
3.000092 105 4 4
3.000092 106 4 4
3.000092 107 4 4
3.000092 108 3 3
3.000092 109 4 4
3.000092 110 4 4
3.000092 111 4 4
3.000092 112 4 4
3.000092 113 4 4
3.000092 114 4 4
3.000092 115 4 4
3.000092 116 4 4
3.000092 117 4 4
3.000092 118 4 4
3.000092 119 3 3
3.000092 120 4 4
3.000092 122 2 2
3.000092 123 4 4
3.000092 124 3 3
3.000092 125 4 4
3.000092 127 4 4
3.000092 128 2 2
3.000092 130 4 4
3.000092 131 4 4
3.000092 132 4 4
3.000092 133 4 4
3.000092 134 4 4
3.000092 135 4 4
3.000092 136 4 4
3.000092 138 4 4
3.000092 139 3 3
3.000092 140 4 4
3.000092 142 4 4
3.000092 143 4 4
3.000092 144 4 4
3.000092 145 4 4
3.000092 147 4 4
3.000092 148 4 4
3.000092 149 4 4
3.000092 150 4 4
3.000092 151 4 4
3.000092 152 4 4
3.000092 153 4 4
3.000092 154 4 4
3.000092 155 4 4
3.000092 156 4 4
3.000092 157 4 4
3.000092 158 4 4
3.000092 159 4 4
3.000092 160 4 4
3.000092 161 4 4
3.000092 162 2 2
3.000092 163 4 4
3.000092 164 4 4
3.000092 165 4 4
3.000092 166 3 3
3.000092 168 4 4
3.000092 169 4 4
3.000092 170 4 4
3.000092 171 4 4
3.000092 172 4 4
3.000092 173 4 4
3.000092 174 4 4
3.000092 175 4 4
3.000092 176 4 4
3.000092 177 4 4
3.000092 178 4 4
3.000092 179 4 4
3.000092 180 4 4
3.000092 181 4 4
3.000092 182 4 4
3.000092 184 4 4
3.000092 185 4 4
3.000092 186 3 3
3.000092 187 4 4
3.000092 188 4 4
3.000092 190 4 4
3.000092 191 4 4
3.000092 192 3 3
3.000092 193 4 4
3.000092 194 4 4
3.000092 195 4 4
3.000092 196 4 4
3.000092 197 3 3
3.000092 198 4 4
3.000092 199 4 4
3.000092 200 4 4
3.000092 201 4 4
3.000092 202 3 3
3.000092 203 4 4
3.000092 204 4 4
3.000092 205 4 4
3.000092 206 3 3
3.000092 207 4 4
3.000092 208 3 3
3.000092 209 4 4
3.000092 210 4 4
3.000092 211 4 4
3.000092 212 4 4
3.000092 213 3 3
3.000092 214 2 2
3.000092 215 4 4
3.000092 216 4 4
3.000092 217 3 3
3.000092 218 4 4
3.000092 219 4 4
4.000122 1 5 5
4.000122 2 7 7
4.000122 3 4 4
4.000122 4 5 5
4.000122 5 5 5
4.000122 6 5 5
4.000122 7 6 6
4.000122 8 6 6
4.000122 10 6 6
4.000122 11 7 7
4.000122 12 2 2
4.000122 13 5 5
4.000122 14 5 5
4.000122 15 6 6
4.000122 17 8 8
4.000122 18 7 7
4.000122 19 5 5
4.000122 20 6 6
4.000122 21 6 6
4.000122 22 5 5
4.000122 23 7 7
4.000122 24 6 6
4.000122 26 4 4
4.000122 27 8 8
4.000122 28 6 6
4.000122 29 8 8
4.000122 30 4 4
4.000122 31 5 5
4.000122 32 8 8
4.000122 33 6 6
4.000122 34 6 6
4.000122 35 5 5
4.000122 36 5 5
4.000122 37 5 5
4.000122 38 5 5
4.000122 39 7 7
4.000122 40 7 7
4.000122 41 7 7
4.000122 42 7 7
4.000122 43 4 4
4.000122 44 9 9
4.000122 45 5 5
4.000122 46 5 5
4.000122 47 5 5
4.000122 48 3 3
4.000122 50 5 5
4.000122 51 5 5
4.000122 52 6 6
4.000122 53 8 8
4.000122 55 8 8
4.000122 56 5 5
4.000122 57 4 4
4.000122 58 6 6
4.000122 59 5 5
4.000122 60 8 8
4.000122 61 5 5
4.000122 62 6 6
4.000122 63 7 7
4.000122 64 6 6
4.000122 65 4 4
4.000122 66 8 8
4.000122 67 5 5
4.000122 68 8 8
4.000122 69 8 8
4.000122 70 6 6
4.000122 71 6 6
4.000122 72 5 5
4.000122 73 6 6
4.000122 74 7 7
4.000122 75 6 6
4.000122 76 5 5
4.000122 77 8 8
4.000122 78 6 6
4.000122 79 4 4
4.000122 80 7 7
4.000122 81 6 6
4.000122 82 8 8
4.000122 83 8 8
4.000122 84 3 3
4.000122 85 6 6
4.000122 86 4 4
4.000122 87 4 4
4.000122 88 6 6
4.000122 89 6 6
4.000122 90 6 6
4.000122 91 6 6
4.000122 92 4 4
4.000122 93 2 2
4.000122 94 6 6
4.000122 95 8 8
4.000122 96 6 6
4.000122 97 6 6
4.000122 98 5 5
4.000122 99 6 6
4.000122 100 7 7
4.000122 101 7 7
4.000122 102 5 5
4.000122 103 8 8
4.000122 104 6 6
4.000122 105 6 6
4.000122 106 7 7
4.000122 107 6 6
4.000122 108 5 5
4.000122 109 8 8
4.000122 110 6 6
4.000122 111 6 6
4.000122 112 4 4
4.000122 113 6 6
4.000122 114 8 8
4.000122 115 8 8
4.000122 116 6 6
4.000122 117 7 7
4.000122 118 6 6
4.000122 119 4 4
4.000122 120 7 7
4.000122 122 5 5
4.000122 123 7 7
4.000122 124 5 5
4.000122 125 7 7
4.000122 127 6 6
4.000122 128 3 3
4.000122 130 6 6
4.000122 131 8 8
4.000122 132 7 7
4.000122 133 8 8
4.000122 134 4 4
4.000122 135 7 7
4.000122 136 6 6
4.000122 138 6 6
4.000122 139 5 5
4.000122 140 6 6
4.000122 142 8 8
4.000122 143 6 6
4.000122 144 4 4
4.000122 145 4 4
4.000122 147 6 6
4.000122 148 7 7
4.000122 149 6 6
4.000122 150 4 4
4.000122 151 5 5
4.000122 152 6 6
4.000122 153 5 5
4.000122 154 7 7
4.000122 155 8 8
4.000122 156 4 4
4.000122 157 6 6
4.000122 158 7 7
4.000122 159 6 6
4.000122 160 6 6
4.000122 161 6 6
4.000122 162 1 1
4.000122 163 4 4
4.000122 164 8 8
4.000122 165 5 5
4.000122 166 7 7
4.000122 168 7 7
4.000122 169 4 4
4.000122 170 5 5
4.000122 171 7 7
4.000122 172 6 6
4.000122 173 6 6
4.000122 174 8 8
4.000122 175 4 4
4.000122 176 5 5
4.000122 177 4 4
4.000122 178 8 8
4.000122 179 8 8
4.000122 180 5 5
4.000122 181 5 5
4.000122 182 5 5
4.000122 184 4 4
4.000122 185 7 7
4.000122 186 4 4
4.000122 187 5 5
4.000122 188 4 4
4.000122 190 6 6
4.000122 191 7 7
4.000122 192 6 6
4.000122 193 5 5
4.000122 194 6 6
4.000122 195 4 4
4.000122 196 7 7
4.000122 197 5 5
4.000122 198 7 7
4.000122 199 7 7
4.000122 200 7 7
4.000122 201 7 7
4.000122 202 5 5
4.000122 203 7 7
4.000122 204 8 8
4.000122 205 4 4
4.000122 206 5 5
4.000122 207 6 6
4.000122 208 3 3
4.000122 209 6 6
4.000122 210 7 7
4.000122 211 6 6
4.000122 212 6 6
4.000122 213 5 5
4.000122 214 4 4
4.000122 215 6 6
4.000122 216 7 7
4.000122 217 4 4
4.000122 218 7 7
4.000122 219 7 7
5.000153 1 8 8
5.000153 2 10 10
5.000153 3 8 8
5.000153 4 8 8
5.000153 5 8 8
5.000153 6 8 8
5.000153 7 11 11
5.000153 8 9 9
5.000153 10 9 9
5.000153 11 8 8
5.000153 12 3 3
5.000153 13 8 8
5.000153 14 10 10
5.000153 15 8 8
5.000153 17 9 9
5.000153 18 11 11
5.000153 19 9 9
5.000153 20 10 10
5.000153 21 9 9
5.000153 22 8 8
5.000153 23 11 11
5.000153 24 8 8
5.000153 26 8 8
5.000153 27 13 13
5.000153 28 8 8
5.000153 29 10 10
5.000153 30 8 8
5.000153 31 8 8
5.000153 32 12 12
5.000153 33 9 9
5.000153 34 8 8
5.000153 35 8 8
5.000153 36 8 8
5.000153 37 9 9
5.000153 38 8 8
5.000153 39 10 10
5.000153 40 8 8
5.000153 41 10 10
5.000153 42 9 9
5.000153 43 8 8
5.000153 44 14 14
5.000153 45 10 10
5.000153 46 8 8
5.000153 47 9 9
5.000153 48 4 4
5.000153 50 8 8
5.000153 51 8 8
5.000153 52 8 8
5.000153 53 13 13
5.000153 55 10 10
5.000153 56 8 8
5.000153 57 7 7
5.000153 58 9 9
5.000153 59 9 9
5.000153 60 11 11
5.000153 61 8 8
5.000153 62 10 10
5.000153 63 11 11
5.000153 64 11 11
5.000153 65 8 8
5.000153 66 10 10
5.000153 67 8 8
5.000153 68 12 12
5.000153 69 13 13
5.000153 70 7 7
5.000153 71 11 11
5.000153 72 9 9
5.000153 73 10 10
5.000153 74 7 7
5.000153 75 9 9
5.000153 76 9 9
5.000153 77 12 12
5.000153 78 10 10
5.000153 79 8 8
5.000153 80 9 9
5.000153 81 9 9
5.000153 82 8 8
5.000153 83 11 11
5.000153 84 3 3
5.000153 85 10 10
5.000153 86 7 7
5.000153 87 6 6
5.000153 88 8 8
5.000153 89 9 9
5.000153 90 10 10
5.000153 91 8 8
5.000153 92 8 8
5.000153 93 3 3
5.000153 94 8 8
5.000153 95 14 14
5.000153 96 8 8
5.000153 97 8 8
5.000153 98 8 8
5.000153 99 12 12
5.000153 100 10 10
5.000153 101 11 11
5.000153 102 10 10
5.000153 103 10 10
5.000153 104 11 11
5.000153 105 9 9
5.000153 106 13 13
5.000153 107 9 9
5.000153 108 7 7
5.000153 109 10 10
5.000153 110 9 9
5.000153 111 9 9
5.000153 112 8 8
5.000153 113 8 8
5.000153 114 9 9
5.000153 115 10 10
5.000153 116 9 9
5.000153 117 11 11
5.000153 118 8 8
5.000153 119 9 9
5.000153 120 10 10
5.000153 122 7 7
5.000153 123 11 11
5.000153 124 8 8
5.000153 125 9 9
5.000153 127 8 8
5.000153 128 4 4
5.000153 130 9 9
5.000153 131 12 12
5.000153 132 11 11
5.000153 133 11 11
5.000153 134 8 8
5.000153 135 9 9
5.000153 136 9 9
5.000153 138 10 10
5.000153 139 8 8
5.000153 140 8 8
5.000153 142 9 9
5.000153 143 8 8
5.000153 144 8 8
5.000153 145 8 8
5.000153 147 10 10
5.000153 148 8 8
5.000153 149 10 10
5.000153 150 8 8
5.000153 151 8 8
5.000153 152 10 10
5.000153 153 8 8
5.000153 154 9 9
5.000153 155 9 9
5.000153 156 8 8
5.000153 157 10 10
5.000153 158 10 10
5.000153 159 8 8
5.000153 160 10 10
5.000153 161 9 9
5.000153 162 2 2
5.000153 163 8 8
5.000153 164 12 12
5.000153 165 8 8
5.000153 166 11 11
5.000153 168 11 11
5.000153 169 7 7
5.000153 170 8 8
5.000153 171 8 8
5.000153 172 10 10
5.000153 173 10 10
5.000153 174 8 8
5.000153 175 8 8
5.000153 176 8 8
5.000153 177 8 8
5.000153 178 14 14
5.000153 179 12 12
5.000153 180 8 8
5.000153 181 8 8
5.000153 182 8 8
5.000153 184 8 8
5.000153 185 11 11
5.000153 186 8 8
5.000153 187 9 9
5.000153 188 8 8
5.000153 190 8 8
5.000153 191 9 9
5.000153 192 10 10
5.000153 193 8 8
5.000153 194 8 8
5.000153 195 8 8
5.000153 196 11 11
5.000153 197 9 9
5.000153 198 12 12
5.000153 199 11 11
5.000153 200 10 10
5.000153 201 8 8
5.000153 202 8 8
5.000153 203 8 8
5.000153 204 9 9
5.000153 205 7 7
5.000153 206 9 9
5.000153 207 10 10
5.000153 208 5 5
5.000153 209 8 8
5.000153 210 10 10
5.000153 211 8 8
5.000153 212 9 9
5.000153 213 9 9
5.000153 214 8 8
5.000153 215 8 8
5.000153 216 9 9
5.000153 217 7 7
5.000153 218 10 10
5.000153 219 8 8
6.000183 1 12 12
6.000183 2 16 16
6.000183 3 13 13
6.000183 4 15 15
6.000183 5 15 15
6.000183 6 14 14
6.000183 7 17 17
6.000183 8 15 15
6.000183 10 14 14
6.000183 11 12 12
6.000183 12 5 5
6.000183 13 14 14
6.000183 14 19 19
6.000183 15 15 15
6.000183 17 16 16
6.000183 18 15 15
6.000183 19 15 15
6.000183 20 16 16
6.000183 21 14 14
6.000183 22 13 13
6.000183 23 15 15
6.000183 24 16 16
6.000183 26 11 11
6.000183 27 16 16
6.000183 28 14 14
6.000183 29 16 16
6.000183 30 15 15
6.000183 31 16 16
6.000183 32 21 21
6.000183 33 14 14
6.000183 34 14 14
6.000183 35 14 14
6.000183 36 13 13
6.000183 37 13 13
6.000183 38 14 14
6.000183 39 17 17
6.000183 40 15 15
6.000183 41 18 18
6.000183 42 14 14
6.000183 43 14 14
6.000183 44 21 21
6.000183 45 17 17
6.000183 46 11 11
6.000183 47 16 16
6.000183 48 7 7
6.000183 50 15 15
6.000183 51 14 14
6.000183 52 13 13
6.000183 53 17 17
6.000183 55 18 18
6.000183 56 13 13
6.000183 57 13 13
6.000183 58 13 13
6.000183 59 14 14
6.000183 60 19 19
6.000183 61 16 16
6.000183 62 17 17
6.000183 63 18 18
6.000183 64 17 17
6.000183 65 14 14
6.000183 66 17 17
6.000183 67 15 15
6.000183 68 20 20
6.000183 69 16 16
6.000183 70 11 11
6.000183 71 16 16
6.000183 72 14 14
6.000183 73 15 15
6.000183 74 11 11
6.000183 75 15 15
6.000183 76 15 15
6.000183 77 18 18
6.000183 78 16 16
6.000183 79 14 14
6.000183 80 17 17
6.000183 81 16 16
6.000183 82 16 16
6.000183 83 18 18
6.000183 84 3 3
6.000183 85 16 16
6.000183 86 12 12
6.000183 87 8 8
6.000183 88 15 15
6.000183 89 15 15
6.000183 90 15 15
6.000183 91 15 15
6.000183 92 12 12
6.000183 93 4 4
6.000183 94 13 13
6.000183 95 17 17
6.000183 96 14 14
6.000183 97 16 16
6.000183 98 15 15
6.000183 99 19 19
6.000183 100 19 19
6.000183 101 17 17
6.000183 102 16 16
6.000183 103 16 16
6.000183 104 17 17
6.000183 105 15 15
6.000183 106 22 22
6.000183 107 15 15
6.000183 108 14 14
6.000183 109 17 17
6.000183 110 13 13
6.000183 111 16 16
6.000183 112 12 12
6.000183 113 15 15
6.000183 114 15 15
6.000183 115 16 16
6.000183 116 16 16
6.000183 117 19 19
6.000183 118 15 15
6.000183 119 13 13
6.000183 120 17 17
6.000183 122 12 12
6.000183 123 16 16
6.000183 124 13 13
6.000183 125 16 16
6.000183 127 15 15
6.000183 128 5 5
6.000183 130 15 15
6.000183 131 16 16
6.000183 132 16 16
6.000183 133 20 20
6.000183 134 12 12
6.000183 135 14 14
6.000183 136 15 15
6.000183 138 18 18
6.000183 139 11 11
6.000183 140 15 15
6.000183 142 17 17
6.000183 143 13 13
6.000183 144 15 15
6.000183 145 14 14
6.000183 147 17 17
6.000183 148 16 16
6.000183 149 16 16
6.000183 150 14 14
6.000183 151 15 15
6.000183 152 15 15
6.000183 153 14 14
6.000183 154 15 15
6.000183 155 17 17
6.000183 156 13 13
6.000183 157 15 15
6.000183 158 17 17
6.000183 159 14 14
6.000183 160 19 19
6.000183 161 15 15
6.000183 162 3 3
6.000183 163 14 14
6.000183 164 17 17
6.000183 165 16 16
6.000183 166 17 17
6.000183 168 16 16
6.000183 169 13 13
6.000183 170 15 15
6.000183 171 16 16
6.000183 172 17 17
6.000183 173 15 15
6.000183 174 16 16
6.000183 175 14 14
6.000183 176 15 15
6.000183 177 12 12
6.000183 178 16 16
6.000183 179 16 16
6.000183 180 15 15
6.000183 181 15 15
6.000183 182 15 15
6.000183 184 12 12
6.000183 185 17 17
6.000183 186 12 12
6.000183 187 14 14
6.000183 188 15 15
6.000183 190 15 15
6.000183 191 17 17
6.000183 192 16 16
6.000183 193 13 13
6.000183 194 14 14
6.000183 195 14 14
6.000183 196 18 18
6.000183 197 14 14
6.000183 198 16 16
6.000183 199 16 16
6.000183 200 18 18
6.000183 201 16 16
6.000183 202 12 12
6.000183 203 13 13
6.000183 204 16 16
6.000183 205 11 11
6.000183 206 13 13
6.000183 207 15 15
6.000183 208 5 5
6.000183 209 16 16
6.000183 210 16 16
6.000183 211 12 12
6.000183 212 16 16
6.000183 213 13 13
6.000183 214 9 9
6.000183 215 15 15
6.000183 216 16 16
6.000183 217 11 11
6.000183 218 17 17
6.000183 219 16 16
7.000214 1 19 19
7.000214 2 24 24
7.000214 3 20 20
7.000214 4 23 23
7.000214 5 24 24
7.000214 6 24 24
7.000214 7 29 29
7.000214 8 24 24
7.000214 10 24 24
7.000214 11 23 23
7.000214 12 5 5
7.000214 13 19 19
7.000214 14 25 25
7.000214 15 25 25
7.000214 17 26 26
7.000214 18 27 27
7.000214 19 19 19
7.000214 20 26 26
7.000214 21 23 23
7.000214 22 19 19
7.000214 23 27 27
7.000214 24 25 25
7.000214 26 19 19
7.000214 27 30 30
7.000214 28 24 24
7.000214 29 30 30
7.000214 30 18 18
7.000214 31 20 20
7.000214 32 34 34
7.000214 33 25 25
7.000214 34 21 21
7.000214 35 22 22
7.000214 36 22 22
7.000214 37 19 19
7.000214 38 19 19
7.000214 39 29 29
7.000214 40 25 25
7.000214 41 27 27
7.000214 42 25 25
7.000214 43 19 19
7.000214 44 32 32
7.000214 45 22 22
7.000214 46 14 14
7.000214 47 19 19
7.000214 48 6 6
7.000214 50 18 18
7.000214 51 20 20
7.000214 52 20 20
7.000214 53 29 29
7.000214 55 30 30
7.000214 56 20 20
7.000214 57 21 21
7.000214 58 22 22
7.000214 59 21 21
7.000214 60 31 31
7.000214 61 24 24
7.000214 62 26 26
7.000214 63 27 27
7.000214 64 25 25
7.000214 65 18 18
7.000214 66 30 30
7.000214 67 19 19
7.000214 68 29 29
7.000214 69 32 32
7.000214 70 12 12
7.000214 71 25 25
7.000214 72 24 24
7.000214 73 27 27
7.000214 74 3 3
7.000214 75 23 23
7.000214 76 24 24
7.000214 77 26 26
7.000214 78 16 16
7.000214 79 20 20
7.000214 80 28 28
7.000214 81 26 26
7.000214 82 28 28
7.000214 83 27 27
7.000214 85 26 26
7.000214 86 18 18
7.000214 87 14 14
7.000214 88 22 22
7.000214 89 23 23
7.000214 90 24 24
7.000214 91 22 22
7.000214 92 1 1
7.000214 93 3 3
7.000214 94 25 25
7.000214 95 31 31
7.000214 96 24 24
7.000214 97 27 27
7.000214 98 22 22
7.000214 99 29 29
7.000214 100 23 23
7.000214 101 29 29
7.000214 102 23 23
7.000214 103 26 26
7.000214 104 27 27
7.000214 105 25 25
7.000214 106 28 28
7.000214 107 25 25
7.000214 108 21 21
7.000214 109 28 28
7.000214 110 6 6
7.000214 111 22 22
7.000214 112 21 21
7.000214 113 22 22
7.000214 114 27 27
7.000214 115 29 29
7.000214 116 23 23
7.000214 117 30 30
7.000214 118 23 23
7.000214 119 18 18
7.000214 120 29 29
7.000214 122 20 20
7.000214 123 25 25
7.000214 124 22 22
7.000214 125 22 22
7.000214 127 24 24
7.000214 130 25 25
7.000214 131 29 29
7.000214 132 27 27
7.000214 133 33 33
7.000214 134 19 19
7.000214 135 24 24
7.000214 136 25 25
7.000214 138 26 26
7.000214 139 21 21
7.000214 140 26 26
7.000214 142 27 27
7.000214 143 24 24
7.000214 144 22 22
7.000214 145 21 21
7.000214 147 26 26
7.000214 148 29 29
7.000214 149 27 27
7.000214 150 19 19
7.000214 151 23 23
7.000214 152 27 27
7.000214 153 20 20
7.000214 154 22 22
7.000214 155 28 28
7.000214 156 19 19
7.000214 157 23 23
7.000214 158 26 26
7.000214 159 21 21
7.000214 160 26 26
7.000214 161 23 23
7.000214 162 4 4
7.000214 163 17 17
7.000214 164 31 31
7.000214 165 20 20
7.000214 166 26 26
7.000214 168 27 27
7.000214 169 3 3
7.000214 170 20 20
7.000214 171 23 23
7.000214 172 23 23
7.000214 173 24 24
7.000214 174 24 24
7.000214 175 18 18
7.000214 176 20 20
7.000214 177 17 17
7.000214 178 32 32
7.000214 179 30 30
7.000214 180 24 24
7.000214 181 21 21
7.000214 182 24 24
7.000214 184 18 18
7.000214 185 31 31
7.000214 186 17 17
7.000214 187 20 20
7.000214 188 11 11
7.000214 190 21 21
7.000214 191 26 26
7.000214 192 26 26
7.000214 193 18 18
7.000214 194 15 15
7.000214 195 18 18
7.000214 196 28 28
7.000214 197 22 22
7.000214 198 27 27
7.000214 199 27 27
7.000214 200 28 28
7.000214 201 24 24
7.000214 202 18 18
7.000214 203 21 21
7.000214 204 30 30
7.000214 205 17 17
7.000214 206 21 21
7.000214 207 24 24
7.000214 209 24 24
7.000214 210 25 25
7.000214 211 11 11
7.000214 212 20 20
7.000214 213 20 20
7.000214 214 16 16
7.000214 215 23 23
7.000214 216 27 27
7.000214 217 15 15
7.000214 218 31 31
7.000214 219 24 24
8.000244 1 34 34
8.000244 2 37 37
8.000244 3 35 35
8.000244 4 34 34
8.000244 5 32 32
8.000244 7 43 43
8.000244 8 36 36
8.000244 11 34 34
8.000244 14 42 42
8.000244 17 42 42
8.000244 18 42 42
8.000244 19 36 36
8.000244 20 39 39
8.000244 21 35 35
8.000244 23 32 32
8.000244 24 37 37
8.000244 26 31 31
8.000244 27 11 11
8.000244 29 42 42
8.000244 30 34 34
8.000244 31 33 33
8.000244 34 32 32
8.000244 35 36 36
8.000244 36 34 34
8.000244 37 32 32
8.000244 38 2 2
8.000244 39 41 41
8.000244 40 21 21
8.000244 41 39 39
8.000244 42 35 35
8.000244 43 32 32
8.000244 47 34 34
8.000244 50 32 32
8.000244 51 30 30
8.000244 52 31 31
8.000244 53 48 48
8.000244 56 7 7
8.000244 57 32 32
8.000244 58 32 32
8.000244 59 37 37
8.000244 60 50 50
8.000244 61 34 34
8.000244 62 40 40
8.000244 64 44 44
8.000244 65 10 10
8.000244 66 17 17
8.000244 67 25 25
8.000244 68 51 51
8.000244 69 49 49
8.000244 71 41 41
8.000244 72 38 38
8.000244 73 16 16
8.000244 76 40 40
8.000244 77 46 46
8.000244 79 32 32
8.000244 80 43 43
8.000244 81 38 38
8.000244 83 44 44
8.000244 85 39 39
8.000244 86 27 27
8.000244 87 23 23
8.000244 88 35 35
8.000244 89 35 35
8.000244 90 38 38
8.000244 94 39 39
8.000244 95 48 48
8.000244 96 40 40
8.000244 98 37 37
8.000244 99 8 8
8.000244 100 42 42
8.000244 101 44 44
8.000244 102 38 38
8.000244 104 43 43
8.000244 105 40 40
8.000244 106 51 51
8.000244 107 43 43
8.000244 108 35 35
8.000244 109 43 43
8.000244 111 39 39
8.000244 112 25 25
8.000244 113 38 38
8.000244 114 39 39
8.000244 115 46 46
8.000244 116 34 34
8.000244 117 47 47
8.000244 118 32 32
8.000244 119 33 33
8.000244 120 41 41
8.000244 122 18 18
8.000244 123 40 40
8.000244 124 31 31
8.000244 125 39 39
8.000244 127 35 35
8.000244 130 37 37
8.000244 131 44 44
8.000244 132 30 30
8.000244 133 45 45
8.000244 134 32 32
8.000244 135 39 39
8.000244 136 39 39
8.000244 138 42 42
8.000244 139 27 27
8.000244 140 38 38
8.000244 142 41 41
8.000244 143 10 10
8.000244 147 42 42
8.000244 148 37 37
8.000244 149 39 39
8.000244 150 35 35
8.000244 152 42 42
8.000244 153 34 34
8.000244 154 37 37
8.000244 155 39 39
8.000244 156 32 32
8.000244 157 40 40
8.000244 158 41 41
8.000244 159 32 32
8.000244 160 42 42
8.000244 163 32 32
8.000244 164 3 3
8.000244 165 35 35
8.000244 166 46 46
8.000244 168 38 38
8.000244 170 36 36
8.000244 172 39 39
8.000244 173 36 36
8.000244 174 39 39
8.000244 175 35 35
8.000244 177 8 8
8.000244 178 50 50
8.000244 179 46 46
8.000244 180 37 37
8.000244 181 35 35
8.000244 184 30 30
8.000244 185 49 49
8.000244 186 11 11
8.000244 187 34 34
8.000244 190 32 32
8.000244 191 38 38
8.000244 192 42 42
8.000244 193 31 31
8.000244 195 30 30
8.000244 196 47 47
8.000244 197 36 36
8.000244 200 42 42
8.000244 201 37 37
8.000244 203 32 32
8.000244 204 37 37
8.000244 205 10 10
8.000244 207 40 40
8.000244 209 33 33
8.000244 210 39 39
8.000244 212 35 35
8.000244 213 32 32
8.000244 214 28 28
8.000244 215 32 32
8.000244 216 37 37
8.000244 217 28 28
8.000244 218 44 44
8.000244 219 34 34
9.000275 1 53 53
9.000275 4 61 61
9.000275 5 56 56
9.000275 7 26 26
9.000275 8 60 60
9.000275 18 63 63
9.000275 19 55 55
9.000275 21 57 57
9.000275 24 66 66
9.000275 26 44 44
9.000275 29 69 69
9.000275 30 56 56
9.000275 31 62 62
9.000275 34 52 52
9.000275 35 59 59
9.000275 37 52 52
9.000275 42 60 60
9.000275 43 55 55
9.000275 50 55 55
9.000275 51 55 55
9.000275 53 68 68
9.000275 57 49 49
9.000275 58 50 50
9.000275 59 53 53
9.000275 60 77 77
9.000275 61 58 58
9.000275 62 68 68
9.000275 64 66 66
9.000275 68 82 82
9.000275 69 72 72
9.000275 72 57 57
9.000275 76 1 1
9.000275 77 71 71
9.000275 79 51 51
9.000275 83 74 74
9.000275 86 48 48
9.000275 87 30 30
9.000275 89 62 62
9.000275 90 31 31
9.000275 95 14 14
9.000275 96 64 64
9.000275 98 21 21
9.000275 100 71 71
9.000275 101 68 68
9.000275 102 64 64
9.000275 104 71 71
9.000275 105 65 65
9.000275 106 79 79
9.000275 107 58 58
9.000275 108 53 53
9.000275 109 65 65
9.000275 111 59 59
9.000275 113 42 42
9.000275 114 61 61
9.000275 115 70 70
9.000275 116 62 62
9.000275 117 73 73
9.000275 118 56 56
9.000275 120 66 66
9.000275 123 65 65
9.000275 130 67 67
9.000275 131 67 67
9.000275 133 83 83
9.000275 134 51 51
9.000275 135 61 61
9.000275 136 16 16
9.000275 140 65 65
9.000275 142 48 48
9.000275 149 66 66
9.000275 150 54 54
9.000275 152 67 67
9.000275 153 52 52
9.000275 154 61 61
9.000275 155 69 69
9.000275 156 49 49
9.000275 157 62 62
9.000275 159 55 55
9.000275 160 39 39
9.000275 165 60 60
9.000275 168 70 70
9.000275 172 61 61
9.000275 174 34 34
9.000275 175 53 53
9.000275 178 74 74
9.000275 180 62 62
9.000275 181 7 7
9.000275 184 51 51
9.000275 185 73 73
9.000275 190 60 60
9.000275 191 53 53
9.000275 192 52 52
9.000275 193 54 54
9.000275 195 53 53
9.000275 196 42 42
9.000275 197 56 56
9.000275 200 70 70
9.000275 203 53 53
9.000275 204 5 5
9.000275 207 55 55
9.000275 210 67 67
9.000275 213 51 51
9.000275 214 44 44
9.000275 216 60 60
9.000275 217 47 47
9.000275 218 69 69
9.000275 219 62 62
10.000305 1 84 84
10.000305 4 93 93
10.000305 5 91 91
10.000305 8 104 104
10.000305 18 20 20
10.000305 19 10 10
10.000305 21 86 86
10.000305 24 103 103
10.000305 26 73 73
10.000305 29 120 120
10.000305 30 2 2
10.000305 31 90 90
10.000305 34 82 82
10.000305 35 88 88
10.000305 42 15 15
10.000305 43 80 80
10.000305 53 121 121
10.000305 57 78 78
10.000305 58 13 13
10.000305 59 21 21
10.000305 61 93 93
10.000305 62 106 106
10.000305 64 93 93
10.000305 69 119 119
10.000305 77 68 68
10.000305 79 53 53
10.000305 83 113 113
10.000305 86 75 75
10.000305 96 104 104
10.000305 100 104 104
10.000305 101 47 47
10.000305 102 103 103
10.000305 104 111 111
10.000305 105 102 102
10.000305 106 126 126
10.000305 107 74 74
10.000305 108 86 86
10.000305 114 103 103
10.000305 115 115 115
10.000305 116 1 1
10.000305 117 3 3
10.000305 118 91 91
10.000305 120 114 114
10.000305 123 104 104
10.000305 133 111 111
10.000305 134 83 83
10.000305 135 105 105
10.000305 140 73 73
10.000305 149 102 102
10.000305 150 1 1
10.000305 152 106 106
10.000305 153 59 59
10.000305 154 95 95
10.000305 156 79 79
10.000305 157 102 102
10.000305 159 82 82
10.000305 165 82 82
10.000305 168 109 109
10.000305 172 26 26
10.000305 175 77 77
10.000305 180 96 96
10.000305 184 24 24
10.000305 185 121 121
10.000305 190 89 89
10.000305 193 80 80
10.000305 195 39 39
10.000305 197 90 90
10.000305 200 64 64
10.000305 203 85 85
10.000305 210 103 103
10.000305 213 84 84
10.000305 214 66 66
10.000305 217 69 69
10.000305 218 114 114
10.000305 219 96 96
11.000336 1 126 126
11.000336 5 140 140
11.000336 8 157 157
11.000336 24 29 29
11.000336 29 94 94
11.000336 34 126 126
11.000336 35 107 107
11.000336 43 27 27
11.000336 57 126 126
11.000336 61 150 150
11.000336 69 195 195
11.000336 77 11 11
11.000336 83 175 175
11.000336 86 59 59
11.000336 96 37 37
11.000336 100 170 170
11.000336 102 164 164
11.000336 104 33 33
11.000336 105 159 159
11.000336 106 195 195
11.000336 108 142 142
11.000336 114 160 160
11.000336 115 127 127
11.000336 118 143 143
11.000336 120 26 26
11.000336 123 66 66
11.000336 134 80 80
11.000336 135 159 159
11.000336 149 158 158
11.000336 152 76 76
11.000336 153 3 3
11.000336 154 147 147
11.000336 156 130 130
11.000336 157 95 95
11.000336 159 132 132
11.000336 165 137 137
11.000336 168 169 169
11.000336 175 133 133
11.000336 180 156 156
11.000336 185 206 206
11.000336 190 78 78
11.000336 193 42 42
11.000336 197 144 144
11.000336 203 139 139
11.000336 210 160 160
11.000336 213 132 132
11.000336 214 108 108
11.000336 217 114 114
11.000336 218 183 183
11.000336 219 152 152
12.000366 1 69 69
12.000366 5 130 130
12.000366 8 240 240
12.000366 34 37 37
12.000366 57 83 83
12.000366 61 243 243
12.000366 69 294 294
12.000366 83 246 246
12.000366 86 1 1
12.000366 100 55 55
12.000366 102 204 204
12.000366 105 153 153
12.000366 106 44 44
12.000366 108 178 178
12.000366 114 251 251
12.000366 115 3 3
12.000366 118 174 174
12.000366 135 248 248
12.000366 149 266 266
12.000366 154 134 134
12.000366 156 158 158
12.000366 159 71 71
12.000366 165 234 234
12.000366 168 144 144
12.000366 175 120 120
12.000366 180 248 248
12.000366 185 286 286
12.000366 197 107 107
12.000366 203 215 215
12.000366 210 255 255
12.000366 213 196 196
12.000366 214 179 179
12.000366 217 183 183
12.000366 218 284 284
12.000366 219 241 241
13.000397 1 2 2
13.000397 5 58 58
13.000397 8 302 302
13.000397 34 13 13
13.000397 61 386 386
13.000397 69 234 234
13.000397 83 272 272
13.000397 102 47 47
13.000397 105 32 32
13.000397 108 62 62
13.000397 114 336 336
13.000397 118 70 70
13.000397 135 333 333
13.000397 149 417 417
13.000397 154 4 4
13.000397 156 60 60
13.000397 159 4 4
13.000397 165 345 345
13.000397 168 17 17
13.000397 175 56 56
13.000397 180 372 372
13.000397 185 267 267
13.000397 197 84 84
13.000397 203 328 328
13.000397 210 420 420
13.000397 213 228 228
13.000397 214 271 271
13.000397 217 210 210
13.000397 218 395 395
13.000397 219 392 392
14.000427 5 12 12
14.000427 8 332 332
14.000427 61 600 600
14.000427 69 57 57
14.000427 83 192 192
14.000427 114 281 281
14.000427 118 13 13
14.000427 135 274 274
14.000427 149 522 522
14.000427 156 15 15
14.000427 165 465 465
14.000427 175 53 53
14.000427 180 420 420
14.000427 185 63 63
14.000427 197 40 40
14.000427 203 264 264
14.000427 210 627 627
14.000427 213 233 233
14.000427 214 409 409
14.000427 217 128 128
14.000427 218 366 366
14.000427 219 608 608
15.000458 8 307 307
15.000458 61 779 779
15.000458 69 18 18
15.000458 83 204 204
15.000458 114 191 191
15.000458 135 158 158
15.000458 149 705 705
15.000458 165 565 565
15.000458 175 2 2
15.000458 180 391 391
15.000458 185 36 36
15.000458 203 120 120
15.000458 210 854 854
15.000458 213 138 138
15.000458 214 499 499
15.000458 217 21 21
15.000458 218 243 243
15.000458 219 776 776
16.000488 8 216 216
16.000488 61 852 852
16.000488 83 214 214
16.000488 114 130 130
16.000488 135 89 89
16.000488 149 893 893
16.000488 165 579 579
16.000488 180 410 410
16.000488 185 16 16
16.000488 203 47 47
16.000488 210 999 999
16.000488 213 23 23
16.000488 214 581 581
16.000488 218 107 107
16.000488 219 872 872
17.000519 8 160 160
17.000519 61 831 831
17.000519 83 173 173
17.000519 114 118 118
17.000519 135 23 23
17.000519 149 967 967
17.000519 165 567 567
17.000519 180 482 482
17.000519 203 22 22
17.000519 210 1006 1006
17.000519 214 702 702
17.000519 218 42 42
17.000519 219 856 856
18.000549 8 162 162
18.000549 61 699 699
18.000549 83 136 136
18.000549 114 115 115
18.000549 149 1013 1013
18.000549 165 557 557
18.000549 180 523 523
18.000549 210 1011 1011
18.000549 214 861 861
18.000549 218 16 16
18.000549 219 895 895
19.000580 8 198 198
19.000580 61 602 602
19.000580 83 43 43
19.000580 114 86 86
19.000580 149 991 991
19.000580 165 501 501
19.000580 180 572 572
19.000580 210 1069 1069
19.000580 214 999 999
19.000580 219 909 909
20.000610 8 207 207
20.000610 61 561 561
20.000610 114 55 55
20.000610 149 1014 1014
20.000610 165 372 372
20.000610 180 641 641
20.000610 210 1122 1122
20.000610 214 1139 1139
20.000610 219 915 915
21.000641 8 200 200
21.000641 61 406 406
21.000641 114 15 15
21.000641 149 1121 1121
21.000641 165 227 227
21.000641 180 725 725
21.000641 210 1025 1025
21.000641 214 1258 1258
21.000641 219 985 985
22.000671 8 170 170
22.000671 61 355 355
22.000671 149 1173 1173
22.000671 165 151 151
22.000671 180 741 741
22.000671 210 1014 1014
22.000671 214 1316 1316
22.000671 219 1066 1066
23.000702 8 207 207
23.000702 61 320 320
23.000702 149 1294 1294
23.000702 165 91 91
23.000702 180 746 746
23.000702 210 956 956
23.000702 214 1246 1246
23.000702 219 1126 1126
24.000732 8 219 219
24.000732 61 301 301
24.000732 149 1449 1449
24.000732 165 49 49
24.000732 180 670 670
24.000732 210 896 896
24.000732 214 1202 1202
24.000732 219 1188 1188
25.000763 8 175 175
25.000763 61 259 259
25.000763 149 1626 1626
25.000763 165 39 39
25.000763 180 611 611
25.000763 210 832 832
25.000763 214 1191 1191
25.000763 219 1283 1283
26.000793 8 175 175
26.000793 61 197 197
26.000793 149 1761 1761
26.000793 165 25 25
26.000793 180 568 568
26.000793 210 748 748
26.000793 214 1204 1204
26.000793 219 1312 1312
27.000824 8 208 208
27.000824 61 138 138
27.000824 149 1847 1847
27.000824 165 13 13
27.000824 180 452 452
27.000824 210 738 738
27.000824 214 1265 1265
27.000824 219 1358 1358
28.000854 8 187 187
28.000854 61 113 113
28.000854 149 1968 1968
28.000854 180 383 383
28.000854 210 756 756
28.000854 214 1248 1248
28.000854 219 1404 1404
29.000885 8 147 147
29.000885 61 98 98
29.000885 149 1975 1975
29.000885 180 295 295
29.000885 210 769 769
29.000885 214 1238 1238
29.000885 219 1443 1443
30.000916 8 137 137
30.000916 61 71 71
30.000916 149 2048 2048
30.000916 180 285 285
30.000916 210 750 750
30.000916 214 1208 1208
30.000916 219 1534 1534
31.000946 8 135 135
31.000946 61 64 64
31.000946 149 2157 2157
31.000946 180 277 277
31.000946 210 705 705
31.000946 214 1119 1119
31.000946 219 1547 1547
32.000977 8 91 91
32.000977 61 39 39
32.000977 149 2242 2242
32.000977 180 238 238
32.000977 210 711 711
32.000977 214 1063 1063
32.000977 219 1567 1567
33.001007 8 47 47
33.001007 61 2 2
33.001007 149 2282 2282
33.001007 180 167 167
33.001007 210 760 760
33.001007 214 1086 1086
33.001007 219 1656 1656
34.001038 8 35 35
34.001038 149 2244 2244
34.001038 180 154 154
34.001038 210 847 847
34.001038 214 1072 1072
34.001038 219 1636 1636
35.001068 8 27 27
35.001068 149 2042 2042
35.001068 180 150 150
35.001068 210 972 972
35.001068 214 1132 1132
35.001068 219 1629 1629
35.697845 8 1 1
35.697845 149 2060 2060
35.697845 180 146 146
35.697845 210 1068 1068
35.697845 214 1166 1166
35.697845 219 1667 1667
36.697861 149 2113 2113
36.697861 180 96 96
36.697861 210 1115 1115
36.697861 214 1111 1111
36.697861 219 1752 1752
37.697876 149 2113 2113
37.697876 180 77 77
37.697876 210 1153 1153
37.697876 214 1153 1153
37.697876 219 1763 1763
38.697891 149 2114 2114
38.697891 180 55 55
38.697891 210 1134 1134
38.697891 214 1202 1202
38.697891 219 1765 1765
39.697906 149 2029 2029
39.697906 180 32 32
39.697906 210 1164 1164
39.697906 214 1296 1296
39.697906 219 1772 1772
40.697922 149 1897 1897
40.697922 180 21 21
40.697922 210 1095 1095
40.697922 214 1508 1508
40.697922 219 1767 1767
41.697937 149 1806 1806
41.697937 180 7 7
41.697937 210 1041 1041
41.697937 214 1636 1636
41.697937 219 1848 1848
42.697952 149 1740 1740
42.697952 210 958 958
42.697952 214 1704 1704
42.697952 219 1845 1845
43.697968 149 1604 1604
43.697968 210 951 951
43.697968 214 1890 1890
43.697968 219 1845 1845
44.697983 149 1448 1448
44.697983 210 1011 1011
44.697983 214 1995 1995
44.697983 219 1822 1822
45.697998 149 1290 1290
45.697998 210 1081 1081
45.697998 214 2149 2149
45.697998 219 1752 1752
46.698013 149 1101 1101
46.698013 210 1050 1050
46.698013 214 2451 2451
46.698013 219 1633 1633
47.698029 149 986 986
47.698029 210 1089 1089
47.698029 214 2614 2614
47.698029 219 1617 1617
48.698044 149 895 895
48.698044 210 1177 1177
48.698044 214 2622 2622
48.698044 219 1588 1588
49.698059 149 885 885
49.698059 210 1202 1202
49.698059 214 2621 2621
49.698059 219 1551 1551
50.698074 149 842 842
50.698074 210 1299 1299
50.698074 214 2645 2645
50.698074 219 1532 1532
51.698090 149 952 952
51.698090 210 1307 1307
51.698090 214 2533 2533
51.698090 219 1507 1507
52.698105 149 961 961
52.698105 210 1429 1429
52.698105 214 2415 2415
52.698105 219 1472 1472
53.698120 149 869 869
53.698120 210 1593 1593
53.698120 214 2396 2396
53.698120 219 1411 1411
54.698135 149 946 946
54.698135 210 1669 1669
54.698135 214 2300 2300
54.698135 219 1393 1393
55.698151 149 875 875
55.698151 210 1747 1747
55.698151 214 2363 2363
55.698151 219 1322 1322
56.698166 149 781 781
56.698166 210 1728 1728
56.698166 214 2474 2474
56.698166 219 1306 1306
57.698181 149 771 771
57.698181 210 1654 1654
57.698181 214 2595 2595
57.698181 219 1225 1225
58.698196 149 730 730
58.698196 210 1603 1603
58.698196 214 2719 2719
58.698196 219 1203 1203
59.698212 149 784 784
59.698212 210 1580 1580
59.698212 214 2748 2748
59.698212 219 1193 1193
60.698227 149 815 815
60.698227 210 1568 1568
60.698227 214 2662 2662
60.698227 219 1239 1239
61.698242 149 733 733
61.698242 210 1601 1601
61.698242 214 2626 2626
61.698242 219 1279 1279
62.698257 149 626 626
62.698257 210 1696 1696
62.698257 214 2681 2681
62.698257 219 1291 1291
63.698273 149 474 474
63.698273 210 1766 1766
63.698273 214 2674 2674
63.698273 219 1375 1375
64.698288 149 374 374
64.698288 210 1804 1804
64.698288 214 2624 2624
64.698288 219 1413 1413
65.698303 149 374 374
65.698303 210 1853 1853
65.698303 214 2797 2797
65.698303 219 1321 1321
66.698318 149 311 311
66.698318 210 1885 1885
66.698318 214 2961 2961
66.698318 219 1142 1142
67.698334 149 322 322
67.698334 210 1909 1909
67.698334 214 2939 2939
67.698334 219 1064 1064
68.698349 149 296 296
68.698349 210 1994 1994
68.698349 214 2898 2898
68.698349 219 1132 1132
69.698364 149 260 260
69.698364 210 2007 2007
69.698364 214 2879 2879
69.698364 219 1149 1149
70.698380 149 166 166
70.698380 210 2018 2018
70.698380 214 2852 2852
70.698380 219 1211 1211
71.698395 149 101 101
71.698395 210 2039 2039
71.698395 214 2903 2903
71.698395 219 1288 1288
