0.000000 0 1 1
0.000000 1 1 1
0.000000 2 1 1
0.000000 3 1 1
0.000000 4 1 1
0.000000 5 1 1
0.000000 6 1 1
0.000000 7 1 1
0.000000 8 1 1
0.000000 9 1 1
0.000000 10 1 1
0.000000 11 1 1
0.000000 12 1 1
0.000000 13 1 1
0.000000 14 1 1
0.000000 15 1 1
0.000000 16 1 1
0.000000 17 1 1
0.000000 18 1 1
0.000000 19 1 1
0.000000 20 1 1
0.000000 21 1 1
0.000000 22 1 1
0.000000 23 1 1
0.000000 24 1 1
0.000000 26 1 1
0.000000 28 1 1
0.000000 29 1 1
0.000000 30 1 1
0.000000 31 1 1
0.000000 32 1 1
0.000000 34 1 1
0.000000 35 1 1
0.000000 36 1 1
0.000000 37 1 1
0.000000 38 1 1
0.000000 39 1 1
0.000000 40 1 1
0.000000 41 1 1
0.000000 42 1 1
0.000000 43 1 1
0.000000 44 1 1
0.000000 45 1 1
0.000000 46 1 1
0.000000 48 1 1
0.000000 49 1 1
0.000000 50 1 1
0.000000 51 1 1
0.000000 52 1 1
0.000000 53 1 1
0.000000 54 1 1
0.000000 55 1 1
0.000000 56 1 1
0.000000 57 1 1
0.000000 58 1 1
0.000000 59 1 1
0.000000 60 1 1
0.000000 61 1 1
0.000000 62 1 1
0.000000 63 1 1
0.000000 64 1 1
0.000000 65 1 1
0.000000 66 1 1
0.000000 67 1 1
0.000000 68 1 1
0.000000 69 1 1
0.000000 70 1 1
0.000000 71 1 1
0.000000 72 1 1
0.000000 73 1 1
0.000000 74 1 1
0.000000 75 1 1
0.000000 76 1 1
0.000000 77 1 1
0.000000 78 1 1
0.000000 79 1 1
0.000000 80 1 1
0.000000 81 1 1
0.000000 82 1 1
0.000000 83 1 1
0.000000 84 1 1
0.000000 85 1 1
0.000000 87 1 1
0.000000 88 1 1
0.000000 89 1 1
0.000000 90 1 1
0.000000 91 1 1
0.000000 92 1 1
0.000000 93 1 1
0.000000 94 1 1
0.000000 95 1 1
0.000000 96 1 1
0.000000 97 1 1
0.000000 98 1 1
0.000000 99 1 1
0.000000 100 1 1
0.000000 101 1 1
0.000000 102 1 1
0.000000 103 1 1
0.000000 104 1 1
0.000000 107 1 1
0.000000 109 1 1
0.000000 110 1 1
0.000000 111 1 1
0.000000 112 1 1
0.000000 113 1 1
0.000000 114 1 1
0.000000 115 1 1
0.000000 116 1 1
0.000000 117 1 1
0.000000 118 1 1
0.000000 119 1 1
0.000000 121 1 1
0.000000 122 1 1
0.000000 123 1 1
0.000000 124 1 1
0.000000 125 1 1
0.000000 126 1 1
0.000000 127 1 1
0.000000 128 1 1
0.000000 129 1 1
0.000000 130 1 1
0.000000 131 1 1
0.000000 132 1 1
0.000000 133 1 1
0.000000 134 1 1
0.000000 135 1 1
0.000000 136 1 1
0.000000 137 1 1
0.000000 138 1 1
0.000000 139 1 1
0.000000 140 1 1
0.000000 141 1 1
0.000000 142 1 1
0.000000 143 1 1
0.000000 144 1 1
0.000000 145 1 1
0.000000 146 1 1
0.000000 147 1 1
0.000000 148 1 1
0.000000 149 1 1
0.000000 150 1 1
0.000000 151 1 1
0.000000 152 1 1
0.000000 153 1 1
0.000000 154 1 1
0.000000 157 1 1
0.000000 158 1 1
0.000000 159 1 1
0.000000 160 1 1
0.000000 161 1 1
0.000000 163 1 1
0.000000 164 1 1
0.000000 165 1 1
0.000000 166 1 1
0.000000 167 1 1
0.000000 168 1 1
0.000000 169 1 1
0.000000 170 1 1
0.000000 171 1 1
0.000000 172 1 1
0.000000 173 1 1
0.000000 174 1 1
0.000000 175 1 1
0.000000 176 1 1
0.000000 177 1 1
0.000000 178 1 1
0.000000 179 1 1
0.000000 180 1 1
0.000000 181 1 1
0.000000 182 1 1
0.000000 183 1 1
0.000000 184 1 1
0.000000 185 1 1
0.000000 186 1 1
0.000000 187 1 1
0.000000 188 1 1
0.000000 189 1 1
0.000000 190 1 1
0.000000 191 1 1
0.000000 192 1 1
0.000000 193 1 1
0.000000 194 1 1
0.000000 195 1 1
0.000000 196 1 1
0.000000 197 1 1
0.000000 198 1 1
0.000000 199 1 1
0.000000 200 1 1
0.000000 201 1 1
0.000000 202 1 1
0.000000 203 1 1
0.000000 205 1 1
0.000000 206 1 1
0.000000 207 1 1
0.000000 208 1 1
0.000000 209 1 1
0.000000 210 1 1
0.000000 211 1 1
0.000000 212 1 1
0.000000 213 1 1
0.000000 215 1 1
0.000000 216 1 1
0.000000 218 1 1
0.000000 219 1 1
1.000031 0 2 2
1.000031 1 2 2
1.000031 2 1 1
1.000031 3 2 2
1.000031 4 1 1
1.000031 5 2 2
1.000031 6 1 1
1.000031 7 2 2
1.000031 8 1 1
1.000031 9 1 1
1.000031 10 2 2
1.000031 11 2 2
1.000031 12 2 2
1.000031 13 1 1
1.000031 14 1 1
1.000031 15 1 1
1.000031 16 1 1
1.000031 17 2 2
1.000031 18 2 2
1.000031 19 1 1
1.000031 20 2 2
1.000031 21 2 2
1.000031 22 2 2
1.000031 23 1 1
1.000031 24 1 1
1.000031 26 1 1
1.000031 28 2 2
1.000031 29 1 1
1.000031 30 2 2
1.000031 31 2 2
1.000031 32 2 2
1.000031 34 1 1
1.000031 35 1 1
1.000031 36 1 1
1.000031 37 1 1
1.000031 38 2 2
1.000031 39 1 1
1.000031 40 1 1
1.000031 41 1 1
1.000031 42 2 2
1.000031 43 2 2
1.000031 44 2 2
1.000031 45 1 1
1.000031 46 2 2
1.000031 48 2 2
1.000031 49 1 1
1.000031 50 1 1
1.000031 51 2 2
1.000031 52 1 1
1.000031 53 1 1
1.000031 54 2 2
1.000031 55 1 1
1.000031 56 1 1
1.000031 57 2 2
1.000031 58 1 1
1.000031 59 2 2
1.000031 60 2 2
1.000031 61 2 2
1.000031 62 1 1
1.000031 63 2 2
1.000031 64 2 2
1.000031 65 1 1
1.000031 66 2 2
1.000031 67 1 1
1.000031 68 1 1
1.000031 69 2 2
1.000031 70 1 1
1.000031 71 2 2
1.000031 72 2 2
1.000031 73 1 1
1.000031 74 1 1
1.000031 75 2 2
1.000031 76 1 1
1.000031 77 2 2
1.000031 78 2 2
1.000031 79 1 1
1.000031 80 2 2
1.000031 81 2 2
1.000031 82 2 2
1.000031 83 1 1
1.000031 84 2 2
1.000031 85 2 2
1.000031 87 1 1
1.000031 88 2 2
1.000031 89 1 1
1.000031 90 1 1
1.000031 91 1 1
1.000031 92 1 1
1.000031 93 1 1
1.000031 94 2 2
1.000031 95 1 1
1.000031 96 1 1
1.000031 97 2 2
1.000031 98 2 2
1.000031 99 1 1
1.000031 100 1 1
1.000031 101 2 2
1.000031 102 2 2
1.000031 103 1 1
1.000031 104 2 2
1.000031 107 2 2
1.000031 109 1 1
1.000031 110 2 2
1.000031 111 2 2
1.000031 112 2 2
1.000031 113 1 1
1.000031 114 1 1
1.000031 115 2 2
1.000031 116 1 1
1.000031 117 1 1
1.000031 118 1 1
1.000031 119 1 1
1.000031 121 1 1
1.000031 122 1 1
1.000031 123 2 2
1.000031 124 2 2
1.000031 125 1 1
1.000031 126 2 2
1.000031 127 2 2
1.000031 128 1 1
1.000031 129 2 2
1.000031 130 2 2
1.000031 131 1 1
1.000031 132 2 2
1.000031 133 1 1
1.000031 134 1 1
1.000031 135 2 2
1.000031 136 1 1
1.000031 137 1 1
1.000031 138 2 2
1.000031 139 1 1
1.000031 140 1 1
1.000031 141 1 1
1.000031 142 2 2
1.000031 143 2 2
1.000031 144 1 1
1.000031 145 1 1
1.000031 146 2 2
1.000031 147 2 2
1.000031 148 1 1
1.000031 149 1 1
1.000031 150 1 1
1.000031 152 2 2
1.000031 153 1 1
1.000031 154 2 2
1.000031 157 1 1
1.000031 158 1 1
1.000031 159 2 2
1.000031 160 1 1
1.000031 161 1 1
1.000031 163 1 1
1.000031 164 1 1
1.000031 165 2 2
1.000031 166 1 1
1.000031 167 2 2
1.000031 168 1 1
1.000031 169 2 2
1.000031 170 2 2
1.000031 171 1 1
1.000031 172 1 1
1.000031 173 1 1
1.000031 174 2 2
1.000031 175 2 2
1.000031 176 1 1
1.000031 177 2 2
1.000031 178 1 1
1.000031 179 1 1
1.000031 180 1 1
1.000031 181 2 2
1.000031 182 2 2
1.000031 183 1 1
1.000031 184 1 1
1.000031 185 2 2
1.000031 186 2 2
1.000031 187 1 1
1.000031 188 2 2
1.000031 189 2 2
1.000031 190 2 2
1.000031 191 2 2
1.000031 192 1 1
1.000031 193 1 1
1.000031 194 1 1
1.000031 195 2 2
1.000031 196 1 1
1.000031 197 1 1
1.000031 198 1 1
1.000031 199 2 2
1.000031 200 2 2
1.000031 201 1 1
1.000031 202 2 2
1.000031 203 2 2
1.000031 205 2 2
1.000031 206 2 2
1.000031 207 1 1
1.000031 208 2 2
1.000031 209 1 1
1.000031 210 1 1
1.000031 211 1 1
1.000031 212 2 2
1.000031 213 1 1
1.000031 215 1 1
1.000031 216 1 1
1.000031 218 2 2
1.000031 219 1 1
2.000061 0 2 2
2.000061 1 3 3
2.000061 2 2 2
2.000061 3 2 2
2.000061 4 2 2
2.000061 5 2 2
2.000061 6 2 2
2.000061 7 3 3
2.000061 8 2 2
2.000061 9 2 2
2.000061 10 2 2
2.000061 11 2 2
2.000061 12 2 2
2.000061 13 2 2
2.000061 14 2 2
2.000061 15 2 2
2.000061 16 2 2
2.000061 17 2 2
2.000061 18 1 1
2.000061 19 2 2
2.000061 20 2 2
2.000061 21 2 2
2.000061 22 2 2
2.000061 23 2 2
2.000061 24 2 2
2.000061 26 2 2
2.000061 28 2 2
2.000061 29 2 2
2.000061 30 3 3
2.000061 31 2 2
2.000061 32 2 2
2.000061 34 2 2
2.000061 35 2 2
2.000061 36 2 2
2.000061 37 2 2
2.000061 38 2 2
2.000061 39 2 2
2.000061 40 2 2
2.000061 41 2 2
2.000061 42 3 3
2.000061 43 2 2
2.000061 44 2 2
2.000061 45 2 2
2.000061 46 2 2
2.000061 48 2 2
2.000061 49 2 2
2.000061 50 2 2
2.000061 51 2 2
2.000061 52 2 2
2.000061 53 2 2
2.000061 54 2 2
2.000061 55 2 2
2.000061 56 2 2
2.000061 57 2 2
2.000061 58 2 2
2.000061 59 2 2
2.000061 60 2 2
2.000061 61 3 3
2.000061 62 2 2
2.000061 63 2 2
2.000061 64 2 2
2.000061 65 2 2
2.000061 66 2 2
2.000061 67 2 2
2.000061 68 2 2
2.000061 69 2 2
2.000061 70 2 2
2.000061 71 2 2
2.000061 72 2 2
2.000061 73 2 2
2.000061 74 2 2
2.000061 75 2 2
2.000061 76 2 2
2.000061 77 2 2
2.000061 78 3 3
2.000061 79 2 2
2.000061 80 2 2
2.000061 81 3 3
2.000061 82 2 2
2.000061 83 2 2
2.000061 84 2 2
2.000061 85 2 2
2.000061 87 2 2
2.000061 88 2 2
2.000061 89 2 2
2.000061 90 2 2
2.000061 91 2 2
2.000061 92 2 2
2.000061 93 2 2
2.000061 94 2 2
2.000061 95 2 2
2.000061 96 2 2
2.000061 97 2 2
2.000061 98 2 2
2.000061 99 2 2
2.000061 100 2 2
2.000061 101 2 2
2.000061 102 2 2
2.000061 103 2 2
2.000061 104 2 2
2.000061 107 2 2
2.000061 109 2 2
2.000061 110 2 2
2.000061 111 2 2
2.000061 112 2 2
2.000061 113 2 2
2.000061 114 2 2
2.000061 115 3 3
2.000061 116 2 2
2.000061 117 2 2
2.000061 118 2 2
2.000061 119 2 2
2.000061 121 2 2
2.000061 122 2 2
2.000061 123 2 2
2.000061 124 2 2
2.000061 125 2 2
2.000061 126 2 2
2.000061 127 2 2
2.000061 128 2 2
2.000061 129 2 2
2.000061 130 2 2
2.000061 131 3 3
2.000061 132 2 2
2.000061 133 1 1
2.000061 134 2 2
2.000061 135 3 3
2.000061 136 3 3
2.000061 137 2 2
2.000061 138 2 2
2.000061 139 2 2
2.000061 140 2 2
2.000061 141 2 2
2.000061 142 2 2
2.000061 143 2 2
2.000061 144 2 2
2.000061 145 2 2
2.000061 146 2 2
2.000061 147 2 2
2.000061 148 2 2
2.000061 149 2 2
2.000061 150 2 2
2.000061 152 2 2
2.000061 153 2 2
2.000061 154 3 3
2.000061 157 2 2
2.000061 158 2 2
2.000061 159 2 2
2.000061 160 2 2
2.000061 161 2 2
2.000061 163 2 2
2.000061 164 2 2
2.000061 165 3 3
2.000061 166 2 2
2.000061 167 3 3
2.000061 168 2 2
2.000061 169 2 2
2.000061 170 2 2
2.000061 171 2 2
2.000061 172 2 2
2.000061 173 2 2
2.000061 174 2 2
2.000061 175 2 2
2.000061 176 2 2
2.000061 177 2 2
2.000061 178 2 2
2.000061 179 2 2
2.000061 180 2 2
2.000061 181 3 3
2.000061 182 2 2
2.000061 183 2 2
2.000061 184 2 2
2.000061 185 2 2
2.000061 186 3 3
2.000061 187 2 2
2.000061 188 2 2
2.000061 189 2 2
2.000061 190 2 2
2.000061 191 2 2
2.000061 192 2 2
2.000061 193 3 3
2.000061 194 2 2
2.000061 195 2 2
2.000061 196 2 2
2.000061 197 2 2
2.000061 198 2 2
2.000061 199 2 2
2.000061 200 2 2
2.000061 201 2 2
2.000061 202 2 2
2.000061 203 3 3
2.000061 205 3 3
2.000061 206 3 3
2.000061 207 2 2
2.000061 208 2 2
2.000061 209 2 2
2.000061 210 2 2
2.000061 211 2 2
2.000061 212 2 2
2.000061 213 2 2
2.000061 215 2 2
2.000061 216 2 2
2.000061 218 2 2
2.000061 219 2 2
3.000092 0 4 4
3.000092 1 4 4
3.000092 2 4 4
3.000092 3 4 4
3.000092 4 2 2
3.000092 5 4 4
3.000092 6 4 4
3.000092 7 4 4
3.000092 8 4 4
3.000092 9 4 4
3.000092 10 4 4
3.000092 11 4 4
3.000092 12 4 4
3.000092 13 4 4
3.000092 14 4 4
3.000092 15 2 2
3.000092 16 3 3
3.000092 17 4 4
3.000092 18 2 2
3.000092 19 4 4
3.000092 20 4 4
3.000092 21 4 4
3.000092 22 4 4
3.000092 23 4 4
3.000092 24 3 3
3.000092 26 4 4
3.000092 28 4 4
3.000092 29 4 4
3.000092 30 4 4
3.000092 31 3 3
3.000092 32 4 4
3.000092 34 4 4
3.000092 35 4 4
3.000092 36 3 3
3.000092 37 3 3
3.000092 38 4 4
3.000092 39 4 4
3.000092 40 4 4
3.000092 41 4 4
3.000092 42 4 4
3.000092 43 4 4
3.000092 44 4 4
3.000092 45 4 4
3.000092 46 4 4
3.000092 48 4 4
3.000092 49 4 4
3.000092 50 3 3
3.000092 51 4 4
3.000092 52 3 3
3.000092 53 3 3
3.000092 54 4 4
3.000092 55 4 4
3.000092 56 4 4
3.000092 57 4 4
3.000092 58 4 4
3.000092 59 4 4
3.000092 60 4 4
3.000092 61 4 4
3.000092 62 4 4
3.000092 63 3 3
3.000092 64 4 4
3.000092 65 4 4
3.000092 66 4 4
3.000092 67 3 3
3.000092 68 3 3
3.000092 69 4 4
3.000092 70 4 4
3.000092 71 4 4
3.000092 72 4 4
3.000092 73 3 3
3.000092 74 3 3
3.000092 75 4 4
3.000092 76 4 4
3.000092 77 4 4
3.000092 78 4 4
3.000092 79 4 4
3.000092 80 4 4
3.000092 81 4 4
3.000092 82 3 3
3.000092 83 4 4
3.000092 84 4 4
3.000092 85 4 4
3.000092 87 4 4
3.000092 88 4 4
3.000092 89 2 2
3.000092 90 4 4
3.000092 91 4 4
3.000092 92 4 4
3.000092 93 4 4
3.000092 94 4 4
3.000092 95 4 4
3.000092 96 3 3
3.000092 97 4 4
3.000092 98 4 4
3.000092 99 3 3
3.000092 100 4 4
3.000092 101 4 4
3.000092 102 4 4
3.000092 103 4 4
3.000092 104 4 4
3.000092 107 4 4
3.000092 109 4 4
3.000092 110 4 4
3.000092 111 4 4
3.000092 112 4 4
3.000092 113 4 4
3.000092 114 4 4
3.000092 115 3 3
3.000092 116 3 3
3.000092 117 3 3
3.000092 118 4 4
3.000092 119 4 4
3.000092 121 4 4
3.000092 122 4 4
3.000092 123 4 4
3.000092 124 4 4
3.000092 125 4 4
3.000092 126 4 4
3.000092 127 4 4
3.000092 128 3 3
3.000092 129 4 4
3.000092 130 4 4
3.000092 131 4 4
3.000092 132 4 4
3.000092 133 2 2
3.000092 134 4 4
3.000092 135 4 4
3.000092 136 4 4
3.000092 137 4 4
3.000092 138 4 4
3.000092 139 4 4
3.000092 140 4 4
3.000092 141 4 4
3.000092 142 4 4
3.000092 143 4 4
3.000092 144 4 4
3.000092 145 4 4
3.000092 146 4 4
3.000092 147 4 4
3.000092 148 4 4
3.000092 149 4 4
3.000092 150 4 4
3.000092 152 4 4
3.000092 153 4 4
3.000092 154 4 4
3.000092 157 3 3
3.000092 158 4 4
3.000092 159 4 4
3.000092 160 4 4
3.000092 161 4 4
3.000092 163 4 4
3.000092 164 3 3
3.000092 165 5 5
3.000092 166 4 4
3.000092 167 4 4
3.000092 168 5 5
3.000092 169 4 4
3.000092 170 4 4
3.000092 171 4 4
3.000092 172 3 3
3.000092 173 4 4
3.000092 174 4 4
3.000092 175 4 4
3.000092 176 4 4
3.000092 177 4 4
3.000092 178 4 4
3.000092 179 4 4
3.000092 180 4 4
3.000092 181 6 6
3.000092 182 4 4
3.000092 183 3 3
3.000092 184 4 4
3.000092 185 3 3
3.000092 186 4 4
3.000092 187 4 4
3.000092 188 4 4
3.000092 189 4 4
3.000092 190 4 4
3.000092 191 4 4
3.000092 192 4 4
3.000092 193 4 4
3.000092 194 4 4
3.000092 195 4 4
3.000092 196 4 4
3.000092 197 3 3
3.000092 198 4 4
3.000092 199 4 4
3.000092 200 4 4
3.000092 201 4 4
3.000092 202 3 3
3.000092 203 4 4
3.000092 205 4 4
3.000092 206 5 5
3.000092 207 4 4
3.000092 208 4 4
3.000092 209 3 3
3.000092 210 3 3
3.000092 211 4 4
3.000092 212 4 4
3.000092 213 3 3
3.000092 215 4 4
3.000092 216 4 4
3.000092 218 4 4
3.000092 219 4 4
4.000122 0 7 7
4.000122 1 8 8
4.000122 2 7 7
4.000122 3 8 8
4.000122 4 4 4
4.000122 5 6 6
4.000122 6 4 4
4.000122 7 7 7
4.000122 8 6 6
4.000122 9 6 6
4.000122 10 6 6
4.000122 11 6 6
4.000122 12 7 7
4.000122 13 5 5
4.000122 14 6 6
4.000122 15 5 5
4.000122 16 4 4
4.000122 17 7 7
4.000122 18 4 4
4.000122 19 5 5
4.000122 20 6 6
4.000122 21 5 5
4.000122 22 6 6
4.000122 23 5 5
4.000122 24 6 6
4.000122 26 5 5
4.000122 28 8 8
4.000122 29 5 5
4.000122 30 6 6
4.000122 31 6 6
4.000122 32 7 7
4.000122 34 5 5
4.000122 35 5 5
4.000122 36 5 5
4.000122 37 5 5
4.000122 38 6 6
4.000122 39 4 4
4.000122 40 6 6
4.000122 41 7 7
4.000122 42 7 7
4.000122 43 6 6
4.000122 44 5 5
4.000122 45 6 6
4.000122 46 6 6
4.000122 48 8 8
4.000122 49 5 5
4.000122 50 5 5
4.000122 51 6 6
4.000122 52 6 6
4.000122 53 7 7
4.000122 54 6 6
4.000122 55 5 5
4.000122 56 5 5
4.000122 57 8 8
4.000122 58 7 7
4.000122 59 7 7
4.000122 60 6 6
4.000122 61 8 8
4.000122 62 6 6
4.000122 63 6 6
4.000122 64 5 5
4.000122 65 4 4
4.000122 66 6 6
4.000122 67 4 4
4.000122 68 6 6
4.000122 69 7 7
4.000122 70 6 6
4.000122 71 6 6
4.000122 72 8 8
4.000122 73 4 4
4.000122 74 4 4
4.000122 75 7 7
4.000122 76 7 7
4.000122 77 5 5
4.000122 78 7 7
4.000122 79 4 4
4.000122 80 5 5
4.000122 81 5 5
4.000122 82 6 6
4.000122 83 4 4
4.000122 84 8 8
4.000122 85 7 7
4.000122 87 4 4
4.000122 88 7 7
4.000122 89 4 4
4.000122 90 6 6
4.000122 91 6 6
4.000122 92 8 8
4.000122 93 6 6
4.000122 94 6 6
4.000122 95 5 5
4.000122 96 4 4
4.000122 97 6 6
4.000122 98 6 6
4.000122 99 4 4
4.000122 100 6 6
4.000122 101 8 8
4.000122 102 7 7
4.000122 103 7 7
4.000122 104 8 8
4.000122 107 8 8
4.000122 109 6 6
4.000122 110 7 7
4.000122 111 5 5
4.000122 112 7 7
4.000122 113 7 7
4.000122 114 5 5
4.000122 115 5 5
4.000122 116 5 5
4.000122 117 5 5
4.000122 118 5 5
4.000122 119 5 5
4.000122 121 5 5
4.000122 122 5 5
4.000122 123 5 5
4.000122 124 6 6
4.000122 125 4 4
4.000122 126 7 7
4.000122 127 8 8
4.000122 128 6 6
4.000122 129 6 6
4.000122 130 6 6
4.000122 131 6 6
4.000122 132 6 6
4.000122 133 2 2
4.000122 134 6 6
4.000122 135 8 8
4.000122 136 6 6
4.000122 137 5 5
4.000122 138 6 6
4.000122 139 7 7
4.000122 140 5 5
4.000122 141 4 4
4.000122 142 8 8
4.000122 143 6 6
4.000122 144 5 5
4.000122 145 6 6
4.000122 146 6 6
4.000122 147 6 6
4.000122 148 4 4
4.000122 149 5 5
4.000122 150 6 6
4.000122 152 6 6
4.000122 153 5 5
4.000122 154 8 8
4.000122 157 4 4
4.000122 158 6 6
4.000122 159 7 7
4.000122 160 6 6
4.000122 161 6 6
4.000122 163 7 7
4.000122 164 4 4
4.000122 165 7 7
4.000122 166 6 6
4.000122 167 7 7
4.000122 168 7 7
4.000122 169 8 8
4.000122 170 7 7
4.000122 171 7 7
4.000122 172 5 5
4.000122 173 4 4
4.000122 174 7 7
4.000122 175 7 7
4.000122 176 7 7
4.000122 177 6 6
4.000122 178 5 5
4.000122 179 6 6
4.000122 180 5 5
4.000122 181 7 7
4.000122 182 5 5
4.000122 183 5 5
4.000122 184 6 6
4.000122 185 4 4
4.000122 186 6 6
4.000122 187 6 6
4.000122 188 7 7
4.000122 189 8 8
4.000122 190 5 5
4.000122 191 6 6
4.000122 192 5 5
4.000122 193 6 6
4.000122 194 4 4
4.000122 195 8 8
4.000122 196 8 8
4.000122 197 4 4
4.000122 198 7 7
4.000122 199 6 6
4.000122 200 7 7
4.000122 201 6 6
4.000122 202 5 5
4.000122 203 7 7
4.000122 205 7 7
4.000122 206 7 7
4.000122 207 6 6
4.000122 208 6 6
4.000122 209 6 6
4.000122 210 4 4
4.000122 211 7 7
4.000122 212 6 6
4.000122 213 5 5
4.000122 215 4 4
4.000122 216 5 5
4.000122 218 4 4
4.000122 219 6 6
5.000153 0 8 8
5.000153 1 11 11
5.000153 2 9 9
5.000153 3 9 9
5.000153 4 7 7
5.000153 5 8 8
5.000153 6 8 8
5.000153 7 10 10
5.000153 8 9 9
5.000153 9 8 8
5.000153 10 12 12
5.000153 11 9 9
5.000153 12 9 9
5.000153 13 8 8
5.000153 14 9 9
5.000153 15 6 6
5.000153 16 8 8
5.000153 17 10 10
5.000153 18 3 3
5.000153 19 9 9
5.000153 20 11 11
5.000153 21 10 10
5.000153 22 10 10
5.000153 23 8 8
5.000153 24 8 8
5.000153 26 9 9
5.000153 28 10 10
5.000153 29 10 10
5.000153 30 9 9
5.000153 31 8 8
5.000153 32 10 10
5.000153 34 8 8
5.000153 35 8 8
5.000153 36 8 8
5.000153 37 8 8
5.000153 38 9 9
5.000153 39 8 8
5.000153 40 8 8
5.000153 41 10 10
5.000153 42 11 11
5.000153 43 9 9
5.000153 44 9 9
5.000153 45 8 8
5.000153 46 8 8
5.000153 48 9 9
5.000153 49 9 9
5.000153 50 9 9
5.000153 51 11 11
5.000153 52 7 7
5.000153 53 9 9
5.000153 54 8 8
5.000153 55 9 9
5.000153 56 8 8
5.000153 57 8 8
5.000153 58 8 8
5.000153 59 9 9
5.000153 60 8 8
5.000153 61 11 11
5.000153 62 9 9
5.000153 63 9 9
5.000153 64 9 9
5.000153 65 8 8
5.000153 66 8 8
5.000153 67 8 8
5.000153 68 10 10
5.000153 69 10 10
5.000153 70 8 8
5.000153 71 9 9
5.000153 72 9 9
5.000153 73 8 8
5.000153 74 7 7
5.000153 75 10 10
5.000153 76 9 9
5.000153 77 8 8
5.000153 78 12 12
5.000153 79 8 8
5.000153 80 9 9
5.000153 81 10 10
5.000153 82 8 8
5.000153 83 8 8
5.000153 84 15 15
5.000153 85 9 9
5.000153 87 7 7
5.000153 88 10 10
5.000153 89 8 8
5.000153 90 10 10
5.000153 91 9 9
5.000153 92 10 10
5.000153 93 11 11
5.000153 94 9 9
5.000153 95 8 8
5.000153 96 8 8
5.000153 97 8 8
5.000153 98 8 8
5.000153 99 7 7
5.000153 100 11 11
5.000153 101 12 12
5.000153 102 11 11
5.000153 103 9 9
5.000153 104 10 10
5.000153 107 13 13
5.000153 109 8 8
5.000153 110 8 8
5.000153 111 8 8
5.000153 112 9 9
5.000153 113 8 8
5.000153 114 9 9
5.000153 115 10 10
5.000153 116 9 9
5.000153 117 9 9
5.000153 118 9 9
5.000153 119 8 8
5.000153 121 8 8
5.000153 122 9 9
5.000153 123 10 10
5.000153 124 11 11
5.000153 125 8 8
5.000153 126 8 8
5.000153 127 11 11
5.000153 128 8 8
5.000153 129 10 10
5.000153 130 9 9
5.000153 131 10 10
5.000153 132 8 8
5.000153 133 2 2
5.000153 134 8 8
5.000153 135 11 11
5.000153 136 10 10
5.000153 137 9 9
5.000153 138 8 8
5.000153 139 8 8
5.000153 140 8 8
5.000153 141 8 8
5.000153 142 9 9
5.000153 143 11 11
5.000153 144 8 8
5.000153 145 12 12
5.000153 146 9 9
5.000153 147 8 8
5.000153 148 8 8
5.000153 149 9 9
5.000153 150 11 11
5.000153 152 8 8
5.000153 153 9 9
5.000153 154 11 11
5.000153 157 8 8
5.000153 158 8 8
5.000153 159 8 8
5.000153 160 8 8
5.000153 161 10 10
5.000153 163 9 9
5.000153 164 8 8
5.000153 165 11 11
5.000153 166 8 8
5.000153 167 10 10
5.000153 168 11 11
5.000153 169 10 10
5.000153 170 9 9
5.000153 171 10 10
5.000153 172 9 9
5.000153 173 8 8
5.000153 174 9 9
5.000153 175 9 9
5.000153 176 10 10
5.000153 177 9 9
5.000153 178 8 8
5.000153 179 10 10
5.000153 180 8 8
5.000153 181 12 12
5.000153 182 8 8
5.000153 183 8 8
5.000153 184 9 9
5.000153 185 8 8
5.000153 186 10 10
5.000153 187 8 8
5.000153 188 9 9
5.000153 189 11 11
5.000153 190 9 9
5.000153 191 10 10
5.000153 192 8 8
5.000153 193 10 10
5.000153 194 8 8
5.000153 195 10 10
5.000153 196 11 11
5.000153 197 8 8
5.000153 198 9 9
5.000153 199 10 10
5.000153 200 11 11
5.000153 201 10 10
5.000153 202 8 8
5.000153 203 10 10
5.000153 205 10 10
5.000153 206 10 10
5.000153 207 10 10
5.000153 208 12 12
5.000153 209 8 8
5.000153 210 8 8
5.000153 211 10 10
5.000153 212 8 8
5.000153 213 9 9
5.000153 215 8 8
5.000153 216 8 8
5.000153 218 8 8
5.000153 219 9 9
6.000183 0 14 14
6.000183 1 18 18
6.000183 2 15 15
6.000183 3 17 17
6.000183 4 10 10
6.000183 5 15 15
6.000183 6 12 12
6.000183 7 16 16
6.000183 8 17 17
6.000183 9 12 12
6.000183 10 19 19
6.000183 11 16 16
6.000183 12 15 15
6.000183 13 16 16
6.000183 14 16 16
6.000183 15 11 11
6.000183 16 15 15
6.000183 17 18 18
6.000183 18 5 5
6.000183 19 15 15
6.000183 20 15 15
6.000183 21 16 16
6.000183 22 16 16
6.000183 23 16 16
6.000183 24 14 14
6.000183 26 15 15
6.000183 28 18 18
6.000183 29 14 14
6.000183 30 17 17
6.000183 31 15 15
6.000183 32 17 17
6.000183 34 14 14
6.000183 35 15 15
6.000183 36 13 13
6.000183 37 11 11
6.000183 38 16 16
6.000183 39 12 12
6.000183 40 16 16
6.000183 41 17 17
6.000183 42 18 18
6.000183 43 13 13
6.000183 44 16 16
6.000183 45 14 14
6.000183 46 17 17
6.000183 48 17 17
6.000183 49 16 16
6.000183 50 13 13
6.000183 51 17 17
6.000183 52 11 11
6.000183 53 15 15
6.000183 54 14 14
6.000183 55 13 13
6.000183 56 14 14
6.000183 57 16 16
6.000183 58 14 14
6.000183 59 16 16
6.000183 60 15 15
6.000183 61 18 18
6.000183 62 16 16
6.000183 63 13 13
6.000183 64 13 13
6.000183 65 12 12
6.000183 66 15 15
6.000183 67 10 10
6.000183 68 15 15
6.000183 69 16 16
6.000183 70 16 16
6.000183 71 15 15
6.000183 72 11 11
6.000183 73 15 15
6.000183 74 12 12
6.000183 75 18 18
6.000183 76 16 16
6.000183 77 15 15
6.000183 78 18 18
6.000183 79 15 15
6.000183 80 14 14
6.000183 81 15 15
6.000183 82 14 14
6.000183 83 14 14
6.000183 84 22 22
6.000183 85 17 17
6.000183 87 12 12
6.000183 88 17 17
6.000183 89 12 12
6.000183 90 15 15
6.000183 91 15 15
6.000183 92 16 16
6.000183 93 16 16
6.000183 94 16 16
6.000183 95 12 12
6.000183 96 12 12
6.000183 97 16 16
6.000183 98 16 16
6.000183 99 15 15
6.000183 100 16 16
6.000183 101 17 17
6.000183 102 17 17
6.000183 103 17 17
6.000183 104 16 16
6.000183 107 16 16
6.000183 109 14 14
6.000183 110 14 14
6.000183 111 15 15
6.000183 112 16 16
6.000183 113 15 15
6.000183 114 14 14
6.000183 115 15 15
6.000183 116 11 11
6.000183 117 15 15
6.000183 118 17 17
6.000183 119 13 13
6.000183 121 13 13
6.000183 122 16 16
6.000183 123 13 13
6.000183 124 17 17
6.000183 125 13 13
6.000183 126 15 15
6.000183 127 18 18
6.000183 128 12 12
6.000183 129 15 15
6.000183 130 16 16
6.000183 131 16 16
6.000183 132 15 15
6.000183 133 3 3
6.000183 134 15 15
6.000183 135 18 18
6.000183 136 18 18
6.000183 137 15 15
6.000183 138 16 16
6.000183 139 15 15
6.000183 140 14 14
6.000183 141 12 12
6.000183 142 16 16
6.000183 143 18 18
6.000183 144 16 16
6.000183 145 15 15
6.000183 146 14 14
6.000183 147 14 14
6.000183 148 15 15
6.000183 149 14 14
6.000183 150 17 17
6.000183 152 15 15
6.000183 153 16 16
6.000183 154 19 19
6.000183 157 14 14
6.000183 158 14 14
6.000183 159 16 16
6.000183 160 16 16
6.000183 161 17 17
6.000183 163 16 16
6.000183 164 12 12
6.000183 165 20 20
6.000183 166 16 16
6.000183 167 17 17
6.000183 168 17 17
6.000183 169 17 17
6.000183 170 16 16
6.000183 171 18 18
6.000183 172 16 16
6.000183 173 14 14
6.000183 174 16 16
6.000183 175 16 16
6.000183 176 14 14
6.000183 177 15 15
6.000183 178 15 15
6.000183 179 18 18
6.000183 180 15 15
6.000183 181 23 23
6.000183 182 15 15
6.000183 183 13 13
6.000183 184 16 16
6.000183 185 13 13
6.000183 186 17 17
6.000183 187 10 10
6.000183 188 16 16
6.000183 189 18 18
6.000183 190 15 15
6.000183 191 17 17
6.000183 192 15 15
6.000183 193 18 18
6.000183 194 14 14
6.000183 195 16 16
6.000183 196 17 17
6.000183 197 13 13
6.000183 198 15 15
6.000183 199 16 16
6.000183 200 16 16
6.000183 201 15 15
6.000183 202 14 14
6.000183 203 19 19
6.000183 205 18 18
6.000183 206 19 19
6.000183 207 14 14
6.000183 208 15 15
6.000183 209 13 13
6.000183 210 15 15
6.000183 211 16 16
6.000183 212 14 14
6.000183 213 12 12
6.000183 215 15 15
6.000183 216 13 13
6.000183 218 14 14
6.000183 219 12 12
7.000214 0 24 24
7.000214 1 31 31
7.000214 2 26 26
7.000214 3 31 31
7.000214 4 17 17
7.000214 5 25 25
7.000214 6 20 20
7.000214 7 29 29
7.000214 8 25 25
7.000214 9 19 19
7.000214 10 31 31
7.000214 11 23 23
7.000214 12 28 28
7.000214 13 20 20
7.000214 14 26 26
7.000214 15 18 18
7.000214 16 20 20
7.000214 17 27 27
7.000214 18 8 8
7.000214 19 22 22
7.000214 20 8 8
7.000214 21 23 23
7.000214 22 29 29
7.000214 23 23 23
7.000214 24 21 21
7.000214 26 21 21
7.000214 28 31 31
7.000214 29 24 24
7.000214 30 27 27
7.000214 31 22 22
7.000214 32 29 29
7.000214 34 24 24
7.000214 35 22 22
7.000214 36 24 24
7.000214 37 19 19
7.000214 38 23 23
7.000214 39 18 18
7.000214 40 24 24
7.000214 41 30 30
7.000214 42 29 29
7.000214 43 23 23
7.000214 44 26 26
7.000214 45 26 26
7.000214 46 26 26
7.000214 48 31 31
7.000214 49 20 20
7.000214 50 23 23
7.000214 51 24 24
7.000214 52 18 18
7.000214 53 28 28
7.000214 54 25 25
7.000214 55 23 23
7.000214 56 21 21
7.000214 57 29 29
7.000214 58 23 23
7.000214 59 25 25
7.000214 60 22 22
7.000214 61 30 30
7.000214 62 20 20
7.000214 63 21 21
7.000214 64 22 22
7.000214 65 19 19
7.000214 66 19 19
7.000214 67 17 17
7.000214 68 24 24
7.000214 69 27 27
7.000214 70 26 26
7.000214 71 25 25
7.000214 72 11 11
7.000214 73 20 20
7.000214 74 18 18
7.000214 75 30 30
7.000214 76 27 27
7.000214 77 23 23
7.000214 78 31 31
7.000214 79 21 21
7.000214 80 22 22
7.000214 81 23 23
7.000214 82 24 24
7.000214 83 19 19
7.000214 84 35 35
7.000214 85 26 26
7.000214 87 10 10
7.000214 88 29 29
7.000214 89 18 18
7.000214 90 25 25
7.000214 91 22 22
7.000214 92 28 28
7.000214 93 27 27
7.000214 94 23 23
7.000214 95 21 21
7.000214 96 17 17
7.000214 97 25 25
7.000214 98 24 24
7.000214 99 22 22
7.000214 100 26 26
7.000214 101 33 33
7.000214 102 27 27
7.000214 103 26 26
7.000214 104 26 26
7.000214 107 32 32
7.000214 109 26 26
7.000214 110 17 17
7.000214 111 26 26
7.000214 112 27 27
7.000214 113 24 24
7.000214 114 20 20
7.000214 115 24 24
7.000214 116 19 19
7.000214 117 23 23
7.000214 118 25 25
7.000214 119 19 19
7.000214 121 18 18
7.000214 122 24 24
7.000214 123 22 22
7.000214 124 28 28
7.000214 125 20 20
7.000214 126 25 25
7.000214 127 29 29
7.000214 128 23 23
7.000214 129 23 23
7.000214 130 22 22
7.000214 131 27 27
7.000214 132 23 23
7.000214 133 1 1
7.000214 134 24 24
7.000214 135 33 33
7.000214 136 25 25
7.000214 137 23 23
7.000214 138 26 26
7.000214 139 26 26
7.000214 140 23 23
7.000214 141 17 17
7.000214 142 26 26
7.000214 143 27 27
7.000214 144 23 23
7.000214 145 24 24
7.000214 146 22 22
7.000214 147 22 22
7.000214 148 17 17
7.000214 149 22 22
7.000214 150 27 27
7.000214 152 24 24
7.000214 153 21 21
7.000214 154 33 33
7.000214 157 18 18
7.000214 158 20 20
7.000214 159 27 27
7.000214 160 24 24
7.000214 161 23 23
7.000214 163 26 26
7.000214 164 19 19
7.000214 165 29 29
7.000214 166 24 24
7.000214 167 29 29
7.000214 168 30 30
7.000214 169 30 30
7.000214 170 25 25
7.000214 171 31 31
7.000214 172 23 23
7.000214 173 19 19
7.000214 174 25 25
7.000214 175 27 27
7.000214 176 24 24
7.000214 177 21 21
7.000214 178 23 23
7.000214 179 25 25
7.000214 180 22 22
7.000214 181 32 32
7.000214 182 20 20
7.000214 183 21 21
7.000214 184 26 26
7.000214 185 21 21
7.000214 186 22 22
7.000214 187 2 2
7.000214 188 23 23
7.000214 189 29 29
7.000214 190 25 25
7.000214 191 24 24
7.000214 192 21 21
7.000214 193 26 26
7.000214 194 23 23
7.000214 195 30 30
7.000214 196 31 31
7.000214 197 20 20
7.000214 198 25 25
7.000214 199 28 28
7.000214 200 28 28
7.000214 201 27 27
7.000214 202 23 23
7.000214 203 28 28
7.000214 205 25 25
7.000214 206 28 28
7.000214 207 22 22
7.000214 208 24 24
7.000214 209 19 19
7.000214 210 20 20
7.000214 211 27 27
7.000214 212 24 24
7.000214 213 18 18
7.000214 215 21 21
7.000214 216 18 18
7.000214 218 21 21
7.000214 219 23 23
8.000244 0 41 41
8.000244 1 49 49
8.000244 2 37 37
8.000244 3 42 42
8.000244 4 28 28
8.000244 5 33 33
8.000244 6 30 30
8.000244 7 46 46
8.000244 8 36 36
8.000244 10 47 47
8.000244 12 42 42
8.000244 13 35 35
8.000244 14 14 14
8.000244 15 29 29
8.000244 16 33 33
8.000244 19 36 36
8.000244 21 39 39
8.000244 22 45 45
8.000244 24 34 34
8.000244 26 34 34
8.000244 28 25 25
8.000244 29 40 40
8.000244 31 31 31
8.000244 32 42 42
8.000244 34 34 34
8.000244 35 32 32
8.000244 38 36 36
8.000244 39 33 33
8.000244 40 36 36
8.000244 41 43 43
8.000244 42 43 43
8.000244 43 34 34
8.000244 44 8 8
8.000244 45 37 37
8.000244 46 41 41
8.000244 48 46 46
8.000244 50 34 34
8.000244 51 43 43
8.000244 52 13 13
8.000244 53 35 35
8.000244 54 36 36
8.000244 55 32 32
8.000244 56 33 33
8.000244 57 38 38
8.000244 58 35 35
8.000244 59 2 2
8.000244 60 39 39
8.000244 61 47 47
8.000244 62 37 37
8.000244 63 34 34
8.000244 64 38 38
8.000244 65 1 1
8.000244 67 28 28
8.000244 69 46 46
8.000244 70 38 38
8.000244 71 29 29
8.000244 73 35 35
8.000244 74 29 29
8.000244 76 38 38
8.000244 77 33 33
8.000244 78 48 48
8.000244 79 34 34
8.000244 80 34 34
8.000244 82 39 39
8.000244 83 24 24
8.000244 85 39 39
8.000244 88 39 39
8.000244 89 6 6
8.000244 90 38 38
8.000244 91 33 33
8.000244 93 41 41
8.000244 95 29 29
8.000244 96 31 31
8.000244 98 1 1
8.000244 100 43 43
8.000244 101 51 51
8.000244 102 43 43
8.000244 103 38 38
8.000244 104 40 40
8.000244 111 37 37
8.000244 112 37 37
8.000244 113 33 33
8.000244 114 36 36
8.000244 115 38 38
8.000244 116 35 35
8.000244 117 36 36
8.000244 118 39 39
8.000244 119 33 33
8.000244 121 33 33
8.000244 122 36 36
8.000244 123 37 37
8.000244 124 42 42
8.000244 125 32 32
8.000244 126 34 34
8.000244 127 44 44
8.000244 128 36 36
8.000244 130 37 37
8.000244 131 39 39
8.000244 132 34 34
8.000244 134 34 34
8.000244 135 46 46
8.000244 136 6 6
8.000244 137 37 37
8.000244 139 35 35
8.000244 140 34 34
8.000244 141 32 32
8.000244 142 37 37
8.000244 144 33 33
8.000244 145 40 40
8.000244 146 38 38
8.000244 147 34 34
8.000244 150 43 43
8.000244 152 27 27
8.000244 154 48 48
8.000244 157 32 32
8.000244 158 32 32
8.000244 159 35 35
8.000244 161 5 5
8.000244 163 39 39
8.000244 164 21 21
8.000244 165 7 7
8.000244 166 38 38
8.000244 167 42 42
8.000244 168 2 2
8.000244 171 42 42
8.000244 172 39 39
8.000244 173 31 31
8.000244 174 36 36
8.000244 175 42 42
8.000244 176 37 37
8.000244 178 33 33
8.000244 179 44 44
8.000244 180 35 35
8.000244 181 49 49
8.000244 182 30 30
8.000244 184 5 5
8.000244 185 31 31
8.000244 186 38 38
8.000244 189 43 43
8.000244 190 38 38
8.000244 191 41 41
8.000244 192 35 35
8.000244 193 45 45
8.000244 194 33 33
8.000244 195 39 39
8.000244 198 34 34
8.000244 199 48 48
8.000244 200 41 41
8.000244 201 43 43
8.000244 202 27 27
8.000244 203 42 42
8.000244 205 40 40
8.000244 206 45 45
8.000244 207 38 38
8.000244 208 42 42
8.000244 209 31 31
8.000244 210 34 34
8.000244 211 1 1
8.000244 212 37 37
8.000244 213 31 31
8.000244 215 33 33
8.000244 216 32 32
8.000244 218 31 31
8.000244 219 38 38
9.000275 0 59 59
9.000275 1 50 50
9.000275 2 63 63
9.000275 4 45 45
9.000275 7 73 73
9.000275 8 62 62
9.000275 10 76 76
9.000275 12 66 66
9.000275 21 66 66
9.000275 22 70 70
9.000275 26 59 59
9.000275 29 62 62
9.000275 32 68 68
9.000275 34 60 60
9.000275 35 4 4
9.000275 38 62 62
9.000275 39 51 51
9.000275 40 60 60
9.000275 41 1 1
9.000275 42 70 70
9.000275 46 68 68
9.000275 50 52 52
9.000275 51 70 70
9.000275 53 59 59
9.000275 54 60 60
9.000275 55 54 54
9.000275 57 64 64
9.000275 58 61 61
9.000275 61 73 73
9.000275 62 60 60
9.000275 63 53 53
9.000275 64 60 60
9.000275 67 43 43
9.000275 69 2 2
9.000275 73 60 60
9.000275 76 61 61
9.000275 77 56 56
9.000275 78 74 74
9.000275 80 59 59
9.000275 82 6 6
9.000275 85 62 62
9.000275 88 66 66
9.000275 90 15 15
9.000275 93 64 64
9.000275 96 43 43
9.000275 100 66 66
9.000275 101 76 76
9.000275 102 37 37
9.000275 112 64 64
9.000275 113 31 31
9.000275 115 62 62
9.000275 116 1 1
9.000275 117 58 58
9.000275 118 61 61
9.000275 119 55 55
9.000275 122 57 57
9.000275 124 69 69
9.000275 125 55 55
9.000275 126 61 61
9.000275 127 75 75
9.000275 128 48 48
9.000275 130 49 49
9.000275 131 67 67
9.000275 132 3 3
9.000275 135 75 75
9.000275 139 58 58
9.000275 140 51 51
9.000275 142 64 64
9.000275 144 58 58
9.000275 145 39 39
9.000275 146 43 43
9.000275 147 56 56
9.000275 150 6 6
9.000275 154 65 65
9.000275 158 53 53
9.000275 163 67 67
9.000275 166 63 63
9.000275 167 21 21
9.000275 171 5 5
9.000275 172 64 64
9.000275 173 49 49
9.000275 174 37 37
9.000275 175 66 66
9.000275 178 59 59
9.000275 179 69 69
9.000275 180 58 58
9.000275 181 85 85
9.000275 186 62 62
9.000275 189 72 72
9.000275 190 50 50
9.000275 191 65 65
9.000275 192 56 56
9.000275 193 72 72
9.000275 194 61 61
9.000275 195 68 68
9.000275 198 60 60
9.000275 199 71 71
9.000275 200 65 65
9.000275 201 68 68
9.000275 203 74 74
9.000275 205 72 72
9.000275 207 56 56
9.000275 208 67 67
9.000275 209 51 51
9.000275 210 55 55
9.000275 212 58 58
9.000275 215 21 21
9.000275 218 55 55
10.000305 0 86 86
10.000305 4 61 61
10.000305 10 123 123
10.000305 12 106 106
10.000305 21 29 29
10.000305 26 87 87
10.000305 29 102 102
10.000305 38 103 103
10.000305 39 75 75
10.000305 40 33 33
10.000305 42 26 26
10.000305 46 104 104
10.000305 50 87 87
10.000305 51 35 35
10.000305 53 100 100
10.000305 54 98 98
10.000305 55 82 82
10.000305 57 28 28
10.000305 58 92 92
10.000305 61 111 111
10.000305 62 90 90
10.000305 63 84 84
10.000305 64 92 92
10.000305 67 36 36
10.000305 73 93 93
10.000305 76 76 76
10.000305 77 79 79
10.000305 78 88 88
10.000305 80 91 91
10.000305 88 72 72
10.000305 93 110 110
10.000305 96 70 70
10.000305 100 104 104
10.000305 101 2 2
10.000305 112 1 1
10.000305 115 99 99
10.000305 117 93 93
10.000305 118 100 100
10.000305 119 79 79
10.000305 122 2 2
10.000305 124 107 107
10.000305 125 64 64
10.000305 126 96 96
10.000305 127 14 14
10.000305 131 106 106
10.000305 135 132 132
10.000305 139 105 105
10.000305 142 104 104
10.000305 144 24 24
10.000305 147 88 88
10.000305 158 85 85
10.000305 163 4 4
10.000305 166 109 109
10.000305 172 99 99
10.000305 173 78 78
10.000305 175 108 108
10.000305 178 86 86
10.000305 179 91 91
10.000305 180 92 92
10.000305 181 127 127
10.000305 189 115 115
10.000305 192 90 90
10.000305 193 96 96
10.000305 194 46 46
10.000305 195 116 116
10.000305 198 56 56
10.000305 200 78 78
10.000305 201 108 108
10.000305 203 64 64
10.000305 205 108 108
10.000305 208 104 104
10.000305 209 82 82
10.000305 210 4 4
10.000305 212 92 92
10.000305 218 85 85
11.000336 4 38 38
11.000336 10 200 200
11.000336 12 160 160
11.000336 26 17 17
11.000336 29 123 123
11.000336 38 29 29
11.000336 39 128 128
11.000336 46 166 166
11.000336 50 136 136
11.000336 53 151 151
11.000336 54 145 145
11.000336 55 136 136
11.000336 58 51 51
11.000336 61 2 2
11.000336 62 127 127
11.000336 63 143 143
11.000336 64 136 136
11.000336 73 112 112
11.000336 78 2 2
11.000336 80 136 136
11.000336 93 158 158
11.000336 96 119 119
11.000336 100 23 23
11.000336 115 142 142
11.000336 117 132 132
11.000336 118 53 53
11.000336 119 105 105
11.000336 124 171 171
11.000336 126 44 44
11.000336 131 167 167
11.000336 135 83 83
11.000336 139 147 147
11.000336 142 142 142
11.000336 147 138 138
11.000336 158 129 129
11.000336 166 158 158
11.000336 172 161 161
11.000336 173 125 125
11.000336 175 172 172
11.000336 178 133 133
11.000336 179 51 51
11.000336 180 53 53
11.000336 181 206 206
11.000336 189 149 149
11.000336 195 179 179
11.000336 201 170 170
11.000336 205 166 166
11.000336 208 163 163
11.000336 209 121 121
11.000336 212 6 6
11.000336 218 35 35
12.000366 10 215 215
12.000366 12 239 239
12.000366 29 50 50
12.000366 39 152 152
12.000366 46 270 270
12.000366 50 217 217
12.000366 53 138 138
12.000366 54 240 240
12.000366 55 215 215
12.000366 62 6 6
12.000366 63 213 213
12.000366 64 109 109
12.000366 73 82 82
12.000366 80 229 229
12.000366 93 18 18
12.000366 96 90 90
12.000366 115 74 74
12.000366 117 100 100
12.000366 118 3 3
12.000366 124 276 276
12.000366 131 115 115
12.000366 139 215 215
12.000366 142 78 78
12.000366 147 226 226
12.000366 158 211 211
12.000366 166 255 255
12.000366 172 40 40
12.000366 173 196 196
12.000366 175 215 215
12.000366 178 162 162
12.000366 181 342 342
12.000366 189 43 43
12.000366 195 282 282
12.000366 201 93 93
12.000366 205 280 280
12.000366 208 255 255
12.000366 209 40 40
13.000397 10 24 24
13.000397 12 152 152
13.000397 29 29 29
13.000397 39 52 52
13.000397 46 366 366
13.000397 50 354 354
13.000397 53 77 77
13.000397 54 391 391
13.000397 55 336 336
13.000397 63 202 202
13.000397 64 2 2
13.000397 73 17 17
13.000397 80 314 314
13.000397 96 27 27
13.000397 115 16 16
13.000397 117 34 34
13.000397 124 352 352
13.000397 131 18 18
13.000397 139 282 282
13.000397 142 1 1
13.000397 147 351 351
13.000397 158 327 327
13.000397 166 237 237
13.000397 173 306 306
13.000397 175 212 212
13.000397 178 104 104
13.000397 181 473 473
13.000397 189 2 2
13.000397 195 462 462
13.000397 201 11 11
13.000397 205 188 188
13.000397 208 291 291
14.000427 12 41 41
14.000427 29 6 6
14.000427 46 441 441
14.000427 50 514 514
14.000427 53 60 60
14.000427 54 534 534
14.000427 55 504 504
14.000427 63 48 48
14.000427 80 409 409
14.000427 124 258 258
14.000427 139 162 162
14.000427 147 455 455
14.000427 158 353 353
14.000427 166 110 110
14.000427 173 487 487
14.000427 175 74 74
14.000427 178 88 88
14.000427 181 471 471
14.000427 195 674 674
14.000427 205 113 113
14.000427 208 192 192
15.000458 46 528 528
15.000458 50 688 688
15.000458 53 40 40
15.000458 54 543 543
15.000458 55 493 493
15.000458 63 4 4
15.000458 80 332 332
15.000458 124 77 77
15.000458 139 141 141
15.000458 147 489 489
15.000458 158 408 408
15.000458 166 83 83
15.000458 173 645 645
15.000458 175 42 42
15.000458 178 74 74
15.000458 181 515 515
15.000458 195 781 781
15.000458 205 38 38
15.000458 208 89 89
16.000488 46 539 539
16.000488 50 890 890
16.000488 54 384 384
16.000488 55 525 525
16.000488 80 261 261
16.000488 124 26 26
16.000488 139 113 113
16.000488 147 551 551
16.000488 158 436 436
16.000488 166 41 41
16.000488 173 748 748
16.000488 175 47 47
16.000488 178 53 53
16.000488 181 549 549
16.000488 195 789 789
16.000488 208 24 24
17.000519 46 516 516
17.000519 50 988 988
17.000519 54 341 341
17.000519 55 512 512
17.000519 80 212 212
17.000519 139 81 81
17.000519 147 551 551
17.000519 158 427 427
17.000519 173 851 851
17.000519 175 28 28
17.000519 178 27 27
17.000519 181 609 609
17.000519 195 812 812
17.000519 208 18 18
18.000549 46 487 487
18.000549 50 1060 1060
18.000549 54 352 352
18.000549 55 463 463
18.000549 80 175 175
18.000549 139 55 55
18.000549 147 504 504
18.000549 158 418 418
18.000549 173 974 974
18.000549 175 15 15
18.000549 178 25 25
18.000549 181 586 586
18.000549 195 875 875
18.000549 208 1 1
19.000580 46 472 472
19.000580 50 1139 1139
19.000580 54 385 385
19.000580 55 465 465
19.000580 80 139 139
19.000580 139 30 30
19.000580 147 504 504
19.000580 158 352 352
19.000580 173 1090 1090
19.000580 178 6 6
19.000580 181 477 477
19.000580 195 915 915
20.000610 46 459 459
20.000610 50 1307 1307
20.000610 54 285 285
20.000610 55 440 440
20.000610 80 145 145
20.000610 147 426 426
20.000610 158 301 301
20.000610 173 1229 1229
20.000610 181 427 427
20.000610 195 977 977
21.000641 46 466 466
21.000641 50 1389 1389
21.000641 54 212 212
21.000641 55 375 375
21.000641 80 77 77
21.000641 147 407 407
21.000641 158 300 300
21.000641 173 1304 1304
21.000641 181 400 400
21.000641 195 1106 1106
21.781815 46 453 453
21.781815 50 1441 1441
21.781815 54 198 198
21.781815 55 336 336
21.781815 80 48 48
21.781815 147 410 410
21.781815 158 313 313
21.781815 173 1333 1333
21.781815 181 439 439
21.781815 195 1168 1168
22.781830 46 432 432
22.781830 50 1481 1481
22.781830 54 165 165
22.781830 55 319 319
22.781830 80 19 19
22.781830 147 408 408
22.781830 158 330 330
22.781830 173 1392 1392
22.781830 181 483 483
22.781830 195 1273 1273
23.781845 46 410 410
23.781845 50 1449 1449
23.781845 54 166 166
23.781845 55 314 314
23.781845 147 408 408
23.781845 158 371 371
23.781845 173 1308 1308
23.781845 181 448 448
23.781845 195 1348 1348
24.781860 46 372 372
24.781860 50 1582 1582
24.781860 54 123 123
24.781860 55 357 357
24.781860 147 396 396
24.781860 158 326 326
24.781860 173 1294 1294
24.781860 181 443 443
24.781860 195 1394 1394
25.781876 46 343 343
25.781876 50 1657 1657
25.781876 54 28 28
25.781876 55 392 392
25.781876 147 281 281
25.781876 158 317 317
25.781876 173 1308 1308
25.781876 181 466 466
25.781876 195 1522 1522
26.781891 46 315 315
26.781891 50 1635 1635
26.781891 54 1 1
26.781891 55 395 395
26.781891 147 202 202
26.781891 158 298 298
26.781891 173 1261 1261
26.781891 181 502 502
26.781891 195 1654 1654
27.781906 46 318 318
27.781906 50 1630 1630
27.781906 55 414 414
27.781906 147 114 114
27.781906 158 234 234
27.781906 173 1254 1254
27.781906 181 563 563
27.781906 195 1778 1778
28.781921 46 321 321
28.781921 50 1585 1585
28.781921 55 464 464
28.781921 147 97 97
28.781921 158 182 182
28.781921 173 1302 1302
28.781921 181 582 582
28.781921 195 1794 1794
29.781937 46 313 313
29.781937 50 1657 1657
29.781937 55 502 502
29.781937 147 54 54
29.781937 158 143 143
29.781937 173 1287 1287
29.781937 181 520 520
29.781937 195 1801 1801
30.781952 46 332 332
30.781952 50 1668 1668
30.781952 55 558 558
30.781952 158 162 162
30.781952 173 1350 1350
30.781952 181 525 525
30.781952 195 1735 1735
31.781967 46 366 366
31.781967 50 1607 1607
31.781967 55 609 609
31.781967 158 153 153
31.781967 173 1380 1380
31.781967 181 492 492
31.781967 195 1712 1712
32.781982 46 387 387
32.781982 50 1614 1614
32.781982 55 620 620
32.781982 158 160 160
32.781982 173 1318 1318
32.781982 181 567 567
32.781982 195 1632 1632
33.781998 46 415 415
33.781998 50 1722 1722
33.781998 55 630 630
33.781998 158 123 123
33.781998 173 1154 1154
33.781998 181 656 656
33.781998 195 1549 1549
34.782013 46 389 389
34.782013 50 1830 1830
34.782013 55 625 625
34.782013 158 91 91
34.782013 173 1199 1199
34.782013 181 690 690
34.782013 195 1516 1516
35.782028 46 346 346
35.782028 50 1828 1828
35.782028 55 588 588
35.782028 158 58 58
35.782028 173 1210 1210
35.782028 181 841 841
35.782028 195 1468 1468
36.782043 46 345 345
36.782043 50 1759 1759
36.782043 55 593 593
36.782043 158 53 53
36.782043 173 1206 1206
36.782043 181 916 916
36.782043 195 1406 1406
37.782059 46 360 360
37.782059 50 1800 1800
37.782059 55 660 660
37.782059 158 37 37
37.782059 173 1166 1166
37.782059 181 958 958
37.782059 195 1344 1344
38.782074 46 367 367
38.782074 50 1685 1685
38.782074 55 662 662
38.782074 158 62 62
38.782074 173 1145 1145
38.782074 181 957 957
38.782074 195 1393 1393
39.782089 46 345 345
39.782089 50 1759 1759
39.782089 55 745 745
39.782089 158 55 55
39.782089 173 1117 1117
39.782089 181 883 883
39.782089 195 1391 1391
40.782104 46 286 286
40.782104 50 1829 1829
40.782104 55 812 812
40.782104 158 49 49
40.782104 173 964 964
40.782104 181 980 980
40.782104 195 1402 1402
41.782120 46 215 215
41.782120 50 1839 1839
41.782120 55 865 865
41.782120 158 25 25
41.782120 173 886 886
41.782120 181 1002 1002
41.782120 195 1391 1391
42.782135 46 183 183
42.782135 50 1874 1874
42.782135 55 925 925
42.782135 158 8 8
42.782135 173 997 997
42.782135 181 979 979
42.782135 195 1354 1354
43.782150 46 113 113
43.782150 50 1790 1790
43.782150 55 965 965
43.782150 173 1047 1047
43.782150 181 998 998
43.782150 195 1419 1419
44.782166 46 54 54
44.782166 50 1763 1763
44.782166 55 972 972
44.782166 173 1068 1068
44.782166 181 1030 1030
44.782166 195 1376 1376
45.782181 46 61 61
45.782181 50 1693 1693
45.782181 55 1018 1018
45.782181 173 1163 1163
45.782181 181 975 975
45.782181 195 1416 1416
46.782196 46 79 79
46.782196 50 1617 1617
46.782196 55 1107 1107
46.782196 173 1247 1247
46.782196 181 833 833
46.782196 195 1397 1397
47.782211 46 79 79
47.782211 50 1630 1630
47.782211 55 1229 1229
47.782211 173 1344 1344
47.782211 181 690 690
47.782211 195 1335 1335
48.782227 46 61 61
48.782227 50 1668 1668
48.782227 55 1328 1328
48.782227 173 1433 1433
48.782227 181 538 538
48.782227 195 1256 1256
49.782242 46 30 30
49.782242 50 1524 1524
49.782242 55 1444 1444
49.782242 173 1575 1575
49.782242 181 429 429
49.782242 195 1261 1261
50.782257 50 1521 1521
50.782257 55 1524 1524
50.782257 173 1623 1623
50.782257 181 372 372
50.782257 195 1267 1267
51.782272 50 1517 1517
51.782272 55 1571 1571
51.782272 173 1558 1558
51.782272 181 383 383
51.782272 195 1261 1261
52.782288 50 1390 1390
52.782288 55 1646 1646
52.782288 173 1581 1581
52.782288 181 331 331
52.782288 195 1327 1327
53.782303 50 1385 1385
53.782303 55 1731 1731
53.782303 173 1599 1599
53.782303 181 274 274
53.782303 195 1342 1342
54.782318 50 1374 1374
54.782318 55 1775 1775
54.782318 173 1673 1673
54.782318 181 231 231
54.782318 195 1270 1270
55.782333 50 1216 1216
55.782333 55 1885 1885
55.782333 173 1771 1771
55.782333 181 150 150
55.782333 195 1279 1279
56.782349 50 1127 1127
56.782349 55 1931 1931
56.782349 173 1834 1834
56.782349 181 135 135
56.782349 195 1272 1272
57.782364 50 1038 1038
57.782364 55 2020 2020
57.782364 173 1840 1840
57.782364 181 96 96
57.782364 195 1271 1271
58.782379 50 1038 1038
58.782379 55 2086 2086
58.782379 173 1861 1861
58.782379 181 70 70
58.782379 195 1259 1259
59.782394 50 1070 1070
59.782394 55 2009 2009
59.782394 173 1948 1948
59.782394 181 53 53
59.782394 195 1190 1190
60.782410 50 1036 1036
60.782410 55 1983 1983
60.782410 173 2125 2125
60.782410 181 22 22
60.782410 195 1167 1167
61.782425 50 975 975
61.782425 55 1963 1963
61.782425 173 2243 2243
61.782425 181 7 7
61.782425 195 1150 1150
62.782440 50 859 859
62.782440 55 1925 1925
62.782440 173 2279 2279
62.782440 195 1206 1206
63.782455 50 705 705
63.782455 55 1896 1896
63.782455 173 2423 2423
63.782455 195 1269 1269
64.782471 50 546 546
64.782471 55 1926 1926
64.782471 173 2553 2553
64.782471 195 1279 1279
65.782486 50 451 451
65.782486 55 1971 1971
65.782486 173 2597 2597
65.782486 195 1289 1289
66.782501 50 447 447
66.782501 55 1998 1998
66.782501 173 2608 2608
66.782501 195 1286 1286
67.782516 50 435 435
67.782516 55 1955 1955
67.782516 173 2677 2677
67.782516 195 1222 1222
68.782532 50 437 437
68.782532 55 1873 1873
68.782532 173 2770 2770
68.782532 195 1209 1209
69.782547 50 354 354
69.782547 55 1863 1863
69.782547 173 2883 2883
69.782547 195 1192 1192
70.782562 50 330 330
70.782562 55 1979 1979
70.782562 173 2843 2843
70.782562 195 1125 1125
71.782578 50 336 336
71.782578 55 2011 2011
71.782578 173 2875 2875
71.782578 195 1080 1080
