0.000000 0 1772 1772
0.000000 1 178 178
1.000031 0 1770 1770
1.000031 1 178 178
2.000061 0 2678 2678
2.000061 1 268 268
3.000092 0 3513 3513
3.000092 1 350 350
4.000122 0 3593 3593
4.000122 1 355 355
5.000153 0 4388 4388
5.000153 1 445 445
6.000183 0 4533 4533
6.000183 1 499 499
7.000214 0 4037 4037
7.000214 1 448 448
8.000244 0 4393 4393
8.000244 1 520 520
9.000275 0 4433 4433
9.000275 1 545 545
10.000305 0 4150 4150
10.000305 1 469 469
11.000336 0 4414 4414
11.000336 1 483 483
12.000366 0 4502 4502
12.000366 1 456 456
13.000397 0 4382 4382
13.000397 1 344 344
14.000427 0 4559 4559
14.000427 1 318 318
15.000458 0 4529 4529
15.000458 1 331 331
16.000488 0 4434 4434
16.000488 1 282 282
17.000519 0 4560 4560
17.000519 1 312 312
18.000549 0 4593 4593
18.000549 1 287 287
19.000580 0 4496 4496
19.000580 1 295 295
20.000610 0 4141 4141
20.000610 1 342 342
21.000641 0 4037 4037
21.000641 1 374 374
22.000671 0 3973 3973
22.000671 1 421 421
23.000702 0 3916 3916
23.000702 1 503 503
24.000732 0 3863 3863
24.000732 1 589 589
25.000763 0 3755 3755
25.000763 1 693 693
26.000793 0 3684 3684
26.000793 1 809 809
27.000824 0 3577 3577
27.000824 1 933 933
28.000854 0 3457 3457
28.000854 1 1035 1035
29.000885 0 3357 3357
29.000885 1 1172 1172
30.000916 0 3223 3223
30.000916 1 1292 1292
31.000946 0 3112 3112
31.000946 1 1418 1418
32.000977 0 2964 2964
32.000977 1 1564 1564
33.001007 0 2821 2821
33.001007 1 1717 1717
34.001038 0 2703 2703
34.001038 1 1872 1872
35.001068 0 2590 2590
35.001068 1 1966 1966
36.001099 0 2499 2499
36.001099 1 2050 2050
37.001129 0 2387 2387
37.001129 1 2194 2194
38.001160 0 2259 2259
38.001160 1 2315 2315
39.001190 0 2157 2157
39.001190 1 2409 2409
40.001221 0 2066 2066
40.001221 1 2529 2529
41.001251 0 2024 2024
41.001251 1 2601 2601
42.001282 0 1956 1956
42.001282 1 2676 2676
43.001312 0 1872 1872
43.001312 1 2772 2772
44.001343 0 1775 1775
44.001343 1 2860 2860
45.001373 0 1716 1716
45.001373 1 2918 2918
46.001404 0 1681 1681
46.001404 1 2988 2988
47.001434 0 1630 1630
47.001434 1 3020 3020
48.001465 0 1573 1573
48.001465 1 3056 3056
49.001495 0 1533 1533
49.001495 1 3113 3113
50.001526 0 1514 1514
50.001526 1 3136 3136
51.001556 0 1486 1486
51.001556 1 3159 3159
52.001587 0 1483 1483
52.001587 1 3169 3169
53.001617 0 1469 1469
53.001617 1 3192 3192
54.001648 0 1460 1460
54.001648 1 3222 3222
55.001678 0 1482 1482
55.001678 1 3186 3186
56.001709 0 1496 1496
56.001709 1 3195 3195
57.001740 0 1485 1485
57.001740 1 3210 3210
58.001770 0 1485 1485
58.001770 1 3180 3180
59.001801 0 1501 1501
59.001801 1 3194 3194
60.001831 0 1500 1500
60.001831 1 3180 3180
61.001862 0 1488 1488
61.001862 1 3180 3180
62.001892 0 1447 1447
62.001892 1 3231 3231
63.001923 0 1398 1398
63.001923 1 3258 3258
64.001953 0 1384 1384
64.001953 1 3286 3286
65.001984 0 1373 1373
65.001984 1 3335 3335
66.002014 0 1564 1564
66.002014 1 3290 3290
67.002045 0 1679 1679
67.002045 1 3138 3138
68.002075 0 1844 1844
68.002075 1 2972 2972
69.002106 0 2102 2102
69.002106 1 2785 2785
70.002136 0 2281 2281
70.002136 1 2542 2542
71.002167 0 2465 2465
71.002167 1 2374 2374
72.002197 0 2722 2722
72.002197 1 2125 2125
73.002228 0 2942 2942
73.002228 1 1930 1930
74.002258 0 3047 3047
74.002258 1 1774 1774
75.002289 0 3185 3185
75.002289 1 1641 1641
76.002319 0 3356 3356
76.002319 1 1488 1488
77.002350 0 3467 3467
77.002350 1 1349 1349
78.002380 0 3540 3540
78.002380 1 1313 1313
79.002411 0 3587 3587
79.002411 1 1264 1264
80.002441 0 3548 3548
80.002441 1 1298 1298
81.002472 0 3525 3525
81.002472 1 1315 1315
82.002502 0 3485 3485
82.002502 1 1368 1368
83.002533 0 3377 3377
83.002533 1 1463 1463
84.002563 0 3400 3400
84.002563 1 1449 1449
85.002594 0 3375 3375
85.002594 1 1449 1449
86.002625 0 3410 3410
86.002625 1 1451 1451
87.002655 0 3473 3473
87.002655 1 1342 1342
88.002686 0 3487 3487
88.002686 1 1350 1350
89.002716 0 3507 3507
89.002716 1 1369 1369
90.002747 0 3446 3446
90.002747 1 1358 1358
91.002777 0 3500 3500
91.002777 1 1416 1416
92.002808 0 3358 3358
92.002808 1 1458 1458
93.002838 0 3311 3311
93.002838 1 1506 1506
94.002869 0 3278 3278
94.002869 1 1620 1620
95.002899 0 3130 3130
95.002899 1 1684 1684
96.002930 0 3064 3064
96.002930 1 1754 1754
97.002960 0 3031 3031
97.002960 1 1809 1809
98.002991 0 3009 3009
98.002991 1 1796 1796
99.003021 0 2976 2976
99.003021 1 1860 1860
100.003052 0 2949 2949
100.003052 1 1907 1907
101.003082 0 2894 2894
101.003082 1 1902 1902
102.003113 0 2853 2853
102.003113 1 1966 1966
103.003143 0 2905 2905
103.003143 1 1957 1957
104.003174 0 2844 2844
104.003174 1 1965 1965
105.003204 0 2852 2852
105.003204 1 2007 2007
106.003235 0 2848 2848
106.003235 1 1967 1967
107.003265 0 2819 2819
107.003265 1 2000 2000
108.003296 0 2834 2834
108.003296 1 1994 1994
109.003326 0 2826 2826
109.003326 1 2006 2006
