0.000000 0 1 1
0.000000 1 1 1
0.000000 2 1 1
0.000000 3 1 1
0.000000 5 1 1
0.000000 6 1 1
0.000000 8 1 1
0.000000 9 1 1
0.000000 10 1 1
0.000000 11 1 1
0.000000 12 1 1
0.000000 14 1 1
0.000000 15 1 1
0.000000 16 1 1
0.000000 17 1 1
0.000000 18 1 1
0.000000 19 1 1
0.000000 20 1 1
0.000000 21 1 1
0.000000 23 1 1
0.000000 24 1 1
0.000000 25 1 1
0.000000 26 1 1
0.000000 27 1 1
0.000000 28 1 1
0.000000 29 1 1
0.000000 30 1 1
0.000000 31 1 1
0.000000 33 1 1
0.000000 34 1 1
0.000000 35 1 1
0.000000 36 1 1
0.000000 37 1 1
0.000000 38 1 1
0.000000 39 1 1
0.000000 40 1 1
0.000000 41 1 1
0.000000 42 1 1
0.000000 43 1 1
0.000000 44 1 1
0.000000 45 1 1
0.000000 46 1 1
0.000000 47 1 1
0.000000 49 1 1
0.000000 50 1 1
0.000000 51 1 1
0.000000 52 1 1
0.000000 53 1 1
0.000000 54 1 1
0.000000 55 1 1
0.000000 56 1 1
0.000000 57 1 1
0.000000 58 1 1
0.000000 59 1 1
0.000000 60 1 1
0.000000 61 1 1
0.000000 62 1 1
0.000000 63 1 1
0.000000 64 1 1
0.000000 66 1 1
0.000000 67 1 1
0.000000 68 1 1
0.000000 69 1 1
0.000000 71 1 1
0.000000 73 1 1
0.000000 74 1 1
0.000000 76 1 1
0.000000 77 1 1
0.000000 78 1 1
0.000000 79 1 1
0.000000 80 1 1
0.000000 81 1 1
0.000000 82 1 1
0.000000 83 1 1
0.000000 84 1 1
0.000000 85 1 1
0.000000 87 1 1
0.000000 88 1 1
0.000000 89 1 1
0.000000 90 1 1
0.000000 91 1 1
0.000000 93 1 1
0.000000 94 1 1
0.000000 95 1 1
0.000000 96 1 1
0.000000 97 1 1
0.000000 98 1 1
0.000000 99 1 1
0.000000 100 1 1
0.000000 101 1 1
0.000000 102 1 1
0.000000 103 1 1
0.000000 104 1 1
0.000000 105 1 1
0.000000 106 1 1
0.000000 107 1 1
0.000000 108 1 1
1.000031 0 1 1
1.000031 1 2 2
1.000031 2 1 1
1.000031 3 1 1
1.000031 5 2 2
1.000031 6 1 1
1.000031 8 2 2
1.000031 9 1 1
1.000031 10 2 2
1.000031 11 1 1
1.000031 12 1 1
1.000031 14 1 1
1.000031 15 1 1
1.000031 16 1 1
1.000031 17 1 1
1.000031 18 2 2
1.000031 19 2 2
1.000031 20 2 2
1.000031 21 2 2
1.000031 23 2 2
1.000031 24 1 1
1.000031 25 1 1
1.000031 26 2 2
1.000031 27 1 1
1.000031 28 2 2
1.000031 29 1 1
1.000031 30 2 2
1.000031 31 2 2
1.000031 33 1 1
1.000031 34 1 1
1.000031 35 1 1
1.000031 36 1 1
1.000031 37 1 1
1.000031 38 2 2
1.000031 39 2 2
1.000031 40 2 2
1.000031 41 2 2
1.000031 42 2 2
1.000031 43 2 2
1.000031 44 2 2
1.000031 45 1 1
1.000031 46 1 1
1.000031 47 1 1
1.000031 49 1 1
1.000031 50 2 2
1.000031 51 1 1
1.000031 52 2 2
1.000031 53 1 1
1.000031 54 2 2
1.000031 55 2 2
1.000031 56 2 2
1.000031 57 1 1
1.000031 58 1 1
1.000031 59 1 1
1.000031 60 2 2
1.000031 61 1 1
1.000031 62 2 2
1.000031 63 2 2
1.000031 64 2 2
1.000031 66 1 1
1.000031 67 2 2
1.000031 68 1 1
1.000031 69 1 1
1.000031 71 1 1
1.000031 73 2 2
1.000031 74 1 1
1.000031 76 2 2
1.000031 77 2 2
1.000031 78 2 2
1.000031 79 1 1
1.000031 80 2 2
1.000031 81 1 1
1.000031 82 1 1
1.000031 83 1 1
1.000031 84 1 1
1.000031 85 1 1
1.000031 87 2 2
1.000031 88 2 2
1.000031 89 2 2
1.000031 90 2 2
1.000031 91 1 1
1.000031 93 1 1
1.000031 94 1 1
1.000031 95 1 1
1.000031 96 1 1
1.000031 97 1 1
1.000031 98 1 1
1.000031 99 1 1
1.000031 100 2 2
1.000031 101 1 1
1.000031 102 1 1
1.000031 103 1 1
1.000031 104 1 1
1.000031 105 2 2
1.000031 106 2 2
1.000031 107 1 1
1.000031 108 1 1
2.000061 0 2 2
2.000061 1 2 2
2.000061 2 2 2
2.000061 3 1 1
2.000061 5 2 2
2.000061 6 2 2
2.000061 8 3 3
2.000061 9 2 2
2.000061 10 2 2
2.000061 11 2 2
2.000061 12 2 2
2.000061 14 2 2
2.000061 15 2 2
2.000061 16 2 2
2.000061 17 2 2
2.000061 18 2 2
2.000061 19 2 2
2.000061 20 2 2
2.000061 21 3 3
2.000061 23 2 2
2.000061 24 2 2
2.000061 25 2 2
2.000061 26 2 2
2.000061 27 2 2
2.000061 28 2 2
2.000061 29 2 2
2.000061 30 2 2
2.000061 31 2 2
2.000061 33 2 2
2.000061 34 2 2
2.000061 35 2 2
2.000061 36 2 2
2.000061 37 2 2
2.000061 38 2 2
2.000061 39 3 3
2.000061 40 2 2
2.000061 41 2 2
2.000061 42 2 2
2.000061 43 1 1
2.000061 44 2 2
2.000061 45 2 2
2.000061 46 2 2
2.000061 47 2 2
2.000061 49 2 2
2.000061 50 2 2
2.000061 51 2 2
2.000061 52 2 2
2.000061 53 2 2
2.000061 54 3 3
2.000061 55 2 2
2.000061 56 2 2
2.000061 57 2 2
2.000061 58 2 2
2.000061 59 2 2
2.000061 60 2 2
2.000061 61 2 2
2.000061 62 2 2
2.000061 63 2 2
2.000061 64 2 2
2.000061 66 2 2
2.000061 67 2 2
2.000061 68 2 2
2.000061 69 2 2
2.000061 71 2 2
2.000061 73 2 2
2.000061 74 2 2
2.000061 76 2 2
2.000061 77 2 2
2.000061 78 2 2
2.000061 79 2 2
2.000061 80 2 2
2.000061 81 2 2
2.000061 82 2 2
2.000061 83 2 2
2.000061 84 2 2
2.000061 85 2 2
2.000061 87 2 2
2.000061 88 3 3
2.000061 89 2 2
2.000061 90 2 2
2.000061 91 2 2
2.000061 93 2 2
2.000061 94 2 2
2.000061 95 2 2
2.000061 96 2 2
2.000061 97 2 2
2.000061 98 2 2
2.000061 99 2 2
2.000061 100 2 2
2.000061 101 2 2
2.000061 102 2 2
2.000061 103 2 2
2.000061 104 2 2
2.000061 105 2 2
2.000061 106 2 2
2.000061 107 2 2
2.000061 108 2 2
3.000092 0 3 3
3.000092 1 4 4
3.000092 2 3 3
3.000092 3 2 2
3.000092 5 4 4
3.000092 6 4 4
3.000092 8 5 5
3.000092 9 4 4
3.000092 10 4 4
3.000092 11 4 4
3.000092 12 4 4
3.000092 14 2 2
3.000092 15 4 4
3.000092 16 4 4
3.000092 17 4 4
3.000092 18 4 4
3.000092 19 4 4
3.000092 20 4 4
3.000092 21 4 4
3.000092 23 4 4
3.000092 24 4 4
3.000092 25 4 4
3.000092 26 4 4
3.000092 27 4 4
3.000092 28 4 4
3.000092 29 4 4
3.000092 30 4 4
3.000092 31 4 4
3.000092 33 3 3
3.000092 34 4 4
3.000092 35 4 4
3.000092 36 3 3
3.000092 37 4 4
3.000092 38 4 4
3.000092 39 5 5
3.000092 40 4 4
3.000092 41 4 4
3.000092 42 4 4
3.000092 43 2 2
3.000092 44 4 4
3.000092 45 4 4
3.000092 46 4 4
3.000092 47 4 4
3.000092 49 4 4
3.000092 50 4 4
3.000092 51 3 3
3.000092 52 4 4
3.000092 53 4 4
3.000092 54 4 4
3.000092 55 4 4
3.000092 56 4 4
3.000092 57 4 4
3.000092 58 4 4
3.000092 59 4 4
3.000092 60 4 4
3.000092 61 4 4
3.000092 62 4 4
3.000092 63 4 4
3.000092 64 4 4
3.000092 66 4 4
3.000092 67 4 4
3.000092 68 4 4
3.000092 69 4 4
3.000092 71 4 4
3.000092 73 4 4
3.000092 74 4 4
3.000092 76 4 4
3.000092 77 4 4
3.000092 78 4 4
3.000092 79 3 3
3.000092 80 4 4
3.000092 81 4 4
3.000092 82 4 4
3.000092 83 4 4
3.000092 84 4 4
3.000092 85 4 4
3.000092 87 4 4
3.000092 88 4 4
3.000092 89 3 3
3.000092 90 4 4
3.000092 91 4 4
3.000092 93 4 4
3.000092 94 4 4
3.000092 95 3 3
3.000092 96 4 4
3.000092 97 4 4
3.000092 98 4 4
3.000092 99 4 4
3.000092 100 4 4
3.000092 101 4 4
3.000092 102 3 3
3.000092 103 3 3
3.000092 104 3 3
3.000092 105 4 4
3.000092 106 4 4
3.000092 107 4 4
3.000092 108 4 4
4.000122 0 5 5
4.000122 1 7 7
4.000122 2 6 6
4.000122 3 2 2
4.000122 5 7 7
4.000122 6 7 7
4.000122 8 8 8
4.000122 9 7 7
4.000122 10 8 8
4.000122 11 5 5
4.000122 12 4 4
4.000122 14 4 4
4.000122 15 4 4
4.000122 16 5 5
4.000122 17 7 7
4.000122 18 5 5
4.000122 19 7 7
4.000122 20 5 5
4.000122 21 7 7
4.000122 23 7 7
4.000122 24 5 5
4.000122 25 6 6
4.000122 26 8 8
4.000122 27 7 7
4.000122 28 8 8
4.000122 29 4 4
4.000122 30 8 8
4.000122 31 8 8
4.000122 33 4 4
4.000122 34 6 6
4.000122 35 5 5
4.000122 36 5 5
4.000122 37 5 5
4.000122 38 7 7
4.000122 39 7 7
4.000122 40 4 4
4.000122 41 8 8
4.000122 42 7 7
4.000122 43 2 2
4.000122 44 5 5
4.000122 45 6 6
4.000122 46 4 4
4.000122 47 5 5
4.000122 49 4 4
4.000122 50 8 8
4.000122 51 4 4
4.000122 52 6 6
4.000122 53 4 4
4.000122 54 6 6
4.000122 55 6 6
4.000122 56 6 6
4.000122 57 6 6
4.000122 58 5 5
4.000122 59 6 6
4.000122 60 5 5
4.000122 61 4 4
4.000122 62 7 7
4.000122 63 5 5
4.000122 64 8 8
4.000122 66 6 6
4.000122 67 6 6
4.000122 68 4 4
4.000122 69 5 5
4.000122 71 4 4
4.000122 73 8 8
4.000122 74 5 5
4.000122 76 8 8
4.000122 77 7 7
4.000122 78 6 6
4.000122 79 6 6
4.000122 80 7 7
4.000122 81 5 5
4.000122 82 5 5
4.000122 83 5 5
4.000122 84 7 7
4.000122 85 5 5
4.000122 87 7 7
4.000122 88 6 6
4.000122 89 5 5
4.000122 90 8 8
4.000122 91 7 7
4.000122 93 6 6
4.000122 94 6 6
4.000122 95 5 5
4.000122 96 4 4
4.000122 97 4 4
4.000122 98 6 6
4.000122 99 4 4
4.000122 100 7 7
4.000122 101 4 4
4.000122 102 6 6
4.000122 103 4 4
4.000122 104 6 6
4.000122 105 6 6
4.000122 106 8 8
4.000122 107 5 5
4.000122 108 4 4
5.000153 0 8 8
5.000153 1 9 9
5.000153 2 9 9
5.000153 3 2 2
5.000153 5 9 9
5.000153 6 8 8
5.000153 8 10 10
5.000153 9 9 9
5.000153 10 12 12
5.000153 11 8 8
5.000153 12 8 8
5.000153 14 8 8
5.000153 15 8 8
5.000153 16 8 8
5.000153 17 10 10
5.000153 18 8 8
5.000153 19 9 9
5.000153 20 8 8
5.000153 21 10 10
5.000153 23 9 9
5.000153 24 8 8
5.000153 25 8 8
5.000153 26 9 9
5.000153 27 13 13
5.000153 28 9 9
5.000153 29 8 8
5.000153 30 11 11
5.000153 31 9 9
5.000153 33 7 7
5.000153 34 9 9
5.000153 35 9 9
5.000153 36 8 8
5.000153 37 9 9
5.000153 38 10 10
5.000153 39 12 12
5.000153 40 9 9
5.000153 41 11 11
5.000153 42 10 10
5.000153 43 3 3
5.000153 44 9 9
5.000153 45 9 9
5.000153 46 8 8
5.000153 47 7 7
5.000153 49 8 8
5.000153 50 9 9
5.000153 51 7 7
5.000153 52 10 10
5.000153 53 8 8
5.000153 54 9 9
5.000153 55 10 10
5.000153 56 8 8
5.000153 57 9 9
5.000153 58 10 10
5.000153 59 8 8
5.000153 60 8 8
5.000153 61 8 8
5.000153 62 10 10
5.000153 63 9 9
5.000153 64 11 11
5.000153 66 8 8
5.000153 67 10 10
5.000153 68 8 8
5.000153 69 8 8
5.000153 71 8 8
5.000153 73 11 11
5.000153 74 8 8
5.000153 76 12 12
5.000153 77 11 11
5.000153 78 9 9
5.000153 79 8 8
5.000153 80 11 11
5.000153 81 8 8
5.000153 82 8 8
5.000153 83 8 8
5.000153 84 10 10
5.000153 85 8 8
5.000153 87 11 11
5.000153 88 12 12
5.000153 89 9 9
5.000153 90 10 10
5.000153 91 8 8
5.000153 93 8 8
5.000153 94 8 8
5.000153 95 7 7
5.000153 96 8 8
5.000153 97 8 8
5.000153 98 8 8
5.000153 99 8 8
5.000153 100 12 12
5.000153 101 9 9
5.000153 102 8 8
5.000153 103 7 7
5.000153 104 5 5
5.000153 105 8 8
5.000153 106 8 8
5.000153 107 8 8
5.000153 108 8 8
6.000183 0 15 15
6.000183 1 16 16
6.000183 2 14 14
6.000183 3 4 4
6.000183 5 17 17
6.000183 6 15 15
6.000183 8 18 18
6.000183 9 16 16
6.000183 10 16 16
6.000183 11 14 14
6.000183 12 12 12
6.000183 14 12 12
6.000183 15 14 14
6.000183 16 14 14
6.000183 17 17 17
6.000183 18 16 16
6.000183 19 16 16
6.000183 20 16 16
6.000183 21 18 18
6.000183 23 15 15
6.000183 24 16 16
6.000183 25 16 16
6.000183 26 16 16
6.000183 27 19 19
6.000183 28 16 16
6.000183 29 14 14
6.000183 30 16 16
6.000183 31 16 16
6.000183 33 12 12
6.000183 34 17 17
6.000183 35 13 13
6.000183 36 14 14
6.000183 37 14 14
6.000183 38 18 18
6.000183 39 21 21
6.000183 40 16 16
6.000183 41 17 17
6.000183 42 17 17
6.000183 43 6 6
6.000183 44 16 16
6.000183 45 15 15
6.000183 46 14 14
6.000183 47 13 13
6.000183 49 14 14
6.000183 50 16 16
6.000183 51 11 11
6.000183 52 15 15
6.000183 53 11 11
6.000183 54 17 17
6.000183 55 16 16
6.000183 56 14 14
6.000183 57 16 16
6.000183 58 17 17
6.000183 59 16 16
6.000183 60 16 16
6.000183 61 16 16
6.000183 62 17 17
6.000183 63 14 14
6.000183 64 17 17
6.000183 66 16 16
6.000183 67 15 15
6.000183 68 12 12
6.000183 69 14 14
6.000183 71 16 16
6.000183 73 16 16
6.000183 74 16 16
6.000183 76 17 17
6.000183 77 18 18
6.000183 78 16 16
6.000183 79 14 14
6.000183 80 17 17
6.000183 81 13 13
6.000183 82 15 15
6.000183 83 15 15
6.000183 84 17 17
6.000183 85 12 12
6.000183 87 17 17
6.000183 88 19 19
6.000183 89 15 15
6.000183 90 16 16
6.000183 91 16 16
6.000183 93 16 16
6.000183 94 15 15
6.000183 95 13 13
6.000183 96 15 15
6.000183 97 14 14
6.000183 98 15 15
6.000183 99 14 14
6.000183 100 17 17
6.000183 101 15 15
6.000183 102 14 14
6.000183 103 12 12
6.000183 104 7 7
6.000183 105 15 15
6.000183 106 16 16
6.000183 107 13 13
6.000183 108 13 13
7.000214 0 22 22
7.000214 1 26 26
7.000214 2 23 23
7.000214 3 4 4
7.000214 5 26 26
7.000214 6 24 24
7.000214 8 29 29
7.000214 9 25 25
7.000214 10 30 30
7.000214 11 20 20
7.000214 12 17 17
7.000214 14 17 17
7.000214 15 21 21
7.000214 16 20 20
7.000214 17 26 26
7.000214 18 25 25
7.000214 19 26 26
7.000214 20 21 21
7.000214 21 29 29
7.000214 23 27 27
7.000214 24 25 25
7.000214 25 22 22
7.000214 26 28 28
7.000214 27 30 30
7.000214 28 28 28
7.000214 29 20 20
7.000214 30 29 29
7.000214 31 31 31
7.000214 33 17 17
7.000214 34 24 24
7.000214 35 21 21
7.000214 36 21 21
7.000214 37 19 19
7.000214 38 27 27
7.000214 39 30 30
7.000214 40 22 22
7.000214 41 29 29
7.000214 42 28 28
7.000214 43 6 6
7.000214 44 25 25
7.000214 45 24 24
7.000214 46 23 23
7.000214 47 20 20
7.000214 49 20 20
7.000214 50 29 29
7.000214 51 19 19
7.000214 52 24 24
7.000214 53 16 16
7.000214 54 22 22
7.000214 55 25 25
7.000214 56 21 21
7.000214 57 24 24
7.000214 58 28 28
7.000214 59 23 23
7.000214 60 20 20
7.000214 61 19 19
7.000214 62 29 29
7.000214 63 23 23
7.000214 64 29 29
7.000214 66 25 25
7.000214 67 27 27
7.000214 68 18 18
7.000214 69 21 21
7.000214 71 17 17
7.000214 73 28 28
7.000214 74 23 23
7.000214 76 28 28
7.000214 77 27 27
7.000214 78 26 26
7.000214 79 23 23
7.000214 80 27 27
7.000214 81 19 19
7.000214 82 19 19
7.000214 83 22 22
7.000214 84 29 29
7.000214 85 21 21
7.000214 87 29 29
7.000214 88 28 28
7.000214 89 23 23
7.000214 90 32 32
7.000214 91 27 27
7.000214 93 24 24
7.000214 94 20 20
7.000214 95 19 19
7.000214 96 18 18
7.000214 97 19 19
7.000214 98 23 23
7.000214 99 19 19
7.000214 100 27 27
7.000214 101 25 25
7.000214 102 21 21
7.000214 103 19 19
7.000214 104 10 10
7.000214 105 27 27
7.000214 106 25 25
7.000214 107 21 21
7.000214 108 21 21
8.000244 0 36 36
8.000244 1 40 40
8.000244 2 36 36
8.000244 3 8 8
8.000244 5 41 41
8.000244 6 35 35
8.000244 8 45 45
8.000244 9 30 30
8.000244 10 43 43
8.000244 11 36 36
8.000244 12 28 28
8.000244 14 30 30
8.000244 15 34 34
8.000244 16 33 33
8.000244 17 39 39
8.000244 18 34 34
8.000244 19 36 36
8.000244 20 33 33
8.000244 21 45 45
8.000244 23 39 39
8.000244 24 35 35
8.000244 25 35 35
8.000244 26 41 41
8.000244 27 49 49
8.000244 28 40 40
8.000244 29 31 31
8.000244 30 45 45
8.000244 31 44 44
8.000244 33 30 30
8.000244 34 37 37
8.000244 35 37 37
8.000244 36 33 33
8.000244 37 31 31
8.000244 38 42 42
8.000244 39 55 55
8.000244 40 37 37
8.000244 41 45 45
8.000244 42 41 41
8.000244 43 7 7
8.000244 44 41 41
8.000244 45 36 36
8.000244 46 33 33
8.000244 47 32 32
8.000244 49 32 32
8.000244 50 40 40
8.000244 51 30 30
8.000244 52 38 38
8.000244 53 32 32
8.000244 54 37 37
8.000244 55 40 40
8.000244 56 34 34
8.000244 57 37 37
8.000244 58 38 38
8.000244 59 35 35
8.000244 60 36 36
8.000244 61 32 32
8.000244 62 42 42
8.000244 63 32 32
8.000244 64 44 44
8.000244 66 38 38
8.000244 67 45 45
8.000244 68 21 21
8.000244 69 34 34
8.000244 71 34 34
8.000244 73 43 43
8.000244 74 35 35
8.000244 76 44 44
8.000244 77 40 40
8.000244 78 44 44
8.000244 79 35 35
8.000244 80 43 43
8.000244 81 34 34
8.000244 82 34 34
8.000244 83 35 35
8.000244 84 43 43
8.000244 85 31 31
8.000244 87 42 42
8.000244 88 44 44
8.000244 89 38 38
8.000244 90 45 45
8.000244 91 37 37
8.000244 93 36 36
8.000244 94 32 32
8.000244 95 28 28
8.000244 96 32 32
8.000244 97 33 33
8.000244 98 33 33
8.000244 99 33 33
8.000244 100 26 26
8.000244 101 35 35
8.000244 102 37 37
8.000244 103 31 31
8.000244 104 7 7
8.000244 105 33 33
8.000244 106 36 36
8.000244 107 32 32
8.000244 108 32 32
9.000275 0 62 62
9.000275 1 64 64
9.000275 2 58 58
9.000275 3 6 6
9.000275 5 65 65
9.000275 6 27 27
9.000275 8 76 76
9.000275 10 71 71
9.000275 11 58 58
9.000275 14 24 24
9.000275 15 55 55
9.000275 16 56 56
9.000275 17 43 43
9.000275 18 57 57
9.000275 19 64 64
9.000275 20 51 51
9.000275 21 70 70
9.000275 23 66 66
9.000275 24 60 60
9.000275 25 62 62
9.000275 26 66 66
9.000275 27 72 72
9.000275 28 66 66
9.000275 29 45 45
9.000275 30 67 67
9.000275 31 68 68
9.000275 33 47 47
9.000275 34 66 66
9.000275 35 60 60
9.000275 36 57 57
9.000275 37 53 53
9.000275 38 74 74
9.000275 39 78 78
9.000275 40 23 23
9.000275 41 69 69
9.000275 42 64 64
9.000275 44 64 64
9.000275 45 57 57
9.000275 46 58 58
9.000275 47 38 38
9.000275 49 56 56
9.000275 50 70 70
9.000275 51 46 46
9.000275 53 43 43
9.000275 54 59 59
9.000275 55 64 64
9.000275 56 61 61
9.000275 57 63 63
9.000275 58 63 63
9.000275 59 60 60
9.000275 60 60 60
9.000275 61 55 55
9.000275 62 62 62
9.000275 63 54 54
9.000275 64 72 72
9.000275 66 63 63
9.000275 67 70 70
9.000275 69 52 52
9.000275 71 61 61
9.000275 73 61 61
9.000275 74 59 59
9.000275 76 25 25
9.000275 77 68 68
9.000275 78 48 48
9.000275 79 56 56
9.000275 80 67 67
9.000275 81 51 51
9.000275 82 56 56
9.000275 83 60 60
9.000275 84 71 71
9.000275 85 55 55
9.000275 87 64 64
9.000275 88 67 67
9.000275 89 59 59
9.000275 90 75 75
9.000275 91 61 61
9.000275 93 62 62
9.000275 94 55 55
9.000275 95 52 52
9.000275 96 53 53
9.000275 97 55 55
9.000275 98 58 58
9.000275 99 52 52
9.000275 101 59 59
9.000275 102 57 57
9.000275 103 54 54
9.000275 105 60 60
9.000275 106 61 61
9.000275 107 53 53
9.000275 108 53 53
10.000305 0 95 95
10.000305 1 77 77
10.000305 2 93 93
10.000305 5 107 107
10.000305 8 125 125
10.000305 11 91 91
10.000305 15 86 86
10.000305 16 93 93
10.000305 18 90 90
10.000305 19 87 87
10.000305 21 109 109
10.000305 23 10 10
10.000305 24 56 56
10.000305 25 90 90
10.000305 26 99 99
10.000305 27 117 117
10.000305 28 7 7
10.000305 30 117 117
10.000305 31 118 118
10.000305 34 105 105
10.000305 35 38 38
10.000305 36 83 83
10.000305 37 86 86
10.000305 38 115 115
10.000305 39 129 129
10.000305 41 42 42
10.000305 42 112 112
10.000305 45 2 2
10.000305 46 91 91
10.000305 49 78 78
10.000305 50 105 105
10.000305 51 74 74
10.000305 53 68 68
10.000305 54 96 96
10.000305 55 99 99
10.000305 56 87 87
10.000305 58 106 106
10.000305 59 89 89
10.000305 60 89 89
10.000305 61 84 84
10.000305 63 87 87
10.000305 64 1 1
10.000305 66 99 99
10.000305 67 105 105
10.000305 69 15 15
10.000305 71 81 81
10.000305 74 96 96
10.000305 77 103 103
10.000305 79 11 11
10.000305 81 81 81
10.000305 82 91 91
10.000305 83 17 17
10.000305 84 27 27
10.000305 85 85 85
10.000305 87 110 110
10.000305 88 109 109
10.000305 89 54 54
10.000305 90 127 127
10.000305 91 99 99
10.000305 93 98 98
10.000305 94 1 1
10.000305 95 83 83
10.000305 96 80 80
10.000305 97 82 82
10.000305 99 87 87
10.000305 101 89 89
10.000305 102 87 87
10.000305 105 107 107
10.000305 106 102 102
10.000305 107 81 81
11.000336 0 13 13
11.000336 2 130 130
11.000336 5 165 165
11.000336 8 159 159
11.000336 11 135 135
11.000336 16 139 139
11.000336 21 58 58
11.000336 25 148 148
11.000336 30 187 187
11.000336 31 170 170
11.000336 34 158 158
11.000336 36 10 10
11.000336 37 6 6
11.000336 38 14 14
11.000336 39 210 210
11.000336 42 38 38
11.000336 46 141 141
11.000336 49 131 131
11.000336 50 157 157
11.000336 53 118 118
11.000336 54 154 154
11.000336 55 163 163
11.000336 56 136 136
11.000336 58 156 156
11.000336 59 150 150
11.000336 60 152 152
11.000336 61 137 137
11.000336 63 137 137
11.000336 66 153 153
11.000336 67 57 57
11.000336 71 139 139
11.000336 74 90 90
11.000336 77 169 169
11.000336 81 135 135
11.000336 82 139 139
11.000336 87 165 165
11.000336 88 178 178
11.000336 90 3 3
11.000336 93 15 15
11.000336 95 122 122
11.000336 96 127 127
11.000336 97 139 139
11.000336 99 80 80
11.000336 101 141 141
11.000336 102 2 2
11.000336 105 149 149
11.000336 106 143 143
11.000336 107 126 126
12.000366 2 1 1
12.000366 5 246 246
12.000366 8 113 113
12.000366 11 116 116
12.000366 16 222 222
12.000366 25 34 34
12.000366 30 272 272
12.000366 34 267 267
12.000366 39 187 187
12.000366 46 222 222
12.000366 49 217 217
12.000366 50 156 156
12.000366 53 179 179
12.000366 54 245 245
12.000366 55 92 92
12.000366 56 232 232
12.000366 58 252 252
12.000366 59 17 17
12.000366 60 42 42
12.000366 61 219 219
12.000366 63 151 151
12.000366 66 112 112
12.000366 71 5 5
12.000366 77 230 230
12.000366 81 213 213
12.000366 82 225 225
12.000366 87 35 35
12.000366 88 278 278
12.000366 96 109 109
12.000366 97 217 217
12.000366 101 228 228
12.000366 105 246 246
12.000366 106 249 249
12.000366 107 216 216
13.000397 5 211 211
13.000397 8 15 15
13.000397 11 1 1
13.000397 16 355 355
13.000397 30 85 85
13.000397 34 416 416
13.000397 39 1 1
13.000397 46 357 357
13.000397 49 294 294
13.000397 50 75 75
13.000397 53 281 281
13.000397 54 342 342
13.000397 56 145 145
13.000397 58 409 409
13.000397 61 347 347
13.000397 63 5 5
13.000397 77 207 207
13.000397 81 335 335
13.000397 82 369 369
13.000397 87 4 4
13.000397 88 459 459
13.000397 96 17 17
13.000397 97 153 153
13.000397 101 365 365
13.000397 105 213 213
13.000397 106 84 84
13.000397 107 316 316
14.000427 5 22 22
14.000427 16 347 347
14.000427 34 467 467
14.000427 46 574 574
14.000427 49 210 210
14.000427 53 452 452
14.000427 54 261 261
14.000427 56 8 8
14.000427 58 640 640
14.000427 61 554 554
14.000427 77 51 51
14.000427 81 471 471
14.000427 82 575 575
14.000427 88 430 430
14.000427 97 45 45
14.000427 101 435 435
14.000427 105 50 50
14.000427 107 255 255
15.000458 16 270 270
15.000458 34 207 207
15.000458 46 886 886
15.000458 49 67 67
15.000458 53 555 555
15.000458 54 180 180
15.000458 58 722 722
15.000458 61 808 808
15.000458 81 491 491
15.000458 82 729 729
15.000458 88 410 410
15.000458 97 13 13
15.000458 101 280 280
15.000458 107 280 280
16.000488 16 220 220
16.000488 34 31 31
16.000488 46 1146 1146
16.000488 53 631 631
16.000488 54 128 128
16.000488 58 665 665
16.000488 61 861 861
16.000488 81 563 563
16.000488 82 797 797
16.000488 88 412 412
16.000488 101 135 135
16.000488 107 267 267
17.000519 16 217 217
17.000519 46 1234 1234
17.000519 53 695 695
17.000519 54 55 55
17.000519 58 622 622
17.000519 61 856 856
17.000519 81 575 575
17.000519 82 866 866
17.000519 88 441 441
17.000519 101 59 59
17.000519 107 237 237
18.000549 16 191 191
18.000549 46 1258 1258
18.000549 53 746 746
18.000549 54 28 28
18.000549 58 623 623
18.000549 61 794 794
18.000549 81 640 640
18.000549 82 966 966
18.000549 88 436 436
18.000549 101 5 5
18.000549 107 215 215
19.000580 16 150 150
19.000580 46 1347 1347
19.000580 53 807 807
19.000580 58 598 598
19.000580 61 631 631
19.000580 81 766 766
19.000580 82 1007 1007
19.000580 88 367 367
19.000580 107 189 189
20.000610 16 124 124
20.000610 46 1412 1412
20.000610 53 866 866
20.000610 58 545 545
20.000610 61 485 485
20.000610 81 856 856
20.000610 82 1147 1147
20.000610 88 283 283
20.000610 107 160 160
21.000641 16 74 74
21.000641 46 1392 1392
21.000641 53 876 876
21.000641 58 529 529
21.000641 61 380 380
21.000641 81 963 963
21.000641 82 1146 1146
21.000641 88 339 339
21.000641 107 181 181
22.000671 16 61 61
22.000671 46 1407 1407
22.000671 53 914 914
22.000671 58 504 504
22.000671 61 337 337
22.000671 81 974 974
22.000671 82 1211 1211
22.000671 88 269 269
22.000671 107 187 187
23.000702 16 27 27
23.000702 46 1403 1403
23.000702 53 954 954
23.000702 58 466 466
23.000702 61 339 339
23.000702 81 993 993
23.000702 82 1288 1288
23.000702 88 185 185
23.000702 107 212 212
24.000732 46 1371 1371
24.000732 53 1024 1024
24.000732 58 430 430
24.000732 61 338 338
24.000732 81 1014 1014
24.000732 82 1348 1348
24.000732 88 165 165
24.000732 107 228 228
25.000763 46 1321 1321
25.000763 53 1059 1059
25.000763 58 444 444
25.000763 61 346 346
25.000763 81 924 924
25.000763 82 1406 1406
25.000763 88 148 148
25.000763 107 253 253
26.000793 46 1350 1350
26.000793 53 963 963
26.000793 58 477 477
26.000793 61 386 386
26.000793 81 932 932
26.000793 82 1342 1342
26.000793 88 133 133
26.000793 107 308 308
27.000824 46 1333 1333
27.000824 53 928 928
27.000824 58 492 492
27.000824 61 438 438
27.000824 81 966 966
27.000824 82 1261 1261
27.000824 88 159 159
27.000824 107 299 299
28.000854 46 1371 1371
28.000854 53 935 935
28.000854 58 488 488
28.000854 61 461 461
28.000854 81 937 937
28.000854 82 1251 1251
28.000854 88 106 106
28.000854 107 338 338
29.000885 46 1392 1392
29.000885 53 984 984
29.000885 58 495 495
29.000885 61 449 449
29.000885 81 901 901
29.000885 82 1274 1274
29.000885 88 47 47
29.000885 107 368 368
30.000916 46 1339 1339
30.000916 53 987 987
30.000916 58 501 501
30.000916 61 467 467
30.000916 81 829 829
30.000916 82 1259 1259
30.000916 88 28 28
30.000916 107 426 426
31.000946 46 1298 1298
31.000946 53 1013 1013
31.000946 58 469 469
31.000946 61 521 521
31.000946 81 802 802
31.000946 82 1336 1336
31.000946 88 8 8
31.000946 107 456 456
32.000977 46 1231 1231
32.000977 53 1008 1008
32.000977 58 427 427
32.000977 61 572 572
32.000977 81 773 773
32.000977 82 1389 1389
32.000977 107 450 450
32.785446 46 1279 1279
32.785446 53 1037 1037
32.785446 58 431 431
32.785446 61 631 631
32.785446 81 798 798
32.785446 82 1400 1400
32.785446 107 472 472
33.785461 46 1282 1282
33.785461 53 1138 1138
33.785461 58 390 390
33.785461 61 644 644
33.785461 81 737 737
33.785461 82 1400 1400
33.785461 107 493 493
34.785477 46 1238 1238
34.785477 53 1144 1144
34.785477 58 386 386
34.785477 61 722 722
34.785477 81 759 759
34.785477 82 1319 1319
34.785477 107 526 526
35.785492 46 1251 1251
35.785492 53 1198 1198
35.785492 58 347 347
35.785492 61 691 691
35.785492 81 826 826
35.785492 82 1370 1370
35.785492 107 479 479
36.785507 46 1323 1323
36.785507 53 1263 1263
36.785507 58 344 344
36.785507 61 581 581
36.785507 81 813 813
36.785507 82 1352 1352
36.785507 107 491 491
37.785522 46 1333 1333
37.785522 53 1276 1276
37.785522 58 319 319
37.785522 61 581 581
37.785522 81 755 755
37.785522 82 1351 1351
37.785522 107 498 498
38.785538 46 1347 1347
38.785538 53 1304 1304
38.785538 58 314 314
38.785538 61 620 620
38.785538 81 759 759
38.785538 82 1342 1342
38.785538 107 480 480
39.785553 46 1337 1337
39.785553 53 1265 1265
39.785553 58 249 249
39.785553 61 679 679
39.785553 81 852 852
39.785553 82 1389 1389
39.785553 107 428 428
40.785568 46 1443 1443
40.785568 53 1191 1191
40.785568 58 257 257
40.785568 61 557 557
40.785568 81 899 899
40.785568 82 1355 1355
40.785568 107 416 416
41.785583 46 1520 1520
41.785583 53 1166 1166
41.785583 58 243 243
41.785583 61 563 563
41.785583 81 893 893
41.785583 82 1387 1387
41.785583 107 365 365
42.785599 46 1543 1543
42.785599 53 1076 1076
42.785599 58 276 276
42.785599 61 572 572
42.785599 81 906 906
42.785599 82 1434 1434
42.785599 107 358 358
43.785614 46 1545 1545
43.785614 53 997 997
43.785614 58 299 299
43.785614 61 492 492
43.785614 81 950 950
43.785614 82 1441 1441
43.785614 107 425 425
44.785629 46 1501 1501
44.785629 53 1013 1013
44.785629 58 312 312
44.785629 61 506 506
44.785629 81 873 873
44.785629 82 1468 1468
44.785629 107 440 440
45.785645 46 1421 1421
45.785645 53 983 983
45.785645 58 320 320
45.785645 61 569 569
45.785645 81 884 884
45.785645 82 1505 1505
45.785645 107 458 458
46.785660 46 1335 1335
46.785660 53 984 984
46.785660 58 360 360
46.785660 61 632 632
46.785660 81 876 876
46.785660 82 1531 1531
46.785660 107 419 419
47.785675 46 1312 1312
47.785675 53 953 953
47.785675 58 334 334
47.785675 61 704 704
47.785675 81 909 909
47.785675 82 1538 1538
47.785675 107 397 397
48.785690 46 1405 1405
48.785690 53 989 989
48.785690 58 200 200
48.785690 61 717 717
48.785690 81 900 900
48.785690 82 1543 1543
48.785690 107 341 341
49.785706 46 1372 1372
49.785706 53 1030 1030
49.785706 58 162 162
49.785706 61 742 742
49.785706 81 896 896
49.785706 82 1663 1663
49.785706 107 247 247
50.785721 46 1392 1392
50.785721 53 1197 1197
50.785721 58 103 103
50.785721 61 688 688
50.785721 81 878 878
50.785721 82 1748 1748
50.785721 107 102 102
51.785736 46 1442 1442
51.785736 53 1318 1318
51.785736 58 70 70
51.785736 61 601 601
51.785736 81 865 865
51.785736 82 1798 1798
51.785736 107 16 16
52.785751 46 1429 1429
52.785751 53 1401 1401
52.785751 58 6 6
52.785751 61 540 540
52.785751 81 910 910
52.785751 82 1785 1785
52.785751 107 7 7
53.785767 46 1480 1480
53.785767 53 1351 1351
53.785767 61 573 573
53.785767 81 915 915
53.785767 82 1772 1772
54.785782 46 1463 1463
54.785782 53 1308 1308
54.785782 61 645 645
54.785782 81 901 901
54.785782 82 1815 1815
55.785797 46 1319 1319
55.785797 53 1386 1386
55.785797 61 691 691
55.785797 81 763 763
55.785797 82 1959 1959
56.785812 46 1255 1255
56.785812 53 1393 1393
56.785812 61 729 729
56.785812 81 759 759
56.785812 82 2022 2022
57.785828 46 1095 1095
57.785828 53 1410 1410
57.785828 61 755 755
57.785828 81 744 744
57.785828 82 2165 2165
58.785843 46 1025 1025
58.785843 53 1346 1346
58.785843 61 778 778
58.785843 81 770 770
58.785843 82 2206 2206
59.785858 46 1020 1020
59.785858 53 1417 1417
59.785858 61 795 795
59.785858 81 754 754
59.785858 82 2185 2185
60.785873 46 1044 1044
60.785873 53 1454 1454
60.785873 61 750 750
60.785873 81 749 749
60.785873 82 2197 2197
61.785889 46 1065 1065
61.785889 53 1536 1536
61.785889 61 682 682
61.785889 81 698 698
61.785889 82 2166 2166
62.785904 46 1024 1024
62.785904 53 1571 1571
62.785904 61 647 647
62.785904 81 717 717
62.785904 82 2185 2185
63.785919 46 1066 1066
63.785919 53 1689 1689
63.785919 61 666 666
63.785919 81 578 578
63.785919 82 2167 2167
64.785934 46 1078 1078
64.785934 53 1671 1671
64.785934 61 611 611
64.785934 81 577 577
64.785934 82 2192 2192
65.785950 46 1148 1148
65.785950 53 1588 1588
65.785950 61 524 524
65.785950 81 626 626
65.785950 82 2287 2287
66.785965 46 1167 1167
66.785965 53 1515 1515
66.785965 61 594 594
66.785965 81 646 646
66.785965 82 2260 2260
67.785980 46 1243 1243
67.785980 53 1557 1557
67.785980 61 609 609
67.785980 81 565 565
67.785980 82 2179 2179
68.785995 46 1270 1270
68.785995 53 1598 1598
68.785995 61 615 615
68.785995 81 506 506
68.785995 82 2169 2169
69.786011 46 1216 1216
69.786011 53 1570 1570
69.786011 61 596 596
69.786011 81 579 579
69.786011 82 2190 2190
70.786026 46 1120 1120
70.786026 53 1614 1614
70.786026 61 639 639
70.786026 81 626 626
70.786026 82 2163 2163
71.786041 46 1051 1051
71.786041 53 1594 1594
71.786041 61 614 614
71.786041 81 687 687
71.786041 82 2210 2210
