0.000000 0 1 1
0.000000 1 1 1
0.000000 2 1 1
0.000000 3 1 1
0.000000 4 1 1
0.000000 5 1 1
0.000000 6 1 1
0.000000 7 1 1
0.000000 8 1 1
0.000000 9 1 1
0.000000 10 1 1
0.000000 12 1 1
0.000000 14 1 1
0.000000 16 1 1
0.000000 17 1 1
0.000000 18 1 1
0.000000 19 1 1
0.000000 20 1 1
0.000000 21 1 1
0.000000 22 1 1
0.000000 24 1 1
0.000000 25 1 1
0.000000 27 1 1
0.000000 28 1 1
0.000000 29 1 1
0.000000 30 1 1
0.000000 31 1 1
0.000000 32 1 1
0.000000 33 1 1
0.000000 34 1 1
0.000000 35 1 1
0.000000 36 1 1
0.000000 37 1 1
0.000000 38 1 1
0.000000 39 1 1
0.000000 40 1 1
0.000000 41 1 1
0.000000 42 1 1
0.000000 43 1 1
0.000000 44 1 1
0.000000 45 1 1
0.000000 46 1 1
0.000000 47 1 1
0.000000 48 1 1
0.000000 51 1 1
0.000000 52 1 1
0.000000 53 1 1
0.000000 54 1 1
0.000000 56 1 1
0.000000 57 1 1
0.000000 58 1 1
0.000000 59 1 1
0.000000 60 1 1
0.000000 61 1 1
0.000000 62 1 1
0.000000 63 1 1
0.000000 64 1 1
0.000000 66 1 1
0.000000 67 1 1
0.000000 68 1 1
0.000000 69 1 1
0.000000 70 1 1
0.000000 72 1 1
0.000000 73 1 1
0.000000 74 1 1
0.000000 75 1 1
0.000000 76 1 1
0.000000 77 1 1
0.000000 78 1 1
0.000000 79 1 1
0.000000 80 1 1
0.000000 81 1 1
0.000000 82 1 1
0.000000 83 1 1
0.000000 84 1 1
0.000000 85 1 1
0.000000 87 1 1
0.000000 90 1 1
0.000000 91 1 1
0.000000 92 1 1
0.000000 93 1 1
0.000000 94 1 1
0.000000 96 1 1
0.000000 97 1 1
0.000000 98 1 1
0.000000 99 1 1
0.000000 100 1 1
0.000000 102 1 1
0.000000 103 1 1
0.000000 104 1 1
0.000000 105 1 1
0.000000 106 1 1
0.000000 107 1 1
0.000000 108 1 1
0.000000 109 1 1
1.000031 0 2 2
1.000031 1 2 2
1.000031 2 2 2
1.000031 3 2 2
1.000031 4 1 1
1.000031 5 1 1
1.000031 6 2 2
1.000031 7 1 1
1.000031 8 2 2
1.000031 9 2 2
1.000031 10 2 2
1.000031 12 2 2
1.000031 14 2 2
1.000031 16 2 2
1.000031 17 1 1
1.000031 18 1 1
1.000031 19 2 2
1.000031 20 2 2
1.000031 21 1 1
1.000031 22 1 1
1.000031 24 2 2
1.000031 25 2 2
1.000031 27 2 2
1.000031 28 1 1
1.000031 29 2 2
1.000031 30 1 1
1.000031 31 1 1
1.000031 32 1 1
1.000031 33 1 1
1.000031 34 1 1
1.000031 35 2 2
1.000031 36 2 2
1.000031 37 2 2
1.000031 38 2 2
1.000031 39 2 2
1.000031 40 1 1
1.000031 41 1 1
1.000031 42 1 1
1.000031 43 1 1
1.000031 44 2 2
1.000031 45 1 1
1.000031 46 1 1
1.000031 47 2 2
1.000031 48 2 2
1.000031 51 1 1
1.000031 52 2 2
1.000031 53 1 1
1.000031 54 2 2
1.000031 56 2 2
1.000031 57 1 1
1.000031 58 2 2
1.000031 59 2 2
1.000031 60 1 1
1.000031 61 1 1
1.000031 62 1 1
1.000031 63 2 2
1.000031 64 2 2
1.000031 66 2 2
1.000031 67 1 1
1.000031 68 1 1
1.000031 69 2 2
1.000031 70 1 1
1.000031 72 1 1
1.000031 73 2 2
1.000031 74 1 1
1.000031 75 1 1
1.000031 76 2 2
1.000031 77 1 1
1.000031 78 2 2
1.000031 79 2 2
1.000031 80 2 2
1.000031 81 2 2
1.000031 82 1 1
1.000031 83 2 2
1.000031 84 2 2
1.000031 85 2 2
1.000031 87 1 1
1.000031 90 2 2
1.000031 91 2 2
1.000031 92 2 2
1.000031 93 2 2
1.000031 94 2 2
1.000031 96 2 2
1.000031 97 2 2
1.000031 98 1 1
1.000031 99 1 1
1.000031 100 2 2
1.000031 102 2 2
1.000031 103 1 1
1.000031 104 2 2
1.000031 105 1 1
1.000031 106 1 1
1.000031 107 1 1
1.000031 108 1 1
1.000031 109 2 2
2.000061 0 2 2
2.000061 1 2 2
2.000061 2 2 2
2.000061 3 3 3
2.000061 4 2 2
2.000061 5 2 2
2.000061 6 3 3
2.000061 7 2 2
2.000061 8 2 2
2.000061 9 2 2
2.000061 10 2 2
2.000061 12 3 3
2.000061 14 2 2
2.000061 16 2 2
2.000061 17 2 2
2.000061 18 2 2
2.000061 19 2 2
2.000061 20 2 2
2.000061 21 2 2
2.000061 22 2 2
2.000061 24 2 2
2.000061 25 3 3
2.000061 27 3 3
2.000061 28 2 2
2.000061 29 2 2
2.000061 30 3 3
2.000061 31 2 2
2.000061 32 2 2
2.000061 33 2 2
2.000061 34 2 2
2.000061 35 2 2
2.000061 36 2 2
2.000061 37 2 2
2.000061 38 4 4
2.000061 39 3 3
2.000061 40 2 2
2.000061 41 2 2
2.000061 42 3 3
2.000061 43 2 2
2.000061 44 2 2
2.000061 45 2 2
2.000061 46 2 2
2.000061 47 2 2
2.000061 48 2 2
2.000061 51 2 2
2.000061 52 2 2
2.000061 53 2 2
2.000061 54 2 2
2.000061 56 2 2
2.000061 57 2 2
2.000061 58 2 2
2.000061 59 2 2
2.000061 60 2 2
2.000061 61 2 2
2.000061 62 2 2
2.000061 63 3 3
2.000061 64 2 2
2.000061 66 3 3
2.000061 67 2 2
2.000061 68 2 2
2.000061 69 2 2
2.000061 70 2 2
2.000061 72 2 2
2.000061 73 2 2
2.000061 74 2 2
2.000061 75 2 2
2.000061 76 2 2
2.000061 77 2 2
2.000061 78 3 3
2.000061 79 2 2
2.000061 80 2 2
2.000061 81 3 3
2.000061 82 2 2
2.000061 83 2 2
2.000061 84 3 3
2.000061 85 2 2
2.000061 87 2 2
2.000061 90 2 2
2.000061 91 2 2
2.000061 92 2 2
2.000061 93 2 2
2.000061 94 2 2
2.000061 96 2 2
2.000061 97 2 2
2.000061 98 2 2
2.000061 99 2 2
2.000061 100 2 2
2.000061 102 2 2
2.000061 103 2 2
2.000061 104 2 2
2.000061 105 2 2
2.000061 106 2 2
2.000061 107 2 2
2.000061 108 2 2
2.000061 109 2 2
3.000092 0 4 4
3.000092 1 4 4
3.000092 2 3 3
3.000092 3 4 4
3.000092 4 4 4
3.000092 5 4 4
3.000092 6 5 5
3.000092 7 4 4
3.000092 8 4 4
3.000092 9 4 4
3.000092 10 4 4
3.000092 12 4 4
3.000092 14 4 4
3.000092 16 4 4
3.000092 17 3 3
3.000092 18 3 3
3.000092 19 4 4
3.000092 20 4 4
3.000092 21 4 4
3.000092 22 4 4
3.000092 24 4 4
3.000092 25 4 4
3.000092 27 5 5
3.000092 28 4 4
3.000092 29 4 4
3.000092 30 5 5
3.000092 31 4 4
3.000092 32 4 4
3.000092 33 4 4
3.000092 34 4 4
3.000092 35 4 4
3.000092 36 4 4
3.000092 37 4 4
3.000092 38 4 4
3.000092 39 4 4
3.000092 40 4 4
3.000092 41 4 4
3.000092 42 5 5
3.000092 43 3 3
3.000092 44 4 4
3.000092 45 4 4
3.000092 46 4 4
3.000092 47 4 4
3.000092 48 4 4
3.000092 51 4 4
3.000092 52 4 4
3.000092 53 4 4
3.000092 54 4 4
3.000092 56 4 4
3.000092 57 4 4
3.000092 58 4 4
3.000092 59 4 4
3.000092 60 4 4
3.000092 61 4 4
3.000092 62 4 4
3.000092 63 4 4
3.000092 64 4 4
3.000092 66 4 4
3.000092 67 3 3
3.000092 68 4 4
3.000092 69 4 4
3.000092 70 4 4
3.000092 72 4 4
3.000092 73 4 4
3.000092 74 3 3
3.000092 75 4 4
3.000092 76 4 4
3.000092 77 4 4
3.000092 78 5 5
3.000092 79 4 4
3.000092 80 4 4
3.000092 81 4 4
3.000092 82 4 4
3.000092 83 3 3
3.000092 84 5 5
3.000092 85 4 4
3.000092 87 4 4
3.000092 90 4 4
3.000092 91 4 4
3.000092 92 4 4
3.000092 93 4 4
3.000092 94 4 4
3.000092 96 4 4
3.000092 97 4 4
3.000092 98 3 3
3.000092 99 4 4
3.000092 100 4 4
3.000092 102 4 4
3.000092 103 4 4
3.000092 104 4 4
3.000092 105 3 3
3.000092 106 4 4
3.000092 107 3 3
3.000092 108 4 4
3.000092 109 4 4
4.000122 0 6 6
4.000122 1 6 6
4.000122 2 5 5
4.000122 3 8 8
4.000122 4 6 6
4.000122 5 6 6
4.000122 6 7 7
4.000122 7 6 6
4.000122 8 7 7
4.000122 9 7 7
4.000122 10 7 7
4.000122 12 7 7
4.000122 14 8 8
4.000122 16 7 7
4.000122 17 3 3
4.000122 18 4 4
4.000122 19 7 7
4.000122 20 5 5
4.000122 21 7 7
4.000122 22 6 6
4.000122 24 8 8
4.000122 25 7 7
4.000122 27 9 9
4.000122 28 4 4
4.000122 29 7 7
4.000122 30 6 6
4.000122 31 4 4
4.000122 32 6 6
4.000122 33 5 5
4.000122 34 5 5
4.000122 35 5 5
4.000122 36 5 5
4.000122 37 8 8
4.000122 38 8 8
4.000122 39 7 7
4.000122 40 7 7
4.000122 41 6 6
4.000122 42 7 7
4.000122 43 4 4
4.000122 44 7 7
4.000122 45 6 6
4.000122 46 6 6
4.000122 47 8 8
4.000122 48 7 7
4.000122 51 6 6
4.000122 52 8 8
4.000122 53 5 5
4.000122 54 6 6
4.000122 56 6 6
4.000122 57 5 5
4.000122 58 6 6
4.000122 59 7 7
4.000122 60 4 4
4.000122 61 4 4
4.000122 62 7 7
4.000122 63 8 8
4.000122 64 8 8
4.000122 66 8 8
4.000122 67 6 6
4.000122 68 5 5
4.000122 69 5 5
4.000122 70 6 6
4.000122 72 6 6
4.000122 73 6 6
4.000122 74 5 5
4.000122 75 5 5
4.000122 76 8 8
4.000122 77 6 6
4.000122 78 8 8
4.000122 79 5 5
4.000122 80 7 7
4.000122 81 8 8
4.000122 82 6 6
4.000122 83 4 4
4.000122 84 8 8
4.000122 85 5 5
4.000122 87 7 7
4.000122 90 7 7
4.000122 91 8 8
4.000122 92 6 6
4.000122 93 5 5
4.000122 94 7 7
4.000122 96 5 5
4.000122 97 6 6
4.000122 98 4 4
4.000122 99 6 6
4.000122 100 7 7
4.000122 102 5 5
4.000122 103 7 7
4.000122 104 7 7
4.000122 105 4 4
4.000122 106 7 7
4.000122 107 4 4
4.000122 108 6 6
4.000122 109 8 8
5.000153 0 8 8
5.000153 1 9 9
5.000153 2 9 9
5.000153 3 14 14
5.000153 4 9 9
5.000153 5 8 8
5.000153 6 12 12
5.000153 7 8 8
5.000153 8 8 8
5.000153 9 9 9
5.000153 10 11 11
5.000153 12 11 11
5.000153 14 8 8
5.000153 16 13 13
5.000153 17 3 3
5.000153 18 8 8
5.000153 19 10 10
5.000153 20 8 8
5.000153 21 10 10
5.000153 22 10 10
5.000153 24 9 9
5.000153 25 9 9
5.000153 27 11 11
5.000153 28 8 8
5.000153 29 11 11
5.000153 30 12 12
5.000153 31 8 8
5.000153 32 9 9
5.000153 33 8 8
5.000153 34 8 8
5.000153 35 8 8
5.000153 36 9 9
5.000153 37 9 9
5.000153 38 13 13
5.000153 39 10 10
5.000153 40 10 10
5.000153 41 10 10
5.000153 42 10 10
5.000153 43 8 8
5.000153 44 9 9
5.000153 45 9 9
5.000153 46 8 8
5.000153 47 9 9
5.000153 48 8 8
5.000153 51 10 10
5.000153 52 11 11
5.000153 53 8 8
5.000153 54 8 8
5.000153 56 10 10
5.000153 57 8 8
5.000153 58 8 8
5.000153 59 10 10
5.000153 60 9 9
5.000153 61 8 8
5.000153 62 9 9
5.000153 63 13 13
5.000153 64 11 11
5.000153 66 11 11
5.000153 67 8 8
5.000153 68 10 10
5.000153 69 8 8
5.000153 70 8 8
5.000153 72 9 9
5.000153 73 10 10
5.000153 74 8 8
5.000153 75 8 8
5.000153 76 10 10
5.000153 77 9 9
5.000153 78 11 11
5.000153 79 8 8
5.000153 80 9 9
5.000153 81 11 11
5.000153 82 8 8
5.000153 83 8 8
5.000153 84 13 13
5.000153 85 8 8
5.000153 87 10 10
5.000153 90 12 12
5.000153 91 11 11
5.000153 92 8 8
5.000153 93 8 8
5.000153 94 10 10
5.000153 96 8 8
5.000153 97 9 9
5.000153 98 7 7
5.000153 99 9 9
5.000153 100 8 8
5.000153 102 8 8
5.000153 103 8 8
5.000153 104 9 9
5.000153 105 8 8
5.000153 106 10 10
5.000153 107 8 8
5.000153 108 9 9
5.000153 109 11 11
6.000183 0 16 16
6.000183 1 15 15
6.000183 2 13 13
6.000183 3 22 22
6.000183 4 14 14
6.000183 5 15 15
6.000183 6 20 20
6.000183 7 16 16
6.000183 8 16 16
6.000183 9 15 15
6.000183 10 16 16
6.000183 12 18 18
6.000183 14 16 16
6.000183 16 16 16
6.000183 17 5 5
6.000183 18 13 13
6.000183 19 16 16
6.000183 20 14 14
6.000183 21 16 16
6.000183 22 15 15
6.000183 24 17 17
6.000183 25 16 16
6.000183 27 20 20
6.000183 28 12 12
6.000183 29 16 16
6.000183 30 19 19
6.000183 31 14 14
6.000183 32 12 12
6.000183 33 11 11
6.000183 34 14 14
6.000183 35 15 15
6.000183 36 17 17
6.000183 37 14 14
6.000183 38 19 19
6.000183 39 16 16
6.000183 40 16 16
6.000183 41 15 15
6.000183 42 16 16
6.000183 43 12 12
6.000183 44 17 17
6.000183 45 17 17
6.000183 46 15 15
6.000183 47 16 16
6.000183 48 15 15
6.000183 51 17 17
6.000183 52 18 18
6.000183 53 15 15
6.000183 54 15 15
6.000183 56 17 17
6.000183 57 16 16
6.000183 58 15 15
6.000183 59 15 15
6.000183 60 16 16
6.000183 61 14 14
6.000183 62 16 16
6.000183 63 21 21
6.000183 64 17 17
6.000183 66 18 18
6.000183 67 14 14
6.000183 68 15 15
6.000183 69 15 15
6.000183 70 15 15
6.000183 72 14 14
6.000183 73 16 16
6.000183 74 14 14
6.000183 75 15 15
6.000183 76 17 17
6.000183 77 16 16
6.000183 78 19 19
6.000183 79 16 16
6.000183 80 14 14
6.000183 81 17 17
6.000183 82 16 16
6.000183 83 14 14
6.000183 84 19 19
6.000183 85 13 13
6.000183 87 17 17
6.000183 90 16 16
6.000183 91 16 16
6.000183 92 16 16
6.000183 93 15 15
6.000183 94 17 17
6.000183 96 15 15
6.000183 97 16 16
6.000183 98 13 13
6.000183 99 16 16
6.000183 100 15 15
6.000183 102 15 15
6.000183 103 16 16
6.000183 104 16 16
6.000183 105 11 11
6.000183 106 16 16
6.000183 107 12 12
6.000183 108 16 16
6.000183 109 16 16
7.000214 0 25 25
7.000214 1 24 24
7.000214 2 23 23
7.000214 3 38 38
7.000214 4 23 23
7.000214 5 25 25
7.000214 6 30 30
7.000214 7 26 26
7.000214 8 26 26
7.000214 9 27 27
7.000214 10 27 27
7.000214 12 30 30
7.000214 14 29 29
7.000214 16 28 28
7.000214 17 5 5
7.000214 18 22 22
7.000214 19 26 26
7.000214 20 20 20
7.000214 21 28 28
7.000214 22 27 27
7.000214 24 31 31
7.000214 25 27 27
7.000214 27 35 35
7.000214 28 17 17
7.000214 29 28 28
7.000214 30 29 29
7.000214 31 21 21
7.000214 32 21 21
7.000214 33 19 19
7.000214 34 20 20
7.000214 35 22 22
7.000214 36 21 21
7.000214 37 21 21
7.000214 38 31 31
7.000214 39 26 26
7.000214 40 27 27
7.000214 41 27 27
7.000214 42 28 28
7.000214 43 19 19
7.000214 44 26 26
7.000214 45 24 24
7.000214 46 25 25
7.000214 47 28 28
7.000214 48 26 26
7.000214 51 26 26
7.000214 52 28 28
7.000214 53 20 20
7.000214 54 26 26
7.000214 56 25 25
7.000214 57 24 24
7.000214 58 24 24
7.000214 59 26 26
7.000214 60 25 25
7.000214 61 22 22
7.000214 62 27 27
7.000214 63 34 34
7.000214 64 31 31
7.000214 66 30 30
7.000214 67 19 19
7.000214 68 24 24
7.000214 69 19 19
7.000214 70 22 22
7.000214 72 23 23
7.000214 73 28 28
7.000214 74 19 19
7.000214 75 21 21
7.000214 76 29 29
7.000214 77 23 23
7.000214 78 27 27
7.000214 79 26 26
7.000214 80 23 23
7.000214 81 29 29
7.000214 82 20 20
7.000214 83 17 17
7.000214 84 35 35
7.000214 85 18 18
7.000214 87 26 26
7.000214 90 28 28
7.000214 91 29 29
7.000214 92 24 24
7.000214 93 25 25
7.000214 94 26 26
7.000214 96 23 23
7.000214 97 23 23
7.000214 98 17 17
7.000214 99 26 26
7.000214 100 25 25
7.000214 102 22 22
7.000214 103 26 26
7.000214 104 27 27
7.000214 105 16 16
7.000214 106 27 27
7.000214 107 16 16
7.000214 108 22 22
7.000214 109 30 30
8.000244 0 35 35
8.000244 1 39 39
8.000244 2 34 34
8.000244 3 54 54
8.000244 4 32 32
8.000244 5 38 38
8.000244 6 49 49
8.000244 7 36 36
8.000244 8 36 36
8.000244 9 43 43
8.000244 10 41 41
8.000244 12 50 50
8.000244 14 47 47
8.000244 16 50 50
8.000244 17 8 8
8.000244 18 32 32
8.000244 19 41 41
8.000244 20 32 32
8.000244 21 38 38
8.000244 22 38 38
8.000244 24 44 44
8.000244 25 38 38
8.000244 27 52 52
8.000244 28 30 30
8.000244 29 42 42
8.000244 30 51 51
8.000244 31 33 33
8.000244 32 37 37
8.000244 33 30 30
8.000244 34 31 31
8.000244 35 37 37
8.000244 36 38 38
8.000244 37 21 21
8.000244 38 53 53
8.000244 39 44 44
8.000244 40 44 44
8.000244 41 37 37
8.000244 42 38 38
8.000244 43 28 28
8.000244 44 40 40
8.000244 45 36 36
8.000244 46 35 35
8.000244 47 43 43
8.000244 48 38 38
8.000244 51 40 40
8.000244 52 47 47
8.000244 53 37 37
8.000244 54 36 36
8.000244 56 42 42
8.000244 57 36 36
8.000244 58 36 36
8.000244 59 42 42
8.000244 60 36 36
8.000244 61 34 34
8.000244 62 41 41
8.000244 63 54 54
8.000244 64 48 48
8.000244 66 47 47
8.000244 67 33 33
8.000244 68 38 38
8.000244 69 32 32
8.000244 70 33 33
8.000244 72 37 37
8.000244 73 41 41
8.000244 74 31 31
8.000244 75 30 30
8.000244 76 44 44
8.000244 77 38 38
8.000244 78 47 47
8.000244 79 35 35
8.000244 80 40 40
8.000244 81 37 37
8.000244 82 17 17
8.000244 83 30 30
8.000244 84 53 53
8.000244 85 32 32
8.000244 87 40 40
8.000244 90 47 47
8.000244 91 46 46
8.000244 92 36 36
8.000244 93 34 34
8.000244 94 44 44
8.000244 96 34 34
8.000244 97 37 37
8.000244 98 28 28
8.000244 99 40 40
8.000244 100 36 36
8.000244 102 35 35
8.000244 103 36 36
8.000244 104 39 39
8.000244 105 29 29
8.000244 106 42 42
8.000244 107 30 30
8.000244 108 36 36
8.000244 109 44 44
9.000275 0 62 62
9.000275 1 60 60
9.000275 2 51 51
9.000275 3 89 89
9.000275 4 56 56
9.000275 5 61 61
9.000275 6 79 79
9.000275 7 60 60
9.000275 8 62 62
9.000275 9 67 67
9.000275 10 72 72
9.000275 12 71 71
9.000275 14 63 63
9.000275 16 59 59
9.000275 19 69 69
9.000275 20 57 57
9.000275 21 67 67
9.000275 22 62 62
9.000275 24 68 68
9.000275 25 28 28
9.000275 27 20 20
9.000275 28 52 52
9.000275 29 38 38
9.000275 30 82 82
9.000275 31 57 57
9.000275 32 54 54
9.000275 33 19 19
9.000275 34 50 50
9.000275 35 60 60
9.000275 36 59 59
9.000275 38 79 79
9.000275 39 68 68
9.000275 40 67 67
9.000275 41 65 65
9.000275 42 66 66
9.000275 43 50 50
9.000275 44 67 67
9.000275 45 26 26
9.000275 46 60 60
9.000275 47 67 67
9.000275 48 64 64
9.000275 51 66 66
9.000275 52 73 73
9.000275 53 65 65
9.000275 54 61 61
9.000275 56 72 72
9.000275 57 63 63
9.000275 58 60 60
9.000275 59 66 66
9.000275 60 59 59
9.000275 61 55 55
9.000275 62 64 64
9.000275 63 62 62
9.000275 64 77 77
9.000275 66 71 71
9.000275 67 52 52
9.000275 68 62 62
9.000275 69 57 57
9.000275 70 52 52
9.000275 72 61 61
9.000275 73 66 66
9.000275 76 72 72
9.000275 77 56 56
9.000275 78 69 69
9.000275 79 62 62
9.000275 80 66 66
9.000275 81 66 66
9.000275 82 1 1
9.000275 83 39 39
9.000275 84 80 80
9.000275 85 40 40
9.000275 87 68 68
9.000275 90 73 73
9.000275 91 72 72
9.000275 94 67 67
9.000275 96 28 28
9.000275 97 60 60
9.000275 98 50 50
9.000275 99 5 5
9.000275 100 1 1
9.000275 102 60 60
9.000275 103 65 65
9.000275 104 65 65
9.000275 105 44 44
9.000275 106 66 66
9.000275 107 46 46
9.000275 108 60 60
9.000275 109 73 73
10.000305 0 97 97
10.000305 1 21 21
10.000305 2 84 84
10.000305 4 83 83
10.000305 5 95 95
10.000305 6 137 137
10.000305 7 76 76
10.000305 8 98 98
10.000305 9 104 104
10.000305 10 102 102
10.000305 19 112 112
10.000305 20 78 78
10.000305 22 103 103
10.000305 30 122 122
10.000305 31 84 84
10.000305 32 86 86
10.000305 34 78 78
10.000305 35 92 92
10.000305 38 131 131
10.000305 39 107 107
10.000305 40 37 37
10.000305 41 101 101
10.000305 42 108 108
10.000305 43 75 75
10.000305 44 107 107
10.000305 46 95 95
10.000305 47 108 108
10.000305 48 102 102
10.000305 51 104 104
10.000305 52 117 117
10.000305 53 2 2
10.000305 54 96 96
10.000305 56 103 103
10.000305 57 94 94
10.000305 58 87 87
10.000305 59 105 105
10.000305 60 93 93
10.000305 61 88 88
10.000305 62 102 102
10.000305 64 28 28
10.000305 66 11 11
10.000305 67 75 75
10.000305 68 102 102
10.000305 69 80 80
10.000305 70 87 87
10.000305 72 99 99
10.000305 73 109 109
10.000305 76 113 113
10.000305 77 95 95
10.000305 79 100 100
10.000305 81 101 101
10.000305 84 23 23
10.000305 90 116 116
10.000305 91 113 113
10.000305 94 113 113
10.000305 97 97 97
10.000305 98 77 77
10.000305 102 14 14
10.000305 103 108 108
10.000305 104 95 95
10.000305 105 67 67
10.000305 106 101 101
10.000305 107 69 69
10.000305 108 15 15
10.000305 109 123 123
11.000336 0 150 150
11.000336 2 134 134
11.000336 4 137 137
11.000336 5 152 152
11.000336 6 208 208
11.000336 9 172 172
11.000336 10 170 170
11.000336 19 70 70
11.000336 22 163 163
11.000336 30 127 127
11.000336 31 7 7
11.000336 32 138 138
11.000336 34 1 1
11.000336 35 145 145
11.000336 38 204 204
11.000336 39 170 170
11.000336 41 154 154
11.000336 42 9 9
11.000336 43 116 116
11.000336 44 105 105
11.000336 46 142 142
11.000336 47 167 167
11.000336 48 160 160
11.000336 51 165 165
11.000336 52 183 183
11.000336 54 131 131
11.000336 56 85 85
11.000336 59 162 162
11.000336 60 138 138
11.000336 61 8 8
11.000336 62 55 55
11.000336 68 45 45
11.000336 70 136 136
11.000336 72 149 149
11.000336 76 186 186
11.000336 77 119 119
11.000336 79 160 160
11.000336 81 162 162
11.000336 90 185 185
11.000336 94 165 165
11.000336 97 150 150
11.000336 98 118 118
11.000336 103 156 156
11.000336 107 122 122
12.000366 0 256 256
12.000366 2 214 214
12.000366 4 224 224
12.000366 5 247 247
12.000366 6 240 240
12.000366 9 215 215
12.000366 10 255 255
12.000366 22 29 29
12.000366 32 148 148
12.000366 35 244 244
12.000366 38 313 313
12.000366 39 156 156
12.000366 41 256 256
12.000366 43 21 21
12.000366 46 244 244
12.000366 47 118 118
12.000366 48 258 258
12.000366 51 11 11
12.000366 52 309 309
12.000366 54 6 6
12.000366 59 262 262
12.000366 60 236 236
12.000366 70 219 219
12.000366 72 122 122
12.000366 76 53 53
12.000366 77 14 14
12.000366 79 247 247
12.000366 81 243 243
12.000366 90 54 54
12.000366 94 65 65
12.000366 97 240 240
12.000366 98 152 152
12.000366 107 187 187
13.000397 0 257 257
13.000397 2 345 345
13.000397 4 348 348
13.000397 5 378 378
13.000397 6 88 88
13.000397 9 16 16
13.000397 10 227 227
13.000397 32 45 45
13.000397 35 369 369
13.000397 38 423 423
13.000397 39 20 20
13.000397 41 174 174
13.000397 46 380 380
13.000397 47 16 16
13.000397 48 426 426
13.000397 52 474 474
13.000397 59 269 269
13.000397 60 317 317
13.000397 70 349 349
13.000397 72 14 14
13.000397 76 3 3
13.000397 79 374 374
13.000397 81 197 197
13.000397 97 99 99
13.000397 98 2 2
13.000397 107 286 286
14.000427 0 127 127
14.000427 2 477 477
14.000427 4 542 542
14.000427 5 459 459
14.000427 6 1 1
14.000427 10 77 77
14.000427 32 13 13
14.000427 35 515 515
14.000427 38 309 309
14.000427 41 23 23
14.000427 46 575 575
14.000427 48 590 590
14.000427 52 626 626
14.000427 59 146 146
14.000427 60 90 90
14.000427 70 532 532
14.000427 79 477 477
14.000427 81 95 95
14.000427 107 217 217
15.000458 0 81 81
15.000458 2 578 578
15.000458 4 663 663
15.000458 5 412 412
15.000458 10 1 1
15.000458 35 627 627
15.000458 38 124 124
15.000458 46 631 631
15.000458 48 612 612
15.000458 52 694 694
15.000458 59 93 93
15.000458 60 41 41
15.000458 70 595 595
15.000458 79 584 584
15.000458 81 44 44
15.000458 107 102 102
16.000488 0 21 21
16.000488 2 658 658
16.000488 4 727 727
16.000488 5 317 317
16.000488 35 724 724
16.000488 38 94 94
16.000488 46 484 484
16.000488 48 600 600
16.000488 52 767 767
16.000488 59 105 105
16.000488 60 7 7
16.000488 70 703 703
16.000488 79 657 657
16.000488 81 14 14
16.000488 107 35 35
17.000519 2 605 605
17.000519 4 719 719
17.000519 5 307 307
17.000519 35 762 762
17.000519 38 107 107
17.000519 46 329 329
17.000519 48 495 495
17.000519 52 824 824
17.000519 59 138 138
17.000519 70 864 864
17.000519 79 667 667
18.000549 2 611 611
18.000549 4 798 798
18.000549 5 264 264
18.000549 35 736 736
18.000549 38 93 93
18.000549 46 285 285
18.000549 48 463 463
18.000549 52 860 860
18.000549 59 172 172
18.000549 70 965 965
18.000549 79 635 635
19.000580 2 480 480
19.000580 4 759 759
19.000580 5 351 351
19.000580 35 716 716
19.000580 38 138 138
19.000580 46 217 217
19.000580 48 473 473
19.000580 52 818 818
19.000580 59 231 231
19.000580 70 1099 1099
19.000580 79 609 609
20.000610 2 475 475
20.000610 4 810 810
20.000610 5 392 392
20.000610 35 621 621
20.000610 38 176 176
20.000610 46 129 129
20.000610 48 430 430
20.000610 52 853 853
20.000610 59 249 249
20.000610 70 1148 1148
20.000610 79 614 614
21.000641 2 475 475
21.000641 4 788 788
21.000641 5 433 433
21.000641 35 611 611
21.000641 38 164 164
21.000641 46 67 67
21.000641 48 406 406
21.000641 52 933 933
21.000641 59 261 261
21.000641 70 1132 1132
21.000641 79 627 627
22.000671 2 363 363
22.000671 4 733 733
22.000671 5 501 501
22.000671 35 565 565
22.000671 38 152 152
22.000671 46 26 26
22.000671 48 382 382
22.000671 52 977 977
22.000671 59 287 287
22.000671 70 1194 1194
22.000671 79 670 670
23.000702 2 315 315
23.000702 4 736 736
23.000702 5 598 598
23.000702 35 573 573
23.000702 38 142 142
23.000702 48 359 359
23.000702 52 992 992
23.000702 59 250 250
23.000702 70 1235 1235
23.000702 79 692 692
24.000732 2 334 334
24.000732 4 689 689
24.000732 5 608 608
24.000732 35 612 612
24.000732 38 130 130
24.000732 48 317 317
24.000732 52 1014 1014
24.000732 59 206 206
24.000732 70 1228 1228
24.000732 79 732 732
25.000763 2 352 352
25.000763 4 681 681
25.000763 5 596 596
25.000763 35 605 605
25.000763 38 135 135
25.000763 48 283 283
25.000763 52 1092 1092
25.000763 59 169 169
25.000763 70 1244 1244
25.000763 79 728 728
26.000793 2 330 330
26.000793 4 622 622
26.000793 5 601 601
26.000793 35 609 609
26.000793 38 137 137
26.000793 48 220 220
26.000793 52 1134 1134
26.000793 59 212 212
26.000793 70 1205 1205
26.000793 79 771 771
26.522980 2 355 355
26.522980 4 581 581
26.522980 5 595 595
26.522980 35 622 622
26.522980 38 161 161
26.522980 48 190 190
26.522980 52 1174 1174
26.522980 59 249 249
26.522980 70 1289 1289
26.522980 79 783 783
27.522995 2 324 324
27.522995 4 507 507
27.522995 5 652 652
27.522995 35 706 706
27.522995 38 237 237
27.522995 48 112 112
27.522995 52 1224 1224
27.522995 59 273 273
27.522995 70 1315 1315
27.522995 79 720 720
28.523010 2 360 360
28.523010 4 517 517
28.523010 5 620 620
28.523010 35 800 800
28.523010 38 252 252
28.523010 48 52 52
28.523010 52 1315 1315
28.523010 59 197 197
28.523010 70 1349 1349
28.523010 79 675 675
29.523026 2 410 410
29.523026 4 543 543
29.523026 5 599 599
29.523026 35 819 819
29.523026 38 143 143
29.523026 48 7 7
29.523026 52 1388 1388
29.523026 59 151 151
29.523026 70 1370 1370
29.523026 79 709 709
30.523041 2 391 391
30.523041 4 478 478
30.523041 5 667 667
30.523041 35 846 846
30.523041 38 96 96
30.523041 52 1395 1395
30.523041 59 157 157
30.523041 70 1324 1324
30.523041 79 815 815
31.523056 2 454 454
31.523056 4 423 423
31.523056 5 688 688
31.523056 35 900 900
31.523056 38 70 70
31.523056 52 1327 1327
31.523056 59 98 98
31.523056 70 1282 1282
31.523056 79 906 906
32.523071 2 477 477
32.523071 4 324 324
32.523071 5 638 638
32.523071 35 916 916
32.523071 38 49 49
32.523071 52 1252 1252
32.523071 59 146 146
32.523071 70 1303 1303
32.523071 79 1019 1019
33.523087 2 463 463
33.523087 4 353 353
33.523087 5 624 624
33.523087 35 920 920
33.523087 38 45 45
33.523087 52 1260 1260
33.523087 59 185 185
33.523087 70 1272 1272
33.523087 79 1074 1074
34.523102 2 496 496
34.523102 4 425 425
34.523102 5 630 630
34.523102 35 1001 1001
34.523102 38 52 52
34.523102 52 1206 1206
34.523102 59 79 79
34.523102 70 1238 1238
34.523102 79 1044 1044
35.523117 2 498 498
35.523117 4 506 506
35.523117 5 638 638
35.523117 35 1121 1121
35.523117 38 51 51
35.523117 52 1095 1095
35.523117 70 1211 1211
35.523117 79 1024 1024
36.523132 2 469 469
36.523132 4 583 583
36.523132 5 640 640
36.523132 35 1092 1092
36.523132 38 54 54
36.523132 52 1194 1194
36.523132 70 1151 1151
36.523132 79 983 983
37.523148 2 430 430
37.523148 4 530 530
37.523148 5 600 600
37.523148 35 1114 1114
37.523148 38 10 10
37.523148 52 1179 1179
37.523148 70 1253 1253
37.523148 79 1035 1035
38.523163 2 470 470
38.523163 4 514 514
38.523163 5 614 614
38.523163 35 1078 1078
38.523163 52 1146 1146
38.523163 70 1251 1251
38.523163 79 1035 1035
39.523178 2 496 496
39.523178 4 477 477
39.523178 5 624 624
39.523178 35 1148 1148
39.523178 52 1082 1082
39.523178 70 1304 1304
39.523178 79 1033 1033
40.523193 2 604 604
40.523193 4 474 474
40.523193 5 608 608
40.523193 35 1084 1084
40.523193 52 1038 1038
40.523193 70 1308 1308
40.523193 79 979 979
41.523209 2 676 676
41.523209 4 488 488
41.523209 5 693 693
41.523209 35 1026 1026
41.523209 52 932 932
41.523209 70 1345 1345
41.523209 79 957 957
42.523224 2 635 635
42.523224 4 503 503
42.523224 5 771 771
42.523224 35 983 983
42.523224 52 940 940
42.523224 70 1288 1288
42.523224 79 1016 1016
43.523239 2 633 633
43.523239 4 596 596
43.523239 5 700 700
43.523239 35 1035 1035
43.523239 52 871 871
43.523239 70 1284 1284
43.523239 79 997 997
44.523254 2 568 568
44.523254 4 740 740
44.523254 5 647 647
44.523254 35 1055 1055
44.523254 52 836 836
44.523254 70 1394 1394
44.523254 79 911 911
45.523270 2 573 573
45.523270 4 709 709
45.523270 5 580 580
45.523270 35 1088 1088
45.523270 52 819 819
45.523270 70 1596 1596
45.523270 79 833 833
46.523285 2 640 640
46.523285 4 689 689
46.523285 5 571 571
46.523285 35 991 991
46.523285 52 836 836
46.523285 70 1622 1622
46.523285 79 758 758
47.523300 2 633 633
47.523300 4 667 667
47.523300 5 579 579
47.523300 35 936 936
47.523300 52 891 891
47.523300 70 1659 1659
47.523300 79 732 732
48.523315 2 716 716
48.523315 4 729 729
48.523315 5 568 568
48.523315 35 894 894
48.523315 52 891 891
48.523315 70 1719 1719
48.523315 79 690 690
49.523331 2 775 775
49.523331 4 792 792
49.523331 5 552 552
49.523331 35 825 825
49.523331 52 934 934
49.523331 70 1647 1647
49.523331 79 630 630
50.523346 2 825 825
50.523346 4 782 782
50.523346 5 484 484
50.523346 35 858 858
50.523346 52 913 913
50.523346 70 1644 1644
50.523346 79 619 619
51.523361 2 851 851
51.523361 4 766 766
51.523361 5 420 420
51.523361 35 916 916
51.523361 52 885 885
51.523361 70 1721 1721
51.523361 79 597 597
52.523376 2 786 786
52.523376 4 812 812
52.523376 5 371 371
52.523376 35 970 970
52.523376 52 911 911
52.523376 70 1680 1680
52.523376 79 598 598
53.523392 2 702 702
53.523392 4 844 844
53.523392 5 388 388
53.523392 35 1067 1067
53.523392 52 904 904
53.523392 70 1648 1648
53.523392 79 590 590
54.523407 2 679 679
54.523407 4 877 877
54.523407 5 421 421
54.523407 35 1185 1185
54.523407 52 889 889
54.523407 70 1544 1544
54.523407 79 612 612
55.523422 2 678 678
55.523422 4 966 966
55.523422 5 439 439
55.523422 35 1150 1150
55.523422 52 900 900
55.523422 70 1455 1455
55.523422 79 556 556
56.523438 2 609 609
56.523438 4 1069 1069
56.523438 5 444 444
56.523438 35 1185 1185
56.523438 52 902 902
56.523438 70 1401 1401
56.523438 79 504 504
57.523453 2 599 599
57.523453 4 1166 1166
57.523453 5 395 395
57.523453 35 1314 1314
57.523453 52 812 812
57.523453 70 1358 1358
57.523453 79 513 513
58.523468 2 602 602
58.523468 4 1248 1248
58.523468 5 366 366
58.523468 35 1348 1348
58.523468 52 803 803
58.523468 70 1316 1316
58.523468 79 449 449
59.523483 2 611 611
59.523483 4 1365 1365
59.523483 5 370 370
59.523483 35 1362 1362
59.523483 52 755 755
59.523483 70 1273 1273
59.523483 79 444 444
60.523499 2 666 666
60.523499 4 1381 1381
60.523499 5 401 401
60.523499 35 1413 1413
60.523499 52 659 659
60.523499 70 1242 1242
60.523499 79 378 378
61.523514 2 636 636
61.523514 4 1388 1388
61.523514 5 481 481
61.523514 35 1451 1451
61.523514 52 683 683
61.523514 70 1149 1149
61.523514 79 353 353
62.523529 2 668 668
62.523529 4 1291 1291
62.523529 5 566 566
62.523529 35 1454 1454
62.523529 52 646 646
62.523529 70 1193 1193
62.523529 79 343 343
63.523544 2 684 684
63.523544 4 1225 1225
63.523544 5 676 676
63.523544 35 1345 1345
63.523544 52 702 702
63.523544 70 1182 1182
63.523544 79 333 333
64.523560 2 619 619
64.523560 4 1248 1248
64.523560 5 696 696
64.523560 35 1339 1339
64.523560 52 772 772
64.523560 70 1189 1189
64.523560 79 327 327
65.523575 2 605 605
65.523575 4 1288 1288
65.523575 5 671 671
65.523575 35 1335 1335
65.523575 52 789 789
65.523575 70 1182 1182
65.523575 79 299 299
66.523590 2 618 618
66.523590 4 1280 1280
66.523590 5 560 560
66.523590 35 1305 1305
66.523590 52 805 805
66.523590 70 1227 1227
66.523590 79 306 306
67.523605 2 714 714
67.523605 4 1174 1174
67.523605 5 498 498
67.523605 35 1346 1346
67.523605 52 764 764
67.523605 70 1307 1307
67.523605 79 371 371
68.523621 2 748 748
68.523621 4 1172 1172
68.523621 5 434 434
68.523621 35 1433 1433
68.523621 52 663 663
68.523621 70 1334 1334
68.523621 79 390 390
69.523636 2 601 601
69.523636 4 1243 1243
69.523636 5 490 490
69.523636 35 1434 1434
69.523636 52 674 674
69.523636 70 1361 1361
69.523636 79 342 342
70.523651 2 492 492
70.523651 4 1292 1292
70.523651 5 472 472
70.523651 35 1468 1468
70.523651 52 723 723
70.523651 70 1359 1359
70.523651 79 306 306
71.523666 2 456 456
71.523666 4 1392 1392
71.523666 5 544 544
71.523666 35 1458 1458
71.523666 52 726 726
71.523666 70 1251 1251
71.523666 79 282 282
