0.000000 0 1 1
0.000000 1 1 1
0.000000 2 1 1
0.000000 4 1 1
0.000000 6 1 1
0.000000 7 1 1
0.000000 8 1 1
0.000000 9 1 1
0.000000 10 1 1
0.000000 11 1 1
0.000000 12 1 1
0.000000 13 1 1
0.000000 15 1 1
0.000000 16 1 1
0.000000 17 1 1
0.000000 18 1 1
0.000000 20 1 1
0.000000 21 1 1
0.000000 22 1 1
0.000000 23 1 1
0.000000 24 1 1
0.000000 25 1 1
0.000000 26 1 1
0.000000 27 1 1
0.000000 28 1 1
0.000000 29 1 1
0.000000 30 1 1
0.000000 31 1 1
0.000000 32 1 1
0.000000 33 1 1
0.000000 34 1 1
0.000000 36 1 1
0.000000 38 1 1
0.000000 39 1 1
0.000000 40 1 1
0.000000 41 1 1
0.000000 42 1 1
0.000000 43 1 1
0.000000 44 1 1
0.000000 45 1 1
0.000000 46 1 1
0.000000 47 1 1
0.000000 48 1 1
0.000000 49 1 1
0.000000 50 1 1
0.000000 51 1 1
0.000000 52 1 1
0.000000 53 1 1
0.000000 54 1 1
0.000000 55 1 1
0.000000 56 1 1
0.000000 57 1 1
0.000000 58 1 1
0.000000 59 1 1
0.000000 60 1 1
0.000000 61 1 1
0.000000 63 1 1
0.000000 64 1 1
0.000000 65 1 1
0.000000 66 1 1
0.000000 67 1 1
0.000000 68 1 1
0.000000 69 1 1
0.000000 70 1 1
0.000000 71 1 1
0.000000 72 1 1
0.000000 73 1 1
0.000000 75 1 1
0.000000 76 1 1
0.000000 77 1 1
0.000000 78 1 1
0.000000 79 1 1
0.000000 80 1 1
0.000000 81 1 1
0.000000 82 1 1
0.000000 83 1 1
0.000000 84 1 1
0.000000 86 1 1
0.000000 87 1 1
0.000000 88 1 1
0.000000 89 1 1
0.000000 90 1 1
0.000000 91 1 1
0.000000 92 1 1
0.000000 93 1 1
0.000000 94 1 1
0.000000 95 1 1
0.000000 96 1 1
0.000000 97 1 1
0.000000 98 1 1
0.000000 99 1 1
0.000000 100 1 1
0.000000 101 1 1
0.000000 102 1 1
0.000000 103 1 1
0.000000 104 1 1
0.000000 105 1 1
0.000000 106 1 1
0.000000 107 1 1
0.000000 108 1 1
0.000000 109 1 1
1.000031 0 2 2
1.000031 1 1 1
1.000031 2 2 2
1.000031 4 2 2
1.000031 6 2 2
1.000031 7 2 2
1.000031 8 2 2
1.000031 9 1 1
1.000031 10 1 1
1.000031 11 2 2
1.000031 12 1 1
1.000031 13 2 2
1.000031 15 2 2
1.000031 16 2 2
1.000031 17 1 1
1.000031 18 1 1
1.000031 20 2 2
1.000031 21 1 1
1.000031 22 1 1
1.000031 23 2 2
1.000031 24 1 1
1.000031 25 2 2
1.000031 26 2 2
1.000031 27 2 2
1.000031 28 2 2
1.000031 29 2 2
1.000031 30 2 2
1.000031 31 1 1
1.000031 32 1 1
1.000031 33 1 1
1.000031 34 1 1
1.000031 36 2 2
1.000031 38 2 2
1.000031 39 1 1
1.000031 40 2 2
1.000031 41 1 1
1.000031 42 2 2
1.000031 43 1 1
1.000031 44 2 2
1.000031 45 1 1
1.000031 46 2 2
1.000031 47 2 2
1.000031 48 1 1
1.000031 49 1 1
1.000031 50 1 1
1.000031 51 2 2
1.000031 52 1 1
1.000031 53 2 2
1.000031 54 1 1
1.000031 55 1 1
1.000031 56 1 1
1.000031 57 2 2
1.000031 58 2 2
1.000031 59 2 2
1.000031 60 2 2
1.000031 61 1 1
1.000031 63 2 2
1.000031 64 1 1
1.000031 65 1 1
1.000031 66 2 2
1.000031 67 1 1
1.000031 68 2 2
1.000031 69 1 1
1.000031 70 2 2
1.000031 71 1 1
1.000031 72 1 1
1.000031 73 2 2
1.000031 75 2 2
1.000031 76 2 2
1.000031 77 1 1
1.000031 78 1 1
1.000031 79 1 1
1.000031 80 1 1
1.000031 81 2 2
1.000031 82 1 1
1.000031 83 1 1
1.000031 84 1 1
1.000031 86 2 2
1.000031 87 2 2
1.000031 88 1 1
1.000031 89 1 1
1.000031 90 2 2
1.000031 91 1 1
1.000031 92 1 1
1.000031 93 1 1
1.000031 94 2 2
1.000031 95 1 1
1.000031 96 2 2
1.000031 97 2 2
1.000031 98 1 1
1.000031 99 1 1
1.000031 100 2 2
1.000031 101 1 1
1.000031 102 2 2
1.000031 103 1 1
1.000031 104 1 1
1.000031 105 2 2
1.000031 106 2 2
1.000031 107 2 2
1.000031 108 1 1
1.000031 109 1 1
2.000061 0 2 2
2.000061 1 2 2
2.000061 2 2 2
2.000061 4 2 2
2.000061 6 2 2
2.000061 7 3 3
2.000061 8 2 2
2.000061 9 2 2
2.000061 10 2 2
2.000061 11 2 2
2.000061 12 2 2
2.000061 13 2 2
2.000061 15 2 2
2.000061 16 2 2
2.000061 17 3 3
2.000061 18 2 2
2.000061 20 2 2
2.000061 21 2 2
2.000061 22 2 2
2.000061 23 2 2
2.000061 24 2 2
2.000061 25 1 1
2.000061 26 2 2
2.000061 27 2 2
2.000061 28 2 2
2.000061 29 2 2
2.000061 30 2 2
2.000061 31 2 2
2.000061 32 2 2
2.000061 33 2 2
2.000061 34 2 2
2.000061 36 2 2
2.000061 38 2 2
2.000061 39 2 2
2.000061 40 3 3
2.000061 41 2 2
2.000061 42 2 2
2.000061 43 2 2
2.000061 44 2 2
2.000061 45 1 1
2.000061 46 2 2
2.000061 47 2 2
2.000061 48 3 3
2.000061 49 2 2
2.000061 50 2 2
2.000061 51 3 3
2.000061 52 2 2
2.000061 53 3 3
2.000061 54 2 2
2.000061 55 2 2
2.000061 56 2 2
2.000061 57 3 3
2.000061 58 2 2
2.000061 59 2 2
2.000061 60 2 2
2.000061 61 2 2
2.000061 63 2 2
2.000061 64 2 2
2.000061 65 2 2
2.000061 66 2 2
2.000061 67 2 2
2.000061 68 2 2
2.000061 69 2 2
2.000061 70 2 2
2.000061 71 2 2
2.000061 72 2 2
2.000061 73 2 2
2.000061 75 2 2
2.000061 76 2 2
2.000061 77 2 2
2.000061 78 2 2
2.000061 79 2 2
2.000061 80 2 2
2.000061 81 3 3
2.000061 82 2 2
2.000061 83 2 2
2.000061 84 2 2
2.000061 86 2 2
2.000061 87 2 2
2.000061 88 2 2
2.000061 89 2 2
2.000061 90 2 2
2.000061 91 2 2
2.000061 92 2 2
2.000061 93 2 2
2.000061 94 2 2
2.000061 95 2 2
2.000061 96 2 2
2.000061 97 2 2
2.000061 98 3 3
2.000061 99 2 2
2.000061 100 2 2
2.000061 101 2 2
2.000061 102 2 2
2.000061 103 2 2
2.000061 104 2 2
2.000061 105 3 3
2.000061 106 2 2
2.000061 107 2 2
2.000061 108 2 2
2.000061 109 2 2
3.000092 0 4 4
3.000092 1 4 4
3.000092 2 4 4
3.000092 4 3 3
3.000092 6 4 4
3.000092 7 4 4
3.000092 8 4 4
3.000092 9 4 4
3.000092 10 4 4
3.000092 11 4 4
3.000092 12 2 2
3.000092 13 4 4
3.000092 15 4 4
3.000092 16 4 4
3.000092 17 4 4
3.000092 18 4 4
3.000092 20 4 4
3.000092 21 4 4
3.000092 22 3 3
3.000092 23 4 4
3.000092 24 4 4
3.000092 25 2 2
3.000092 26 4 4
3.000092 27 4 4
3.000092 28 4 4
3.000092 29 4 4
3.000092 30 4 4
3.000092 31 4 4
3.000092 32 3 3
3.000092 33 4 4
3.000092 34 4 4
3.000092 36 4 4
3.000092 38 4 4
3.000092 39 4 4
3.000092 40 4 4
3.000092 41 4 4
3.000092 42 4 4
3.000092 43 4 4
3.000092 44 4 4
3.000092 45 1 1
3.000092 46 4 4
3.000092 47 4 4
3.000092 48 5 5
3.000092 49 4 4
3.000092 50 4 4
3.000092 51 5 5
3.000092 52 4 4
3.000092 53 4 4
3.000092 54 4 4
3.000092 55 4 4
3.000092 56 4 4
3.000092 57 5 5
3.000092 58 4 4
3.000092 59 4 4
3.000092 60 4 4
3.000092 61 4 4
3.000092 63 4 4
3.000092 64 4 4
3.000092 65 3 3
3.000092 66 4 4
3.000092 67 3 3
3.000092 68 4 4
3.000092 69 4 4
3.000092 70 4 4
3.000092 71 4 4
3.000092 72 4 4
3.000092 73 4 4
3.000092 75 4 4
3.000092 76 4 4
3.000092 77 2 2
3.000092 78 4 4
3.000092 79 4 4
3.000092 80 4 4
3.000092 81 4 4
3.000092 82 4 4
3.000092 83 4 4
3.000092 84 4 4
3.000092 86 4 4
3.000092 87 4 4
3.000092 88 3 3
3.000092 89 3 3
3.000092 90 4 4
3.000092 91 4 4
3.000092 92 4 4
3.000092 93 3 3
3.000092 94 4 4
3.000092 95 4 4
3.000092 96 4 4
3.000092 97 4 4
3.000092 98 4 4
3.000092 99 3 3
3.000092 100 4 4
3.000092 101 4 4
3.000092 102 4 4
3.000092 103 4 4
3.000092 104 4 4
3.000092 105 4 4
3.000092 106 4 4
3.000092 107 4 4
3.000092 108 4 4
3.000092 109 4 4
4.000122 0 7 7
4.000122 1 5 5
4.000122 2 8 8
4.000122 4 6 6
4.000122 6 7 7
4.000122 7 8 8
4.000122 8 8 8
4.000122 9 6 6
4.000122 10 6 6
4.000122 11 6 6
4.000122 12 4 4
4.000122 13 6 6
4.000122 15 6 6
4.000122 16 7 7
4.000122 17 7 7
4.000122 18 5 5
4.000122 20 7 7
4.000122 21 4 4
4.000122 22 4 4
4.000122 23 7 7
4.000122 24 5 5
4.000122 25 3 3
4.000122 26 7 7
4.000122 27 6 6
4.000122 28 6 6
4.000122 29 7 7
4.000122 30 7 7
4.000122 31 4 4
4.000122 32 5 5
4.000122 33 6 6
4.000122 34 5 5
4.000122 36 6 6
4.000122 38 6 6
4.000122 39 7 7
4.000122 40 8 8
4.000122 41 5 5
4.000122 42 6 6
4.000122 43 6 6
4.000122 44 6 6
4.000122 45 1 1
4.000122 46 7 7
4.000122 47 7 7
4.000122 48 8 8
4.000122 49 5 5
4.000122 50 6 6
4.000122 51 8 8
4.000122 52 6 6
4.000122 53 6 6
4.000122 54 7 7
4.000122 55 5 5
4.000122 56 6 6
4.000122 57 9 9
4.000122 58 7 7
4.000122 59 7 7
4.000122 60 5 5
4.000122 61 4 4
4.000122 63 7 7
4.000122 64 6 6
4.000122 65 4 4
4.000122 66 6 6
4.000122 67 4 4
4.000122 68 8 8
4.000122 69 7 7
4.000122 70 7 7
4.000122 71 6 6
4.000122 72 7 7
4.000122 73 7 7
4.000122 75 8 8
4.000122 76 6 6
4.000122 77 4 4
4.000122 78 6 6
4.000122 79 4 4
4.000122 80 6 6
4.000122 81 7 7
4.000122 82 5 5
4.000122 83 4 4
4.000122 84 6 6
4.000122 86 5 5
4.000122 87 6 6
4.000122 88 4 4
4.000122 89 4 4
4.000122 90 6 6
4.000122 91 6 6
4.000122 92 4 4
4.000122 93 6 6
4.000122 94 6 6
4.000122 95 6 6
4.000122 96 4 4
4.000122 97 7 7
4.000122 98 5 5
4.000122 99 5 5
4.000122 100 7 7
4.000122 101 5 5
4.000122 102 6 6
4.000122 103 5 5
4.000122 104 4 4
4.000122 105 6 6
4.000122 106 6 6
4.000122 107 7 7
4.000122 108 6 6
4.000122 109 4 4
5.000153 0 8 8
5.000153 1 8 8
5.000153 2 12 12
5.000153 4 7 7
5.000153 6 10 10
5.000153 7 11 11
5.000153 8 8 8
5.000153 9 8 8
5.000153 10 9 9
5.000153 11 11 11
5.000153 12 7 7
5.000153 13 8 8
5.000153 15 8 8
5.000153 16 8 8
5.000153 17 10 10
5.000153 18 8 8
5.000153 20 11 11
5.000153 21 8 8
5.000153 22 8 8
5.000153 23 10 10
5.000153 24 10 10
5.000153 25 3 3
5.000153 26 10 10
5.000153 27 8 8
5.000153 28 8 8
5.000153 29 11 11
5.000153 30 8 8
5.000153 31 8 8
5.000153 32 7 7
5.000153 33 8 8
5.000153 34 9 9
5.000153 36 8 8
5.000153 38 9 9
5.000153 39 9 9
5.000153 40 12 12
5.000153 41 9 9
5.000153 42 9 9
5.000153 43 9 9
5.000153 44 10 10
5.000153 45 2 2
5.000153 46 8 8
5.000153 47 8 8
5.000153 48 13 13
5.000153 49 10 10
5.000153 50 9 9
5.000153 51 13 13
5.000153 52 8 8
5.000153 53 10 10
5.000153 54 8 8
5.000153 55 8 8
5.000153 56 8 8
5.000153 57 14 14
5.000153 58 8 8
5.000153 59 9 9
5.000153 60 10 10
5.000153 61 8 8
5.000153 63 9 9
5.000153 64 8 8
5.000153 65 8 8
5.000153 66 6 6
5.000153 67 8 8
5.000153 68 9 9
5.000153 69 10 10
5.000153 70 10 10
5.000153 71 10 10
5.000153 72 10 10
5.000153 73 10 10
5.000153 75 11 11
5.000153 76 8 8
5.000153 77 7 7
5.000153 78 10 10
5.000153 79 8 8
5.000153 80 10 10
5.000153 81 12 12
5.000153 82 9 9
5.000153 83 8 8
5.000153 84 9 9
5.000153 86 8 8
5.000153 87 8 8
5.000153 88 8 8
5.000153 89 8 8
5.000153 90 11 11
5.000153 91 8 8
5.000153 92 8 8
5.000153 93 9 9
5.000153 94 9 9
5.000153 95 10 10
5.000153 96 9 9
5.000153 97 8 8
5.000153 98 10 10
5.000153 99 8 8
5.000153 100 11 11
5.000153 101 9 9
5.000153 102 8 8
5.000153 103 8 8
5.000153 104 8 8
5.000153 105 11 11
5.000153 106 8 8
5.000153 107 12 12
5.000153 108 9 9
5.000153 109 8 8
6.000183 0 16 16
6.000183 1 16 16
6.000183 2 16 16
6.000183 4 13 13
6.000183 6 17 17
6.000183 7 17 17
6.000183 8 16 16
6.000183 9 14 14
6.000183 10 15 15
6.000183 11 14 14
6.000183 12 13 13
6.000183 13 16 16
6.000183 15 15 15
6.000183 16 16 16
6.000183 17 16 16
6.000183 18 15 15
6.000183 20 18 18
6.000183 21 14 14
6.000183 22 10 10
6.000183 23 17 17
6.000183 24 18 18
6.000183 25 5 5
6.000183 26 16 16
6.000183 27 15 15
6.000183 28 16 16
6.000183 29 17 17
6.000183 30 16 16
6.000183 31 12 12
6.000183 32 13 13
6.000183 33 16 16
6.000183 34 15 15
6.000183 36 16 16
6.000183 38 16 16
6.000183 39 15 15
6.000183 40 18 18
6.000183 41 16 16
6.000183 42 14 14
6.000183 43 16 16
6.000183 44 17 17
6.000183 45 2 2
6.000183 46 14 14
6.000183 47 15 15
6.000183 48 21 21
6.000183 49 15 15
6.000183 50 14 14
6.000183 51 20 20
6.000183 52 16 16
6.000183 53 17 17
6.000183 54 16 16
6.000183 55 16 16
6.000183 56 15 15
6.000183 57 22 22
6.000183 58 16 16
6.000183 59 16 16
6.000183 60 17 17
6.000183 61 15 15
6.000183 63 16 16
6.000183 64 15 15
6.000183 65 14 14
6.000183 66 11 11
6.000183 67 14 14
6.000183 68 17 17
6.000183 69 15 15
6.000183 70 17 17
6.000183 71 15 15
6.000183 72 17 17
6.000183 73 17 17
6.000183 75 16 16
6.000183 76 13 13
6.000183 77 11 11
6.000183 78 16 16
6.000183 79 15 15
6.000183 80 16 16
6.000183 81 17 17
6.000183 82 14 14
6.000183 83 14 14
6.000183 84 16 16
6.000183 86 16 16
6.000183 87 16 16
6.000183 88 14 14
6.000183 89 10 10
6.000183 90 19 19
6.000183 91 16 16
6.000183 92 16 16
6.000183 93 15 15
6.000183 94 16 16
6.000183 95 14 14
6.000183 96 16 16
6.000183 97 16 16
6.000183 98 15 15
6.000183 99 12 12
6.000183 100 16 16
6.000183 101 14 14
6.000183 102 16 16
6.000183 103 16 16
6.000183 104 15 15
6.000183 105 19 19
6.000183 106 16 16
6.000183 107 17 17
6.000183 108 16 16
6.000183 109 12 12
7.000214 0 26 26
7.000214 1 25 25
7.000214 2 29 29
7.000214 4 23 23
7.000214 6 28 28
7.000214 7 30 30
7.000214 8 28 28
7.000214 9 23 23
7.000214 10 20 20
7.000214 11 24 24
7.000214 12 16 16
7.000214 13 27 27
7.000214 15 22 22
7.000214 16 26 26
7.000214 17 27 27
7.000214 18 19 19
7.000214 20 27 27
7.000214 21 17 17
7.000214 22 18 18
7.000214 23 26 26
7.000214 24 24 24
7.000214 25 7 7
7.000214 26 27 27
7.000214 27 23 23
7.000214 28 23 23
7.000214 29 29 29
7.000214 30 27 27
7.000214 31 18 18
7.000214 32 20 20
7.000214 33 24 24
7.000214 34 24 24
7.000214 36 24 24
7.000214 38 24 24
7.000214 39 21 21
7.000214 40 31 31
7.000214 41 24 24
7.000214 42 24 24
7.000214 43 22 22
7.000214 44 21 21
7.000214 45 3 3
7.000214 46 20 20
7.000214 47 23 23
7.000214 48 32 32
7.000214 49 22 22
7.000214 50 21 21
7.000214 51 34 34
7.000214 52 23 23
7.000214 53 28 28
7.000214 54 24 24
7.000214 55 24 24
7.000214 56 23 23
7.000214 57 33 33
7.000214 58 28 28
7.000214 59 27 27
7.000214 60 26 26
7.000214 61 21 21
7.000214 63 26 26
7.000214 64 23 23
7.000214 65 18 18
7.000214 66 13 13
7.000214 67 18 18
7.000214 68 30 30
7.000214 69 27 27
7.000214 70 27 27
7.000214 71 25 25
7.000214 72 24 24
7.000214 73 30 30
7.000214 75 31 31
7.000214 76 22 22
7.000214 77 16 16
7.000214 78 28 28
7.000214 79 21 21
7.000214 80 25 25
7.000214 81 28 28
7.000214 82 20 20
7.000214 83 17 17
7.000214 84 25 25
7.000214 86 24 24
7.000214 87 26 26
7.000214 88 20 20
7.000214 89 16 16
7.000214 90 27 27
7.000214 91 25 25
7.000214 92 21 21
7.000214 93 25 25
7.000214 94 27 27
7.000214 95 24 24
7.000214 96 25 25
7.000214 97 26 26
7.000214 98 25 25
7.000214 99 19 19
7.000214 100 27 27
7.000214 101 22 22
7.000214 102 22 22
7.000214 103 26 26
7.000214 104 18 18
7.000214 105 28 28
7.000214 106 24 24
7.000214 107 29 29
7.000214 108 28 28
7.000214 109 17 17
8.000244 0 36 36
8.000244 1 39 39
8.000244 2 43 43
8.000244 4 31 31
8.000244 6 43 43
8.000244 7 45 45
8.000244 8 41 41
8.000244 9 35 35
8.000244 10 35 35
8.000244 11 42 42
8.000244 12 29 29
8.000244 13 42 42
8.000244 15 31 31
8.000244 16 39 39
8.000244 17 39 39
8.000244 18 33 33
8.000244 20 44 44
8.000244 21 32 32
8.000244 22 31 31
8.000244 23 44 44
8.000244 24 43 43
8.000244 25 2 2
8.000244 26 42 42
8.000244 27 34 34
8.000244 28 38 38
8.000244 29 42 42
8.000244 30 40 40
8.000244 31 30 30
8.000244 32 32 32
8.000244 33 33 33
8.000244 34 39 39
8.000244 36 35 35
8.000244 38 37 37
8.000244 39 33 33
8.000244 40 45 45
8.000244 41 36 36
8.000244 42 38 38
8.000244 43 38 38
8.000244 44 39 39
8.000244 45 5 5
8.000244 46 32 32
8.000244 47 36 36
8.000244 48 53 53
8.000244 49 37 37
8.000244 50 33 33
8.000244 51 51 51
8.000244 52 41 41
8.000244 53 45 45
8.000244 54 35 35
8.000244 55 36 36
8.000244 56 35 35
8.000244 57 57 57
8.000244 58 39 39
8.000244 59 39 39
8.000244 60 39 39
8.000244 61 35 35
8.000244 63 38 38
8.000244 64 37 37
8.000244 65 32 32
8.000244 66 22 22
8.000244 67 29 29
8.000244 68 42 42
8.000244 69 36 36
8.000244 70 43 43
8.000244 71 40 40
8.000244 72 38 38
8.000244 73 44 44
8.000244 75 43 43
8.000244 76 36 36
8.000244 77 28 28
8.000244 78 40 40
8.000244 79 34 34
8.000244 80 41 41
8.000244 81 43 43
8.000244 82 36 36
8.000244 83 32 32
8.000244 84 41 41
8.000244 86 36 36
8.000244 87 34 34
8.000244 88 29 29
8.000244 89 27 27
8.000244 90 44 44
8.000244 91 35 35
8.000244 92 32 32
8.000244 93 38 38
8.000244 94 40 40
8.000244 95 42 42
8.000244 96 36 36
8.000244 97 39 39
8.000244 98 40 40
8.000244 99 29 29
8.000244 100 40 40
8.000244 101 38 38
8.000244 102 35 35
8.000244 103 36 36
8.000244 104 34 34
8.000244 105 48 48
8.000244 106 36 36
8.000244 107 45 45
8.000244 108 40 40
8.000244 109 29 29
9.000275 0 64 64
9.000275 1 60 60
9.000275 4 51 51
9.000275 6 68 68
9.000275 7 70 70
9.000275 8 62 62
9.000275 9 57 57
9.000275 10 58 58
9.000275 11 62 62
9.000275 12 50 50
9.000275 13 65 65
9.000275 15 54 54
9.000275 16 65 65
9.000275 17 66 66
9.000275 18 60 60
9.000275 20 10 10
9.000275 21 53 53
9.000275 22 37 37
9.000275 23 69 69
9.000275 24 61 61
9.000275 26 53 53
9.000275 27 58 58
9.000275 28 62 62
9.000275 29 69 69
9.000275 30 65 65
9.000275 31 48 48
9.000275 32 57 57
9.000275 33 61 61
9.000275 34 64 64
9.000275 36 61 61
9.000275 38 65 65
9.000275 39 53 53
9.000275 40 74 74
9.000275 41 63 63
9.000275 42 61 61
9.000275 43 15 15
9.000275 44 43 43
9.000275 47 62 62
9.000275 48 81 81
9.000275 49 11 11
9.000275 50 54 54
9.000275 51 79 79
9.000275 52 59 59
9.000275 53 66 66
9.000275 54 62 62
9.000275 55 59 59
9.000275 56 61 61
9.000275 57 88 88
9.000275 58 64 64
9.000275 59 67 67
9.000275 60 63 63
9.000275 61 55 55
9.000275 63 25 25
9.000275 64 58 58
9.000275 65 45 45
9.000275 67 49 49
9.000275 68 68 68
9.000275 69 62 62
9.000275 71 67 67
9.000275 72 63 63
9.000275 73 72 72
9.000275 75 68 68
9.000275 76 54 54
9.000275 77 43 43
9.000275 78 68 68
9.000275 79 60 60
9.000275 80 62 62
9.000275 81 67 67
9.000275 82 52 52
9.000275 83 49 49
9.000275 84 65 65
9.000275 86 60 60
9.000275 87 63 63
9.000275 88 57 57
9.000275 89 40 40
9.000275 90 76 76
9.000275 91 57 57
9.000275 92 59 59
9.000275 94 66 66
9.000275 95 63 63
9.000275 96 54 54
9.000275 97 63 63
9.000275 98 58 58
9.000275 99 30 30
9.000275 100 29 29
9.000275 101 47 47
9.000275 102 58 58
9.000275 103 65 65
9.000275 104 54 54
9.000275 105 75 75
9.000275 106 64 64
9.000275 107 69 69
9.000275 108 64 64
10.000305 0 100 100
10.000305 1 97 97
10.000305 4 88 88
10.000305 6 109 109
10.000305 7 118 118
10.000305 8 103 103
10.000305 9 92 92
10.000305 10 84 84
10.000305 11 98 98
10.000305 12 64 64
10.000305 13 110 110
10.000305 15 82 82
10.000305 16 108 108
10.000305 18 83 83
10.000305 21 5 5
10.000305 23 109 109
10.000305 24 103 103
10.000305 28 95 95
10.000305 29 117 117
10.000305 30 101 101
10.000305 31 76 76
10.000305 32 87 87
10.000305 33 95 95
10.000305 38 102 102
10.000305 39 87 87
10.000305 41 1 1
10.000305 42 101 101
10.000305 47 25 25
10.000305 48 134 134
10.000305 51 132 132
10.000305 52 91 91
10.000305 53 8 8
10.000305 54 98 98
10.000305 55 95 95
10.000305 56 97 97
10.000305 57 142 142
10.000305 58 90 90
10.000305 60 98 98
10.000305 61 84 84
10.000305 64 91 91
10.000305 65 31 31
10.000305 67 72 72
10.000305 68 1 1
10.000305 69 99 99
10.000305 71 16 16
10.000305 72 100 100
10.000305 75 116 116
10.000305 76 87 87
10.000305 77 69 69
10.000305 80 101 101
10.000305 81 81 81
10.000305 82 83 83
10.000305 83 75 75
10.000305 84 102 102
10.000305 86 96 96
10.000305 87 103 103
10.000305 88 94 94
10.000305 89 64 64
10.000305 90 115 115
10.000305 92 83 83
10.000305 94 16 16
10.000305 95 102 102
10.000305 97 97 97
10.000305 102 25 25
10.000305 103 98 98
10.000305 106 97 97
10.000305 107 31 31
10.000305 108 110 110
11.000336 0 150 150
11.000336 1 35 35
11.000336 6 108 108
11.000336 7 182 182
11.000336 8 68 68
11.000336 9 145 145
11.000336 10 36 36
11.000336 11 74 74
11.000336 13 176 176
11.000336 15 94 94
11.000336 16 170 170
11.000336 23 160 160
11.000336 24 168 168
11.000336 28 151 151
11.000336 30 162 162
11.000336 31 36 36
11.000336 32 135 135
11.000336 33 17 17
11.000336 38 158 158
11.000336 39 143 143
11.000336 42 39 39
11.000336 48 181 181
11.000336 51 208 208
11.000336 54 150 150
11.000336 55 151 151
11.000336 57 234 234
11.000336 60 164 164
11.000336 61 10 10
11.000336 64 153 153
11.000336 67 124 124
11.000336 69 154 154
11.000336 75 14 14
11.000336 76 146 146
11.000336 77 2 2
11.000336 80 161 161
11.000336 82 140 140
11.000336 83 82 82
11.000336 84 82 82
11.000336 86 148 148
11.000336 88 137 137
11.000336 89 83 83
11.000336 90 183 183
11.000336 92 136 136
11.000336 95 167 167
11.000336 97 89 89
11.000336 103 130 130
11.000336 106 150 150
11.000336 108 63 63
12.000366 0 187 187
12.000366 7 288 288
12.000366 9 186 186
12.000366 13 273 273
12.000366 15 1 1
12.000366 16 131 131
12.000366 23 93 93
12.000366 24 254 254
12.000366 28 252 252
12.000366 30 25 25
12.000366 32 74 74
12.000366 38 256 256
12.000366 39 224 224
12.000366 48 53 53
12.000366 51 326 326
12.000366 54 250 250
12.000366 55 238 238
12.000366 57 370 370
12.000366 60 260 260
12.000366 64 231 231
12.000366 67 24 24
12.000366 69 222 222
12.000366 76 54 54
12.000366 80 66 66
12.000366 82 223 223
12.000366 84 18 18
12.000366 86 185 185
12.000366 88 60 60
12.000366 89 29 29
12.000366 90 291 291
12.000366 92 230 230
12.000366 95 262 262
12.000366 103 8 8
12.000366 106 253 253
13.000397 0 75 75
13.000397 7 464 464
13.000397 9 10 10
13.000397 13 324 324
13.000397 24 399 399
13.000397 28 328 328
13.000397 32 14 14
13.000397 38 416 416
13.000397 39 303 303
13.000397 51 365 365
13.000397 54 390 390
13.000397 55 384 384
13.000397 57 454 454
13.000397 60 403 403
13.000397 64 172 172
13.000397 69 46 46
13.000397 80 7 7
13.000397 82 244 244
13.000397 86 46 46
13.000397 90 75 75
13.000397 92 347 347
13.000397 95 348 348
13.000397 106 235 235
14.000427 0 19 19
14.000427 7 683 683
14.000427 13 201 201
14.000427 24 332 332
14.000427 28 365 365
14.000427 38 583 583
14.000427 39 161 161
14.000427 51 180 180
14.000427 54 439 439
14.000427 55 608 608
14.000427 57 422 422
14.000427 60 671 671
14.000427 64 56 56
14.000427 82 218 218
14.000427 86 1 1
14.000427 92 533 533
14.000427 95 381 381
14.000427 106 63 63
15.000458 7 818 818
15.000458 13 105 105
15.000458 24 139 139
15.000458 28 317 317
15.000458 38 648 648
15.000458 39 25 25
15.000458 51 20 20
15.000458 54 422 422
15.000458 55 817 817
15.000458 57 359 359
15.000458 60 996 996
15.000458 82 148 148
15.000458 92 668 668
15.000458 95 414 414
16.000488 7 825 825
16.000488 13 22 22
16.000488 24 32 32
16.000488 28 280 280
16.000488 38 714 714
16.000488 54 344 344
16.000488 55 1022 1022
16.000488 57 269 269
16.000488 60 1177 1177
16.000488 82 67 67
16.000488 92 655 655
16.000488 95 429 429
17.000519 7 858 858
17.000519 28 332 332
17.000519 38 717 717
17.000519 54 291 291
17.000519 55 1201 1201
17.000519 57 162 162
17.000519 60 1302 1302
17.000519 82 6 6
17.000519 92 691 691
17.000519 95 381 381
18.000549 7 959 959
18.000549 28 405 405
18.000549 38 713 713
18.000549 54 238 238
18.000549 55 1265 1265
18.000549 57 103 103
18.000549 60 1296 1296
18.000549 92 590 590
18.000549 95 323 323
19.000580 7 1051 1051
19.000580 28 444 444
19.000580 38 700 700
19.000580 54 225 225
19.000580 55 1311 1311
19.000580 57 108 108
19.000580 60 1273 1273
19.000580 92 454 454
19.000580 95 271 271
20.000610 7 1058 1058
20.000610 28 426 426
20.000610 38 735 735
20.000610 54 270 270
20.000610 55 1310 1310
20.000610 57 130 130
20.000610 60 1207 1207
20.000610 92 467 467
20.000610 95 270 270
21.000641 7 1070 1070
21.000641 28 400 400
21.000641 38 721 721
21.000641 54 319 319
21.000641 55 1299 1299
21.000641 57 111 111
21.000641 60 1152 1152
21.000641 92 491 491
21.000641 95 345 345
22.000671 7 999 999
22.000671 28 404 404
22.000671 38 646 646
22.000671 54 397 397
22.000671 55 1321 1321
22.000671 57 131 131
22.000671 60 1111 1111
22.000671 92 470 470
22.000671 95 401 401
23.000702 7 970 970
23.000702 28 376 376
23.000702 38 698 698
23.000702 54 402 402
23.000702 55 1238 1238
23.000702 57 163 163
23.000702 60 1104 1104
23.000702 92 508 508
23.000702 95 422 422
24.000732 7 987 987
24.000732 28 377 377
24.000732 38 681 681
24.000732 54 388 388
24.000732 55 1180 1180
24.000732 57 175 175
24.000732 60 1152 1152
24.000732 92 486 486
24.000732 95 458 458
25.000763 7 1085 1085
25.000763 28 422 422
25.000763 38 625 625
25.000763 54 285 285
25.000763 55 1176 1176
25.000763 57 200 200
25.000763 60 1130 1130
25.000763 92 444 444
25.000763 95 526 526
26.000793 7 1183 1183
26.000793 28 413 413
26.000793 38 597 597
26.000793 54 162 162
26.000793 55 1217 1217
26.000793 57 228 228
26.000793 60 1139 1139
26.000793 92 463 463
26.000793 95 506 506
27.000824 7 1206 1206
27.000824 28 362 362
27.000824 38 481 481
27.000824 54 145 145
27.000824 55 1308 1308
27.000824 57 290 290
27.000824 60 1102 1102
27.000824 92 484 484
27.000824 95 528 528
28.000854 7 1184 1184
28.000854 28 236 236
28.000854 38 504 504
28.000854 54 146 146
28.000854 55 1373 1373
28.000854 57 392 392
28.000854 60 1074 1074
28.000854 92 527 527
28.000854 95 446 446
29.000885 7 1243 1243
29.000885 28 133 133
29.000885 38 492 492
29.000885 54 148 148
29.000885 55 1468 1468
29.000885 57 390 390
29.000885 60 1134 1134
29.000885 92 509 509
29.000885 95 348 348
30.000916 7 1177 1177
30.000916 28 116 116
30.000916 38 457 457
30.000916 54 190 190
30.000916 55 1628 1628
30.000916 57 362 362
30.000916 60 1214 1214
30.000916 92 528 528
30.000916 95 227 227
31.000946 7 1166 1166
31.000946 28 111 111
31.000946 38 468 468
31.000946 54 180 180
31.000946 55 1669 1669
31.000946 57 355 355
31.000946 60 1275 1275
31.000946 92 521 521
31.000946 95 177 177
32.000977 7 1165 1165
32.000977 28 96 96
32.000977 38 420 420
32.000977 54 205 205
32.000977 55 1712 1712
32.000977 57 364 364
32.000977 60 1263 1263
32.000977 92 491 491
32.000977 95 166 166
33.001007 7 1196 1196
33.001007 28 66 66
33.001007 38 434 434
33.001007 54 185 185
33.001007 55 1802 1802
33.001007 57 403 403
33.001007 60 1194 1194
33.001007 92 495 495
33.001007 95 108 108
34.001038 7 1143 1143
34.001038 28 72 72
34.001038 38 439 439
34.001038 54 196 196
34.001038 55 1794 1794
34.001038 57 424 424
34.001038 60 1201 1201
34.001038 92 513 513
34.001038 95 98 98
35.001068 7 1108 1108
35.001068 28 82 82
35.001068 38 458 458
35.001068 54 222 222
35.001068 55 1705 1705
35.001068 57 418 418
35.001068 60 1253 1253
35.001068 92 567 567
35.001068 95 81 81
36.001099 7 1095 1095
36.001099 28 89 89
36.001099 38 465 465
36.001099 54 231 231
36.001099 55 1704 1704
36.001099 57 463 463
36.001099 60 1216 1216
36.001099 92 538 538
36.001099 95 69 69
37.001129 7 1143 1143
37.001129 28 75 75
37.001129 38 432 432
37.001129 54 199 199
37.001129 55 1727 1727
37.001129 57 517 517
37.001129 60 1196 1196
37.001129 92 526 526
37.001129 95 64 64
38.001160 7 1111 1111
38.001160 28 87 87
38.001160 38 451 451
38.001160 54 168 168
38.001160 55 1673 1673
38.001160 57 558 558
38.001160 60 1229 1229
38.001160 92 569 569
38.001160 95 50 50
39.001190 7 1101 1101
39.001190 28 78 78
39.001190 38 363 363
39.001190 54 211 211
39.001190 55 1732 1732
39.001190 57 565 565
39.001190 60 1156 1156
39.001190 92 593 593
39.001190 95 51 51
40.001221 7 1058 1058
40.001221 28 57 57
40.001221 38 372 372
40.001221 54 240 240
40.001221 55 1714 1714
40.001221 57 506 506
40.001221 60 1266 1266
40.001221 92 637 637
40.001221 95 40 40
41.001251 7 952 952
41.001251 28 16 16
41.001251 38 372 372
41.001251 54 312 312
41.001251 55 1759 1759
41.001251 57 488 488
41.001251 60 1290 1290
41.001251 92 624 624
41.001251 95 36 36
42.001282 7 906 906
42.001282 28 3 3
42.001282 38 385 385
42.001282 54 340 340
42.001282 55 1846 1846
42.001282 57 409 409
42.001282 60 1348 1348
42.001282 92 647 647
42.001282 95 41 41
43.001312 7 1001 1001
43.001312 38 388 388
43.001312 54 280 280
43.001312 55 1830 1830
43.001312 57 403 403
43.001312 60 1321 1321
43.001312 92 616 616
43.001312 95 43 43
44.001343 7 1098 1098
44.001343 38 410 410
44.001343 54 204 204
44.001343 55 1845 1845
44.001343 57 428 428
44.001343 60 1302 1302
44.001343 92 573 573
44.001343 95 26 26
45.001373 7 1195 1195
45.001373 38 380 380
45.001373 54 142 142
45.001373 55 1913 1913
45.001373 57 512 512
45.001373 60 1211 1211
45.001373 92 526 526
45.001373 95 7 7
46.001404 7 1248 1248
46.001404 38 394 394
46.001404 54 78 78
46.001404 55 1870 1870
46.001404 57 556 556
46.001404 60 1188 1188
46.001404 92 550 550
47.001434 7 1169 1169
47.001434 38 427 427
47.001434 54 74 74
47.001434 55 1783 1783
47.001434 57 540 540
47.001434 60 1293 1293
47.001434 92 577 577
48.001465 7 1155 1155
48.001465 38 422 422
48.001465 54 43 43
48.001465 55 1748 1748
48.001465 57 461 461
48.001465 60 1357 1357
48.001465 92 659 659
49.001495 7 1136 1136
49.001495 38 411 411
49.001495 54 35 35
49.001495 55 1735 1735
49.001495 57 367 367
49.001495 60 1406 1406
49.001495 92 761 761
50.001526 7 1121 1121
50.001526 38 401 401
50.001526 54 32 32
50.001526 55 1706 1706
50.001526 57 354 354
50.001526 60 1450 1450
50.001526 92 793 793
51.001556 7 1110 1110
51.001556 38 316 316
51.001556 54 13 13
51.001556 55 1714 1714
51.001556 57 362 362
51.001556 60 1458 1458
51.001556 92 892 892
52.001587 7 1068 1068
52.001587 38 259 259
52.001587 54 1 1
52.001587 55 1778 1778
52.001587 57 407 407
52.001587 60 1482 1482
52.001587 92 888 888
53.001617 7 986 986
53.001617 38 242 242
53.001617 55 1835 1835
53.001617 57 453 453
53.001617 60 1554 1554
53.001617 92 802 802
54.001648 7 885 885
54.001648 38 239 239
54.001648 55 1946 1946
54.001648 57 371 371
54.001648 60 1613 1613
54.001648 92 806 806
55.001678 7 862 862
55.001678 38 227 227
55.001678 55 2016 2016
55.001678 57 367 367
55.001678 60 1623 1623
55.001678 92 807 807
56.001709 7 792 792
56.001709 38 190 190
56.001709 55 2054 2054
56.001709 57 362 362
56.001709 60 1652 1652
56.001709 92 809 809
57.001740 7 811 811
57.001740 38 147 147
57.001740 55 2078 2078
57.001740 57 355 355
57.001740 60 1684 1684
57.001740 92 776 776
58.001770 7 886 886
58.001770 38 110 110
58.001770 55 2133 2133
58.001770 57 423 423
58.001770 60 1532 1532
58.001770 92 791 791
59.001801 7 848 848
59.001801 38 95 95
59.001801 55 2121 2121
59.001801 57 540 540
59.001801 60 1450 1450
59.001801 92 788 788
60.001831 7 817 817
60.001831 38 75 75
60.001831 55 2137 2137
60.001831 57 525 525
60.001831 60 1578 1578
60.001831 92 776 776
61.001862 7 790 790
61.001862 38 63 63
61.001862 55 2119 2119
61.001862 57 541 541
61.001862 60 1658 1658
61.001862 92 753 753
62.001892 7 761 761
62.001892 38 46 46
62.001892 55 2106 2106
62.001892 57 447 447
62.001892 60 1663 1663
62.001892 92 828 828
63.001923 7 768 768
63.001923 38 31 31
63.001923 55 2116 2116
63.001923 57 423 423
63.001923 60 1718 1718
63.001923 92 835 835
64.001953 7 823 823
64.001953 38 17 17
64.001953 55 2065 2065
64.001953 57 442 442
64.001953 60 1711 1711
64.001953 92 822 822
65.001984 7 876 876
65.001984 38 31 31
65.001984 55 2101 2101
65.001984 57 482 482
65.001984 60 1619 1619
65.001984 92 790 790
66.002014 7 868 868
66.002014 38 43 43
66.002014 55 2112 2112
66.002014 57 516 516
66.002014 60 1599 1599
66.002014 92 702 702
67.002045 7 918 918
67.002045 38 1 1
67.002045 55 2222 2222
67.002045 57 562 562
67.002045 60 1573 1573
67.002045 92 607 607
68.002075 7 888 888
68.002075 55 2256 2256
68.002075 57 537 537
68.002075 60 1564 1564
68.002075 92 638 638
69.002106 7 931 931
69.002106 55 2263 2263
69.002106 57 493 493
69.002106 60 1544 1544
69.002106 92 617 617
70.002136 7 985 985
70.002136 55 2257 2257
70.002136 57 447 447
70.002136 60 1542 1542
70.002136 92 662 662
71.002167 7 930 930
71.002167 55 2254 2254
71.002167 57 312 312
71.002167 60 1600 1600
71.002167 92 794 794
