0.000000 0 1 1
0.000000 1 1 1
0.000000 2 1 1
0.000000 3 1 1
0.000000 4 1 1
0.000000 6 1 1
0.000000 7 1 1
0.000000 8 1 1
0.000000 9 1 1
0.000000 10 1 1
0.000000 11 1 1
0.000000 12 1 1
0.000000 13 1 1
0.000000 14 1 1
0.000000 15 1 1
0.000000 16 1 1
0.000000 17 1 1
0.000000 18 1 1
0.000000 19 1 1
0.000000 20 1 1
0.000000 21 1 1
0.000000 22 1 1
0.000000 23 1 1
0.000000 24 1 1
0.000000 25 1 1
0.000000 26 1 1
0.000000 27 1 1
0.000000 28 1 1
0.000000 29 1 1
0.000000 30 1 1
0.000000 31 1 1
0.000000 32 1 1
0.000000 33 1 1
0.000000 34 1 1
0.000000 35 1 1
0.000000 36 1 1
0.000000 37 1 1
0.000000 38 1 1
0.000000 40 1 1
0.000000 41 1 1
0.000000 42 1 1
0.000000 43 1 1
0.000000 44 1 1
0.000000 46 1 1
0.000000 47 1 1
0.000000 48 1 1
0.000000 49 1 1
0.000000 51 1 1
0.000000 52 1 1
0.000000 53 1 1
0.000000 54 1 1
0.000000 55 1 1
0.000000 56 1 1
0.000000 57 1 1
0.000000 58 1 1
0.000000 59 1 1
0.000000 60 1 1
0.000000 62 1 1
0.000000 63 1 1
0.000000 64 1 1
0.000000 66 1 1
0.000000 67 1 1
0.000000 68 1 1
0.000000 69 1 1
0.000000 70 1 1
0.000000 71 1 1
0.000000 72 1 1
0.000000 73 1 1
0.000000 75 1 1
0.000000 76 1 1
0.000000 77 1 1
0.000000 78 1 1
0.000000 80 1 1
0.000000 81 1 1
0.000000 82 1 1
0.000000 83 1 1
0.000000 84 1 1
0.000000 85 1 1
0.000000 86 1 1
0.000000 87 1 1
0.000000 88 1 1
0.000000 89 1 1
0.000000 90 1 1
0.000000 91 1 1
0.000000 93 1 1
0.000000 94 1 1
0.000000 95 1 1
0.000000 96 1 1
0.000000 97 1 1
0.000000 98 1 1
0.000000 99 1 1
0.000000 100 1 1
0.000000 101 1 1
0.000000 102 1 1
0.000000 103 1 1
0.000000 104 1 1
0.000000 105 1 1
0.000000 106 1 1
0.000000 107 1 1
0.000000 108 1 1
0.000000 109 1 1
1.000031 0 2 2
1.000031 1 1 1
1.000031 2 1 1
1.000031 3 2 2
1.000031 4 1 1
1.000031 6 2 2
1.000031 7 2 2
1.000031 8 1 1
1.000031 9 2 2
1.000031 10 2 2
1.000031 11 2 2
1.000031 12 1 1
1.000031 13 1 1
1.000031 14 1 1
1.000031 15 2 2
1.000031 16 2 2
1.000031 17 2 2
1.000031 18 2 2
1.000031 19 2 2
1.000031 20 1 1
1.000031 21 1 1
1.000031 22 1 1
1.000031 23 2 2
1.000031 24 2 2
1.000031 25 1 1
1.000031 26 1 1
1.000031 27 2 2
1.000031 28 1 1
1.000031 29 1 1
1.000031 30 2 2
1.000031 31 1 1
1.000031 32 1 1
1.000031 33 2 2
1.000031 34 1 1
1.000031 35 1 1
1.000031 36 1 1
1.000031 37 1 1
1.000031 38 1 1
1.000031 40 1 1
1.000031 41 2 2
1.000031 42 1 1
1.000031 43 2 2
1.000031 44 2 2
1.000031 46 2 2
1.000031 47 2 2
1.000031 48 2 2
1.000031 49 2 2
1.000031 51 2 2
1.000031 52 2 2
1.000031 53 2 2
1.000031 54 2 2
1.000031 55 2 2
1.000031 56 1 1
1.000031 57 1 1
1.000031 58 2 2
1.000031 59 1 1
1.000031 60 1 1
1.000031 62 1 1
1.000031 63 2 2
1.000031 64 2 2
1.000031 66 2 2
1.000031 67 1 1
1.000031 68 1 1
1.000031 69 2 2
1.000031 70 1 1
1.000031 71 2 2
1.000031 72 1 1
1.000031 73 2 2
1.000031 75 1 1
1.000031 76 2 2
1.000031 77 2 2
1.000031 78 1 1
1.000031 80 1 1
1.000031 81 1 1
1.000031 82 2 2
1.000031 83 1 1
1.000031 84 1 1
1.000031 85 2 2
1.000031 86 2 2
1.000031 87 1 1
1.000031 88 1 1
1.000031 89 1 1
1.000031 90 1 1
1.000031 91 2 2
1.000031 93 2 2
1.000031 94 1 1
1.000031 95 2 2
1.000031 96 2 2
1.000031 97 1 1
1.000031 98 2 2
1.000031 99 2 2
1.000031 100 1 1
1.000031 101 1 1
1.000031 102 2 2
1.000031 103 1 1
1.000031 104 2 2
1.000031 105 1 1
1.000031 106 2 2
1.000031 107 2 2
1.000031 108 2 2
1.000031 109 2 2
2.000061 0 2 2
2.000061 1 2 2
2.000061 2 2 2
2.000061 3 2 2
2.000061 4 2 2
2.000061 6 2 2
2.000061 7 2 2
2.000061 8 2 2
2.000061 9 2 2
2.000061 10 2 2
2.000061 11 2 2
2.000061 12 2 2
2.000061 13 1 1
2.000061 14 2 2
2.000061 15 3 3
2.000061 16 3 3
2.000061 17 2 2
2.000061 18 2 2
2.000061 19 2 2
2.000061 20 2 2
2.000061 21 2 2
2.000061 22 2 2
2.000061 23 2 2
2.000061 24 2 2
2.000061 25 2 2
2.000061 26 2 2
2.000061 27 3 3
2.000061 28 2 2
2.000061 29 2 2
2.000061 30 2 2
2.000061 31 2 2
2.000061 32 2 2
2.000061 33 3 3
2.000061 34 2 2
2.000061 35 2 2
2.000061 36 2 2
2.000061 37 2 2
2.000061 38 2 2
2.000061 40 2 2
2.000061 41 2 2
2.000061 42 2 2
2.000061 43 3 3
2.000061 44 2 2
2.000061 46 2 2
2.000061 47 2 2
2.000061 48 2 2
2.000061 49 2 2
2.000061 51 2 2
2.000061 52 2 2
2.000061 53 2 2
2.000061 54 2 2
2.000061 55 2 2
2.000061 56 2 2
2.000061 57 2 2
2.000061 58 2 2
2.000061 59 2 2
2.000061 60 2 2
2.000061 62 2 2
2.000061 63 2 2
2.000061 64 2 2
2.000061 66 2 2
2.000061 67 2 2
2.000061 68 2 2
2.000061 69 3 3
2.000061 70 2 2
2.000061 71 2 2
2.000061 72 2 2
2.000061 73 2 2
2.000061 75 2 2
2.000061 76 2 2
2.000061 77 2 2
2.000061 78 2 2
2.000061 80 2 2
2.000061 81 2 2
2.000061 82 2 2
2.000061 83 2 2
2.000061 84 2 2
2.000061 85 2 2
2.000061 86 3 3
2.000061 87 2 2
2.000061 88 2 2
2.000061 89 2 2
2.000061 90 2 2
2.000061 91 2 2
2.000061 93 2 2
2.000061 94 2 2
2.000061 95 3 3
2.000061 96 2 2
2.000061 97 2 2
2.000061 98 2 2
2.000061 99 2 2
2.000061 100 2 2
2.000061 101 3 3
2.000061 102 2 2
2.000061 103 2 2
2.000061 104 2 2
2.000061 105 2 2
2.000061 106 3 3
2.000061 107 2 2
2.000061 108 2 2
2.000061 109 2 2
3.000092 0 4 4
3.000092 1 4 4
3.000092 2 4 4
3.000092 3 4 4
3.000092 4 4 4
3.000092 6 4 4
3.000092 7 4 4
3.000092 8 4 4
3.000092 9 4 4
3.000092 10 4 4
3.000092 11 4 4
3.000092 12 4 4
3.000092 13 2 2
3.000092 14 4 4
3.000092 15 4 4
3.000092 16 4 4
3.000092 17 4 4
3.000092 18 3 3
3.000092 19 4 4
3.000092 20 4 4
3.000092 21 4 4
3.000092 22 4 4
3.000092 23 4 4
3.000092 24 4 4
3.000092 25 4 4
3.000092 26 4 4
3.000092 27 5 5
3.000092 28 4 4
3.000092 29 4 4
3.000092 30 4 4
3.000092 31 4 4
3.000092 32 4 4
3.000092 33 5 5
3.000092 34 3 3
3.000092 35 4 4
3.000092 36 4 4
3.000092 37 4 4
3.000092 38 3 3
3.000092 40 4 4
3.000092 41 4 4
3.000092 42 4 4
3.000092 43 4 4
3.000092 44 4 4
3.000092 46 4 4
3.000092 47 4 4
3.000092 48 4 4
3.000092 49 4 4
3.000092 51 4 4
3.000092 52 4 4
3.000092 53 4 4
3.000092 54 4 4
3.000092 55 4 4
3.000092 56 3 3
3.000092 57 2 2
3.000092 58 4 4
3.000092 59 3 3
3.000092 60 4 4
3.000092 62 4 4
3.000092 63 4 4
3.000092 64 4 4
3.000092 66 4 4
3.000092 67 4 4
3.000092 68 4 4
3.000092 69 4 4
3.000092 70 4 4
3.000092 71 4 4
3.000092 72 4 4
3.000092 73 4 4
3.000092 75 4 4
3.000092 76 4 4
3.000092 77 4 4
3.000092 78 4 4
3.000092 80 4 4
3.000092 81 4 4
3.000092 82 4 4
3.000092 83 4 4
3.000092 84 4 4
3.000092 85 4 4
3.000092 86 4 4
3.000092 87 3 3
3.000092 88 4 4
3.000092 89 4 4
3.000092 90 4 4
3.000092 91 4 4
3.000092 93 4 4
3.000092 94 3 3
3.000092 95 4 4
3.000092 96 4 4
3.000092 97 4 4
3.000092 98 4 4
3.000092 99 4 4
3.000092 100 4 4
3.000092 101 5 5
3.000092 102 4 4
3.000092 103 4 4
3.000092 104 4 4
3.000092 105 1 1
3.000092 106 4 4
3.000092 107 4 4
3.000092 108 4 4
3.000092 109 4 4
4.000122 0 6 6
4.000122 1 5 5
4.000122 2 7 7
4.000122 3 6 6
4.000122 4 7 7
4.000122 6 7 7
4.000122 7 5 5
4.000122 8 6 6
4.000122 9 8 8
4.000122 10 7 7
4.000122 11 7 7
4.000122 12 4 4
4.000122 13 2 2
4.000122 14 5 5
4.000122 15 6 6
4.000122 16 8 8
4.000122 17 6 6
4.000122 18 5 5
4.000122 19 5 5
4.000122 20 5 5
4.000122 21 5 5
4.000122 22 5 5
4.000122 23 6 6
4.000122 24 7 7
4.000122 25 4 4
4.000122 26 4 4
4.000122 27 7 7
4.000122 28 6 6
4.000122 29 6 6
4.000122 30 7 7
4.000122 31 5 5
4.000122 32 6 6
4.000122 33 8 8
4.000122 34 4 4
4.000122 35 7 7
4.000122 36 5 5
4.000122 37 5 5
4.000122 38 4 4
4.000122 40 4 4
4.000122 41 7 7
4.000122 42 6 6
4.000122 43 7 7
4.000122 44 6 6
4.000122 46 7 7
4.000122 47 5 5
4.000122 48 5 5
4.000122 49 8 8
4.000122 51 7 7
4.000122 52 6 6
4.000122 53 5 5
4.000122 54 5 5
4.000122 55 6 6
4.000122 56 5 5
4.000122 57 4 4
4.000122 58 6 6
4.000122 59 5 5
4.000122 60 5 5
4.000122 62 6 6
4.000122 63 6 6
4.000122 64 8 8
4.000122 66 7 7
4.000122 67 5 5
4.000122 68 6 6
4.000122 69 8 8
4.000122 70 5 5
4.000122 71 6 6
4.000122 72 6 6
4.000122 73 8 8
4.000122 75 5 5
4.000122 76 5 5
4.000122 77 7 7
4.000122 78 4 4
4.000122 80 6 6
4.000122 81 4 4
4.000122 82 8 8
4.000122 83 7 7
4.000122 84 5 5
4.000122 85 8 8
4.000122 86 8 8
4.000122 87 5 5
4.000122 88 4 4
4.000122 89 5 5
4.000122 90 5 5
4.000122 91 6 6
4.000122 93 7 7
4.000122 94 6 6
4.000122 95 7 7
4.000122 96 7 7
4.000122 97 5 5
4.000122 98 8 8
4.000122 99 7 7
4.000122 100 5 5
4.000122 101 7 7
4.000122 102 5 5
4.000122 103 6 6
4.000122 104 7 7
4.000122 105 2 2
4.000122 106 8 8
4.000122 107 6 6
4.000122 108 6 6
4.000122 109 8 8
5.000153 0 10 10
5.000153 1 8 8
5.000153 2 10 10
5.000153 3 10 10
5.000153 4 9 9
5.000153 6 9 9
5.000153 7 8 8
5.000153 8 9 9
5.000153 9 11 11
5.000153 10 10 10
5.000153 11 9 9
5.000153 12 8 8
5.000153 13 4 4
5.000153 14 9 9
5.000153 15 12 12
5.000153 16 12 12
5.000153 17 10 10
5.000153 18 8 8
5.000153 19 8 8
5.000153 20 8 8
5.000153 21 9 9
5.000153 22 8 8
5.000153 23 9 9
5.000153 24 10 10
5.000153 25 8 8
5.000153 26 8 8
5.000153 27 12 12
5.000153 28 9 9
5.000153 29 9 9
5.000153 30 8 8
5.000153 31 9 9
5.000153 32 9 9
5.000153 33 12 12
5.000153 34 8 8
5.000153 35 9 9
5.000153 36 9 9
5.000153 37 8 8
5.000153 38 8 8
5.000153 40 8 8
5.000153 41 8 8
5.000153 42 8 8
5.000153 43 10 10
5.000153 44 9 9
5.000153 46 8 8
5.000153 47 8 8
5.000153 48 8 8
5.000153 49 10 10
5.000153 51 9 9
5.000153 52 9 9
5.000153 53 8 8
5.000153 54 9 9
5.000153 55 9 9
5.000153 56 8 8
5.000153 57 8 8
5.000153 58 10 10
5.000153 59 8 8
5.000153 60 9 9
5.000153 62 11 11
5.000153 63 10 10
5.000153 64 12 12
5.000153 66 10 10
5.000153 67 9 9
5.000153 68 8 8
5.000153 69 10 10
5.000153 70 8 8
5.000153 71 11 11
5.000153 72 8 8
5.000153 73 8 8
5.000153 75 7 7
5.000153 76 8 8
5.000153 77 8 8
5.000153 78 8 8
5.000153 80 9 9
5.000153 81 8 8
5.000153 82 13 13
5.000153 83 8 8
5.000153 84 8 8
5.000153 85 12 12
5.000153 86 13 13
5.000153 87 8 8
5.000153 88 8 8
5.000153 89 10 10
5.000153 90 9 9
5.000153 91 8 8
5.000153 93 10 10
5.000153 94 9 9
5.000153 95 12 12
5.000153 96 9 9
5.000153 97 9 9
5.000153 98 11 11
5.000153 99 9 9
5.000153 100 9 9
5.000153 101 10 10
5.000153 102 10 10
5.000153 103 8 8
5.000153 104 10 10
5.000153 105 4 4
5.000153 106 11 11
5.000153 107 10 10
5.000153 108 9 9
5.000153 109 13 13
6.000183 0 16 16
6.000183 1 12 12
6.000183 2 16 16
6.000183 3 17 17
6.000183 4 15 15
6.000183 6 17 17
6.000183 7 15 15
6.000183 8 14 14
6.000183 9 16 16
6.000183 10 17 17
6.000183 11 15 15
6.000183 12 10 10
6.000183 13 4 4
6.000183 14 14 14
6.000183 15 18 18
6.000183 16 19 19
6.000183 17 18 18
6.000183 18 15 15
6.000183 19 15 15
6.000183 20 15 15
6.000183 21 12 12
6.000183 22 16 16
6.000183 23 12 12
6.000183 24 16 16
6.000183 25 15 15
6.000183 26 14 14
6.000183 27 22 22
6.000183 28 16 16
6.000183 29 14 14
6.000183 30 17 17
6.000183 31 16 16
6.000183 32 15 15
6.000183 33 19 19
6.000183 34 11 11
6.000183 35 16 16
6.000183 36 16 16
6.000183 37 14 14
6.000183 38 13 13
6.000183 40 14 14
6.000183 41 15 15
6.000183 42 16 16
6.000183 43 18 18
6.000183 44 16 16
6.000183 46 16 16
6.000183 47 13 13
6.000183 48 16 16
6.000183 49 16 16
6.000183 51 16 16
6.000183 52 17 17
6.000183 53 15 15
6.000183 54 15 15
6.000183 55 17 17
6.000183 56 14 14
6.000183 57 8 8
6.000183 58 17 17
6.000183 59 13 13
6.000183 60 17 17
6.000183 62 16 16
6.000183 63 15 15
6.000183 64 17 17
6.000183 66 16 16
6.000183 67 14 14
6.000183 68 16 16
6.000183 69 20 20
6.000183 70 15 15
6.000183 71 17 17
6.000183 72 14 14
6.000183 73 16 16
6.000183 75 10 10
6.000183 76 14 14
6.000183 77 15 15
6.000183 78 15 15
6.000183 80 17 17
6.000183 81 12 12
6.000183 82 18 18
6.000183 83 16 16
6.000183 84 16 16
6.000183 85 18 18
6.000183 86 22 22
6.000183 87 12 12
6.000183 88 14 14
6.000183 89 16 16
6.000183 90 13 13
6.000183 91 16 16
6.000183 93 16 16
6.000183 94 14 14
6.000183 95 17 17
6.000183 96 16 16
6.000183 97 15 15
6.000183 98 16 16
6.000183 99 15 15
6.000183 100 13 13
6.000183 101 18 18
6.000183 102 16 16
6.000183 103 15 15
6.000183 104 17 17
6.000183 105 4 4
6.000183 106 18 18
6.000183 107 14 14
6.000183 108 13 13
6.000183 109 18 18
7.000214 0 22 22
7.000214 1 23 23
7.000214 2 28 28
7.000214 3 27 27
7.000214 4 22 22
7.000214 6 30 30
7.000214 7 24 24
7.000214 8 24 24
7.000214 9 28 28
7.000214 10 25 25
7.000214 11 26 26
7.000214 12 18 18
7.000214 13 6 6
7.000214 14 22 22
7.000214 15 29 29
7.000214 16 34 34
7.000214 17 27 27
7.000214 18 24 24
7.000214 19 25 25
7.000214 20 24 24
7.000214 21 20 20
7.000214 22 25 25
7.000214 23 23 23
7.000214 24 27 27
7.000214 25 18 18
7.000214 26 21 21
7.000214 27 33 33
7.000214 28 22 22
7.000214 29 26 26
7.000214 30 28 28
7.000214 31 26 26
7.000214 32 24 24
7.000214 33 27 27
7.000214 34 18 18
7.000214 35 22 22
7.000214 36 22 22
7.000214 37 19 19
7.000214 38 20 20
7.000214 40 20 20
7.000214 41 25 25
7.000214 42 23 23
7.000214 43 27 27
7.000214 44 24 24
7.000214 46 26 26
7.000214 47 20 20
7.000214 48 24 24
7.000214 49 28 28
7.000214 51 29 29
7.000214 52 22 22
7.000214 53 21 21
7.000214 54 25 25
7.000214 55 27 27
7.000214 56 19 19
7.000214 57 16 16
7.000214 58 26 26
7.000214 59 20 20
7.000214 60 24 24
7.000214 62 26 26
7.000214 63 23 23
7.000214 64 30 30
7.000214 66 28 28
7.000214 67 23 23
7.000214 68 24 24
7.000214 69 30 30
7.000214 70 23 23
7.000214 71 26 26
7.000214 72 20 20
7.000214 73 29 29
7.000214 75 16 16
7.000214 76 23 23
7.000214 77 26 26
7.000214 78 20 20
7.000214 80 24 24
7.000214 81 21 21
7.000214 82 28 28
7.000214 83 27 27
7.000214 84 21 21
7.000214 85 31 31
7.000214 86 34 34
7.000214 87 22 22
7.000214 88 18 18
7.000214 89 23 23
7.000214 90 22 22
7.000214 91 28 28
7.000214 93 25 25
7.000214 94 26 26
7.000214 95 31 31
7.000214 96 25 25
7.000214 97 25 25
7.000214 98 32 32
7.000214 99 26 26
7.000214 100 22 22
7.000214 101 25 25
7.000214 102 22 22
7.000214 103 20 20
7.000214 104 25 25
7.000214 105 7 7
7.000214 106 30 30
7.000214 107 23 23
7.000214 108 22 22
7.000214 109 32 32
8.000244 0 36 36
8.000244 1 32 32
8.000244 2 42 42
8.000244 3 45 45
8.000244 4 13 13
8.000244 6 39 39
8.000244 7 35 35
8.000244 8 34 34
8.000244 9 46 46
8.000244 10 36 36
8.000244 11 37 37
8.000244 12 29 29
8.000244 13 11 11
8.000244 14 35 35
8.000244 15 48 48
8.000244 16 51 51
8.000244 17 41 41
8.000244 18 34 34
8.000244 19 34 34
8.000244 20 39 39
8.000244 21 34 34
8.000244 22 42 42
8.000244 23 35 35
8.000244 24 39 39
8.000244 25 32 32
8.000244 26 36 36
8.000244 27 51 51
8.000244 28 35 35
8.000244 29 37 37
8.000244 30 36 36
8.000244 31 37 37
8.000244 32 40 40
8.000244 33 19 19
8.000244 34 31 31
8.000244 35 35 35
8.000244 36 35 35
8.000244 37 32 32
8.000244 38 33 33
8.000244 40 33 33
8.000244 41 37 37
8.000244 42 33 33
8.000244 43 42 42
8.000244 44 38 38
8.000244 46 35 35
8.000244 47 31 31
8.000244 48 35 35
8.000244 49 47 47
8.000244 51 43 43
8.000244 52 39 39
8.000244 53 38 38
8.000244 54 34 34
8.000244 55 44 44
8.000244 56 32 32
8.000244 57 29 29
8.000244 58 36 36
8.000244 59 31 31
8.000244 60 36 36
8.000244 62 41 41
8.000244 63 37 37
8.000244 64 47 47
8.000244 66 43 43
8.000244 67 38 38
8.000244 68 35 35
8.000244 69 43 43
8.000244 70 35 35
8.000244 71 42 42
8.000244 72 36 36
8.000244 73 36 36
8.000244 75 12 12
8.000244 76 34 34
8.000244 77 40 40
8.000244 78 34 34
8.000244 80 41 41
8.000244 81 32 32
8.000244 82 43 43
8.000244 83 36 36
8.000244 84 34 34
8.000244 85 53 53
8.000244 86 57 57
8.000244 87 31 31
8.000244 88 30 30
8.000244 89 38 38
8.000244 90 33 33
8.000244 91 37 37
8.000244 93 37 37
8.000244 94 35 35
8.000244 95 46 46
8.000244 96 37 37
8.000244 97 37 37
8.000244 98 48 48
8.000244 99 39 39
8.000244 100 35 35
8.000244 101 39 39
8.000244 102 39 39
8.000244 103 15 15
8.000244 104 40 40
8.000244 105 8 8
8.000244 106 44 44
8.000244 107 36 36
8.000244 108 35 35
8.000244 109 50 50
9.000275 0 59 59
9.000275 1 50 50
9.000275 2 71 71
9.000275 3 66 66
9.000275 6 66 66
9.000275 7 61 61
9.000275 8 56 56
9.000275 9 68 68
9.000275 10 65 65
9.000275 11 25 25
9.000275 12 42 42
9.000275 14 36 36
9.000275 15 73 73
9.000275 16 82 82
9.000275 17 71 71
9.000275 18 55 55
9.000275 19 63 63
9.000275 20 64 64
9.000275 21 56 56
9.000275 22 63 63
9.000275 23 55 55
9.000275 24 44 44
9.000275 25 54 54
9.000275 26 59 59
9.000275 27 84 84
9.000275 28 64 64
9.000275 29 57 57
9.000275 30 66 66
9.000275 31 66 66
9.000275 32 64 64
9.000275 34 47 47
9.000275 35 64 64
9.000275 36 59 59
9.000275 37 52 52
9.000275 38 48 48
9.000275 40 57 57
9.000275 41 56 56
9.000275 42 3 3
9.000275 43 76 76
9.000275 44 58 58
9.000275 46 60 60
9.000275 47 52 52
9.000275 48 5 5
9.000275 49 65 65
9.000275 51 66 66
9.000275 52 68 68
9.000275 53 61 61
9.000275 54 60 60
9.000275 55 70 70
9.000275 56 49 49
9.000275 57 38 38
9.000275 58 8 8
9.000275 59 35 35
9.000275 60 66 66
9.000275 62 64 64
9.000275 63 50 50
9.000275 64 76 76
9.000275 66 69 69
9.000275 67 60 60
9.000275 68 64 64
9.000275 69 43 43
9.000275 70 63 63
9.000275 71 66 66
9.000275 72 57 57
9.000275 73 65 65
9.000275 76 56 56
9.000275 77 65 65
9.000275 78 57 57
9.000275 80 67 67
9.000275 81 35 35
9.000275 82 70 70
9.000275 83 62 62
9.000275 84 11 11
9.000275 85 75 75
9.000275 86 91 91
9.000275 87 56 56
9.000275 88 53 53
9.000275 89 62 62
9.000275 90 55 55
9.000275 91 61 61
9.000275 93 60 60
9.000275 94 58 58
9.000275 95 69 69
9.000275 96 64 64
9.000275 97 60 60
9.000275 98 54 54
9.000275 99 61 61
9.000275 100 58 58
9.000275 101 62 62
9.000275 102 14 14
9.000275 104 66 66
9.000275 106 68 68
9.000275 107 62 62
9.000275 108 1 1
9.000275 109 39 39
10.000305 0 96 96
10.000305 1 87 87
10.000305 2 112 112
10.000305 3 108 108
10.000305 6 117 117
10.000305 7 40 40
10.000305 8 88 88
10.000305 9 116 116
10.000305 10 34 34
10.000305 12 8 8
10.000305 15 116 116
10.000305 16 134 134
10.000305 17 115 115
10.000305 18 87 87
10.000305 19 99 99
10.000305 20 17 17
10.000305 21 80 80
10.000305 22 106 106
10.000305 23 91 91
10.000305 25 78 78
10.000305 26 88 88
10.000305 27 134 134
10.000305 28 98 98
10.000305 29 92 92
10.000305 30 107 107
10.000305 31 107 107
10.000305 32 96 96
10.000305 35 97 97
10.000305 36 74 74
10.000305 37 41 41
10.000305 38 21 21
10.000305 41 95 95
10.000305 43 110 110
10.000305 44 93 93
10.000305 47 83 83
10.000305 51 22 22
10.000305 52 98 98
10.000305 53 59 59
10.000305 54 95 95
10.000305 55 104 104
10.000305 57 62 62
10.000305 60 12 12
10.000305 62 105 105
10.000305 64 119 119
10.000305 66 110 110
10.000305 68 93 93
10.000305 71 106 106
10.000305 72 84 84
10.000305 73 108 108
10.000305 76 89 89
10.000305 77 103 103
10.000305 80 101 101
10.000305 82 92 92
10.000305 83 106 106
10.000305 87 87 87
10.000305 88 81 81
10.000305 89 91 91
10.000305 90 2 2
10.000305 91 95 95
10.000305 93 98 98
10.000305 96 101 101
10.000305 97 96 96
10.000305 99 106 106
10.000305 100 94 94
10.000305 101 103 103
10.000305 104 72 72
10.000305 106 6 6
11.000336 1 54 54
11.000336 2 176 176
11.000336 3 183 183
11.000336 6 174 174
11.000336 8 140 140
11.000336 9 186 186
11.000336 16 215 215
11.000336 17 164 164
11.000336 18 139 139
11.000336 19 160 160
11.000336 21 82 82
11.000336 22 142 142
11.000336 23 142 142
11.000336 25 38 38
11.000336 26 145 145
11.000336 27 60 60
11.000336 28 153 153
11.000336 29 145 145
11.000336 30 32 32
11.000336 31 157 157
11.000336 35 155 155
11.000336 41 145 145
11.000336 43 176 176
11.000336 44 146 146
11.000336 52 158 158
11.000336 55 178 178
11.000336 57 109 109
11.000336 64 55 55
11.000336 66 171 171
11.000336 68 145 145
11.000336 72 142 142
11.000336 73 162 162
11.000336 76 143 143
11.000336 77 161 161
11.000336 80 164 164
11.000336 83 161 161
11.000336 87 9 9
11.000336 89 26 26
11.000336 91 144 144
11.000336 93 30 30
11.000336 96 159 159
11.000336 99 165 165
11.000336 100 63 63
11.000336 101 134 134
12.000366 2 206 206
12.000366 3 276 276
12.000366 6 279 279
12.000366 8 232 232
12.000366 9 177 177
12.000366 16 329 329
12.000366 17 7 7
12.000366 18 228 228
12.000366 19 55 55
12.000366 23 169 169
12.000366 26 112 112
12.000366 28 246 246
12.000366 29 240 240
12.000366 31 124 124
12.000366 35 161 161
12.000366 41 232 232
12.000366 43 286 286
12.000366 44 235 235
12.000366 52 28 28
12.000366 55 212 212
12.000366 57 137 137
12.000366 66 149 149
12.000366 68 243 243
12.000366 72 113 113
12.000366 73 253 253
12.000366 76 228 228
12.000366 77 255 255
12.000366 80 267 267
12.000366 83 262 262
12.000366 91 32 32
12.000366 99 32 32
12.000366 101 42 42
13.000397 2 42 42
13.000397 3 441 441
13.000397 6 466 466
13.000397 8 362 362
13.000397 9 4 4
13.000397 16 484 484
13.000397 18 285 285
13.000397 23 31 31
13.000397 26 35 35
13.000397 28 195 195
13.000397 29 300 300
13.000397 31 40 40
13.000397 35 87 87
13.000397 41 227 227
13.000397 43 447 447
13.000397 44 377 377
13.000397 55 69 69
13.000397 68 245 245
13.000397 73 371 371
13.000397 76 310 310
13.000397 77 277 277
13.000397 80 412 412
13.000397 83 384 384
13.000397 101 7 7
14.000427 3 593 593
14.000427 6 616 616
14.000427 8 579 579
14.000427 16 436 436
14.000427 18 115 115
14.000427 28 71 71
14.000427 29 226 226
14.000427 35 28 28
14.000427 41 163 163
14.000427 43 537 537
14.000427 44 588 588
14.000427 68 88 88
14.000427 73 412 412
14.000427 76 359 359
14.000427 77 143 143
14.000427 80 652 652
14.000427 83 245 245
15.000458 3 591 591
15.000458 6 553 553
15.000458 8 916 916
15.000458 16 474 474
15.000458 18 19 19
15.000458 28 53 53
15.000458 29 22 22
15.000458 41 95 95
15.000458 43 359 359
15.000458 44 757 757
15.000458 68 5 5
15.000458 73 464 464
15.000458 76 388 388
15.000458 77 122 122
15.000458 80 893 893
15.000458 83 141 141
16.000488 3 581 581
16.000488 6 550 550
16.000488 8 1127 1127
16.000488 16 539 539
16.000488 28 6 6
16.000488 41 23 23
16.000488 43 187 187
16.000488 44 779 779
16.000488 73 474 474
16.000488 76 406 406
16.000488 77 94 94
16.000488 80 1026 1026
16.000488 83 99 99
17.000519 3 544 544
17.000519 6 536 536
17.000519 8 1382 1382
17.000519 16 548 548
17.000519 41 5 5
17.000519 43 23 23
17.000519 44 755 755
17.000519 73 489 489
17.000519 76 336 336
17.000519 77 124 124
17.000519 80 1089 1089
17.000519 83 46 46
18.000549 3 474 474
18.000549 6 522 522
18.000549 8 1562 1562
18.000549 16 596 596
18.000549 44 685 685
18.000549 73 533 533
18.000549 76 262 262
18.000549 77 119 119
18.000549 80 1130 1130
18.000549 83 11 11
19.000580 3 376 376
19.000580 6 532 532
19.000580 8 1619 1619
19.000580 16 633 633
19.000580 44 667 667
19.000580 73 554 554
19.000580 76 296 296
19.000580 77 70 70
19.000580 80 1141 1141
20.000610 3 342 342
20.000610 6 514 514
20.000610 8 1689 1689
20.000610 16 676 676
20.000610 44 660 660
20.000610 73 564 564
20.000610 76 313 313
20.000610 77 43 43
20.000610 80 1078 1078
21.000641 3 309 309
21.000641 6 531 531
21.000641 8 1767 1767
21.000641 16 706 706
21.000641 44 614 614
21.000641 73 555 555
21.000641 76 309 309
21.000641 77 42 42
21.000641 80 1035 1035
22.000671 3 249 249
22.000671 6 559 559
22.000671 8 1757 1757
22.000671 16 738 738
22.000671 44 674 674
22.000671 73 533 533
22.000671 76 294 294
22.000671 77 38 38
22.000671 80 1043 1043
23.000702 3 169 169
23.000702 6 617 617
23.000702 8 1718 1718
23.000702 16 626 626
23.000702 44 709 709
23.000702 73 576 576
23.000702 76 291 291
23.000702 77 28 28
23.000702 80 1156 1156
24.000732 3 211 211
24.000732 6 645 645
24.000732 8 1692 1692
24.000732 16 579 579
24.000732 44 741 741
24.000732 73 576 576
24.000732 76 266 266
24.000732 77 21 21
24.000732 80 1165 1165
25.000763 3 172 172
25.000763 6 630 630
25.000763 8 1769 1769
25.000763 16 452 452
25.000763 44 728 728
25.000763 73 640 640
25.000763 76 282 282
25.000763 77 6 6
25.000763 80 1239 1239
26.000793 3 187 187
26.000793 6 585 585
26.000793 8 1750 1750
26.000793 16 384 384
26.000793 44 730 730
26.000793 73 720 720
26.000793 76 279 279
26.000793 80 1274 1274
27.000824 3 222 222
27.000824 6 632 632
27.000824 8 1763 1763
27.000824 16 344 344
27.000824 44 748 748
27.000824 73 685 685
27.000824 76 286 286
27.000824 80 1206 1206
28.000854 3 268 268
28.000854 6 601 601
28.000854 8 1723 1723
28.000854 16 355 355
28.000854 44 768 768
28.000854 73 703 703
28.000854 76 333 333
28.000854 80 1122 1122
29.000885 3 313 313
29.000885 6 579 579
29.000885 8 1777 1777
29.000885 16 351 351
29.000885 44 735 735
29.000885 73 724 724
29.000885 76 365 365
29.000885 80 999 999
30.000916 3 337 337
30.000916 6 581 581
30.000916 8 1919 1919
30.000916 16 350 350
30.000916 44 701 701
30.000916 73 733 733
30.000916 76 368 368
30.000916 80 908 908
31.000946 3 334 334
31.000946 6 647 647
31.000946 8 1952 1952
31.000946 16 379 379
31.000946 44 690 690
31.000946 73 732 732
31.000946 76 334 334
31.000946 80 848 848
32.000977 3 316 316
32.000977 6 711 711
32.000977 8 1997 1997
32.000977 16 355 355
32.000977 44 623 623
32.000977 73 628 628
32.000977 76 350 350
32.000977 80 857 857
33.001007 3 320 320
33.001007 6 796 796
33.001007 8 2006 2006
33.001007 16 371 371
33.001007 44 608 608
33.001007 73 589 589
33.001007 76 294 294
33.001007 80 882 882
34.001038 3 298 298
34.001038 6 819 819
34.001038 8 1993 1993
34.001038 16 453 453
34.001038 44 579 579
34.001038 73 630 630
34.001038 76 231 231
34.001038 80 884 884
35.001068 3 358 358
35.001068 6 804 804
35.001068 8 1971 1971
35.001068 16 532 532
35.001068 44 541 541
35.001068 73 650 650
35.001068 76 221 221
35.001068 80 848 848
36.001099 3 346 346
36.001099 6 841 841
36.001099 8 2016 2016
36.001099 16 533 533
36.001099 44 502 502
36.001099 73 615 615
36.001099 76 204 204
36.001099 80 850 850
37.001129 3 314 314
37.001129 6 812 812
37.001129 8 2046 2046
37.001129 16 481 481
37.001129 44 470 470
37.001129 73 650 650
37.001129 76 219 219
37.001129 80 878 878
38.001160 3 310 310
38.001160 6 766 766
38.001160 8 2073 2073
38.001160 16 548 548
38.001160 44 454 454
38.001160 73 732 732
38.001160 76 228 228
38.001160 80 826 826
39.001190 3 248 248
39.001190 6 660 660
39.001190 8 2014 2014
39.001190 16 542 542
39.001190 44 476 476
39.001190 73 789 789
39.001190 76 275 275
39.001190 80 870 870
40.001221 3 191 191
40.001221 6 596 596
40.001221 8 1960 1960
40.001221 16 564 564
40.001221 44 586 586
40.001221 73 745 745
40.001221 76 321 321
40.001221 80 903 903
41.001251 3 114 114
41.001251 6 518 518
41.001251 8 1896 1896
41.001251 16 696 696
41.001251 44 713 713
41.001251 73 691 691
41.001251 76 303 303
41.001251 80 964 964
42.001282 3 56 56
42.001282 6 486 486
42.001282 8 1839 1839
42.001282 16 742 742
42.001282 44 789 789
42.001282 73 648 648
42.001282 76 291 291
42.001282 80 1014 1014
43.001312 3 20 20
43.001312 6 512 512
43.001312 8 1834 1834
43.001312 16 709 709
43.001312 44 867 867
43.001312 73 690 690
43.001312 76 266 266
43.001312 80 1004 1004
44.001343 6 536 536
44.001343 8 1941 1941
44.001343 16 717 717
44.001343 44 831 831
44.001343 73 717 717
44.001343 76 219 219
44.001343 80 966 966
45.001373 6 541 541
45.001373 8 1938 1938
45.001373 16 712 712
45.001373 44 769 769
45.001373 73 767 767
45.001373 76 174 174
45.001373 80 993 993
46.001404 6 558 558
46.001404 8 1942 1942
46.001404 16 734 734
46.001404 44 715 715
46.001404 73 798 798
46.001404 76 101 101
46.001404 80 1024 1024
47.001434 6 533 533
47.001434 8 1939 1939
47.001434 16 743 743
47.001434 44 675 675
47.001434 73 828 828
47.001434 76 72 72
47.001434 80 1074 1074
48.001465 6 588 588
48.001465 8 1883 1883
48.001465 16 731 731
48.001465 44 695 695
48.001465 73 802 802
48.001465 76 43 43
48.001465 80 1095 1095
49.001495 6 553 553
49.001495 8 1882 1882
49.001495 16 728 728
49.001495 44 692 692
49.001495 73 797 797
49.001495 76 45 45
49.001495 80 1187 1187
50.001526 6 574 574
50.001526 8 1851 1851
50.001526 16 751 751
50.001526 44 675 675
50.001526 73 804 804
50.001526 76 21 21
50.001526 80 1212 1212
51.001556 6 631 631
51.001556 8 1774 1774
51.001556 16 720 720
51.001556 44 761 761
51.001556 73 890 890
51.001556 80 1156 1156
52.001587 6 682 682
52.001587 8 1824 1824
52.001587 16 661 661
52.001587 44 722 722
52.001587 73 916 916
52.001587 80 1045 1045
53.001617 6 767 767
53.001617 8 1808 1808
53.001617 16 605 605
53.001617 44 763 763
53.001617 73 858 858
53.001617 80 1095 1095
54.001648 6 870 870
54.001648 8 1808 1808
54.001648 16 581 581
54.001648 44 771 771
54.001648 73 803 803
54.001648 80 1055 1055
55.001678 6 936 936
55.001678 8 1819 1819
55.001678 16 564 564
55.001678 44 742 742
55.001678 73 789 789
55.001678 80 1039 1039
56.001709 6 992 992
56.001709 8 1720 1720
56.001709 16 508 508
56.001709 44 780 780
56.001709 73 720 720
56.001709 80 1156 1156
57.001740 6 1060 1060
57.001740 8 1624 1624
57.001740 16 467 467
57.001740 44 808 808
57.001740 73 685 685
57.001740 80 1283 1283
58.001770 6 1076 1076
58.001770 8 1503 1503
58.001770 16 483 483
58.001770 44 807 807
58.001770 73 668 668
58.001770 80 1326 1326
59.001801 6 1123 1123
59.001801 8 1402 1402
59.001801 16 488 488
59.001801 44 869 869
59.001801 73 661 661
59.001801 80 1318 1318
60.001831 6 1139 1139
60.001831 8 1417 1417
60.001831 16 502 502
60.001831 44 911 911
60.001831 73 647 647
60.001831 80 1252 1252
61.001862 6 1093 1093
61.001862 8 1393 1393
61.001862 16 497 497
61.001862 44 997 997
61.001862 73 711 711
61.001862 80 1164 1164
62.001892 6 1082 1082
62.001892 8 1352 1352
62.001892 16 526 526
62.001892 44 1116 1116
62.001892 73 682 682
62.001892 80 1092 1092
63.001923 6 1141 1141
63.001923 8 1267 1267
63.001923 16 535 535
63.001923 44 1249 1249
63.001923 73 653 653
63.001923 80 1054 1054
64.001953 6 1134 1134
64.001953 8 1150 1150
64.001953 16 581 581
64.001953 44 1318 1318
64.001953 73 668 668
64.001953 80 1005 1005
65.001984 6 1098 1098
65.001984 8 1139 1139
65.001984 16 558 558
65.001984 44 1352 1352
65.001984 73 761 761
65.001984 80 985 985
66.002014 6 1044 1044
66.002014 8 1059 1059
66.002014 16 548 548
66.002014 44 1361 1361
66.002014 73 859 859
66.002014 80 982 982
67.002045 6 1028 1028
67.002045 8 971 971
67.002045 16 648 648
67.002045 44 1372 1372
67.002045 73 824 824
67.002045 80 1041 1041
68.002075 6 1011 1011
68.002075 8 998 998
68.002075 16 644 644
68.002075 44 1339 1339
68.002075 73 788 788
68.002075 80 1123 1123
69.002106 6 982 982
69.002106 8 987 987
69.002106 16 657 657
69.002106 44 1356 1356
69.002106 73 733 733
69.002106 80 1161 1161
70.002136 6 1065 1065
70.002136 8 1021 1021
70.002136 16 591 591
70.002136 44 1343 1343
70.002136 73 668 668
70.002136 80 1214 1214
71.002167 6 1124 1124
71.002167 8 1106 1106
71.002167 16 520 520
71.002167 44 1288 1288
71.002167 73 573 573
71.002167 80 1250 1250
